8552.205977023274
12467.931934573662
46354.884395748
70768.43009457801
70839.27501929674
70924.14964657353
70990.2672717781
71028.51919584663
71081.57563839362
97202.08692978551
102787.84097569413
136312.5347101006
168716.1943317245
168723.87331093525
168782.5702289025
168783.70939278541
168787.12688443417
168788.2660483171
168790.54437608295
168790.54437608295
168792.82270384877
168793.9618677317
168796.24019549755
168798.51852326337
168798.51852326337
168800.7968510292
168801.93601491212
168803.07517879506
168804.21434267797
168805.3535065609
168806.4926704438
168807.63183432672
168808.77099820966
168809.91016209256
168811.04932597547
168812.1884898584
171543.00414119122
171663.0498768532
173597.65915401836
181419.7164260847
181424.69738557277
187966.16842125493
187976.33788020973
187985.4004592783
199212.6445653671
220562.93707503146
232082.65113106085
250330.62681557448
250350.5460415272
277432.2533781295
277637.5196410327
299560.7470158121
325476.6054402378
325506.94317311974
325662.5105291309
325662.5105291309
330255.9698170253
330259.40114467265
330261.6886964375
330262.83247231995
330280.21048653394
330281.57563839364
339079.5181741606
339093.87994068454
339093.87994068454
339096.7670523878
339099.65416409104
341946.8766834599
348978.1974127964
356916.0896649574
356918.0682127541
356918.0682127541
356927.3014358051
356927.9609517373
356940.5470984438
356965.24896790495
356967.1491117097
357163.23288355663
357167.4759231205
448088.0194985091
452060.8973541856
452070.817765166
452076.32910459954
452192.4915366606
452193.54768455203
499580.2562862515
499656.33583043213
499659.1768221402
499667.6997972642
499681.9047558042
518731.7134539072
521752.9467153916
521756.0183070759
521771.2794135074
521771.2794135074
521786.03781199054
532508.0235340088
532516.320521156
562460.5437675552
580589.7143442794
590889.7205576675
590979.7744604121
590980.9505202912
590988.006879566
590997.4107465995
607938.557917426
607938.557917426
607942.9577649737
607943.4466369235
607948.3353564211
607967.5212744492
615201.6639069401
615211.5704819219
676432.7833737417
710833.7616300855
710979.8282670731
710979.8282670731
710991.2429659
753066.136457536
780324.4003599922
780336.700562728
780337.2862866678
792900.1008874896
792904.1825070701
843892.9411425588
843912.7773525201
843913.9441884002
843918.3025279522
843919.8982797883
843923.0897834603
843924.6855352962
843929.4727908042
843935.8557981482
843937.4515499842
843940.6430536562
843942.2388054922
843945.4303091641
843950.2175646721
843953.4090683442
843955.0048201801
843959.7920756881
843962.9835793601
843990.1113605719
843991.7071124079
843994.8986160799
843994.8986160799
844001.2816234239
844002.8773752599
844006.0688789318
844007.6646307679
844012.4703342739
844014.084534108
844017.3129337762
844018.9271336104
844020.5413334444
844022.1555332785
844025.3839329467
844025.3839329467
844028.6123326148
844030.226532449
844031.8407322831
844033.4549321171
844035.0691319513
844036.6833317854
844038.2975316194
844041.5259312877
844043.1401311217
844049.5969304581
844054.4395299604
844057.6679296286
844057.6679296286
845781.8685644191
859404.0502323614
951807.0703233844
951820.4497340093
951827.4645852883
951827.4645852883
958295.6509485026
958318.0652661988
982142.0682896208
996802.3188108727
1011976.530559301
1050143.74142056
1050146.7299962528
1050148.2242840992
1050148.9714280225
1050151.2128597922
1050152.7071476385
1050157.1900111777
1050157.937155101
1050159.4314429474
1050160.9257307937
1050161.672874717
1129324.6062345267
1129329.9976619724
1129340.2593609176
1129344.3640404958
1129344.3640404958
1129350.521059863
1153732.6175339255
1186466.0443456566
1191725.8499370653
1208312.1452523628
1208318.0670597542
