173526.8741852935
173531.44006482422
173532.201044746
173556.9398102034
173558.24039406973
173559.54097793606
250176.04181546235
540378.797357068
809406.7331349747
809411.4742704874
809412.6595543656
809416.2154060001
809498.119905582
809498.119905582
809501.8832971953
812147.0448933315
812152.7084287495
812154.124312604
812155.5401964583
812155.5401964583
812156.9560803128
837174.7936290351
837184.2574520624
837184.2574520624
837185.8347559003
837187.4120597382
837190.5666674139
837190.5666674139
837192.1439712518
837193.7212750898
837195.2985789276
837196.8758827655
837196.8758827655
837198.4531866034
837200.0304904412
837201.6077942791
837201.6077942791
837203.1850981171
837204.762401955
837204.762401955
837206.3397057928
837206.3397057928
837207.9170096307
837209.4943134686
837211.0716173064
837212.6489211444
837212.6489211444
837214.2262249823
837215.8035288202
837215.8035288202
837217.380832658
837218.9581364959
843843.2099516701
992752.890987064
992760.9850462321
