99.59151776420512
116.8588439895077
130.88854654756605
139.0886817047744
156.66039989879224
167.20343081520295
323.4487507566562
323.4487507566562
2134.1612726556473
2171.629156804781
13086.71007497702
13091.06841452908
13094.555086170727
13272.48602788338
13272.48602788338
13273.330023796636
13926.255408690417
15516.334485265621
21762.688283279258
38242.06361356568
41452.79009957435
44863.723485006194
45584.03940697373
45597.68631357113
45619.870031291124
45619.870031291124
46481.57141072739
46501.55059267397
46514.87004730503
46531.51936559385
46534.84922925161
46549.83361571155
46623.51030813922
59032.76377274371
59702.05714395524
60329.492007468885
60334.30693497402
62219.9229411746
62243.92378670784
65498.233668237095
65586.50733916453
66124.14657190716
66124.14657190716
70958.91489900042
71002.61820650869
71120.50091439296
87567.17716804011
102361.07882355578
102544.76554067688
103134.51114406413
103164.43379698874
106416.80663871708
106424.52251392406
106498.37907433326
106498.37907433326
107464.0902670796
110331.96070832625
110352.97297816665
110354.20899403963
110355.44500991258
110362.86110515038
110364.09712102334
110365.33313689631
110367.583792665
110368.70912054933
110370.95977631802
110372.08510420236
110377.71174362407
110378.8370715084
110383.33838304578
110388.96502246748
110391.21567823616
110392.3410061205
110402.46895707957
110403.59428496391
115638.97011488363
115672.47629143993
115911.96359082597
115911.96359082597
115920.80940591682
116392.79221340748
116435.13036905603
133610.8991797687
133698.56867875822
133701.4742384596
134289.98843797343
134298.2900371202
146796.90099254073
147292.09138164617
147567.98119329082
147567.98119329082
154452.15607775064
158029.35204609437
158102.46146258037
158103.48532647514
162332.20924385628
162381.27169481374
173494.0136886708
181320.4938682826
181329.616403345
181344.32868183288
181353.8939688498
186306.34207584817
186307.7533477031
186309.16461955808
186312.69279919544
186314.10407105042
186315.51534290536
186316.22097883283
186319.74915847022
186324.68860996256
186328.92242552742
186329.6280614549
186331.03933330983
186341.5546922291
186347.06141966314
186352.56814709716
186359.91045034255
186360.8282382482
186726.25540869043
186729.71440833493
186771.22240406883
186772.3754039503
186773.52840383182
196177.1371653498
214464.5638938087
221917.89180377222
221942.49220924385
221946.00655288267
221949.52089652146
221949.52089652146
221956.54958379906
221963.57827107667
221975.87847381248
221977.63564563188
222011.0219102005
222029.93572025662
222045.00312270803
222058.39636933152
222076.81208343877
222080.16039509466
253193.5762533269
263998.25051484647
264010.94273754203
273732.1891304139
276186.63532215136
280334.33563185995
280542.58124645695
280654.21008298395
280770.2295430598
283496.4516428647
289966.37211790064
289968.34605369775
294283.1391062329
294443.05557779706
296596.8270724372
296633.2710926916
299478.34442028124
299644.31183522346
299903.8613325476
299905.39712838974
303367.7727565345
334658.76904451544
334664.4418039324
334667.8454595826
334668.98001146596
334670.11456334934
334673.64274298673
334677.1709226241
334677.1709226241
334680.6991022615
334683.05122201977
334686.5794016571
334687.75546153623
334690.1075812945
334691.2836411736
334693.6357609319
334694.811820811
334695.98788069014
334699.5160603275
334704.22029984405
334733.62179682223
334734.79785670136
334735.9739165805
334900.0596357161
334900.0596357161
340363.4250502035
340366.92555784376
340366.92555784376
340368.09239372384
340369.2592296039
340370.426065484
340371.592901364
340372.7597372441
340374.15256110096
340374.15256110096
340375.5453849578
340376.93820881465
340378.3310326715
340379.72385652835
340381.1166803852
340381.1166803852
340382.50950424204
340383.9023280989
340383.9023280989
340385.29515195574
340386.6879758126
340388.08079966943
340388.08079966943
340390.86644738313
340390.86644738313
340392.25927124
340393.6520950968
340395.0449189537
340396.4377428105
340397.83056666737
341951.12433502334
344598.13534296944
344692.0679373152
393307.59769271914
447649.87493154063
447723.2887399953
448071.4808682089
448071.4808682089
448563.70112961956
486024.6995634615
486031.5806667542
486312.31768990064
486313.85809774237
486315.39850558405
499867.8236806959
499946.83645657514
500655.4286757476
518738.20714923984
518800.0448388843
537939.4739117763
537946.1151910936
538077.2251136185
538078.018377537
538079.6049053739
540251.7459941262
540261.5003731237
542379.9623993929
551594.2209083717
551668.6954767174
551807.8487264155
551872.6011997605
551898.6866690795
551914.9209074109
553508.3851916383
553554.4221709067
553555.9072347541
558501.2805344795
558502.8071063226
558581.9905261843
562537.2782156686
565094.2122608726
573441.1704229909
573525.5746263159
579294.9415973532
579307.767568035
592122.4157909739
592125.5427266526
592127.6273504383
592128.6696623312
592129.7119742241
602661.4803877923
607455.4048470834
611361.0581976691
611361.4456056292
808465.0689077568
852556.5868641286
908988.081440225
909095.8777051459
989127.1952317049
1009147.2072100926
1012179.2279384682
1133668.8422920357
1190278.5814258126
