1737.0542774694213
1810.17291795445
8977.792069282483
13282.613978842452
13285.989962495476
13300.65612098812
13301.412488910382
13302.168856832644
13304.43796059943
13310.488903977528
13313.514375666578
13449.14405772686
13449.14405772686
13449.974217641538
13956.233405609344
13959.692405253836
13982.752402883782
14215.769066934845
21788.367896639964
25449.29932837757
29158.458439158436
34987.2002920933
35002.97333047219
35095.01961701187
35096.50468085924
35254.032136668924
35279.25977407608
35284.475945539976
35289.69211700387
35315.772974323336
41440.74355681247
41525.42909210869
44776.14161400767
44781.980405407565
45663.86850676906
46230.95996848467
51489.55260401821
61454.74609981776
61466.29454663084
61664.89647021897
64303.984062979405
72941.6550032188
72950.08112635277
72951.01736225655
72954.76230587166
72955.69854177543
72958.50724948676
72958.50724948676
72963.18842900563
72965.99713671696
72986.46057861377
73011.87269600197
73011.87269600197
73017.22261545212
75310.17041978805
77479.26758885306
77484.0825163582
77487.29246802829
77488.89744386333
77517.78700889413
77519.39198472917
77520.99696056421
77752.50088877075
78928.17335993773
96953.730755311
96955.02211517828
96958.25051484647
96962.1245944483
96962.1245944483
96967.29003391741
102850.17214928786
103874.4234520176
105458.29016523129
112326.57209932453
112363.32051154762
116359.66883281182
118918.47073782384
118923.54393730243
118938.76353573818
119232.58018954036
126397.65812912957
135802.59514651107
142060.07769938093
142089.96345630934
142093.69917592537
142095.5670357334
142097.43489554143
142099.30275534946
142101.1706151575
142103.03847496552
142104.90633477355
142106.77419458155
142108.64205438958
142110.5099141976
142110.5099141976
142150.17772212063
142158.23949729206
144572.5566811539
144691.69846490875
144748.17701110404
144771.3476967226
145605.78754696072
146239.65153781357
153344.82421555973
153366.03018938022
154592.5730153189
158557.83184777838
158588.4831966281
160402.94527414173
160461.43465213032
161574.76211370502
161587.8694163579
161641.47468684844
162250.29090827567
162251.54537214673
166305.42838749764
166354.5092864532
166370.3884008212
166448.4049848028
166448.4049848028
186274.87901508188
186277.36949482592
186280.6901344846
186297.16880879097
186333.86187701975
186791.7734739566
186802.79615282372
186876.02086929785
186989.08403767747
187277.39396404562
187302.2157454945
187389.06430856837
188153.16194203615
188157.24356161663
188162.68572105732
188169.48842035813
188177.65165951915
188191.44153810185
188192.5484179881
188245.67865252748
188447.3152718037
192670.92909371006
205493.40387984458
211499.64775853622
211997.88206732878
212058.72356507563
212486.32048912818
212486.32048912818
212493.8841683508
214160.40713706927
214372.74820724534
216302.15053694564
228713.87603329608
228737.4433508739
230215.28941898415
230237.88360466197
230249.20145149875
230264.2919139478
230269.95083736617
230277.4960685907
230279.38237639682
230999.23709841172
232072.08965214633
232801.744873154
235095.684257388
235117.1023831867
247937.36802154826
248008.46660624095
249893.1971085325
263970.35252971377
263986.6328880405
275392.96093572344
275719.76722213504
277500.8015270843
280802.5135397417
303435.1817416063
328198.27088451106
330769.52518824325
340317.9184508806
340326.08630204113
340329.5868096813
341709.2341838842
341993.4163706766
344876.4049463695
351766.9858981709
351768.2541980405
351776.88786115317
351776.88786115317
351777.5519890849
353642.6861053906
353665.2526190713
353666.23958696984
353669.2004906655
353670.1874585641
353671.1744264627
353672.16139436123
356581.2815593683
356596.48732180544
356597.21140573104
356657.4533435395
356879.34125273436
362474.591405667
366384.7322317914
366385.98208366294
366394.7310467638
370541.90558852634
370831.03183881065
370947.01901488967
377236.81784843816
377505.64668880857
386239.3579071771
386257.78745728295
386277.75280323095
386277.75280323095
386280.8243949153
386282.36019075743
386286.9675782839
386294.64655749465
386300.7897408633
386302.32553670544
386303.8613325476
386305.39712838974
386305.39712838974
386306.9329242319
386308.46872007404
386311.54031175835
386311.54031175835
386313.07610760053
386314.61190344265
386316.14769928483
386317.68349512696
386318.928734999
389528.4468771319
393319.1461395322
397662.32604914985
416093.6379388206
448511.67316296697
448519.144602199
449992.70151075016
450238.25820151233
450335.02256356715
450335.02256356715
450360.0380489961
473855.19628221594
474029.1516803372
487836.8418052135
489567.88203530095
491884.60469719337
495837.41574293224
495846.10475003923
536689.0686002901
536690.0463441897
536691.0240880891
536693.9573197877
536695.9128075867
536698.8460392852
536701.7792709838
536704.7125026822
536707.6457343808
536709.6012221798
536711.5567099788
536713.5121977779
536714.4899416774
540308.3629003072
540320.6123710482
540326.7371064187
540328.2682902613
540329.799474104
540332.8618417892
540343.5801286876
540424.6590803545
548837.7533156753
552820.2748623606
566778.1086318055
572681.7170730457
590857.4872929804
592158.2279672932
632053.2091509757
650517.6167492449
650525.3879684462
650553.3643575709
650553.3643575709
650556.4728452513
650558.0270890916
650561.1355767722
650564.2440644527
650565.7983082929
650567.3525521331
650570.4610398137
650573.5695274943
650575.1237713344
650576.6780151748
650578.4167389962
650580.1554628174
650583.63291046
650585.3716342814
650587.1103581026
650588.849081924
650592.3265295665
650618.407386886
671516.7700629986
671518.7532227949
679579.375394342
710795.8509939819
743948.7299386028
743971.0750763062
744029.7166502791
744032.4838499947
744033.8674498525
744035.2510497103
744036.6346495681
744038.0182494259
744040.7854491415
744043.5526488571
744044.9362487149
744050.4706481461
744050.4706481461
744053.2378478617
744054.6214477195
744057.3886474351
744062.8677028719
744069.5089821893
744070.8372380527
744073.4937497798
744074.8220056433
744077.4785173702
744086.7763084146
744088.1045642782
757850.827693776
770181.801690426
777634.170304488
789834.901434524
797041.099961887
797046.9940972812
797048.9588090793
797049.9411649783
797050.9235208773
797051.9704447697
797054.0642925545
797055.1112164469
797056.1581403393
797059.2989120164
797060.3458359089
797061.3927598012
797062.4396836937
797063.486607586
797064.5335314785
806693.2309298624
808431.5119992057
808445.3295497856
814960.9595521236
837282.6867459461
837293.7555448083
837320.0439421065
869727.8036313091
881150.9193572666
890057.3084498878
890069.4380086411
895900.9424492919
895921.3090391988
896176.4863609723
899911.3481451115
902467.585778387
904673.1454157045
906753.6737458723
907104.5961778054
907104.5961778054
907177.6871462932
907180.297538025
907185.5183214884
907193.3494966836
907195.9598884152
907198.5702801469
907203.7910636103
907219.4534140006
907222.0638057323
907907.8035672535
908720.65925971
908994.2799675879
908999.445407057
909001.5115828447
909009.7762859953
913852.9107802286
914319.7281482501
914559.4137636159
917462.8242732097
918350.8278859428
918386.5155382748
919766.3012724634
928240.6889814847
931020.90837174
932005.8608265087
933583.6581483464
936438.8133068997
946389.4052122
946389.4052122
951393.9412418449
951752.9715689445
951773.5595348285
951775.9531625826
951777.5489144186
951782.3361699266
951783.1340458445
951783.9319217625
951787.1234254345
951793.5064327784
951797.4958123685
951799.0915642044
951799.8894401224
951803.8788197124
951806.2724474664
951807.8681993023
951808.6660752204
957400.890756464
957609.6067950127
957610.1048909615
957615.5839463983
957615.7499783813
957616.2480743302
957617.756198175
957618.4479981039
957618.4479981039
957619.1397980328
957619.8315979617
957624.3282974996
957626.4036972863
959290.8743262157
959292.3271060664
959292.8113660166
959293.7798859171
959294.2641458673
959294.7484058175
959295.2326657678
959295.716925718
959296.2011856682
962281.5992108355
962285.7038904137
962308.2565680959
962341.7396846546
967077.059465969
969654.590701056
982038.4274362727
982049.0027511858
982300.0016013887
982449.5410740194
984688.5976638941
986707.9708803475
988270.862219717
988310.4147276519
988883.7923447214
988923.9444125945
988932.3843717271
992631.7568195139
992640.8885785753
992704.8108920055
992704.8108920055
992710.8987313798
993759.8749635684
994487.5239647822
995805.9839412739
996268.8303777036
996414.0576307774
997028.4220876344
998119.1461395322
998153.085844044
998289.9884379734
1000792.8882967309
1000808.785859097
1000810.5522549155
1000840.5809838292
1000842.3473796477
1000891.119274635
1001008.5592305647
1001008.5592305647
1001011.2895342842
1001632.931726393
1001935.8847512563
1001963.7781243895
1006741.2377453728
1007532.2971280694
1007552.2855340152
1007552.2855340152
1007554.1026618284
1008213.3603220712
1008243.6242629609
1008852.0161804317
1008952.783758075
1008956.0490537394
1010721.4671282937
1012136.6407348453
1018491.6347936932
1018491.6347936932
1018492.9999455528
1018495.7302492722
1029274.0192615036
1029276.4267252561
1029287.6615561014
1029288.464044019
1029290.0690198541
1029291.673995689
1029292.4764836066
1029294.0814594417
1029294.8839473592
1029295.6864352766
1029297.2914111117
1029298.2876030094
1029302.2723705998
1029303.2685624973
1032683.9426190392
1032694.6931899344
1032696.2289857764
1042980.8726287436
1047471.1430392436
1048737.2752691132
1048817.053636914
1054121.9322996903
1054132.8166185718
1080405.7175983014
1080434.0767833868
1098478.7785887923
1103249.5969304582
1103259.2821294628
1103270.5815283014
1108523.9902763676
1108545.2423701833
1108656.4837987502
1108657.6460226309
1108954.0961281622
1109332.732065247
1109754.7623058718
1109829.2599342149
1110140.6713662087
1110142.1149220604
1119188.266048317
1119444.9561059352
1119458.5615045368
1138451.2136925142
1138457.550579863
1139143.350297378
1139149.0046087967
1139153.3952323454
1139157.7858558942
1139158.8835117815
1139159.9811676685
1139172.0553824275
1139174.250694202
1139175.3483500893
1139177.5436618635
1142515.9579667489
1160336.9270631492
1162646.8378017417
1162651.4590252668
1162662.2418801587
1162663.7822880002
1162668.4035115254
1165203.9701629253
1165254.333197749
1165283.2781067742
1165284.712438627
1165293.3184297422
1165296.1870934474
1165373.7839854723
1165391.2173436806
1165394.9530632966
1167324.4384089883
1178402.4520464146
1178408.4476457983
1180753.852332743
1198947.8676228025
1205793.63377521
1205798.6977506895
1207200.6164706033
