134631.69148285393
134638.21285018369
135678.48623926673
135685.18286257845
142043.2669611087
158159.92697667418
158613.01442210685
158631.60539219613
160358.24577473584
160384.91235599513
166470.6025385214
166483.94505315006
166613.6483158195
166613.6483158195
171410.17394284325
171734.94633746386
171747.4448561793
171753.69411553702
173990.33862965964
181230.97495748312
181234.92282907738
183097.11910168498
183101.38058924698
183102.80108510097
183145.3421687287
183145.3421687287
183151.65138408027
186260.76629653235
186789.5689381832
187021.41415435466
187594.17837548724
187594.17837548724
187596.96402320094
187599.74967091464
187730.7120094546
187730.7120094546
187731.88345733422
187879.61502615068
187954.86902241624
188121.86952525232
188177.65165951915
188177.65165951915
192130.19059728598
192218.50577620912
192570.9501679857
192619.49607499625
192676.98003708816
195989.26275265912
199118.72580701986
199135.7717572679
199157.6879790154
206613.50175672342
206623.83263566162
206656.89144826392
206781.93197941256
206781.93197941256
206783.0250233002
208456.90874326215
223097.38301054674
223102.64069000637
223115.78488865544
223141.66281799576
228975.16886644097
229694.24877253553
234350.9524099299
241911.14034891056
247561.98815612897
253104.28333050423
263960.95788667933
275679.61515426176
277443.26222099806
299376.19785477966
307430.7598589497
328283.6805037328
344735.91421680886
356546.4886349442
356869.0887777881
362482.06284489913
362550.02526991407
362694.80054703436
362695.8336349282
367511.42526799237
370779.1560681423
370805.7949774044
370936.7342559467
370937.762731841
377032.1234734762
377033.8114653027
377035.4994571292
377040.56343260873
377042.2514244353
377043.9394162618
377045.6274080883
377047.3153999148
377049.0033917413
377050.6913835678
377052.3793753943
377057.4433508739
377175.6535107245
377185.31103773194
377198.18774040847
377230.3794970999
383548.5882477284
383645.7953617377
383647.0913336045
387637.5455194745
389373.7973090264
391583.40166992816
391587.4002735172
391588.73314138025
391594.06461283227
391599.3960842843
393274.39590813156
393278.7265756864
393278.7265756864
393281.6136873897
393281.6136873897
393283.05724324135
393284.500799093
393285.94435494463
393285.94435494463
393287.3879107963
393288.8314666479
393290.2750224995
393290.2750224995
393293.1621342028
396670.10969512764
397111.9761457136
397369.27037526947
397371.20280307083
397436.9053483181
397621.38071735814
433971.9710853252
447631.9573133821
452035.5451927912
463145.76903490705
463155.15445394244
463499.68004253285
463499.68004253285
463501.10976238595
472330.42311892874
481810.88624054776
484762.1370212248
500009.1676301689
500023.4971126962
500032.31525578984
500034.5197915633
500037.8265952234
500041.1333988835
500043.33793465694
500125.7635901854
503457.0477438034
503645.1250844733
504114.0363002796
518935.7667609351
525804.2885190037
525806.6683107591
526431.6449785253
537606.8518939625
551965.2470462385
551981.6519285524
551988.3162678675
553412.4371534995
562674.9371775204
587782.293637042
613303.1250780676
621572.4402281658
671889.7424646653
711045.2125843532
725188.4902427385
725191.7693744014
725192.8624182891
725196.1415499521
809304.1622655166
809360.1473277627
809361.0512796697
809366.4749911124
818494.8765169154
818505.9407037783
818614.304244641
818615.3511685333
818616.3980924258
835682.3136864288
837159.4633426106
837164.7625300661
837166.5289258845
843803.5006357513
917838.9512825522
988329.2224617187
988340.614100548
988346.3099199625
