62568.04588939528
62593.208958809075
62613.653952707784
62828.974374577636
62828.974374577636
66289.4406349186
66350.2175646721
66355.00482018007
66654.369709412
66662.33924459292
66774.52152106307
72340.52237300188
72343.06819674022
72630.32197521691
72649.86301720852
72650.89149310281
72678.30983028482
72679.25529018765
72853.51969227714
95295.23266576776
95364.62019863626
95385.92763644633
95392.56891576375
95397.54987525182
95613.39145306809
102875.54737067985
174044.2252321213
198404.0134644764
198437.1829650673
198558.82445256526
198565.76551185187
207756.65040723316
220582.6395370065
220599.05825531902
279112.54777743254
310030.1104637942
328317.431116264
356990.90090926853
448755.6894458875
449226.5561494928
449500.18608136976
493653.79077536036
496539.1822028063
500049.95154197724
500461.83999564423
532686.9414436199
566511.548895202
566560.6390181566
573729.9646093092
579357.6463429086
610806.4099106746
616189.9508373662
645817.4450163181
650625.3622821711
676464.5784984739
775272.8127111831
837326.9619413955
837332.4963408267
837336.6471404001
837338.0307402579
837339.4143401157
837340.7979399735
837342.1815398313
837343.5651396891
837346.3323394046
837347.7159392625
837351.1472669098
837352.2910427923
837356.8661463221
837356.8661463221
873404.8263293928
873410.9695127615
943656.51877308
944154.1904179305
944155.4725537987
959358.3478792809
959362.1112708942
960135.7880273773
960139.8281389622
984880.7474001454
988364.5365420893
988934.0723635537
991604.1156971325
1057270.9686800395
1077119.6679360343
1191245.5424704305
1191255.4628814107
1191256.5651492975
1191256.5651492975
1191256.5651492975
1191256.5651492975
1191256.5651492975
1191262.076488731
1191262.076488731
1191263.1787566177
1191264.2810245045
1191264.2810245045
1191267.5878281647
1191267.5878281647
1191268.6900960514
1191268.6900960514
1191269.792363938
1191271.1575157975
1191272.5226676574
1191273.887819517
1191273.887819517
1191277.9832750962
1191283.443882535
1191284.8090343946
1191286.1741862542
1191286.1741862542
1191286.1741862542
1191288.9044899736
1191291.634793693
1191292.9999455528
1191297.0954011318
1191297.0954011318
1191298.4605529916
1191301.1908567108
1191302.5560085706
1191306.6514641496
1191306.6514641496
1191308.0166160094
1191308.0166160094
1191309.381767869
1191312.1120715884
1191313.4772234482
1191313.4772234482
1191314.8423753078
1191325.7635901854
1191327.128742045
1191328.4938939048
1191328.4938939048
1191331.224197624
1191338.0499569227
1191343.5105643615
1191344.875716221
1191344.875716221
1191346.2408680806
1191346.2408680806
1191350.3363236599
1191353.6477393196
1191355.5940031195
1191356.5671350197
1191361.4327945195
1191361.4327945195
1191362.4059264194
1191363.3790583194
1191365.3253221195
1191377.0029049192
1191377.0029049192
1191377.9760368192
1191379.9223006193
1191383.8148282191
1191384.787960119
1191385.761092019
1191387.7073558192
1191391.599883419
1191393.546147219
1191394.5192791189
1191395.492411019
1191398.411806719
1191399.3849386189
1191399.3849386189
1191400.3580705188
1191401.3312024188
1191403.277466219
1191405.2237300188
1191405.2237300188
1191406.1968619188
1191417.869832719
1191417.869832719
1191418.9813246047
1191418.9813246047
1191418.9813246047
1191423.4272921477
1191423.4272921477
1191424.5387840336
1191425.6502759194
1191425.6502759194
1191426.761767805
1191433.4307191197
1191433.4307191197
1191435.6537028912
1191435.6537028912
1191435.6537028912
1191443.4341460916
1191452.3260811777
1191453.4375730634
1191453.4375730634
1191454.5490649492
