513.186411255841
530.1216735152724
795.7359502160273
795.7359502160273
802.146629557152
9006.681634313276
9022.454672692158
25812.300587069105
97305.79235112689
97340.40079556992
97366.79988085668
97372.59255226131
97379.83339151712
97418.32513956103
97466.07317065359
97485.77563262862
97523.94915270522
186387.44408751267
186393.8686028524
186397.5074704784
186404.7852057304
186405.99816160573
186408.4240733564
186410.84998510708
186412.06294098243
186413.27589685775
186414.4888527331
186415.70180860843
186418.1277203591
186419.34067623442
186420.55363210978
186421.7665879851
186422.97954386045
186426.61841148644
186427.83136736177
186429.04432323712
186431.4702349878
186460.58117599582
186466.64595537249
186467.8589112478
186469.07186712316
226717.71039845754
265270.90411204594
265271.16699601896
265271.4298799919
410647.0694266067
478483.23634255625
552980.2374539201
579120.9723632334
596187.7826851446
735054.5119127308
743465.6506602525
743467.5738640549
743469.4970678572
906724.2906968923
906729.400792367
906731.9558401045
906731.9558401045
906737.0659355794
906738.343459448
906738.343459448
906739.6209833167
906740.8985071854
906742.1760310541
906749.8411742663
906751.118698135
906751.118698135
906752.3962220037
906753.6737458723
906753.6737458723
906779.2242232463
906781.7792709838
906783.0567948525
906783.0567948525
1103434.0031195052
