290782.9796988058
290794.6973922478
290812.27393241087
290815.78924044344
290818.1327791319
290819.30454847607
290823.9916258529
293980.3586518846
294008.0850250995
294241.40465620917
294242.9450102767
294250.64678061416
294256.8081968842
294275.2924456941
294281.4538619641
294290.8610243049
295266.4002628382
295266.4002628382
295374.88519930624
295601.2622345831
493943.82047540095
493969.43436303764
493975.8378349468
493980.1068162196
494037.73806340207
494228.2138463772
495437.73836902785
495557.09930546535
495587.71384255687
495589.1716776565
495600.8343584532
495710.914661634
495759.4138097021
495761.9663964425
513483.5584012714
513504.3971912989
513649.7736076835
513649.7736076835
513659.4998433668
552772.2858518173
556529.1984199146
556540.3769894331
562737.8485471313
562741.4353716028
605024.8586862674
614048.2858212547
614063.5298252584
706155.748745024
706166.9273145425
706168.3246357322
801459.3693411471
980744.3039754276
