58079.16014028225
58089.19444677909
101305.94579726312
101307.11756660732
150513.60722499405
150521.9966533974
150521.9966533974
182568.52940502297
182597.39453999494
182598.87988141718
195681.0244577052
196461.04875495686
196467.84831791196
197424.98032533866
205248.07555069952
205261.77369937117
205263.14351423836
212482.2659097334
213093.3518746323
220531.06151483432
225507.79147151185
309807.6727358858
348267.772217086
348284.3530283697
348287.97286042833
348312.354464811
348312.354464811
348349.8180762384
361794.204417821
361831.789057068
361843.45173786476
362590.3694251943
364460.3042504909
405945.54359370103
421225.5313686688
426281.4685320028
448885.6363511335
448941.7712543647
462517.5277928468
500454.43501249247
530718.6515789393
607663.8702924075
615120.2182168262
658731.47074779
658764.0602388466
664477.9926496993
664513.8058817686
664513.8058817686
684482.0097953071
684490.4102262396
684491.427960177
684496.5166298642
684497.5343638017
684527.0486479879
733356.6796812322
740841.6616875129
807976.2553197992
845015.3561686749
845024.7633310157
