8167.881478312029
33761.507957731956
124314.49506796354
164655.67493639162
164687.83532881516
202453.66422420708
203570.8610243049
207662.3825059788
209566.13910558607
212328.32402448062
212440.43979553634
224074.1344295112
225536.22200658623
232757.952001467
242420.28499606508
242547.3422015755
242792.0164426684
242793.34774868388
242794.67905469934
242796.01036071483
242798.6729727458
242798.6729727458
242800.00427876128
242802.66689079223
242805.3295028232
242805.3295028232
242807.99211485416
246367.50830920163
249343.07627656078
273926.9951634716
280137.3286776335
293917.3471679949
365624.14077124675
365624.14077124675
380742.60041717923
391163.7833418654
406003.471909168
415205.4205793137
418287.7900961957
419371.6272282032
424045.55658279784
424057.38430153043
424738.33082465484
499076.23621818627
500355.8908610243
500837.52106907906
508648.83258582355
512256.2978017864
512624.5524492088
530691.5303448223
607737.7027636213
682336.1425438764
719126.3331779735
806590.5638032076
856162.4804590499
864843.9269859948
1031367.5122823372
1045788.3785786872
