22657.06797882013
22666.442133573757
40035.89269477914
45633.429350774386
58079.16014028225
122968.55568884237
182601.85056426164
188148.85810557843
201108.56103729398
220732.03371052654
236376.0511617601
252445.63543425608
256928.92396793986
268577.8736084475
290297.08601074276
290313.90887766564
290315.4382292041
290316.96758074255
290321.55563535786
290324.61433843477
290336.8491507423
295677.9498620864
295793.2013539223
296306.3813140382
296309.04392606916
296317.03176216205
296322.35698622395
296327.68221028586
296330.34482231684
296335.67004637874
296354.30833059544
296370.2840027812
296386.259674967
309776.6676090129
334700.3005829812
334710.1588490132
334711.3911322672
334713.85569877515
334716.32026528317
334717.55254853715
338427.78138586023
354477.72064273106
354481.68155319034
354494.4774944796
361619.3082159858
391374.3717479504
441861.7758387518
457762.2457384301
506881.09475164086
528032.6371686825
528082.9407315154
615125.4169118041
684506.6939692388
684512.8003728635
684513.818106801
684515.8535746759
684516.8713086133
684518.9067764883
684679.2906425019
701486.2424071089
719746.3256901413
719759.2756668373
719760.4529374461
719761.6302080548
719762.8074786635
719763.9847492722
774347.3828498079
774388.9559058367
774403.8423276461
804065.9674966955
804073.3391911613
804074.8135300545
804076.2878689476
804077.7622078408
804079.236546734
804191.1597735314
804192.5405909276
804196.6830431162
832064.8073411318
832084.6999136606
832087.1864852267
832089.6730567928
832092.159628359
832094.6461999251
832097.1327714912
832104.5924861894
832107.0790577556
832109.5656293217
832112.0522008878
832117.02534402
832117.02534402
832119.5119155861
832121.9984871522
832124.4850587184
832126.9716302844
832126.9716302844
832131.9447734166
832134.4313449827
832136.9179165488
832139.404488115
832144.3776312472
832146.8642028132
832149.3507743793
832151.8373459454
832154.3239175115
832156.8104890777
832159.2970606438
832161.7836322099
832164.270203776
832166.756775342
832169.2433469081
832174.2164900404
832176.7030616065
832179.1896331726
832181.6762047388
832183.7501814654
832185.824158192
832187.8981349185
832189.9721116452
832192.0460883718
832196.1940418249
832200.3419952781
832204.4899487314
832204.4899487314
832206.5639254579
832208.6379021845
832210.7118789111
832212.7858556377
832214.8598323643
832219.0077858175
832219.0077858175
832221.0817625441
832223.1557392707
832225.2297159972
832229.3776694505
832229.3776694505
832235.5995996302
832237.6735763568
832241.8215298101
832243.8955065366
832245.9694832632
832248.0434599898
832252.1914134431
832256.3393668962
832258.4133436228
832260.4873203494
832264.6352738026
832264.6352738026
832268.7832272558
832268.7832272558
832270.8572039824
832275.0051574355
832277.0791341622
832277.0791341622
832281.2270876153
832283.3010643419
832283.3010643419
832287.4490177952
832287.4490177952
832291.5969712483
832293.6709479749
832293.6709479749
832297.8189014281
832304.0408316079
832306.1148083344
832307.9687344799
832309.8226606254
832313.5305129165
832313.5305129165
832315.384439062
832319.092291353
832320.9462174986
832322.8001436441
866388.0109108413
867934.6694274865
867967.1984046333
867973.920949885
867976.2479847799
867978.8335791074
867980.8140343371
867985.9632179341
885755.7132924304
886047.7589223634
886069.7694817351
886315.6595022884
886320.1705392003
887554.3132206084
954695.4423551525
954697.9179241895
1026397.218805156
