454531.7023082417
454533.11358009663
454564.3691008843
454565.821880735
454567.2746605857
456737.1328095725
456961.13762654975
456963.0608303521
460671.98011715757
461703.09868718154
461924.9681483783
461929.70005989197
461932.8546675677
461934.43197140563
464069.520255966
464080.0356148852
464086.3448302368
464088.44790202065
465454.3376816375
466969.10280595336
479575.52386229334
479603.8692113801
479613.9925503396
480695.1328672225
480905.6937055815
481223.2390969449
481229.93572025665
481263.4188368153
481265.09299264324
482205.4612479943
482350.49479708803
482366.3923594541
482382.2899218202
482483.88765937823
482483.88765937823
482828.4224719677
482883.0239343559
482884.7903301743
485256.75091038947
488708.5373876225
500117.5726790273
500118.9378308869
500121.6681346063
500121.6681346063
500124.39843832573
500125.7635901854
504365.98061038536
510678.74720157316
511154.0967687178
511173.59630271373
511209.30240304396
511209.30240304396
511898.2106082394
512125.1855529115
512125.1855529115
517734.54381239414
517787.0422029984
517787.0422029984
519362.72722905304
519414.2893837536
519508.61399805907
519508.61399805907
519821.2291619292
521161.1118762191
527128.5411669
527346.4304725057
527348.3121683124
527359.602343152
527359.602343152
527360.856807023
527363.3657347652
527363.9929667007
532612.0056753216
532826.426757284
532826.426757284
533650.1575446228
533653.3259882971
533673.3927982347
533673.3927982347
533696.6280518466
533715.0668259514
533761.325181197
533761.325181197
535409.3863158132
535511.3299533356
535518.603076588
535521.4394562965
537945.285031179
537954.4167902404
538000.6013534938
538000.6013534938
539826.3997258423
539828.2537496517
539829.1807615565
539831.0347853659
539832.8888091753
539834.7428329848
539835.6698448895
539838.4508806037
539840.3049044132
539843.0859401274
540128.0982868343
546169.573229905
546176.9293691489
546234.685439213
546234.685439213
549369.9503889773
549395.2610423759
549445.8823491732
549447.4642650106
551865.959920443
555873.7644485297
555879.8384519054
555881.8631196973
555885.9124552811
556806.0201967147
556808.6767084416
556823.7302748944
556824.6157788035
562559.7478773593
564757.5685794721
564762.9369469204
564765.6211306445
564768.3053143686
564771.0263940889
564773.7474738093
564779.1896332499
564781.9107129702
564784.6317926906
564788.7134122711
564794.1555717117
564798.2371912922
564803.679350733
564813.203129754
564814.5636696143
564820.0058290549
564825.4479884956
564832.2506877964
564834.9717675167
575472.94069417
575502.9002430908
575597.7137293462
575599.5308571594
576888.2111527117
576892.7355242467
577110.2927658865
577110.2927658865
579246.6631863152
579251.3397538345
579265.3694563926
579268.4871680723
579276.2814472711
579279.2654109644
579287.8160580856
579290.6662737926
579293.5164894997
579300.6420287674
579303.4922444745
579313.4679994491
579323.4437544239
579327.7190779845
579340.5450486662
579343.3952643733
579349.0956957875
579353.371019348
579356.2212350551
579368.899621752
579371.6760454666
580780.060788716
585808.8651598666
596218.7891579579
596727.8017096426
597055.5119479613
597056.5680958527
597068.1857226588
605069.8019722704
605072.6383519789
605109.5112881891
605142.3395008151
605142.9298367545
643187.4246146259
643190.0811263528
643198.9361654427
643207.7912045326
643302.0005188499
643302.0005188499
648110.111488683
648113.9394482896
648117.7674078961
648123.509347306
648125.4233271093
648127.3373069125
648129.2512867159
648129.2512867159
648131.1652665191
648133.0792463224
648133.0792463224
648136.9072059289
648136.9072059289
648138.8211857323
648140.7351655356
648140.7351655356
648142.6491453388
648144.5631251421
648144.5631251421
648146.4771049455
648148.3910847487
648150.305064552
658274.7924119796
658431.3467358894
803211.2127957364
803214.2982234193
803562.1721236656
