1073580.5117397807
1076166.459874003
1078240.7435568124
1078365.2767680131
1078371.5029673732
1078462.1564300563
1078463.3601619327
1078465.767625685
1081898.7832648472
1082051.8094091194
1085705.6937055814
1094620.4812493394
1094652.525422046
1102258.206124351
1102265.483859603
1102270.3356831043
1102444.5447411996
1105196.829250326
1109013.9229860136
1121330.2031521737
1121334.4369677384
1121337.2595114484
1121340.0820551582
1121454.8009313676
1121454.8009313676
1126937.7857918388
1126945.4417110519
1131305.4231349428
1131307.9412866838
1131404.0553568054
1131404.0553568054
1141137.066960468
1141138.8840882813
1141142.5183439078
1141234.3017464746
1141237.3456661617
1141238.3603060574
1141239.3749459533
1141240.389585849
1141241.4042257445
1141261.1389717162
1141285.6425251977
1141286.7078970883
1141517.423173376
1141517.423173376
1141666.2846820762
1141666.2846820762
1148680.7070451495
1156631.0932040266
1157735.7178224956
1157789.6736049503
1157964.8373469473
1157991.1534162425
1157992.6154200921
1157994.077423942
1157995.5394277917
1157995.5394277917
1157997.0014316414
1157999.925439341
1158078.3939992762
1159437.8638755528
1159778.3124565624
1160363.2154604471
1160363.2154604471
1160372.900659452
1160529.966915309
1160531.5165471497
1166610.6853623462
1166777.358413216
1166801.3546467498
1166827.5323560592
1166838.4397349383
1166868.9803957993
1168855.3132476483
1175861.346383584
1176051.8542480038
1176056.0050475772
1176056.0050475772
1176057.388647435
1176058.7722472928
1176061.5394470084
1176064.1959587354
1176064.1959587354
1176066.8524704624
1176068.1807263258
1176070.8372380529
1176070.8372380529
1176881.3223627529
1203996.9740158666
1204028.6123326148
1206100.059635716
