24471.68456485464
24597.77663189518
24619.526821659747
24632.117580365695
24644.708339071647
24661.07632538938
25151.115111024283
25166.53763743919
25167.93968529509
25265.17908330104
25265.17908330104
66987.23616320072
78190.03667180179
78208.20333793465
78216.5879530729
152213.7958998043
152229.08467823296
152264.7584945665
152278.7605251274
152306.53859827245
152306.53859827245
152316.77262522062
152357.70873301328
155954.7409113183
179886.3003756858
179890.73250723028
179892.20373507906
179904.3701898286
179904.3701898286
179905.07121375654
239755.9852544126
239763.79798160965
283835.8948079775
312777.71840540116
384958.15827485593
385056.0802487917
633612.959718668
889623.554506468
908745.9699131086
908762.5177674079
908764.4640312078
908768.3565588078
947267.474577954
947311.832789395
947311.832789395
947313.0365212713
947319.0551806526
947319.0551806526
947325.0738400341
947326.2775719104
947329.8887675393
947331.0924994155
947333.499963168
947334.7036950444
947337.1111587969
947338.3148906733
947340.7223544258
947343.1298181784
947344.3335500547
947346.7410138072
947357.2010287321
947357.2010287321
968408.9357490817
980550.799317168
1192345.6980613586
