71560.93764512586
95160.41930762357
95830.08163879716
107089.16237761386
107108.11769566567
107209.72926922227
107210.97912109381
107212.22897296536
107213.4788248369
107214.72867670843
107215.97852857997
107217.22838045152
107217.22838045152
107219.7280841946
107543.14916295411
107543.14916295411
107549.4445423071
114771.23624006739
186841.37552885863
371604.4826073171
371621.08580561064
371626.62020504184
545892.2121904115
548178.7769874035
548190.233194226
548192.7790179644
548194.0519298336
548197.8706654412
548421.4327304638
548422.8024943231
556830.8143061664
564992.4023713365
565044.7946859517
565140.3553161301
565145.1102876414
565148.2556713182
565149.8283631565
565152.9737468332
565154.5464386715
565157.6918223483
565160.837206025
565163.9825897018
565165.5552815401
565168.7006652168
575147.1029276588
579554.9061746347
585595.3388058124
600808.7709982096
657918.3817006107
701226.9758414497
701236.2182884999
746631.3271348914
785029.3962444231
786887.2756854745
869783.9547255379
918993.8974278495
919026.0430645456
948091.1592452975
955754.9373056315
955758.3501852808
972688.8390252027
1027569.6732846724
1029463.3233940473
1032380.1871062585
1038748.855743701
1046732.3099391793
1046736.8758187101
1172600.9163786834
