1910.4055036527675
9848.426891800567
28609.39528358993
28896.03105413014
34255.38204330796
67321.33863286242
84771.24008340033
84777.7983467263
84782.17052227694
84784.35661005226
84786.54269782756
84793.10096115353
84798.56618059182
84799.65922447949
84802.93835614246
84804.03140003012
84807.3105316931
84811.68270724373
84812.7757511314
84816.05488279436
84818.30553856304
84820.55619433172
84826.18283375342
84830.6841452908
84831.80947317513
84839.68676836553
84888.64775533343
84889.66239522914
105589.13720378312
105611.47311748748
105626.50362394268
105650.71662145412
146122.8111418222
153487.71318487392
153500.90350351826
153737.33304721856
153738.66591508157
155948.16881199376
157648.7237252145
157767.24288903337
160648.28520092624
165866.12620864811
165897.42784943103
166712.48346566144
166713.65491354102
168347.16057765292
168949.74598772053
169221.54956778517
169832.7040729721
170281.21180287548
170283.61926662803
171378.62786608547
172000.45915017504
175034.7904903132
176580.21618747778
176581.54444334126
176582.87269920475
176584.20095506823
176584.86508299998
179311.60833875136
186248.3138978122
186296.4631728635
186730.8674082164
186736.6324076239
186759.69240525385
186759.69240525385
186764.30440477983
199457.4033802113
199462.75791166097
208815.46403441063
208852.24011863087
208870.628160741
208876.75750811104
208891.0593186411
208901.27489759118
208921.70605549132
208932.01848643145
208963.14948323186
208971.45108237865
223358.04861175612
223373.06528221272
223979.72769986134
223989.22841888486
224051.9331644402
227203.86588049156
227265.3807301692
227268.53533784498
227270.11264168288
227289.05873573563
227293.43091128627
227294.88830313648
227983.52440036
237225.2381425172
250405.0091439296
252227.062572663
254153.18577070034
254421.0691511679
260155.79078176594
325895.9468851388
328095.68617905444
328104.1953181799
331085.539395764
350898.8876753921
383269.53921640845
383285.16467080254
480791.2192653469
480941.75954187475
481475.24797504395
481475.24797504395
519880.4426238434
521224.0656697488
523845.2033603541
527586.7709918041
529355.8971139772
529375.4888879636
529683.2845123291
529688.0164238428
530249.5827101262
531618.9591613847
535239.1481893099
548265.4595184944
549095.5318051815
549148.6066957265
549685.2727965692
549962.7768080479
549962.7768080479
549986.9206255665
550152.9157125059
551052.8321200145
551150.0945780181
551510.0519170224
555912.828084515
555918.0442559788
555919.7829798001
555921.5217036214
555924.999151264
555930.2153227279
555933.6927703705
555935.4314941918
555937.1702180131
555938.9089418344
555940.6476656557
555942.386389477
555944.1251132983
555945.8638371195
555947.6025609409
555949.3412847621
555951.0800085835
555954.5574562261
555956.2961800473
555958.0349038687
555961.5123515113
555963.2510753325
556049.6522744524
562798.9353967761
570469.4469764179
570506.9655925619
570547.809460364
570566.52956644
570596.4153233684
570739.0921407044
570748.777339709
571121.9157733587
571228.3330504213
571315.9979374113
575583.1767068402
575601.3479849726
579392.4992233264
579414.7106130436
579429.9809434742
579442.4748501901
579468.9246674717
579487.0313776108
579505.1380877497
579528.8160933162
607120.6151894924
610832.1264200314
610916.7566113333
614744.485617928
615217.1325533502
615223.9306406515
616124.003856144
616129.2799836018
616166.1990398073
616670.9270439325
616671.7479798481
616708.2565680959
620616.3542784302
631328.350409475
637027.2045197595
637206.7496613063
637296.6652040649
637342.5684353472
637664.5321222565
640675.1255008343
640675.1255008343
640703.1157259576
640706.4086936191
643133.6025801575
646899.0557571525
646929.1767260568
657332.4456088321
658867.7064590413
659680.617495492
659699.5912615419
659703.0410371874
659704.7659250101
659708.2157006556
659709.9405884782
659713.3903641237
659715.1152519464
659716.8401397691
659718.5650275919
659720.2899154146
659722.0148032373
659723.73969106
659725.4645788828
659727.1894667054
659727.1894667054
659728.9143545282
659730.6392423509
659734.0890179963
659734.0890179963
659735.8139058191
660690.3087157183
678842.7745020482
679206.901088624
679310.698749956
680715.5507015685
680723.8799727124
680996.0202287423
681785.3362756182
681889.1754449459
681918.5446579272
685322.5508200711
693912.6858811962
702288.2384403754
724657.6583212963
724685.6992784142
724688.9461260806
746427.9333437958
749091.9949139893
752333.1144768744
752341.8311559785
759466.7754756926
762255.9698170252
762313.6567070964
762405.9289816128
762438.2913822867
762780.5663151084
762789.1538582259
763051.8349032281
763058.8082465114
763125.636119643
763312.9801523881
763357.8318477784
764004.0698333594
764005.1721012462
764020.6038516602
764026.1151910936
764062.2363713813
764118.8947855581
764190.4730182014
764490.1469114015
764490.1469114015
764500.251802363
764997.9003872158
765300.9041440737
766166.779383081
766599.4495066121
766629.2706955472
766647.4235256815
766692.4597010528
766711.2766591187
766744.5937436945
766766.7820734141
766775.918444475
766869.0116549071
767401.8451841436
768385.3909790571
768393.720250201
768453.2150440862
769226.9702045614
771003.4847499753
772068.5384125113
772069.8712803744
773918.5590063704
776023.9321779847
776032.9348010595
776036.3107847126
776037.4361125969
776037.4361125969
776039.6867683656
776040.8120962499
776040.8120962499
776041.9374241342
776045.3134077872
776046.4387356716
776046.4387356716
776046.4387356716
776048.6893914402
776049.8147193246
776049.8147193246
776050.9400472089
776050.9400472089
776053.1907029777
776058.8173423994
776059.9426702837
776061.0679981681
776061.0679981681
776061.0679981681
776061.0679981681
776062.1933260524
776062.1933260524
776063.3186539367
776064.4439818211
776064.4439818211
776065.5693097054
776065.5693097054
776067.8199654741
776068.9452933584
776068.9452933584
776070.0706212427
776070.0706212427
776071.1959491271
776072.3212770114
776072.3212770114
776073.4466048958
776080.1985722019
776081.3239000862
776081.3239000862
776082.4492279706
776082.4492279706
776082.4492279706
776085.6038356462
776086.6184755419
776086.6184755419
776086.6184755419
776087.6331154377
776087.6331154377
776089.6623952291
776090.6770351249
776094.7355947077
776095.7502346034
776095.7502346034
776096.7648744991
776096.7648744991
780720.2759513049
783497.1378059053
783519.1093716471
783521.143263438
783549.0458605703
786972.7406486906
787676.2596683844
787680.0230599976
787724.2152394557
788530.4388765938
788533.7595162526
788547.0420748874
806833.712435424
807611.8443834493
816499.8638819584
816597.582927915
816599.9258236743
816601.0972715538
816604.6116151926
816606.9545109519
816616.3260939886
816619.8404376275
816629.2120206642
816631.5549164235
835130.3126871623
835216.2065663342
836973.2538617488
836973.2538617488
844612.4176806126
852397.4221484872
854909.9149662588
860176.7538569447
875077.1558055145
875139.4731431097
875237.8194210018
876608.1966761575
877147.6115287178
877837.2438178388
908254.4414516268
908378.0799349195
908387.8942699109
908506.9115296785
908514.4844329002
908539.0202703784
908611.3687069427
908755.461408133
908880.6402992675
929542.3705037008
930791.1247193567
930799.7583824693
935583.0198988563
953364.999151264
956432.3846920049
972084.464159319
974153.0612467132
976151.8833932786
976151.8833932786
980128.109560611
988353.14490326
990163.2624772203
990177.684199738
990181.0417353929
990182.7205032203
990186.0780388752
990189.4355745302
990191.1143423576
990192.7931101851
990196.15064584
990197.8294136674
990199.5081814949
990204.5444849774
990217.974627597
990223.0109310794
990224.6896989068
990228.0472345618
990229.7260023892
990259.9438232835
990276.7315015581
991791.9993338223
992874.4402345715
1017805.3508162278
1017817.0652950238
1017990.3842372105
1017990.3842372105
1019173.2145316418
1024249.6654698955
1024259.419848893
1024262.6713085588
1024263.7551284473
1024265.9227682246
1024268.0904080018
1034686.791041191
1034697.8644520529
1034704.1921154025
1034710.5197787521
1034713.683610427
1034723.1751054515
1034729.2491088272
1034737.218644008
1034742.5316674621
1038690.2464537247
1038691.547037591
1038698.0499569227
1038737.0398009154
1042841.608691057
1070172.4839140503
1083676.6860221184
1083680.698461706
1083682.0359415687
1083684.7109012937
1083687.3858610187
1083690.060820744
1103842.7415774958
1107449.1914588332
1157799.1097559803
