9639.91839323061
10990.694650400828
11005.282404901529
11090.701248122372
11090.701248122372
11100.552479109883
12208.308645257166
13866.207174862042
16369.489829580214
16398.213362628074
16479.615154261777
45979.40306633914
46002.06182001032
46002.06182001032
46003.39468787333
46004.72755573635
46006.06042359935
46007.393291462366
46008.72615932538
46010.059027188385
46012.72476291441
46014.05763077742
46015.39049864043
46016.723366503444
60823.280348718414
60882.11562667145
63028.61861005865
63201.94216424483
63655.01116167941
63656.496225526775
64581.912378414556
64584.439754154795
66860.94116818105
67001.5010777346
67006.35290123594
67048.80635687266
67144.41310704642
67549.87243337423
67560.0003843333
67562.25104010198
67752.69894852817
67781.39480957887
67784.77079323189
67789.83476871143
67793.21075236445
67796.58673601747
67796.58673601747
67799.9627196705
67803.59697529698
67805.54323909695
67807.48950289692
67809.43576669689
67813.32829429682
67817.22082189676
67819.16708569672
67825.00587709663
67830.84466849653
67834.73719609647
67840.57598749636
67844.46851509629
67850.3073064962
67852.25357029616
67854.19983409613
67860.03862549603
67861.984889296
67863.93115309597
67867.8236806959
67871.71620829584
67873.6624720958
67875.60873589577
67879.50126349571
67881.44752729568
67883.39379109564
67889.23258249555
67895.07137389545
67897.01763769542
67902.85642909532
67912.58774809516
67914.53401189511
67918.42653949505
67919.84703534906
67921.26753120306
67922.68802705707
67924.10852291106
67926.94951461907
67929.79050632709
67931.2110021811
67932.6314980351
67935.4724897431
67936.89298559711
67939.73397730512
67942.57496901313
67943.99546486713
67946.83645657514
67948.25695242915
67952.51843999115
70356.30181693565
70444.50630787018
70445.73771174363
70853.73363781071
70876.07877551412
70990.2672717781
70991.21734368044
72137.6589618517
72141.39468146776
72185.75750490824
74009.8448254326
74016.43076075573
74017.5284166429
74018.6260725301
74019.72372841727
74019.72372841727
74021.91904019164
74023.01669607883
74025.2120078532
74026.3096637404
74027.40731962757
74029.60263140194
74031.79794317632
74032.8955990635
74033.99325495069
74035.09091083787
74036.18856672506
74039.4815343866
74039.4815343866
74041.67684616099
74041.67684616099
74041.67684616099
74044.96981382254
74044.96981382254
74046.06746970973
74048.2627814841
74049.36043737129
74050.45809325846
74050.45809325846
74052.65340503283
74057.04402858159
74059.23934035595
74060.33699624313
74060.33699624313
74061.43465213032
74062.5323080175
78712.54393409965
78768.52438434609
78768.52438434609
78980.42731456718
79176.38195042741
79176.38195042741
79817.84190449957
79991.48829865258
80001.20578165384
80055.34604408943
85211.7459941261
85354.94396740854
95910.25202655743
99075.37967325264
99092.73001546941
99092.73001546941
99094.3073193073
99095.09597122624
99096.67327506414
99099.03923082097
99102.19383849675
99102.98249041568
99104.55979425358
99105.34844617252
99110.08035768618
99110.86900960513
99114.02361728091
99114.81226919986
99116.38957303774
99116.95684897943
99117.52412492114
99118.65867680452
99119.22595274623
99119.79322868792
99128.86964375507
99129.43691969676
105142.27134571101
105159.08208398323
105219.77138574571
105244.15963923915
105272.92468028274
105305.3055289547
105333.32803807461
105333.32803807461
105334.32884197176
105335.32964586889
105336.33044976603
105337.33125366317
105339.33286145746
105340.33366535458
105342.33527314887
105342.33527314887
105344.33688094314
105346.33848873743
105346.33848873743
105347.33929263457
105349.34090042884
105349.34090042884
105350.34170432598
105352.34331212027
105353.34411601741
105354.34491991454
105355.34572381168
105355.34572381168
105357.34733160597
105357.34733160597
105360.34974329738
105361.35054719452
105362.35135109167
105364.35295888594
105364.35295888594
105366.35456668022
105367.35537057735
105369.35697837164
105370.35778226878
105371.35858616592
105372.35939006305
105373.3601939602
105374.36099785734
105375.36180175448
105377.36340954875
105377.36340954875
105379.36501734304
105380.36582124018
105381.3666251373
105382.36742903445
105383.36823293159
105384.36903682874
105385.36984072588
105386.370644623
105387.37144852015
105388.37225241729
105388.37225241729
105389.37305631443
105390.37386021156
105391.3746641087
105392.37546800585
105393.37627190299
105394.37707580013
105395.37787969726
105397.37948749155
105398.67545935835
105399.97143122516
105401.26740309196
105402.56337495876
105405.15531869237
105407.74726242597
105407.74726242597
105411.63517802638
105414.22712175999
105415.52309362679
105416.81906549359
105418.11503736039
105419.4110092272
105420.706981094
105422.0029529608
105424.59489669441
105425.89086856121
105427.18684042801
105428.48281229482
105429.77878416162
105431.07475602842
105432.37072789522
105433.66669976203
105434.96267162883
105436.25864349563
105438.85058722924
105440.14655909604
105442.73850282966
105444.03447469645
105445.33044656325
105446.62641843005
105447.92239029687
105449.21836216367
105450.51433403046
105453.10627776408
105453.10627776408
105454.40224963088
105455.69822149767
105458.29016523129
105458.29016523129
105459.58613709809
106435.54519279118
106436.6474606779
106442.15880011146
112109.7804496059
112124.37742810564
113654.9801587937
114089.08461417741
114339.07804848363
114339.07804848363
118073.82453263471
118100.02530194185
118101.40428980012
118101.40428980012
118104.16226551666
118104.16226551666
118105.54125337493
118106.92024123321
118108.29922909147
118111.05720480802
118111.05720480802
118112.43619266628
118113.81518052456
118113.81518052456
118115.19416838283
118117.95214409937
118119.33113195765
118122.08910767418
118122.08910767418
118123.46809553246
118124.84708339072
118253.90005412693
118254.84090203024
125310.1163569047
127033.21472380849
128637.84465888819
128999.69291769822
128999.69291769822
129072.52561421265
129100.21605936668
129128.12326849844
142310.50927364212
142327.34307191198
142332.39321139292
142423.7845939999
142427.90772157614
151902.64735178347
151932.0719087593
151933.5431366081
151935.01436445687
151937.95682015445
151940.89927585205
151943.84173154962
151945.3129593984
151948.25541509598
151949.72664294476
151952.66909864236
151954.14032649115
152089.71927655663
152090.96912842817
152097.2183877859
152112.21661024442
152114.7163139875
152115.96616585905
152118.46586960214
152120.96557334522
152122.21542521674
152124.71512895983
152129.85289643178
152145.12322686234
153313.8684747413
155957.3697510481
155982.34372848133
158431.63831674829
159154.30174647455
159185.3312792854
159268.04749078403
159291.291968395
159317.44200570736
159353.82606996788
159379.1044393698
159417.2226154521
159471.4505058787
159549.25493788213
159632.75980129966
159867.38144118577
159868.43297707773
161268.93120113763
161289.3162390425
161319.8937958998
170283.61926662803
170318.52749104024
170549.55177129607
176950.70733339954
188386.08636609666
188391.51007753922
188399.2582367429
213488.50337412604
213499.25394502113
213506.9329242319
213510.00451591623
217937.45488087268
218311.82933039533
219225.44798849564
222295.932792918
225946.08136976385
226235.87174797984
226235.87174797984
230260.51929833554
230372.55860282035
230385.02944953865
231315.3573819216
235003.00612691327
235464.38133549414
235464.38133549414
235476.2249502769
235489.05553295818
242213.28627385668
242375.7716291568
242377.08604902172
244385.4734826041
244414.76890359318
254081.87964602903
261641.11290110784
262296.77320172056
262571.2794135074
262581.42581246456
262663.53324002575
275950.3948704316
276165.7152923015
276170.07363185356
276184.02031842014
276198.2068289621
280644.012952032
280644.93996393675
285946.91767901124
288167.3233428029
288180.54133344436
288207.40623068326
288223.52516902663
288227.8235525848
288234.27112792217
288240.7187032595
288243.76723494614
288245.5659147613
288248.263934484
288254.559313837
288259.05601337476
288263.5527129126
288264.4520528202
288267.1500725429
288268.94875235803
288278.8414913413
288280.64017115644
288282.4388509716
288284.23753078666
292503.9957210893
294128.00989017676
294187.20029209333
294188.7775959312
303754.96856473933
315010.64103590633
315192.1739492488
318710.00425969396
318717.0698429678
318747.0985718815
319427.80202992033
324698.2336682371
346648.8378722028
369518.3645337237
369559.1530575315
369561.62508927746
390704.57132425235
390943.4175557043
393085.0917755878
394079.964641337
395648.3396481428
396065.80862123636
396067.61652505054
396101.9666975201
408878.1462324128
408912.93915683683
414043.9731094805
414591.0761652505
414594.710420877
414600.8858882423
448567.24314525555
450198.71030557697
455852.98482844327
456305.4911619356
456416.386690538
456439.5112561613
456584.955273213
456588.8016808176
456602.9051753681
456606.75158297276
456765.2014386876
459031.66714174533
465373.8536779095
465396.22648761
465529.5317219093
465531.1551457424
465534.40199340874
465537.648841075
465537.648841075
465540.8956887413
465540.8956887413
465542.51911257446
465545.76596024074
465545.76596024074
465547.3893840739
465549.0128079071
465550.6362317402
465552.25965557335
465553.8830794065
465555.5065032396
465557.1299270728
465558.75335090596
465560.37677473907
465577.6533249634
465580.3190606894
465580.3190606894
465589.6491357305
465590.9820035935
465593.64773931954
465594.98060718254
465596.31347504555
465598.97921077156
465601.64494649763
465601.64494649763
465602.97781436064
465606.97641794966
465606.97641794966
465608.30928581266
465609.64215367567
465610.9750215387
465612.3078894017
465613.6407572647
478657.6160446339
505399.455912167
505411.3271989469
505420.5604219979
511257.7837420611
511679.2559307431
511693.96820923104
513122.5857944009
524115.5126525723
524427.4775245093
530555.8840466453
530564.9650737119
530568.2672653726
539929.5286472428
540219.9969893892
546031.6652200788
546332.5520691543
547514.0033757275
558473.8022413036
571160.647345378
571272.1654939163
571615.6672186119
588050.8595934394
588058.6630966373
588062.9983761918
588064.7324880136
588066.4665998353
593179.375394342
598328.5252811237
598405.3704172259
598405.3704172259
600997.0097588629
617344.4081107136
617350.2192301163
617369.3820881469
618300.6969884284
618592.9455623918
618592.9455623918
618617.9656598202
625390.6039477434
625832.1890663584
625852.5095362699
627608.9203757499
630551.8833932786
637141.0517280586
637178.8931841693
637215.1066044474
657761.0802327779
674525.3387737846
674546.5078516089
674546.5078516089
674546.5078516089
674547.683911488
674547.683911488
674548.8599713672
674548.8599713672
674548.8599713672
674550.0360312463
674552.4896149941
674553.7164068681
674553.7164068681
674554.943198742
674554.943198742
674554.943198742
674556.1699906159
674558.6235743636
674565.9843256072
674565.9843256072
674565.9843256072
674567.2111174811
674567.2111174811
674568.437909355
674568.437909355
674568.437909355
674569.664701229
674569.664701229
674574.5718687245
674575.7986605985
674575.7986605985
674577.0254524724
674577.0254524724
674583.159411842
674583.159411842
674584.3862037158
674584.3862037158
674585.6129955897
674585.6129955897
674585.6129955897
674586.8397874637
674586.8397874637
674588.0665793376
674599.1077062028
674600.3344980767
674600.3344980767
674601.5612899506
674601.5612899506
674602.7880818245
674602.7880818245
674602.7880818245
674608.9220411942
674610.1488330681
674610.1488330681
674611.375624942
674611.375624942
674612.6024168158
674612.6024168158
674612.6024168158
674613.8292086897
674617.5095843115
674626.9088393456
674626.9088393456
674627.9972712337
674627.9972712337
674627.9972712337
674629.0857031218
674630.1741350099
674630.1741350099
674630.1741350099
674631.262566898
674638.881590115
674639.9700220032
674639.9700220032
674641.0584538913
674641.0584538913
674642.1468857795
674642.1468857795
674643.2353176675
674646.5006133319
674656.2965003251
674659.5617959895
674660.6502278777
674661.7386597658
674668.2692510945
674668.2692510945
674669.3576829827
674669.3576829827
674669.3576829827
674670.4461148708
674671.534546759
674671.534546759
674671.534546759
674674.7998424234
674675.8882743116
674675.8882743116
674676.9767061997
683684.4516044314
695359.2118605254
695362.4587081918
695390.6011292993
695392.3998091144
695394.1984889295
702156.4505539204
702163.9035451544
702163.9035451544
702196.4873218054
702213.6670200397
702213.6670200397
702214.598643944
702218.325139561
702219.2567634652
702221.1200112738
702222.9832590823
702225.778130795
702225.778130795
702228.5730025078
702229.504626412
702232.2994981247
702234.1627459333
702236.0259937417
702237.8892415502
702239.7524893588
702242.5473610715
702248.137104497
702250.0003523055
702251.863600114
702252.7952240183
702254.6584718267
702255.590095731
702259.9161512863
702262.3789590333
702264.8417667801
702266.0731706535
702269.7673822739
702270.9987861473
702274.6929977676
702279.6186132614
702280.8500171348
702293.1640558692
702296.8582674896
702300.5524791098
702301.7838829833
702305.4780946036
702307.9409023505
702310.4037100974
702311.6351139708
702314.0979217177
702315.3293255911
702317.792133338
702319.0235372115
702321.4863449583
702326.4119604521
702337.1486953486
702341.7975908709
702348.7709341542
702349.9331580347
702356.906501318
702358.0687251985
702360.3931729596
702362.7176207207
702363.8798446013
702366.2042923623
702373.1776356456
702374.3398595263
702375.5020834068
702377.8265311678
702380.1509789289
702381.3132028095
702383.6376505706
702385.9620983317
702388.2865460928
702391.7732177344
702394.0976654956
702396.4221132566
702398.7465610177
702401.8366007
702403.3677845427
702404.8989683853
702406.430152228
702412.5548875985
702414.0860714411
702415.6172552838
702417.1484391263
702419.4452148903
702422.5075825755
702424.8043583395
702426.3355421821
702427.1011341035
702428.6323179461
702430.1635017887
702432.4602775526
702433.9914613953
702435.5226452379
702437.8194210018
702440.1161967658
702443.178564451
702444.7097482936
702446.2409321363
702448.5838278956
702452.5270874903
702454.8930432472
702456.470347085
702457.258999004
702458.0476509229
702512.1325693642
702512.1325693642
702516.0896649575
707631.7702711791
725213.6302521547
725333.8881397949
725333.8881397949
725354.9926496258
727458.8576973953
732098.6030125325
732135.6558167243
732137.4037645446
732139.151712365
732140.8996601853
732142.6476080057
732147.8914514667
732149.639399287
732151.3873471074
732154.8832427481
732158.3791383888
732161.8750340295
732174.1106687719
732179.3545122329
732193.3380947958
732195.0860426162
732200.3298860772
732203.8257817179
732205.5737295382
732209.0696251789
732212.2103968562
732390.265862556
732462.0885311742
732463.4306230362
733652.1919488581
733678.1482821903
733680.0023059997
733681.8563298092
733685.5643774281
733687.4184012376
733691.1264488564
733694.8344964754
733700.3965679037
733709.666686951
733711.5207107604
733715.2287583792
733717.0827821888
733718.9368059982
733722.4695976351
733727.5059011175
733729.1846689449
733742.6148115646
733745.9723472196
733756.0449541843
733828.8038587063
733847.749952759
733871.0682223624
733882.7273571641
736176.717473393
737425.7945290155
737480.0316434412
737549.5160282997
737549.5160282997
737566.9632225066
740756.1747307264
757977.5100967559
757996.8804947651
758090.1904691749
759484.1673259051
783719.5145870498
785177.5475051965
785181.804380759
785181.804380759
790469.3327013187
791446.0066169383
791891.2951711725
792033.2386805839
792081.2126996531
792082.167383555
792088.8501708681
792127.7247148727
792136.653545955
792199.5796674876
792200.6312033796
792232.1772801373
792247.3830425745
792264.1107648553
792284.6987307393
792328.57268223
792358.1678831883
797678.5336403729
797900.712105538
797902.0080774047
797922.7436272736
803935.771757268
804039.693942587
807994.9493480747
808002.282427321
808008.1488907181
815884.3233652223
816047.9063764097
816049.0639882907
816174.9715753502
816295.6353189485
816295.6353189485
816305.2651739588
822774.6275970521
823239.4249092813
823239.4249092813
823241.8692690302
823254.091067774
823256.5354275227
823260.2019671459
823261.4241470203
825081.9925119063
841166.2532308018
848689.083973622
848838.2913822867
850206.6670296482
851265.7158688015
851295.3156817593
851296.3579936521
857765.7296407445
857778.5509994267
861269.1889606667
861369.499950357
861379.3788533417
861388.3722524173
861443.9007267102
863794.955113074
863866.4503297259
863919.981808224
863945.4308216085
863951.8507249487
863976.4603544193
868656.3854094271
868668.265920206
868672.6934397509
868674.4644475689
868676.2354553868
868676.6782073413
868677.5637112503
868678.4492151593
868679.7774710228
868680.2202229773
868681.5484788409
868682.4339827498
868683.3194866588
868684.251110563
868684.7399825129
868686.2065983621
868687.1843422616
868688.1620861611
868688.6509581109
868689.6287020104
868691.0953178597
868691.5841898094
868692.561933709
868697.4506532064
868698.428397106
868699.4061410055
868701.8505007543
868702.339372704
868705.2726044025
868706.2503483021
868707.2280922015
868708.2058361011
868709.6724519504
868710.6501958498
868711.6279397494
868712.1168116991
868713.0945555986
868713.6387715426
868716.359851263
868716.904067207
868718.5367150393
868719.6251469273
868722.3462266477
868723.4346585359
868724.523090424
868725.611522312
868726.6999542002
868733.7747614731
868737.0400571375
868737.5842730816
868739.2169209138
868740.3053528019
868740.8495687459
868741.9380006341
868742.4822165782
868744.1148644104
868744.6590803544
868745.2032962985
868746.1948761967
868748.8790599208
868752.0106075989
868752.457971553
868755.1421552771
868755.5895192311
868756.4842471392
868757.8263390012
868758.7210669093
868759.1684308633
868759.6157948173
868760.5105227253
868762.2999785414
868762.7473424955
868764.9841622656
868765.4315262196
868765.8788901736
868766.7736180816
868767.6683459897
868769.4578018057
868770.3525297138
868771.2472576218
868773.3918374013
868774.1943253189
868774.9968132364
868775.799301154
868776.6017890715
868777.8055209478
868778.6080088653
868779.009252824
868779.8117407415
868781.4167165766
868784.225424288
868784.6266682467
868785.4291561642
868786.2316440818
868787.0341319992
868789.040351793
868789.8428397105
868790.6453276281
868791.4478155456
868792.2503034631
868796.6639870096
868797.457250928
868798.6471468058
868799.043778765
868800.2336746426
868801.0269385611
868802.2168344388
868803.8033622758
868804.1999942351
868805.3898901127
868806.1831540312
868806.9764179497
868807.7696818681
868808.5629457866
868809.3562097051
868810.1494736235
868811.3393695012
868812.1326334197
868812.529265379
868814.1157932159
868815.3056890937
868817.685480849
868818.8753767267
868819.272008686
868820.0652726045
868820.4619045636
868821.5318884536
868823.6718562337
868826.8818079038
868828.4867837388
868829.0217756839
868831.6967354089
868832.7667192989
868833.836703189
868834.371695134
868835.441679024
868835.976670969
868839.7216145841
868840.2566065291
868841.3265904192
868842.3965743092
868842.9315662542
868844.5365420893
868845.0715340342
868846.1415179243
868847.2115018143
868847.7464937593
868848.8164776494
868849.8864615394
868852.5614212645
868854.4707890683
868855.1072450029
868855.7437009375
868856.3801568721
868857.6530687412
868858.9259806104
868859.562436545
868861.4718043488
868862.744716218
868863.3811721525
868864.0176280871
868864.6540840217
868865.9269958909
868866.5634518254
868867.8363636946
868869.1092755637
868869.7457314983
868870.382187433
868871.0186433676
868872.2915552367
868874.2009230405
868875.4738349096
868876.1102908442
868877.3832027134
868879.2925705172
868881.2019383209
868881.8383942555
868883.7477620593
868885.0206739284
868895.4714648543
868896.6521367329
868897.8328086116
868898.423144551
868899.6038164296
868903.7361680049
868904.3265039442
868904.9168398835
868906.0975117622
868907.2781836408
868907.8685195802
868909.6395273982
868911.4105352161
868913.1815430342
868914.3622149128
868914.9525508521
868916.1332227307
868916.72355867
868919.6752383667
868921.4462461846
868922.6269180634
868923.807589942
868924.9882618206
868926.1689336993
868927.6078775513
868928.0875255021
868929.0468214034
868930.0061173049
868930.9654132063
868931.445061157
868932.8840050091
868933.3636529598
868935.7618927133
868937.6804845161
868939.1194283683
868939.5990763189
868940.5583722204
868941.038020171
868941.9973160725
868942.4769640232
868942.9566119738
868943.9159078753
868944.395555826
868945.3548517274
868946.3141476287
868947.2734435302
868947.7530914809
868948.7123873823
868949.192035333
868950.1513312344
868951.1106271358
868952.5495709879
868953.98851484
868956.0177946315
868958.1577624116
868959.2277463016
868960.2977301916
868960.8327221366
868961.9027060267
868962.4376979717
868962.9726899167
868965.1126576968
868965.6476496417
868966.7176335318
868967.2526254768
868968.3226093668
868968.8576013119
868969.9275852019
868970.462577147
868971.532561037
868973.137536872
868974.207520762
868974.742512707
868975.8124965971
870137.7965531709
870141.0802968334
870142.3117007068
870191.31880767
870193.2281754737
870195.7739992122
870196.728683114
870197.0469110813
870198.6380509178
870199.5927348196
870200.8656466888
870203.0932424599
870203.4114704272
870204.366154329
870204.6843822964
870205.0026102636
870206.2755221328
870207.0595620521
870210.1957217299
871216.414106313
873844.1838522366
873915.8912208667
873937.8904586057
875478.3213602836
875532.9504946689
875533.5685026054
875535.4225264149
875536.6585422879
880745.1002949758
880755.6894458875
880760.4305814002
880762.1462452238
880762.718133165
880764.4337969888
880766.1494608124
880767.2932366949
880767.8651246361
880936.7150392821
880938.9011270574
880960.4852848391
887131.5481905908
887150.8032886119
887153.2845443569
887154.5251722294
887155.7658001019
887155.7658001019
887157.0064279743
887158.2470558468
887159.4876837194
887159.4876837194
887160.7283115918
887160.7283115918
887163.2095673368
887163.2095673368
887164.4501952094
887164.4501952094
887166.9314509543
887166.9314509543
887168.1720788268
887168.1720788268
887238.3067556184
887239.6073394847
887242.2085072174
887246.1102588164
889258.6300439741
890104.6137290258
892207.7823648668
892273.9968420614
892407.9293082962
892407.9293082962
892415.0640715628
892443.11425268
892534.4687392907
892738.1069663613
892750.2457491136
892753.7139727572
892763.2515877769
892778.8585941729
892784.9279855491
892789.3001610998
892793.6815606494
892796.3104003792
892801.5680798389
892803.3206396587
892810.3308789382
892812.0834387582
892814.7122784879
892815.5885583978
892820.8462378575
892822.5987976773
892825.2276374071
892828.7327570469
892830.4853168668
892832.2378766866
892926.3687870122
892926.3687870122
892929.6894266709
893509.4362150858
893534.7099724882
893535.9736603583
893538.5010360986
893541.0284118388
893542.2920997089
893547.3468511894
893548.6105390595
893551.1379147997
893554.9289784101
893557.4563541503
893559.9837298905
893566.7264731976
893588.6703669422
893592.0463505952
893600.4863097278
893603.8622933808
893605.5502852073
893612.3022525134
893620.7422116459
893624.118195299
893630.870162605
893635.9341380845
893675.1453580544
893691.3288643912
896148.3669998622
896200.0582905496
896206.2614299121
920254.7074102663
920289.5280066874
920310.6601885154
921891.9949139893
923790.035646913
928248.3633486959
928369.6404882313
928375.064199674
937506.6756771472
937517.5876680257
940873.9103670703
941001.5336179535
941001.5336179535
945950.3059613296
945977.0417225817
945986.477873612
945989.6232572887
945999.9310762293
946002.7259479421
946018.0977423622
946022.2900499313
946037.6618443514
946039.0592802078
946068.4054331917
946072.5977407608
946084.0539475833
946085.5205634326
946088.4537951311
946094.3202585281
946097.2534902267
946291.62159825
946291.62159825
958914.0693529429
959020.7126179823
959029.1802491121
959067.9164331307
959067.9164331307
959069.3738249809
964304.6251309136
964308.0149505652
964318.1844095199
964387.3644024098
967189.5968664025
970304.0248023085
975789.1311825615
975874.4255017951
975881.753969042
980208.0539603945
980743.6177933505
995833.3607704601
1002444.5237309794
1002508.6674203869
1006242.888136592
1021713.780590528
