115527.56265433384
115539.31402912606
115571.13221385585
115572.18836174729
115584.86213644472
115589.08672801052
134881.46815318245
134887.48220056432
134890.48922425526
135048.57012000805
135049.6954478924
135050.82077577672
143525.02861681647
143535.93138369592
143985.02944953865
143986.58830537842
154057.75632628615
155193.13836959412
155345.6479699195
155402.6292240631
155704.6829090187
155704.6829090187
155815.35244964433
155946.85439212885
155977.08604902172
155984.97256821115
162357.19705728808
176829.94673781103
176830.68004573567
179336.76679616564
179341.0375077267
180918.01389364857
180926.40773278588
180928.92588452707
180929.7652684408
187254.48155040052
187264.0283894193
187278.3486479475
187278.3486479475
187768.19834160185
187778.74137251827
187808.94535741393
187809.87236931868
187850.94683709712
188021.7430155431
188026.28583507618
188027.1943989828
188028.10296288942
188029.01152679604
188029.92009070268
188029.92009070268
190337.14664557105
190339.10213337006
190341.05762116908
190342.0353650686
190343.0131089681
191263.0885664048
192493.09039198793
198554.8581329729
198570.72341134233
198593.52974899832
198593.52974899832
244385.4734826041
244393.32310579735
285076.98849242064
285125.42371144256
285126.5720993245
287844.83388794767
287944.17635773745
287944.17635773745
319577.6412825202
320402.8479097073
320429.8096589362
320473.32848646346
320474.88273030374
322192.7280297474
351884.53193008975
351884.97468204424
363205.1275185841
565325.8407130664
565360.4583815085
565364.3047891131
595602.0495213448
595615.1383759996
595616.3282718774
595617.5181677551
595617.5181677551
595618.7080636327
595621.0878553882
595621.0878553882
595622.2777512659
595622.2777512659
595667.4661226216
595669.0987704537
595678.894657447
595767.6848723213
595769.0776961781
595777.4346393192
595817.8265311678
595819.2193550246
595833.1475935931
595906.5521780489
595908.157153884
595917.7870088941
595957.2933968338
595957.2933968338
595963.0768442394
596000.0281844416
596001.2734243136
596007.4996236737
596058.5544584264
596059.7996982984
596067.2342415343
596128.5738352299
596129.8006271038
596138.3881702212
596180.7263258698
596180.7263258698
596185.4305653863
596521.4377908523
597431.2792213408
597587.5245412822
597587.5245412822
605292.6768493637
615182.2197169386
618934.620935275
618936.8439190466
631518.9505138857
631532.9340964485
657356.0221504088
705600.1521959844
823268.7572262667
823273.6459457641
823276.090305513
823277.3124853873
823278.5346652617
823279.7568451362
823280.9790250105
823282.2012048849
823284.9776285995
823286.5318724398
823289.6403601202
823292.7488478008
823294.303091641
823295.8573354813
823297.4115793216
823300.520067002
823300.520067002
823302.0743108423
823305.1827985229
823308.2912862033
823309.8455300436
823311.3997738839
823316.0625054047
823320.7252369254
