231581.57583056026
231585.3945661678
233140.72683831418
235584.73146312483
235591.40963843846
235850.60401179903
235850.60401179903
236091.76085501348
236093.273590858
237003.27644132992
237037.81109378053
239048.60137911598
242784.18263518123
244183.19118339423
247509.72958950003
249756.21611061113
249805.97958549656
249807.09107738233
249809.31406115385
249886.15919725585
249887.1646131525
260943.09599684845
260967.37356235326
265426.26854007796
265441.0131025626
265447.85730985913
266251.7518872366
274087.66360587906
274091.94354143913
274141.255040371
274141.255040371
274479.7296855833
275372.1377578636
275385.02829653875
275430.8438998299
275431.52186376025
276496.0820423471
276571.8987025548
278312.46732366306
278319.75889491366
278330.41261381865
278336.8048451617
278573.8708447966
278582.3938199206
278612.6116408149
278613.5939967139
278757.73742989916
278796.80106588436
279225.6247818108
279269.71549727925
279305.435433608
279445.1467352488
279988.481787406
279990.9814911491
280056.7439923902
280228.1120587774
282400.4284035115
282757.81685877993
282806.88853373646
282806.88853373646
284285.7354057438
284298.72279640904
284336.5042965259
284337.6849684046
287486.42156878446
287528.8750244212
287650.41043593007
288864.6299991353
289186.48299805593
291678.00505398284
291685.6886451931
291737.49523586856
291737.49523586856
292567.00485861336
292569.7443863318
292579.6232893165
292582.9439289752
292584.60424880456
292587.9248884633
292589.58520829264
292591.245528122
292592.9058479513
292594.56616778066
292599.54712726874
292602.86776692746
292604.5280867568
292606.1884065862
292609.5090462449
292612.8296859036
292616.15032556234
293083.2351895564
293147.7293909278
293202.6998132781
303226.3504030696
303562.1316405587
308470.11546012707
308557.2684151696
308587.48623606394
309418.2042026846
318650.5509738045
318699.40588478325
318734.7338011523
318736.50019697077
318833.153871037
318922.8111418222
320889.8842836507
320909.31924965326
320917.6485207972
320921.81315636914
320933.48612716945
320966.6095077651
320971.34141927876
320977.65063463035
320980.8052423061
320982.382546144
320985.53715381975
320996.578280685
321012.35131906386
321020.2378382533
321023.3924459291
321026.4455896153
322111.5061060952
328002.2701286556
328008.0812480583
329456.64573117805
338932.5245252683
338935.4208609706
338935.4208609706
338938.31719667296
338939.7653645241
338941.2135323753
338944.10986807756
338944.10986807756
338945.55803592876
338947.0062037799
338948.4543716311
338948.4543716311
338949.9025394822
338952.79887518456
338954.2470430357
338955.6952108869
338957.143378738
338958.5915465892
338961.4878822915
339602.39439642057
339603.4966643073
339606.80346796743
339614.1319352142
339615.37717508624
351711.6926358538
351942.97518808313
351965.85531773156
366078.4954632657
366127.8438581938
366128.65557011036
366129.46728202695
366627.09280688217
366850.0276399694
369410.8542127733
377941.05172805855
377949.8929311499
377988.64295116725
377990.0357750241
379735.80673159764
379739.6439152033
379910.315569662
380151.29254489497
380154.1243126039
380556.65040723316
380602.9733304722
380658.1789647983
380659.75626863615
381738.24468579155
381740.3200855782
383556.5623949088
383579.3456725672
386684.06073747156
392677.45558548375
393501.6106767789
393504.9313164376
403805.3941177789
404038.4430658267
414320.0474011062
414333.28383974585
414333.98947567336
414337.5176553107
424747.13264943357
424817.3826262135
461766.0478687117
465479.2055830817
465722.73760605196
465886.62962120754
465901.9045636376
466289.87518776284
466337.1666309023
466350.44918953715
468474.1366112693
476207.8971524106
479345.05763398024
495885.20528202056
495898.238792681
495913.9933830618
495921.8706782522
495968.52566545707
495986.5124636084
527436.7057512274
527445.3532503387
527448.2357500424
540917.5895896922
541346.4502016149
542375.4610878554
543910.9294780435
547097.5490425297
547832.6971549728
549854.0673672209
550629.5381915197
550650.541237361
551580.7538697559
551996.3134750456
551997.6463429086
558440.2730047497
626956.423906812
626969.6741814502
626974.7289329306
626980.5169923357
626982.8322160977
626985.1474398598
627044.0934058016
627044.0934058016
627063.2700998306
627064.3354717211
627071.7930749547
627129.8258649901
627193.3330984629
627214.3176963062
627215.9318961403
627217.5460959744
627222.3886954767
627224.0028953108
627228.845494813
627230.4596946471
627232.0738944813
627236.9164939836
627238.5306938177
627238.5306938177
627241.7590934858
627243.37329332
627246.6016929881
627248.2158928222
627249.8300926563
627254.6726921586
627256.2868919927
627259.5152916609
627264.3578911632
627276.6627058986
627328.8797645319
628126.2206905829
658191.8040925091
658492.0314256523
658532.5570654873
658537.8285809454
658572.9720173335
658709.4595313056
658993.669390095
701197.403700489
724402.6839275019
724404.376531328
735976.1416140076
768976.0220863533
786735.3564210883
786745.3183400645
786760.2612185286
815632.8356430697
887579.7699765237
887621.0934922765
887640.7221622592
890277.1901392888
890280.7183189262
890292.4789177175
890294.8310374757
890296.0070973549
890297.183157234
890436.5116629141
890438.1028027505
939084.3115790014
981395.2610423759
981396.8429582133
984217.6341082988
984305.2989952887
1051705.8533320094
