571720.9499437913
572059.9042369543
572070.6132998536
572201.0867664439
572226.295955853
572233.5275711097
572941.5248423433
575251.6661809122
579947.6963382646
579964.7976325069
580099.601766652
580341.5242017878
580341.5242017878
583193.3310486854
583195.2404164892
583197.95688421
585503.9474232054
585512.0645423711
585512.0645423711
585591.4831742087
585600.158345317
585608.8335164255
585677.1049454086
585728.0029721775
585729.3358400405
585958.8750564489
586712.900082952
586713.7210188676
586714.5419547833
586715.3628906988
591253.5196922772
591323.2531251101
591336.0375877961
591554.2820173654
600206.448472115
600218.4396708825
600275.9974249669
600275.9974249669
600812.1884898584
600871.8493157265
601413.9575760099
601496.7152955042
609401.8946350275
615989.4487699734
615995.2598893761
615997.5843371372
615998.7465610177
621216.2739527719
631439.5549420458
633556.3151404898
633773.9646221204
633775.0715020066
633816.0029977997
635375.4537855228
635402.4063107526
635454.623369386
635456.159165228
638173.8536779095
673779.2648344644
673780.1733983711
673785.6247818108
673789.2590374373
687205.3535065609
687208.7709982096
699441.8276329233
699444.525652646
699448.1230122762
724503.9957210893
732327.8931809665
732330.3283167162
732331.5458845911
732332.763452466
732333.9810203408
732335.1985882157
732337.6337239654
732340.0688597151
732341.28642759
736015.066890007
740703.8884921003
741378.5594547592
746408.4476457984
746418.9399447201
746420.438844566
746423.436644258
746796.9348138706
763286.5764551018
763289.7448987762
