219067.11804476843
219076.15756383937
219093.1481700931
243606.41452267405
257469.90984181484
260956.38777948235
274235.82870265096
276641.88118336216
280231.1698144631
282396.70651989407
288892.80009224
292428.07298489247
292429.7655887185
292554.6769838804
292554.6769838804
292557.41651159886
323683.326276547
323694.1875354307
323696.6872391738
323711.6854616323
344164.1692475715
344380.4996973375
344380.4996973375
344384.24925295217
350709.5235868546
350936.6461155114
350937.07964346686
389581.27733170206
390819.66838442296
390867.1812035397
392653.41784395423
392710.4406060936
392720.0612371048
392835.12140127923
392836.9846490877
392902.9270183103
394932.0868977577
394955.58964734216
394957.2684151696
394958.94718299713
394962.30471865204
394982.44993258157
404963.59172274196
424599.6685765896
430533.29191074497
444025.3921320569
444031.6460034141
444036.8575628785
444038.94218666427
444042.06912234286
647650.9546518741
647669.4210979762
746737.015716029
746770.0745286313
746774.2068802066
