276598.2793398435
276604.8744991656
277980.1635338165
278499.317872459
278568.54398534406
279094.28425930964
279101.58966655884
279462.5616454589
280226.0735549869
284935.0818790055
287828.1568976617
289177.0191750286
292305.0017775415
292306.6851573685
292411.1469466321
292411.1469466321
292412.8395504581
292543.71887300664
292551.93745616195
307474.54618244944
307477.3410541622
307499.3310679021
307506.35975517967
308438.3064993963
314958.23949729203
315182.5533182376
315196.297076825
315203.16895611875
317597.41471804347
330453.53865271964
330471.2348949009
365286.7442806402
377101.10976238595
377372.80265446194
377380.0342697187
377431.6240964164
377432.8093802946
379778.01575125946
380555.40516736114
383885.18580913363
384439.6957361424
384440.7657200324
386670.8381348305
387582.5520371266
387588.3816045275
387591.97896415775
387593.1780840345
387594.37720391125
392947.96780568105
404461.0129103959
424704.969749767
424869.9040768154
449389.0461167925
449576.2564015514
449576.2564015514
449581.2373610395
449586.0153925484
449588.06312033796
449588.7456962678
449590.1108481275
461726.6383327622
465716.57597468526
465736.6012766271
465836.2296903875
465836.2296903875
466757.5273276986
466770.68536234624
466775.07137389545
466779.45738544466
466780.9193892944
503377.4953639796
527449.9652498646
546252.0265574306
546262.9339363095
549313.5364107754
562463.6522552357
647608.339776254
746706.0691992096
908704.8401013358
1019391.9847291571
