2551.49649776286
14231.763481290975
14234.58602500088
14236.467720807483
14239.290264517389
14241.171960323993
14242.112808227293
32356.608002459732
32512.129238475605
47047.5836645539
52856.005047577266
54972.03655009624
54975.48632574168
54984.442828821164
54992.006508043785
54995.78834765509
54999.57018726641
55001.46110707206
55003.352026877714
55009.02478629468
55010.915706100335
55012.80662590599
55016.58846551731
55018.47938532296
55020.370305128614
55022.26122493427
55027.933984351235
55029.82490415689
55031.71582396255
55033.6067437682
55037.388583379514
55039.27950318517
55043.06134279648
55044.952262602135
55046.84318240779
55193.45864733898
55194.957547184924
55196.45644703087
55297.191740677525
55297.191740677525
60547.967037014496
60631.490348430154
60631.490348430154
66869.29811132213
66881.83352603378
66888.79764531802
67035.46384224399
67105.97670299684
67153.37883412495
67275.9934535229
67299.33478312392
67363.99040447877
67429.95122169946
67500.16430248311
67516.4354368108
67547.62177760554
72205.74591085388
75507.7484794814
75605.93794938971
75665.56187926169
75771.66554035658
85254.94659368605
85925.25921679281
85945.84718267682
86351.85072494867
86462.82926954255
86463.93153742926
90993.34859990585
93852.27637407159
93861.15447315913
99022.75214666159
99169.95333553258
99184.09372607926
99188.13383766402
99197.9251126577
99205.81163184714
99206.60028376609
99206.60028376609
99209.75489144186
99210.5435433608
99213.69815103659
99221.58467022603
99221.58467022603
99222.37332214497
99223.95062598286
99225.52792982075
99226.3165817397
99228.68253749653
99236.56905668597
99236.56905668597
99237.3577086049
99238.14636052385
99276.1123406218
99276.79030455211
99783.34004849005
99794.37195135621
99795.37736725288
99899.2857165734
100209.20286072082
100212.70798036056
100270.7269343975
100271.85687428137
100350.46840620185
100357.38640549083
100395.08027761675
100396.18254550347
101125.70863052439
101161.98661879583
101199.7496709146
101199.7496709146
101793.65529787431
102007.78121186692
102008.55602778729
104065.11579641864
104915.01968106741
104927.92405574114
104932.07485531452
104934.15025510122
104939.33875456796
104945.56495392804
104947.64035371474
104952.82885318148
104956.97965275488
106455.38601475199
106500.73119409152
106501.90725397065
106501.90725397065
106503.08331384978
106505.43543360803
106505.43543360803
106506.61149348716
106508.96361324542
106510.13967312455
106511.31573300366
106512.49179288279
106513.66785276192
106516.01997252018
106516.01997252018
106518.37209227843
106519.54815215756
106520.72421203669
106523.07633179495
106524.25239167406
106525.42845155319
106626.64339315053
106626.64339315053
106630.99712070308
108197.73947967676
108203.59671907478
108259.33273334635
108260.41655323496
108261.50037312358
108261.50037312358
108263.66801290079
108263.66801290079
108264.75183278939
108273.42239189825
108274.50621178687
108274.50621178687
108279.92531122989
108281.00913111851
108282.09295100711
108283.17677089572
108284.26059078432
108285.34441067293
108286.42823056153
108287.51205045015
108287.51205045015
108288.59587033876
108291.84733000457
108291.84733000457
108294.0149697818
108296.18260955901
108296.18260955901
108297.26642944761
108298.35024933622
108299.43406922484
108300.51788911344
108300.51788911344
108302.68552889065
108303.76934877926
108305.30053262188
108306.83171646451
108308.36290030714
108308.36290030714
108312.95645183502
108314.48763567765
108316.01881952028
108317.5500033629
108319.08118720553
108320.61237104816
108320.61237104816
108322.14355489079
108325.20592257606
108326.73710641869
108328.26829026132
108331.33065794657
108331.33065794657
108332.8618417892
108334.39302563183
108335.92420947445
108337.45539331708
108338.98657715971
108340.51776100234
108342.04894484497
108343.5801286876
108345.11131253022
108346.64249637285
108346.64249637285
108348.17368021548
108349.7048640581
108349.7048640581
108352.76723174336
108352.76723174336
108363.48551864176
108365.01670248438
108365.01670248438
108366.54788632701
108369.61025401228
108369.61025401228
108371.14143785491
108372.67262169754
108375.73498938279
108377.26617322542
108380.32854091068
108381.8597247533
108381.8597247533
108383.39090859593
108384.92209243856
108386.45327628119
108387.98446012381
108387.98446012381
108389.51564396644
108391.04682780907
110509.86397804176
110546.54321027195
110585.43620227462
110587.57617005467
110668.65512172156
110694.19176309695
110722.44026019365
110722.44026019365
111415.30094898296
111423.07216818424
111474.36221491278
111474.36221491278
111735.70578005246
111780.93104740432
111831.30330622717
111831.30330622717
111837.16054562517
112021.49755467943
112036.33435715453
112052.45790749737
112052.45790749737
112470.65096451643
112511.44871232333
112654.84500158536
113647.89612752179
113667.37721351956
113765.39142744588
113859.39320178458
114002.95552302957
114004.86950283285
114445.67980552735
114504.4966354823
114509.12708300639
114549.47746685926
114549.47746685926
114586.08751909656
114598.29086984233
114615.91793203066
114615.91793203066
115001.3150604204
115158.91630822248
115162.38453186603
115202.44435974878
115203.32063965872
115737.77759272841
115774.0648049989
115852.41345294639
115852.41345294639
117115.97218708064
117138.96761671721
117186.11147587188
117188.085411669
117734.73187948589
117747.09665021507
117764.60380041572
117808.49158790502
117808.49158790502
118361.96381502038
118378.31335334001
118408.42048624565
118409.36133414897
142082.49201707722
144017.7654221741
144036.4716922515
144144.8629051113
144191.99754026692
144225.8219447905
144232.94287205866
144328.15299027317
144328.15299027317
148550.8351882753
148572.79753001806
148588.50600040358
148628.38134830527
148632.0063799327
148825.7795400171
148839.693942587
148884.88231394265
148884.88231394265
149335.40087563937
149348.6649862761
149375.88039547895
149377.17636734576
155763.12616701203
155770.06261429912
155787.45907651115
155788.49216440498
155945.53997226394
155961.31301064283
155962.62743050774
155963.94185037265
155973.142789427
155975.7716291568
156124.1627139055
156146.5078516089
156200.33449807673
156201.56128995065
174642.27704665487
179184.41400382412
180797.21640206387
180798.45241793685
180800.3064417463
180805.25050523816
180806.4865211111
180807.72253698407
180808.33593292104
180809.56272479493
180811.40291260582
180813.24310041667
180814.4698922906
180815.08328822756
180816.9234760384
180818.7636638493
180819.9904557232
180821.83064353408
180823.057435408
180824.2842272819
180826.12441509278
180829.80479071452
180831.64497852538
180839.00572976886
185816.22488622132
185828.944780914
185980.61038532614
185981.83256520054
186073.33002379665
186080.0819911027
186268.23773576444
186273.21869525252
186297.16880879097
186297.87444471844
187652.35413750802
187657.70405695817
187738.91214461182
187740.08359249143
188427.92642579644
188980.07039704832
189079.11308686892
189079.11308686892
189083.4022464281
189084.11710635462
189085.5468262077
189086.2616861342
189089.12112584032
189089.83598576684
189091.2657056199
189091.98056554643
189092.69542547295
189094.84000525254
189094.84000525254
189096.2697251056
189099.12916481172
189103.4183243709
189104.13318429742
189106.277764077
189107.0387439988
189108.56070384238
189109.32168376417
189337.13601234992
190635.28474292907
190666.30043974135
190727.3402534678
190728.4425213545
191445.98201960739
193281.31800697563
197420.78589753032
197433.37665623627
197497.50650964517
197499.15760547548
197697.6719010726
197718.8271428983
197772.67684936375
197772.67684936375
198615.26149076477
198623.15723395327
198656.71414250438
198657.43822642995
198852.45662638638
201041.38078141364
203993.0650900461
204004.90870482885
204064.07604674774
204064.07604674774
207858.17896479828
209035.7884757662
209039.93927533957
210836.72355867008
211988.08618033558
212006.04530648977
220121.8131563692
220131.98261532403
220605.625742644
220607.26761447528
221433.94085751162
221449.6954478924
221533.38479129103
221534.8560191398
231586.66747803695
231595.24579715528
231595.24579715528
231596.67551700835
231598.1052368614
231599.53495671446
231602.39439642057
231603.82411627364
231605.25383612668
231606.68355597975
231608.1132758328
231609.54299568586
231610.97271553893
231612.40243539197
231613.83215524504
231615.26187509808
231616.69159495115
231618.1213148042
231618.1213148042
231619.55103465726
231620.9807545103
231628.12935377558
235857.93247904582
235867.35479407743
235986.05843787733
235986.05843787733
236076.63349656825
237575.1920545497
237591.42168088164
237611.17026285193
241629.49937385702
241675.98832907897
241735.39549497323
241814.83257480885
241828.77926137546
241872.06287692685
241880.51206005848
241958.2611480676
241959.30807196
242051.34513450065
242098.75648962782
242154.45560790316
242160.52499927935
242177.12819757292
242184.35981282967
242187.45907651115
242192.62451598025
242195.72377966173
250657.04569402587
250659.23178180118
250786.5783127128
250786.5783127128
262365.23372268426
262376.0995935675
262377.8152573912
262401.742310932
272720.4547943977
272957.9128139923
272979.32171579194
272980.29484769196
273525.47008766
273551.52327298233
273602.0984597843
273603.0715916843
273719.9119876757
273728.84081875806
273741.11796149623
273797.4765957038
273798.5281315957
273964.8506705015
274546.3592427353
274757.75024100905
274769.6722597837
274869.4989895237
274911.61115719547
274955.5865726758
274955.5865726758
274978.0931303626
274979.21845824696
274993.8477207434
274998.3490322808
278371.96211754833
278383.7457763372
278416.86454493337
278416.86454493337
279177.54929875187
279181.3495863613
279183.249730166
279190.85030538484
279192.75044918957
279194.65059299424
279196.55073679896
279197.5008087013
279199.40095250605
279202.2511682131
279203.20124011545
279205.1013839202
279206.0514558225
279207.9515996272
279208.9016715296
279210.8018153343
279211.7518872366
279213.65203104133
279216.8066387171
279217.9089066038
279219.01117449056
279371.36857883155
279688.84479020204
279857.5701808609
280712.6487289778
283747.7733330344
283767.00537105784
283774.69818626717
283781.1088656083
283792.6480884223
283806.75158297276
283815.72653405037
286315.83152109507
286378.1719186879
288148.50638473686
288372.1883617473
288400.70435481647
288446.8566340731
288447.732913983
297016.45446130884
297022.93432064285
312808.1437662741
317976.4841830836
319362.14560466836
320313.4950308908
320697.2272274517
320721.6477649418
320766.26424835616
320769.1974800547
330463.1685077299
334741.9833519628
334748.50933129207
334792.8859907311
334794.191186597
346760.13925676345
359919.26694829756
359924.22945978754
359927.951343405
359987.50148128456
360833.5543463291
360860.7190235372
360905.5430469303
360906.9035867905
363237.58215924853
372774.0487911116
374045.19887646567
375240.9981135641
375252.8140563497
375354.59166188916
375354.59166188916
377169.2151593862
377644.28339455975
377669.520255966
377919.4398982798
377926.31638957304
377970.5362410282
378337.9465712666
378380.4645948967
378390.58793385624
378392.61260164814
378404.6222484138
378434.5771853351
378563.53791608085
378564.9814719325
378573.6428070423
378575.0863628939
378602.6061640655
380325.6445749754
380342.02639729175
384946.5360360505
387425.22750929603
392676.081209625
392857.4803749812
393017.92261449125
393395.77451165655
393656.8136848275
393687.4558096782
393706.01449577074
393706.01449577074
393717.08329463314
393717.08329463314
393718.0056945383
393720.7728942539
393721.6952941591
393722.61769406433
393723.5400939695
394222.6875786682
394299.54655076884
394301.0177786176
394561.595751836
394824.9132527728
394972.3773256168
395135.83581281686
395527.75430853636
395570.6459041281
395576.1803035593
395652.725659692
395668.8077020392
395670.26970588893
395835.1948089383
395865.83693378896
395875.03787284327
395875.03787284327
395901.3262701414
395902.6406900063
395906.58394960104
395909.21278933086
395978.75713018334
395984.05631763866
395987.5891092756
395992.88829673093
396005.25306746014
396019.38423400774
396045.9216792803
396051.34539072285
396054.96119835123
396069.42442886473
396073.0402364931
396080.27185174986
396136.3168699897
396709.04419512604
396938.0760915866
396991.916574053
397015.3824276413
397042.9806328048
397048.15529627295
397169.75527577515
397614.25979009
398539.90654295404
398636.25121305196
398979.2133338031
398979.2133338031
398989.70563272474
398996.00101207773
398998.099471862
399000.19793164637
399002.29639143066
399004.394851215
399006.49331099936
399019.0840697053
399021.1825294896
399025.37944905827
399029.5763686269
399035.8717479799
399037.9702077642
399044.2655871172
399046.3640469015
399050.8561344398
399055.64338994777
399058.0370177018
399062.8242732097
399065.21790096373
399072.3987842257
399074.7924119797
399127.4522225674
399250.9800178715
399267.0436122205
399268.82845603704
399283.1072065695
399809.7422084431
399901.5348350089
399943.12584673427
399975.4744114096
400227.8384134722
400276.37970848323
400276.37970848323
400383.08292951644
400403.3757274308
400578.93610138714
400595.7883476551
400595.7883476551
400597.6792674607
400597.6792674607
400607.133866489
400616.58846551727
400648.7341022134
400648.7341022134
400763.65590640204
401013.14663275995
401079.8084739086
401085.86864128575
401085.86864128575
401172.1407044189
401406.6101483206
401408.6255921135
401408.6255921135
401410.64103590633
401414.67192349205
401416.6873672849
401418.70281107776
401420.7182548706
401420.7182548706
401422.7336986635
401424.74914245633
401430.7954738349
401432.81091762776
401434.8263614206
401436.8418052135
401438.85724900634
401440.8726927992
401442.88813659205
401442.88813659205
401444.9035803849
401641.65148016356
401732.38334683835
401732.38334683835
401759.58030804317
401760.7794279199
401765.57590742694
401769.1732670572
401770.37238693394
401770.37238693394
401772.7706266875
401773.9697465642
401776.3679863178
401777.5671061945
401778.7662260713
401779.965345948
401781.1644658248
401782.36358570156
401788.35918508534
401789.55830496206
401790.75742483884
401791.9565447156
401793.15566459234
401794.3547844691
401796.7530242226
401797.9521440994
402692.2004041905
402757.7369174548
402759.55404526804
402761.3711730813
402763.1883008945
402765.00542870775
402768.6396843342
402770.45681214746
402772.2739399607
402774.09106777393
402775.9081955872
402777.72532340046
402779.5424512137
402781.35957902693
402783.17670684017
402794.0794737196
402795.8966015328
402799.5308571593
402801.3479849725
402801.3479849725
403374.1952220966
403569.73477799946
403919.2136540808
404351.0259457001
405452.9709924446
405467.9553789046
405563.7419970599
406052.12046286545
406053.5363467199
406056.3681144289
406059.1998821378
406074.77460453706
406076.19048839156
406079.0222561005
406080.438139955
406081.8540238094
406084.66734352027
406087.4806632311
406088.88732308656
406090.293982942
406278.0669316432
406769.43397314154
406770.88675299217
407089.0870482883
407106.9954424477
407452.39731094806
407729.666110451
407739.54501343565
407742.36755714554
407756.48027569504
407760.7140912599
407764.33912288735
407766.75581063895
407769.1724983906
407771.5891861422
407776.42256164545
407781.2559371487
407783.6726249003
407784.8809687761
407787.2976565277
407789.7143442794
407823.547972802
407824.7563166778
407827.17300442944
407828.38134830527
407829.58969218103
407832.0063799327
408319.65153781365
408320.6385057122
408912.93915683683
408934.11745866016
408934.11745866016
409903.9840629794
409903.9840629794
409927.60672455153
411480.22252897714
411595.8407450941
411616.64547495585
411650.2531155017
411653.45384317276
411805.39155555697
411822.4098338079
411863.77024555695
411864.93708143703
412065.7389287991
412080.26672730595
412189.61723606713
412191.32367589173
412234.00311950524
412239.3161429592
412265.20790829806
412266.1994881962
412290.9889856484
412304.87110422156
412310.8205836101
412328.69669377286
412329.69288567046
412358.5824507013
412365.55579398456
412391.12471935665
412392.08401525806
412411.2699332862
412430.4558513143
412465.11963975156
412466.5124636084
412595.43629835796
412601.50107773463
412611.2047247373
412651.23226862337
412651.23226862337
412773.5517200516
412784.75887889974
412846.4259245618
412847.3898324627
412973.3204795199
412993.31349746505
413007.693711987
413059.2374186895
413059.2374186895
413242.1308718921
413253.49483872415
413276.2227723882
413298.9507060523
413307.12316921237
413450.3073064962
413452.25357029616
413643.33793465694
413656.5651492975
413744.8757162211
413746.2408680808
413810.0893895186
417638.6485560278
417716.1485960625
417757.08470385516
417757.08470385516
419812.6436685894
419842.0866735633
419845.1859372448
419852.9340964484
419857.58299197064
419860.6822556521
419871.5296785372
419874.62894221867
419879.2224937466
419885.1996451323
419886.69393297867
419903.13109928934
420800.040483107
422249.12612217315
422391.2725595637
422457.782204728
422459.02283260046
422471.42911132536
422513.85950696445
424122.9584695848
424150.0539668
424272.4103142245
424556.06673307094
424556.06673307094
424572.18105941475
424588.67356971966
424591.42232143716
424595.5454490134
424598.29420073086
424601.04295244836
424605.1660800246
424607.9148317421
424612.0379593183
424613.41233517707
424617.5354627533
424620.2842144708
424623.0329661883
424625.7817179058
424629.90484548203
424632.6535971995
424636.77672477573
424649.0446435148
424654.9941229033
424664.513289925
424666.8930816804
424669.2728734358
424672.84256106894
424676.412248702
424677.60214457975
424693.0707909899
424695.4505827453
424696.64047862304
424701.40006213385
424703.77985388925
424706.15964564466
424708.53943740006
424709.7293332778
424712.31205301237
424720.66899615346
424723.45464386715
424729.02593929454
424729.02593929454
424731.81158700824
424735.9900585788
424740.1685301493
425563.170621563
426131.1844831838
426136.5805226292
426328.0984149455
426328.0984149455
426337.160994014
426338.97350982775
426344.41105726885
426348.03608889633
426349.84860471
426351.66112052376
426355.2861521512
426355.2861521512
426358.9111837786
426360.7236995923
426364.3487312197
426364.3487312197
426367.97376284713
426373.4113102883
426375.22382610204
426377.0363419157
426382.4738893569
426384.28640517057
426393.34898423916
428164.9379141591
429504.08270852483
429523.3424185454
429526.9536141742
429577.59336896957
429577.59336896957
433984.271288061
435273.4727395597
435532.05371698336
437925.88901095034
437957.9101236592
437983.0870290716
437983.0870290716
439009.4552395838
439034.66442899284
439034.66442899284
439669.9627516983
440353.488753447
440353.488753447
441044.20025045716
441088.2217859328
441088.2217859328
441090.6200256863
441091.21958562464
441092.4187055014
441093.0182654398
441093.61782537814
441094.8169452549
441095.4165051933
441096.0160651317
441097.2151850084
441099.01386482356
441100.21298470034
441100.8125446387
441101.41210457706
441102.61122445384
441103.2107843922
441104.29460428085
441104.29460428085
441105.2631241813
441106.23164408177
441107.2001639822
444202.5897658449
444741.9169904141
444770.6266874634
444770.6266874634
444792.40454922506
444847.6378555483
444852.38360306056
444871.3665931095
444872.04455703986
445078.8650637833
445094.55508617073
445188.1971245464
445188.1971245464
445319.5653190447
445340.743620868
445370.6386017955
445371.38574571867
445488.1615737167
445495.6330129488
445538.09569258464
445538.8013285121
445633.89614673844
445675.13664649986
445722.4419256379
445722.4419256379
445754.02028639236
445763.7516053922
445837.24381783884
445837.24381783884
445842.5014972984
446055.8710433688
446071.27973378514
446137.95541093237
446139.0669028181
446647.3830425745
446817.8563810537
446981.08426827745
446981.08426827745
447023.77754788956
447028.4126074132
447048.5578213427
447085.58756553684
447086.78207341407
447118.7109461325
447126.62052531954
447137.91992415825
447170.6881807904
447171.81812067423
447193.5775344378
447233.5543463291
447346.3592427353
447347.71978259546
447523.0680045736
448442.4239900842
449157.24702061625
449274.50710856455
449274.50710856455
449611.9532778826
449627.48649228615
449629.3220680975
449981.5865918925
450097.3616159934
450097.3616159934
450114.4075662414
450124.4940092048
450128.25278881844
450133.51508027763
451203.00087435823
451263.3073801601
451264.27590006054
451265.24441996095
451266.2129398614
451267.18145976186
451268.1499796623
451269.1184995628
451270.08701946324
451271.0555393637
451272.02405926416
451272.9925791646
451274.92961896554
451275.898138866
451276.86665876646
451277.8351786669
451278.8036985674
451279.77221846784
451281.70925826876
451282.6777781692
451283.43414609146
451284.19051401375
451284.946881936
452662.62493234134
453478.8888924475
453478.8888924475
453498.5821304235
453516.86870854406
453532.34196695377
453653.70673448016
454520.4121334021
454552.87138606596
454555.6939297759
454557.10520163085
454560.01076133223
454562.9163210336
454565.821880735
454568.72744043637
454571.6330001377
454573.0857799884
454575.99133968976
454578.89689939114
454581.8024590925
454583.2552389432
454586.1607986446
454589.06635834597
454590.51913819666
454593.42469789804
454594.8774777487
454596.3302575994
454605.0469367035
454687.27427625237
454687.27427625237
454694.24761953566
455474.1275153814
455542.3251523721
455543.6119002399
455564.27365811635
455944.3208670559
455965.3331368963
456137.6512751858
456138.7627670716
456347.6863455989
456352.5935130946
456393.0776449337
456394.3044368076
456504.1714895157
456517.9014121046
456528.4628910191
456568.28750692605
456570.8517786625
456664.8535530012
456671.1489323542
456671.1489323542
456672.40800822474
456718.97075543914
456720.62185126945
456853.38286962453
456874.59345544456
456888.0558820609
456914.98073529365
456916.90393909597
457071.2537272323
457089.2774213798
457089.2774213798
457098.72279640904
457125.87824961805
457128.23959337536
457273.0379304933
457282.206585551
457318.2216898494
457319.2501657437
457441.84633714356
457458.72164340917
457488.03551239637
457489.08243628877
457549.6610500626
457586.5293742734
457611.21279573644
457649.91208375903
457650.7606916718
457741.9675942978
457750.8918133805
457798.4830364892
457799.4700043878
457935.75920238026
457944.9463054361
458017.7651659519
458018.87204583816
458568.1611893834
458589.5793151821
458637.7700982292
458639.5549420457
459133.1541913147
459441.904499582
459452.83493845863
460184.7315912359
460703.9412738727
460877.62917602144
460877.62917602144
461002.0332512355
461019.2267854684
461067.1500725429
461068.04941245046
461435.3259947026
461445.84135362186
461518.28203017655
461519.54571804666
461570.1024568506
462218.0238222587
462239.5710840441
462323.69395539816
462325.1098392526
463218.2327714594
463225.6350306986
463227.11548254645
463230.0763862421
463231.55683808995
463233.0372899378
463234.5177417857
463235.9981936335
463237.47864548134
463238.9590973292
463240.439549177
463240.439549177
463243.40045287274
463244.8809047206
463244.8809047206
463246.3613565684
463249.3222602641
463249.3222602641
463250.8027121119
463250.8027121119
463252.28316395974
463327.66629621206
463341.7974627597
463364.6038004157
463366.2917922422
463420.3075306906
463544.0013579776
463546.8607976837
463775.5145101832
463794.88029619283
463796.065580071
463797.2508639492
463797.2508639492
463799.62143170554
463800.8067155837
463801.9919994619
463803.1772833401
463804.36256721825
463807.9184188528
463809.103702731
463811.4742704874
463856.72259783687
463857.6634457402
463991.4852239862
464005.59794253577
464042.1803227759
464043.23185866786
464068.46872007404
464078.9840789933
464112.20892357855
464113.24201147235
464138.0361209241
464159.11757075734
464203.780174167
464205.0208020395
464338.1046603615
464350.8752870489
464367.75059331453
464440.68475381855
464441.78240970575
465301.25619337085
465682.68700216827
466247.71690009575
466468.37801741675
466469.7523932755
466577.0920702433
466592.81898862694
466673.7688043071
466675.1339561668
466955.40516736114
466957.8956471052
466960.3861268492
466969.10280595336
466970.3480458254
466972.8385255694
466976.5742451854
466979.06472492946
466990.35489976907
467007.70524198585
467009.2825458237
467014.0144573374
467018.74636885105
467020.323672689
467023.47828036477
467031.36479955417
467042.4059264194
467051.86974944675
467058.1789647983
467084.6241700803
467084.6241700803
467087.594297775
467095.0196170118
467099.47480855393
467105.4150639434
467106.9001277908
467111.3553193329
467111.3553193329
467121.7507662645
467127.69102165394
467132.14621319604
467133.63127704343
467138.08646858553
467139.5715324329
467142.54166012764
467146.99685166974
467148.4819155171
467151.45204321184
467155.90723475395
467174.06006488827
467178.7643044048
467186.60470359895
467191.30894311547
467196.013182632
467202.2855019873
467205.421661665
467208.55782134266
467210.1259011815
467219.5343802145
467258.73637618544
467270.56615496957
467272.30487879086
467279.25977407605
467279.25977407605
467286.21466936124
467289.69211700384
467296.64701228903
467300.1244599316
467312.2955266807
467326.2053172511
467329.6827648937
467334.8989363576
467336.6376601789
467343.59255546407
467348.80872692796
467352.28617457056
467355.76362221316
467359.24106985575
467362.71851749835
467383.2603633871
467388.3796828609
467391.7925625102
467398.61832180864
467405.4440811071
467410.56340058096
467415.6827200548
467425.9213590025
467639.58607304253
467648.2474081524
467666.8291542425
467792.03571737406
467813.0387632154
467861.95363018813
468058.3694660009
470034.13161493646
470043.2034180041
471760.4307095113
476581.9579859654
476628.8159011495
477929.70415944705
477975.4044627501
478010.0590271884
478016.72336650343
478706.94137956435
478857.96130404284
479607.9185469639
480301.6739636613
481467.2922758616
481475.24797504395
481502.2973522639
481502.2973522639
481581.9373600786
481598.2084944063
481828.1904627693
481894.9353199094
481896.17133578233
482052.725659692
482079.04172898736
482146.1693820881
482147.73284992744
482645.6996627475
484151.21311601426
484181.0296929497
484181.0296929497
484200.26173097314
484202.18493477546
484227.18658420583
484242.57221462455
484499.5897242088
484510.1050831281
484512.20815491193
484522.7235138312
488733.45602106146
488967.48732500826
488967.48732500826
495899.36412056535
498324.6855352962
501737.0993725759
501747.683911488
501859.56179598946
501859.56179598946
504030.76203683834
506190.94882281916
506197.14735018206
506198.6969820228
506201.7962457043
506203.345877545
506204.89550938574
506207.9947730672
506209.5444049079
506209.5444049079
506212.6436685894
506214.19330043014
506215.74293227086
506217.2925641116
506218.8421959523
506220.39182779304
506221.94145963376
506223.49109147454
506225.04072331527
506228.1399869967
506229.68961883744
506229.68961883744
506232.7888825189
506235.8881462004
506237.4377780411
506238.98740988184
506240.53704172256
506242.0866735633
506243.636305404
506246.7355690855
506248.28520092624
506249.83483276697
506251.3844646077
506252.9340964484
506256.0333601299
506257.58299197064
506263.78151933354
506265.33115117426
506268.4304148558
506274.62894221867
506279.2224937466
506280.716781593
506282.2110694394
506283.70535728586
506288.1882208251
506291.176796518
506294.1653722108
506295.6596600572
506297.15394790366
506300.14252359647
506301.6368114429
506303.13109928934
506306.11967498215
506307.6139628286
506309.108250675
506312.09682636784
506313.5911142143
506315.0854020607
506318.0739777535
506321.0625534464
506322.55684129277
506327.0397048321
506331.5225683713
506333.01685621776
506336.00543191057
506340.4882954498
506341.98258329625
506344.97115898906
506347.95973468194
506350.94831037475
506352.4425982212
506358.41974960687
506359.9140374533
506362.9026131461
506364.39690099255
506367.38547668536
506368.7967485403
506371.6192922502
506373.0305641052
506375.8531078151
506377.26437967
506380.0869233799
506382.90946708986
506385.73201079975
506394.1996419295
506398.4334574943
506402.6672730592
506404.07854491414
506405.4898167691
506408.312360479
506409.7236323339
506412.54617604386
506413.9574478988
506415.36871975375
506418.19126346364
506421.0138071736
506421.0138071736
506423.8363508835
506437.949069433
506439.3603412879
506443.5941568528
506446.4167005627
506447.82797241764
506450.6505161276
506452.06178798253
506453.565299828
511225.462849383
511229.5029609678
511308.91236880625
511308.91236880625
513025.29105240066
513207.5803336653
513207.5803336653
514248.8406906469
514537.9300449349
515212.10291164496
515212.10291164496
518402.20453577343
518474.76973631536
518474.76973631536
527366.5018944428
527369.6380541206
527379.6737650891
527380.3009970246
527380.9282289601
527381.5554608958
527381.5554608958
527382.8099247668
527382.8099247668
527392.5689157638
527393.3990756784
527395.0593955078
527400.0403549959
527400.8705149106
527403.3609946546
527405.021314484
529813.4812589478
529825.4770697149
530100.1124174885
530105.1579449698
530177.1558695701
531295.0584346745
531401.6878637155
531423.4933974743
531424.401961381
531556.1667878384
531559.8333274616
531569.6107664567
531575.7216658286
531682.6139788425
531683.4579747557
531793.3665354595
531809.4531898062
531845.6481620861
531845.6481620861
531931.7449692372
531935.2731488746
532032.6831908631
532033.8961467384
532135.7844402666
532149.1546268924
532272.9868141653
532272.9868141653
532444.6823325187
532457.0563272471
532536.8439190466
532537.9554109323
532682.5877160673
532734.1544827675
532749.0420172374
532775.0952025597
532776.3358304321
532830.3192848839
532840.0506038837
532845.8893952835
532847.7987630873
532851.6174986948
532852.5721825967
532855.4362343024
532871.6658606343
532881.2126996531
532913.215364364
532914.3314682492
533017.4557776503
533034.515563897
533092.4192179458
533093.7059658136
533230.3917957653
533253.4241213981
533313.3432192397
533314.4132031298
537447.9223902968
537472.5458557662
537504.6084764707
537504.6084764707
538005.3517130055
538010.1020725173
538037.0638217462
538037.0638217462
538038.7149175765
538039.5404654917
538040.3660134068
538042.0171092371
538042.8426571522
538044.4937529826
538046.1448488128
538046.970396728
538047.7959446432
538049.4470404735
538050.2725883886
538051.0981363038
538052.7492321341
538053.5747800493
538053.5747800493
538055.2258758795
538056.0514237947
538056.8769717099
538057.702519625
538059.3536154553
539808.6988716616
539932.3419669537
545531.710635463
545587.7925496992
545587.7925496992
545745.716637468
546356.0455947397
546363.8767699349
546407.7830054223
546408.9313933044
547181.4597619055
547191.9290008296
547245.7325872997
547245.7325872997
547860.2999721358
547883.9595297042
547891.744584904
547891.744584904
547894.2719606443
547898.0630242546
547900.5903999949
547904.3814636053
547908.1725272157
549219.668384423
560722.1335622251
565097.3945405455
566611.2787729519
571207.5790525543
571823.2809892739
572287.7646855353
572703.0752428506
572846.4530841146
574644.9576432683
574660.2787056937
574855.3570616439
574917.3423352732
574933.5073936118
575849.2014514987
575864.2919139477
575920.8811481316
575922.7674559377
576003.7357196161
576016.2065663342
576093.7850103609
576095.8281261509
576106.043705101
576118.3023998411
580356.6884562292
580368.0616470603
580369.3253349304
580376.9074621511
580380.6985257615
580443.3663753207
588235.6162944506
588415.6872039433
588440.1354134305
588456.8631357113
588474.8776058598
588493.9343879011
588508.5267544014
588549.1769182234
588632.49730166
588862.9773659718
590431.6383167482
590441.2773957576
590450.0401948569
590508.7555608223
590533.9232422357
590622.100061173
590797.2776391687
593391.6657325233
596710.3683514344
596778.1647444664
596907.7849911443
596907.7849911443
598422.0289595138
598447.0167729455
598678.5114771529
598678.5114771529
599329.8503342097
600419.4951782186
600422.2900499313
600486.9871792819
600486.9871792819
600993.6337752098
615221.4586089056
615738.7404757406
616069.8774297071
616088.0164238428
616090.3823795996
616091.9596834375
616101.5803144487
616103.5588622454
617174.4190321848
618757.3864054908
618778.1404033578
618779.2934032392
618781.5994030022
619645.7128581905
620072.3366503433
620085.0104250406
620155.8830217564
620155.8830217564
620273.1661697024
620341.4929426799
620379.4266387811
620379.4266387811
620534.9663227951
620553.3359169072
620581.4691140157
620582.5944419
620763.2741353301
620905.5635447059
620935.5415416248
620991.9693558253
620992.9609357234
621344.2200436218
621355.436426469
621379.7601119691
621380.6917358732
622085.1977234657
624256.1581403393
624275.0027704025
624337.813591947
624338.6437518616
630517.5655048058
630772.3830906162
630805.5894872033
630987.3483885225
631141.8595966423
631559.1533137538
632581.3430526953
632596.7517431116
632659.6132966508
632660.720176537
632775.6235327276
633412.5222192685
633434.4107690188
633480.5030922816
633481.5684641721
633824.5997649161
633850.9619542067
633903.1559528423
633904.0599047494
634878.9628125511
634911.5880971979
634995.1298566117
634997.8232643348
635118.0304199802
635957.0315377495
635964.5398729778
636009.3500603724
636012.310964068
636188.2356859869
636925.6390661983
636941.1353846055
636951.6738035225
636981.4488724623
637011.223941402
637012.4645692746
637014.9458250195
637018.667708637
637019.9083365095
637022.3895922544
637024.8708479994
637028.3713556395
637043.5402220805
637058.7090885215
637061.0427602817
637064.5432679219
637068.0437755621
637071.5442832024
637076.2116267227
637084.3794778832
637126.316389573
639080.9325206819
643394.4388253493
643436.6017250159
643531.2353432897
643562.5462080716
643595.8263966512
643618.2960583417
643711.2555207877
643712.3624006739
651922.8099888223
651942.0512508447
653675.9970406336
653687.951343405
653841.5678236167
653841.5678236167
659124.6409526342
659163.1511486762
659180.2063229233
659316.7491808897
659399.1517764204
659399.1517764204
659410.6264312412
659412.0607630936
659413.4950949462
659414.9294267988
659416.3637586514
659417.798090504
659420.6667542092
659422.1010860618
659423.5354179144
659424.969749767
659427.838413472
659429.2727453246
659430.7070771772
659432.1414090298
659432.1414090298
659435.010072735
659436.4444045876
659437.8787364402
659439.3130682928
659442.1817319979
659443.6160638506
659449.7592472192
659451.8069750087
659453.8547027983
659455.9024305878
659457.9501583774
659457.9501583774
659459.9978861669
659462.0456139564
659464.093341746
659466.1410695355
659468.188797325
659468.188797325
659470.2365251146
659472.2842529041
659474.3319806936
659478.4274362727
659478.4274362727
659480.4751640623
659482.5228918518
659484.5706196413
659486.618347431
659498.9047141682
659500.9524419577
659505.0478975368
659505.0478975368
659507.0956253263
659509.1433531159
659513.2388086949
659513.2388086949
659515.2865364845
659521.4297198531
659523.4774476426
659525.5251754321
659529.6206310112
659531.6683588008
659533.7160865903
659537.8115421694
659539.8592699589
659543.954725538
659546.0024533275
659548.050181117
660065.4058399445
660065.4058399445
662219.4309945585
662495.8281261509
662497.871241941
662654.305653863
665137.5168866442
667538.7959478459
668058.858850395
668097.8117983916
668134.1174586602
668135.6301945046
668537.5290571984
668725.2466619052
668815.5680606222
668816.95166048
668944.4365513774
668967.598012997
669015.7472880482
669015.7472880482
669339.1822028062
671104.6095013596
671119.8982797883
671207.6646307679
671209.2603826039
671247.982730624
673773.8134510247
673778.3562705579
673829.6509292859
673834.0092688379
673835.7526046587
673838.3676083899
673839.2392763004
673840.9826121213
673841.8542800316
673842.725947942
673844.4692837629
673845.3409516732
673846.2126195837
673847.9559554046
673849.8837712064
673850.9399190978
673851.9960669893
673853.0522148807
673854.1083627722
673856.220658555
673857.2768064465
673862.5575459038
673863.6136937953
673866.7821374696
673868.8944332525
673871.0067290354
673872.0628769269
673873.1190248183
673874.1751727097
673876.2874684926
673878.3997642755
673880.5120600584
673881.5682079499
673882.6243558413
673883.6805037329
673885.7927995158
673886.8489474072
673887.9050952987
673888.9612431901
673891.073538973
673893.1858347559
673894.2419826473
673896.3542784302
673897.4104263217
673897.4104263217
673899.5227221046
673900.578869996
673901.6350178875
673902.6911657789
673904.8034615618
673904.8034615618
673906.9157573448
673907.9719052362
673909.0280531277
673910.0842010191
673911.1403489106
673913.2434206945
673914.2903445868
673915.3372684793
673916.3841923716
673917.4311162641
673918.4780401564
673921.6188118337
673923.7126596185
673924.7595835108
673925.8065074033
673926.8534312956
673927.9003551881
673929.9942029729
673931.0411268652
673932.0880507577
673933.13497465
673935.2288224348
673936.2757463272
673937.3226702196
673938.369594112
673939.4165180044
673947.7919091436
673948.838833036
673949.8857569284
673951.9796047133
673953.0265286056
673955.1203763904
673956.1673002829
673957.2142241752
673957.2142241752
673959.30807196
673964.542691422
673965.5896153144
673965.5896153144
673967.6834630992
673968.7303869916
673969.777310884
673970.8242347764
673973.9650064536
673976.2248862213
673977.4378420967
673978.650797972
673981.0767097228
674046.5763269908
674047.789282866
674048.9745667443
683707.2533300879
683717.215249064
683721.2000166544
683738.1352789139
685886.672154092
685970.4260654841
685974.152561101
685999.2233905243
686043.7937539434
686057.6066925238
688725.7498822979
688771.3948416066
688771.3948416066
694242.9234952551
694264.4246370452
694264.4246370452
694267.3301967466
694267.911308687
694268.4924206272
694269.0735325675
694270.5585964147
694271.4625483218
694272.366500229
694274.1744040431
698659.6325133155
702625.4770697149
702632.5334289896
702637.306848499
702638.6627763596
702640.6966681506
702642.0525960112
702642.7305599416
702644.7644517325
702645.4424156628
702649.5101992447
702650.8661271054
702652.222054966
702654.255946757
702655.6118746176
702830.7710046152
702856.9902219204
703042.1942868856
703067.64330027
703142.8557885399
703143.9718924252
703496.3378802097
703501.4802596811
703535.4199641929
703535.4199641929
703621.4060833554
703628.2825746487
703662.7295991083
703662.7295991083
703791.2152939029
703805.7707644069
703857.0423631374
703857.79411906
703981.400318356
704413.6553619298
704462.3580769243
705185.0584026467
705561.4482959623
706252.1413449743
708152.6402736454
708156.9986131975
708158.7419490182
708179.6619788681
708180.5336467786
708181.4053146889
708316.3339728212
708363.574683966
708364.4786358731
716665.0031867636
716912.6998453058
716938.0012747054
716938.9928546034
719463.804323109
720584.4325799333
721011.872696002
723668.126150998
723672.5167745468
723713.3975383452
723713.3975383452
728723.2604274427
730643.7569860583
730657.6206566334
730666.8631036835
730677.6459585753
730679.186366417
730680.7267742587
730680.7267742587
730680.7267742587
730682.2671821003
730682.2671821003
730694.5904448337
730696.1308526754
730697.6712605171
730697.6712605171
730699.2116683588
730699.2116683588
730700.7520762004
730703.8328918838
730705.3732997255
730706.8906475696
730708.4079954135
730708.4079954135
730708.4079954135
730712.9600389458
730747.8590393589
730747.8590393589
730749.3763872029
730750.893735047
730750.893735047
730750.893735047
730753.9284307351
730758.4804742673
730761.5151699553
730761.5151699553
730761.5151699553
730761.5151699553
730761.5151699553
730764.5498656434
730766.0672134875
730770.6192570196
730772.1366048637
730772.1366048637
730773.6539527078
730773.6539527078
730778.2059962399
730796.4141703686
730797.9914742064
730799.5687780443
730799.5687780443
730801.1460818823
730802.7233857202
730802.7233857202
730804.300689558
730812.1872087475
730818.496424099
730818.496424099
730820.073727937
730821.6510317748
730821.6510317748
730821.6510317748
730823.2283356127
730823.2283356127
730824.8056394506
730829.5375509643
730831.1148548021
730831.1148548021
730831.1148548021
730832.69215864
730834.2694624779
730834.2694624779
730861.083627722
730861.083627722
730861.083627722
730864.2382353977
730872.1247545872
730872.1247545872
730880.0112737766
730883.1658814524
730883.1658814524
730883.1658814524
730883.1658814524
730884.7431852904
730884.7431852904
730889.475096804
730889.475096804
730895.3000522053
730919.3700777314
730919.3700777314
730919.3700777314
730920.7859615859
730920.7859615859
730920.7859615859
730923.6177292948
730923.6177292948
730923.6177292948
730930.6971485673
730930.6971485673
730932.1130324217
730932.1130324217
730932.1130324217
730934.9448001307
730934.9448001307
730934.9448001307
730944.855987112
730968.9260126381
730968.9260126381
730968.9260126381
730971.7577803471
730973.1736642016
730973.1736642016
730981.0417353929
730981.0417353929
730982.7205032203
730982.7205032203
730982.7205032203
730986.0780388752
730987.7568067027
730987.7568067027
730987.7568067027
730996.15064584
730996.15064584
730997.8294136674
731001.1869493225
731001.1869493225
731001.1869493225
731002.8657171499
731009.5807884597
731041.4773771814
731041.4773771814
731041.4773771814
731043.1561450089
731043.1561450089
731046.5136806638
731049.8712163188
731049.8712163188
731066.6588945934
731066.6588945934
731068.3376624208
731068.3376624208
731068.3376624208
731070.0164302483
731070.0164302483
731070.0164302483
731078.5440173718
731078.5440173718
731089.419112254
731120.2318810872
731123.8569127147
731123.8569127147
731123.8569127147
731125.6694285284
731125.6694285284
731125.6694285284
731129.2944601558
731129.2944601558
731140.1695550381
731140.1695550381
731141.9820708518
731145.6071024792
731145.6071024792
731145.6071024792
731147.419618293
731147.419618293
731147.419618293
731161.9197448026
731202.528400629
731202.528400629
731203.7459685039
731203.7459685039
731207.3986721284
731207.3986721284
731213.4865115028
731222.0094866267
731223.2270545017
731223.2270545017
731223.2270545017
731224.4446223765
731224.4446223765
731226.8797581262
731228.097326001
731240.2730047497
731273.8022413036
731276.8553849899
731278.381956833
731278.381956833
731278.381956833
731279.908528676
731279.908528676
731284.4882442054
731305.8602500088
731305.8602500088
731305.8602500088
731307.386821852
731310.4399655381
731310.4399655381
731311.9665373812
731311.9665373812
731311.9665373812
731324.179112126
731324.179112126
731324.179112126
731325.7056839691
731325.7056839691
731330.2853994984
731334.8651150278
731334.8651150278
731342.4979742432
731380.5423583331
731380.5423583331
731381.9905261843
731384.8868618866
731384.8868618866
731386.3350297378
731389.2313654401
731393.5758689935
731402.2648761005
731402.2648761005
731402.2648761005
731403.7130439517
731403.7130439517
731405.1612118029
731409.5057153563
731409.5057153563
731409.5057153563
731416.7465546121
731465.0618616465
731465.0618616465
731465.0618616465
731465.0618616465
731466.5377014948
731466.5377014948
731466.5377014948
731468.013541343
731481.2960999779
731481.2960999779
731482.7719398262
731482.7719398262
731482.7719398262
731484.2477796746
731488.6752992196
731488.6752992196
731493.1028187645
731497.5303383095
731622.026653514
731622.026653514
731623.4194773708
731623.4194773708
731626.2051250845
731627.5979489414
731630.3835966551
731789.6359402874
731790.9180761557
731792.2002120239
731792.2002120239
731793.4823478921
731793.4823478921
731794.7644837603
731794.7644837603
731819.1250652566
741759.4137636159
741760.7789154755
741764.8743710546
742459.533739659
745731.3230993918
745742.9822341935
745744.4396260437
745764.7278119585
745766.162143811
745770.4651393688
745774.7681349266
745776.2024667792
745780.5054623369
746135.8139058191
759015.2745580968
759052.2535702962
759119.847035349
759121.267531203
759915.0110976239
766036.3243644888
766128.0478110617
766128.0478110617
780795.6083515625
785626.7378110297
785679.0701696512
785679.0701696512
785686.9659128396
785687.9528807382
785688.9398486367
785690.9137844339
785691.9007523324
785692.887720231
785693.8746881295
785695.8486239268
785700.7834634195
785701.7704313181
785703.7443671152
785706.2625188564
785707.1019027701
785708.7806705976
785709.6200545114
785711.2988223388
785712.9775901663
785713.8169740799
785714.6563579937
785718.8532775623
785719.6926614761
785721.3714293035
785723.050197131
785723.8895810447
785725.5683488721
785728.0865006134
785729.7652684408
785731.4440362683
785732.2834201821
785733.9621880095
785736.4803397506
785739.8378754056
785746.5529467154
785747.3923306292
785749.0710984566
785750.7498662841
785752.4286341115
785754.107401939
785756.8377056584
785758.2028575181
785759.5680093778
785760.2505853076
785762.2983130971
785763.6634649568
785765.0286168165
785767.7589205359
785768.4414964658
785769.1240723956
785771.1718001851
785772.5369520448
785774.5846798344
785775.2672557642
785776.6324076239
785778.6801354134
785780.0452872731
785781.4104391328
785782.7755909925
785784.1407428522
785786.1884706417
785787.5536225014
785788.9187743611
785790.2839262208
785790.9665021508
785793.69680587
785795.0619577297
785796.8606375449
785799.5586572676
785802.2566769903
785804.0553568054
785805.8540366206
785807.6527164357
785808.5520563433
785810.3507361584
785813.9480957887
785815.7467756039
785819.3441352341
785822.0421549567
785823.8408347719
785825.639514587
785827.4381944021
785829.2368742173
785830.1362141249
785831.93489394
785831.93489394
785834.6329136627
785835.5322535703
785836.4315934778
785837.3309333854
785840.0289531081
785840.9282930157
785843.6263127384
785846.3243324611
785849.0223521838
785851.5681759221
785853.477543726
785856.6598233988
785857.2962793334
785858.5691912026
785859.8421030717
785860.4785590064
785861.115014941
785863.0243827447
785864.2972946139
786648.2357500424
786654.00074945
786659.1892489167
786662.6482485611
790448.3158194787
790451.7056391303
790464.5869538063
790464.5869538063
801263.1549279535
801274.3713108008
803037.1605456251
803137.4300273197
803138.449279215
803245.6690441951
803266.0356341018
803500.1591780392
803509.346281095
803591.2000486823
803592.3069285685
804829.0238254615
805479.5371346031
810474.5171012302
810496.4840549725
810510.4630255358
810514.4570171252
811557.9126858811
811685.4068007777
811692.6937600287
811743.4810988089
811743.4810988089
811940.118310599
811962.2559083237
811991.77270529
812025.7723657956
812025.7723657956
816277.9805847631
816475.9414404172
816477.0806043
823392.3265295665
823401.020148673
823404.4975963156
823407.9750439582
823409.7137677795
823411.4524916008
823413.1912154221
823416.6686630647
825918.0742339756
825927.4458170125
825975.7380640492
825975.7380640492
826761.8210992573
826767.0926147155
827150.7510192839
827160.2425143084
827168.3780814722
827198.2084944063
827290.4669329242
827290.4669329242
827548.5083064033
827645.4156404433
828008.785859097
828015.8514423708
828022.9170256447
828028.2162131
828033.5154005553
828047.7295830945
828054.9611983512
828060.3849097937
828067.6165250505
830283.8483292711
830570.2396638365
832503.0410371874
833325.4527926617
833327.3206524698
833400.563816942
833402.5792607348
833408.6255921135
833412.6564796992
833426.7645862491
833428.780030042
833432.8109176278
833438.8572490063
833440.8726927992
833446.9190241777
833452.9653555563
833456.996243142
833459.0116869349
833465.0580183135
833468.4247779675
833483.5751964103
833485.2585762374
833488.6253358913
833491.9920955453
846844.1504152401
851324.5004147597
851334.9235336884
851440.9949107866
851442.0787306752
851494.4894932886
851584.9123559952
851585.6963959145
855173.6798311496
855202.5186641857
855337.1613783473
855338.3881702212
856715.0977007261
856820.0760339366
856826.8095532445
856875.2908922618
856912.2745164607
861678.457798603
862779.249845466
862873.4683837824
862874.6259956635
874880.3064417463
874886.6802250912
874888.7279528807
874891.4582566001
874894.8711362493
874905.109775197
874919.4438697238
874920.1264456536
874922.856749373
874938.7404757406
874939.8473556269
877470.7282155085
877485.6710939726
877523.9829740351
877523.9829740351
877656.9423083698
877665.4329994972
877703.0346316325
877704.2475875078
877883.1562731201
877894.4556719587
878000.5916170503
878000.5916170503
878125.7290001889
878131.2864596177
878194.1295651589
878194.1295651589
878218.5916106447
878228.940937581
878273.8802609623
878274.9686928504
878298.9141943894
878304.35635383
878371.3733189421
878371.3733189421
879359.9646413369
879389.2277783294
879451.5820119207
879452.7811317976
884876.944550314
886236.0823626248
886419.1602958085
886489.3641525932
886490.7754244481
887403.3425466565
887415.0754734506
887418.0087051492
887429.7416319433
887434.141479491
887437.0747111896
887440.0079428881
887444.407790436
887447.3410221344
887833.4530104507
888164.036524474
888290.8019434453
888311.140861355
888316.7905607744
888335.9995388001
888541.3626536933
888541.3626536933
888558.0304199803
888560.5946917167
889623.554506468
889640.5773967184
889682.5327564063
889690.3178116062
889691.2909435062
889692.2640754061
889693.2372073061
889694.2103392062
889695.1834711061
889696.1566030061
889697.129734906
889698.1028668061
889700.049130606
889701.022262506
889703.9416582059
889704.9147901059
889708.8073177058
889709.7804496059
889710.7535815059
889712.6998453058
889713.6729772058
889714.6461091058
889715.6192410057
892982.6905252234
893028.8981484743
893028.8981484743
893031.0473402535
893711.9260542742
893735.4656998549
893801.6894010486
893801.6894010486
894007.7350918717
895015.8259482624
895588.5302134011
895715.1941683828
896437.3917861569
896508.3243388666
896876.514097025
896924.5619080866
896970.755695339
896970.755695339
896976.5299187455
897702.71230411
897713.4951590018
897788.7076472718
897788.7076472718
897979.7458916372
897993.9554621767
898028.9328665818
898030.0259104695
898181.8529348652
898197.2016692876
898289.8751877628
898289.8751877628
898840.3173311896
898851.026394089
898881.9636869093
898883.153582787
899436.1599979502
899458.3437156702
899494.7323919303
899494.7323919303
901360.9595521236
901402.9010758129
901431.2464248997
901443.3944316511
901449.4684350268
901459.5917739864
901467.690445154
901473.7644485297
901477.8137841135
901906.706680033
902001.7323182664
902003.0282901332
902422.8447709854
902526.4764003344
902840.7657200324
902840.7657200324
902850.8798349929
907943.9293595406
907952.5307386565
907954.2510144797
907957.6915661261
907962.8523935957
907964.5726694189
907966.292945242
907968.0132210653
907971.4537727117
907973.1740485348
907974.8943243581
907979.7230878618
907981.2773317021
907982.8315755422
907984.3858193825
907989.0485509033
907990.6027947436
907992.1570385838
907993.711282424
907998.3740139449
907999.9282577852
907999.9282577852
908004.5909893059
908012.3622085071
908013.9164523474
908021.6876715487
908024.7961592292
908032.5673784305
908034.1216222708
908035.6758661111
908037.2301099513
908040.3385976318
908043.4470853123
908045.0013291526
908045.0013291526
908051.2183045136
908052.7725483539
908054.3267921942
908055.8810360344
908058.9895237149
908060.5437675552
908062.0980113954
908063.6522552357
908068.3149867564
908069.8692305968
908069.8692305968
908071.4742064319
908076.289133937
908077.894109772
908077.894109772
908079.4990856071
908084.3140131122
908085.9189889473
908087.5239647822
908089.1289406173
908093.9438681225
908095.5488439575
908097.1538197926
908098.7587956276
908105.1786989678
908106.7836748029
908108.3886506378
908109.9936264729
908111.598602308
908118.0185056481
908119.6234814832
908121.2284573183
908126.0433848234
908126.0433848234
908127.6483606584
908129.2533364934
908130.8583123285
908137.2782156686
908138.8831915037
908140.4881673388
908145.3030948439
908146.9080706789
908148.513046514
908148.513046514
908156.5379256892
908156.5379256892
908159.7478773593
908161.3528531943
908162.9578290294
908166.1677806994
908172.5876840396
908174.1926598747
908175.7976357098
908177.4026115447
908182.2175390499
908183.8225148849
908185.42749072
908187.032466555
908190.2424182252
908195.0573457303
908196.6623215653
908198.2672974003
908199.8722732353
908204.6872007404
908206.2921765755
908207.8971524106
908209.5021282457
908214.3170557508
908215.9220315858
908217.5270074209
908219.1319832559
908223.9469107611
908225.551886596
908227.1568624311
908228.7618382662
908233.5767657713
908235.1817416063
908236.7867174414
908238.3916932765
908243.2066207816
908244.8115966166
908246.4165724516
908248.0215482867
908251.2314999568
908252.8364757919
908254.4414516268
908257.651403297
908262.4663308021
908264.0251866418
908265.5840424816
908268.7017541612
908270.260610001
908274.9371775204
908276.4960333601
908278.0548891999
908279.6137450397
908282.7314567192
908284.290312559
908285.8491683989
908287.4080242387
908290.5257359182
908292.084591758
908293.6434475977
908298.3200151171
908298.3200151171
908301.4377267967
908302.9965826365
908307.6731501558
908309.2320059956
908310.7908618354
908313.9085735149
908315.4674293548
908317.0262851946
908323.2617085536
908324.8205643934
908326.3794202332
908331.0559877526
908332.6148435924
908334.1736994322
908335.7325552719
908338.8502669515
908340.4091227913
908341.967978631
908345.0856903107
908346.6445461505
908348.2034019902
908351.3211136698
908355.9976811891
908355.9976811891
908357.224473063
908358.451264937
908360.9048486848
908362.1316405587
908363.3584324325
908368.2655999282
908369.4923918021
908373.1727674239
908375.6263511718
908376.8531430456
908376.8531430456
908380.5335186673
908381.7603105413
908382.9871024152
908385.440686163
908387.8942699109
908390.3478536586
908391.5746455325
908392.8014374065
908396.4818130282
908397.7086049021
908400.16218865
908401.3889805239
908405.0693561456
908405.0693561456
908406.2961480195
908412.4301073891
908413.656899263
908416.1104830109
908419.7908586325
908421.0176505065
908422.2444423804
908425.9248180022
908427.1516098761
908428.37840175
908433.6037972129
908434.936665076
908436.269532939
908438.935268665
908440.268136528
908441.601004391
908449.5982115691
908450.9310794321
908452.2639472951
908453.5968151581
908456.2625508842
908457.5954187472
908464.2597580622
908465.5926259252
908466.9254937882
908469.5912295142
908470.9240973772
908472.2569652402
908473.5898331032
908477.5884366923
908480.2541724184
908481.5870402814
908482.9199081444
908486.9185117334
908488.2513795964
908489.5842474594
908490.9171153224
908493.5828510484
908494.9157189114
908496.2485867745
908497.5814546375
908500.2471903635
908501.5800582265
908508.2443975415
908509.5772654045
908510.8040572784
908512.0308491524
908515.7112247741
908516.9380166479
908518.1648085219
908519.3916003958
908520.6183922697
908524.2987678915
908524.2987678915
908525.5255597654
908526.7523516393
908527.9791435133
908531.6595191349
908532.8863110088
908534.1131028828
908534.1131028828
908537.7934785045
908540.2470622524
908541.4738541263
908548.8346053697
908550.0613972436
908551.2881891176
908552.5149809915
908556.1953566133
908557.4221484872
908557.4221484872
908558.648940361
908562.3293159828
908563.5561078567
908566.0096916045
908567.2364834785
908570.9168591002
908570.9168591002
908573.370442848
908574.5972347219
908578.2776103436
908579.5044022176
908580.7311940915
908589.8952371497
908638.210544184
908638.210544184
908650.2893709425
915204.4295693225
915231.0315825884
915238.6321578072
915240.532301612
915242.4324454167
915244.3325892213
915251.9331644402
915251.9331644402
915253.8333082449
915255.7334520495
915261.4338834637
915263.3340272685
915265.2341710732
915269.0344586825
915270.9346024873
915272.834746292
915272.834746292
915278.535177706
915280.4353215108
915280.4353215108
915282.3354653155
915286.3063969074
915288.3771846945
915484.3779405501
915748.0136694541
915755.7433806596
915757.675808461
915763.4730918652
915765.4055196666
915771.2028030708
915773.1352308722
915777.0000864749
915780.8649420778
915782.7973698791
915784.7297976805
915790.5270810847
915792.4595088861
915794.3919366874
915796.3243644888
915802.121647893
915804.0540756944
915805.9865034958
915809.8513590986
915811.7837869
915821.4459259069
915823.3783537083
915823.3783537083
915831.1080649139
915833.0404927152
915834.9729205166
915836.905348318
915842.7026317222
915844.6350595236
915846.5674873249
915848.4999151264
915854.2971985305
915856.229626332
915858.1620541333
915860.0944819347
915865.4397893853
915867.14622921
915867.14622921
915872.2655486838
915873.9719885084
915873.9719885084
916005.3586310048
916012.4795582729
916014.2597900899
916016.040021907
916021.3807173581
916021.3807173581
916023.1609491751
916024.9411809922
916032.0621082602
916033.8423400773
916035.6225718943
916035.6225718943
916044.5237309794
916072.92903606
916072.92903606
916072.92903606
916072.92903606
916072.92903606
916072.92903606
916072.92903606
916074.6308638852
916217.5705651941
916219.4937689964
916221.4169727988
916221.4169727988
916229.1097880082
916231.0329918105
916232.9561956128
916234.8793994151
916240.6490108222
916242.5722146245
916244.4954184268
916244.4954184268
916252.1882336362
916254.1114374385
916257.9578450432
916265.6506602525
916267.5738640549
916269.4970678572
916273.3434754619
916275.2666792643
916277.1898830666
916286.8059020783
916288.7291058806
916290.6661456815
916292.6031854824
916298.4143048852
916300.3513446861
916302.288384487
916306.1624640889
916308.0995038898
916310.0365436907
916315.8476630934
916319.7217426952
916321.6587824961
916323.595822297
916331.3439815007
916333.2810213016
916335.2180611026
916341.0291805053
916342.9662203062
916344.9032601072
916346.8402999081
916358.4625387136
916358.4625387136
916360.3995785145
916362.3366183154
916370.084777519
916370.084777519
916372.0218173199
916375.8958969217
916381.7070163245
916383.6440561254
916383.6440561254
916385.5810959263
916395.266294931
916395.266294931
916397.2033347319
916399.1403745328
916404.9514939355
916407.0545657194
916409.1576375032
916413.3637810709
916415.4668528548
916529.0327291827
916531.1358009666
916532.4456088321
916537.6848402936
916537.6848402936
916538.9946481589
916540.3044560243
916545.5436874859
916546.8534953513
916549.473111082
916549.473111082
916553.4025346781
916554.7123425435
916556.0221504088
916557.3319582742
916561.2613818704
916562.5711897358
916563.8809976012
916565.1908054665
916566.5006133319
916569.1202290627
916576.979076255
916578.2888841204
916580.9084998511
916582.2183077165
925621.9956506282
928074.1496786013
928076.5663663528
928086.2331173593
928089.8581489868
928093.4831806142
928105.5666193723
928109.1916509997
928110.3999948755
928139.2895599063
928150.8702907162
928152.1570385839
928156.0172821871
928159.8775257904
928468.5402060667
928472.7647976325
928609.7135115572
928613.5045751675
929452.1413449743
929456.9931684757
929507.0610353298
929508.5322631786
929549.7266429447
929558.5540100376
929598.7844819027
929598.7844819027
929625.5709751496
929637.8481178879
929713.466462116
929714.7163139875
929760.3935572929
929772.8874640088
929852.5274718236
929853.5467237188
929874.3745135783
929913.8486175211
929976.6363790679
929978.2367429035
930178.9186782778
930195.9369565287
930426.9981327808
937582.3862613658
939706.959187007
940056.7055590608
940095.5201470716
940244.5615237533
940314.1104766052
940343.2905976062
942278.9883066595
942337.099500687
942338.2617245676
942812.4582918307
942816.0372034628
942862.7844306583
942862.7844306583
944378.144502913
951110.893606936
951137.5279041985
951151.737474738
951210.4805127006
951211.1215806347
958862.0413862902
958903.6462340141
960774.2594057567
960778.2165013499
960779.3602772324
960781.0759410561
960781.0759410561
960783.363492821
960784.5072687034
960785.6510445859
960788.5104842919
960789.0823722332
960790.2261481157
964924.3764032169
964958.9756236608
964960.0917275461
965968.5884398951
966324.4595473194
966324.4595473194
967956.7015235613
968301.9880920735
969600.6902625958
972178.9963136031
972180.1677614828
972188.36789664
980047.7500808701
980549.2911933229
985151.6793122997
985154.6033199992
988337.1966088992
993622.0638057323
996861.5922287808
996886.566206214
996889.8960698718
996893.2259335296
996896.5557971874
996903.2155245029
996911.5401836473
996919.8648427917
996926.5245701072
996931.5193655939
996936.5141610805
996941.5089565672
996944.8388202249
996948.1686838827
996951.4708755433
996966.2062140288
997249.9364248677
999445.0360472602
999458.9089418344
999471.0477245868
999493.5911782698
999495.3252900916
999497.0594019133
999498.7935137352
999519.6489755916
999521.4061474111
999521.4061474111
999523.1633192304
999524.9204910499
999524.9204910499
999524.9204910499
999526.6776628692
999526.6776628692
999533.7063501469
999535.4635219662
999535.4635219662
999535.4635219662
999535.4635219662
999537.2206937857
999537.2206937857
999542.4922092439
999565.3354428961
999565.3354428961
999565.3354428961
999567.0926147155
999568.8497865349
999568.8497865349
999568.8497865349
999570.6069583544
999570.6069583544
999581.1499892707
999581.1499892707
999581.1499892707
999581.1499892707
999588.1786765483
999588.1786765483
999588.1786765483
999596.9645356453
999616.2934256587
999618.0505974782
999618.0505974782
999618.0505974782
999619.8077692975
999619.8077692975
999619.8077692975
999624.9132527729
999626.5874086007
999626.5874086007
999645.0031227081
999680.1603950947
999680.1603950947
999691.8794858902
999705.2727325136
999765.662254307
999765.662254307
999765.662254307
999769.0197899619
999769.0197899619
999769.0197899619
999770.6985577893
999770.6985577893
999770.6985577893
999779.0923969266
999779.0923969266
999782.4499325815
999784.128700409
999784.128700409
999784.128700409
999784.128700409
999785.8074682364
999785.8074682364
999792.5225395462
999792.5225395462
999792.5225395462
999795.8800752013
999795.8800752013
999795.8800752013
999797.5588430287
999797.5588430287
999804.2739143386
999804.2739143386
999804.2739143386
999807.6314499935
999807.6314499935
999807.6314499935
999817.7040569582
999817.7040569582
999817.7040569582
999837.0606189688
999837.0606189688
999848.1985978241
999848.1985978241
999848.1985978241
999848.1985978241
999851.3808774969
999851.3808774969
999852.9720173334
999852.9720173334
999857.7454368428
999859.3365766793
999859.3365766793
999862.5188563522
999862.5188563522
1006864.2121007338
1009527.752514981
1033061.2825842571
1034366.9673220617
1048675.8526594264
1048837.8998747715
1056392.0507063726
1056799.4009525059
1070150.5676923026
1072531.5355075921
1072532.9421674476
1074038.9398806645
1078226.9951862255
1093513.6059751017
1093537.177904679
1095180.0367038297
1095184.381207383
1095380.5387712223
1095398.4978973765
1095430.7357740633
1095456.1940114468
1100428.0770844477
1116199.953239449
1117731.1832020727
1122185.8213042351
1122240.8562945786
1122242.456658414
1129778.094923918
1131284.9919770423
1131289.9268165352
1136140.2468060304
1141252.6159965922
1141283.5117814168
1141284.5771533072
1141286.7078970883
1141288.8386408694
1141289.9040127597
1141290.9693846502
1141292.0347565408
1141293.1001284313
1141294.165500322
1141295.2308722122
1141297.3616159933
1141298.4269878839
1141299.4923597744
1141300.5577316647
1141301.6231035553
1141302.6884754458
1141303.7538473364
1141304.8192192267
1141306.9499630078
1141329.0045447412
1141329.756300664
1141330.5080565868
1154902.7832776585
1157076.4463262542
1166278.6951884674
1166992.042379151
1167000.7590582552
1167015.2868567621
1167045.7952336264
1167181.2773317022
1175822.9607115292
1201313.5512716628
1203609.150975726
1203775.9301025849
1203779.499790218
1204348.2561837626
1204348.2561837626
1208825.70984758
