32376.107536455616
55725.4527926618
67121.19630143259
77479.26758885306
77485.68749219325
100832.2655486838
100841.02373578366
100894.57827427945
100894.57827427945
108551.74733929263
115004.91242005066
115020.86071441154
115046.91851173337
115047.96082362624
115398.8094635668
115404.18244301458
115431.04734025346
115432.12193614301
149527.5782838878
149530.66371157067
149550.20475356228
149553.29018124516
149576.94512681395
149576.94512681395
149583.41115014942
155875.88033142342
155892.308273735
155921.88041469562
155923.19483456053
155944.22555239903
155958.684170913
161326.00930727128
161350.47135275713
161439.70431958593
161439.70431958593
161490.69458634526
175656.09600645682
175673.695396648
175781.43631757458
175781.43631757458
177002.2925480977
177006.34649568106
177010.12833529236
177012.39743905916
177015.04472678708
177017.29538255575
177025.9290456684
177035.28218070712
177041.72975604443
177063.8673537692
177066.19180153028
177066.19180153028
177066.57920949048
177066.57920949048
177066.96661745064
177066.96661745064
177067.35402541084
177068.1288413312
177068.5162492914
177068.5162492914
177068.90365725156
177069.67847317192
177069.67847317192
177070.06588113212
177070.06588113212
177070.06588113212
177070.4532890923
177070.84069705248
177071.22810501268
177071.22810501268
177096.1697984492
177097.29973833307
177098.26825823353
177098.42967821693
177098.42967821693
177098.59109820036
177098.59109820036
177098.75251818376
177098.75251818376
177098.75251818376
177099.23677813399
177099.3981981174
177099.3981981174
177099.55961810081
177099.55961810081
177099.55961810081
177099.72103808422
177100.04387805104
177100.04387805104
177100.20529803445
177100.20529803445
177100.36671801785
177100.36671801785
177101.1738179349
177101.718033879
177102.10082983965
177102.10082983965
177102.10082983965
177102.10082983965
177102.48362580032
177102.48362580032
177103.63201368228
177104.01480964295
177104.01480964295
177104.3976056036
177104.3976056036
177104.3976056036
177104.78040156426
177104.78040156426
177105.54599348558
177105.54599348558
177105.92878944622
177105.92878944622
177106.3115854069
177106.69438136753
177109.37395309214
177109.37395309214
177109.7567490528
177109.7567490528
177109.7567490528
177110.13954501346
177110.13954501346
177110.13954501346
177111.28793289541
177111.6707288561
177111.6707288561
177112.05352481673
177112.05352481673
177112.05352481673
177112.4363207774
177112.4363207774
177113.58470865936
177117.02987230528
177117.41266826593
177117.41266826593
177117.41266826593
177117.7954642266
177118.17826018724
177118.17826018724
177118.5610561479
177119.32664806923
177119.70944402987
177119.70944402987
177120.09223999054
177120.09223999054
177120.09223999054
177120.47503595118
177121.62342383317
177122.0062197938
177122.0062197938
177122.38901575448
177122.77181171512
177122.77181171512
177123.53740363644
177128.84120309132
177129.21938705246
177129.21938705246
177129.21938705246
177129.59757101358
177129.97575497473
177132.62304270265
177133.00122666376
177134.13577854715
177134.5139625083
177134.8921464694
177134.8921464694
177134.8921464694
177135.27033043056
177136.02669835283
177136.02669835283
177137.91761815848
177137.91761815848
177139.80853796413
177143.59037757543
177143.96856153657
177143.96856153657
177144.3467454977
177145.85948134222
177145.85948134222
177146.6158492645
177146.9940332256
177149.07865701136
177149.07865701136
177150.12096890423
177151.1632807971
177151.68443674353
177152.20559268998
177152.20559268998
177152.7267486364
177154.29021647573
177162.10755567226
177163.14986756514
177164.192179458
177164.192179458
177165.75564729734
177165.75564729734
177165.75564729734
177168.88258297596
177168.88258297596
177169.92489486883
177172.00951865458
177172.00951865458
177173.57298649388
177183.13366151127
177186.78636513586
177188.409788969
177189.62735684385
177189.62735684385
177192.46834855186
177193.28006046845
177196.52690813475
177196.932764093
179184.65382779946
179186.91831956673
179187.3195635255
179193.6241668775
179193.6241668775
179194.91091474527
179699.21922691358
179703.5129984723
179708.99205390914
179708.99205390914
179709.44864186223
179709.44864186223
180976.6324076239
180985.5058947119
180988.2361984313
180990.96650215067
180997.75997745246
180999.5586572676
181001.35733708274
181004.05535680542
181008.55205634327
181021.1428150492
181022.94149486435
181026.53885449463
181038.230273293
184611.4230260482
184659.43394111373
184821.22288448544
184821.22288448544
187951.47920276463
187985.4004592783
187995.3946622511
188027.1943989828
188028.10296288942
188046.98910094833
188071.2805024517
188124.59060497265
188125.9511448328
190760.68962204023
190768.8666971998
190769.7752611064
190770.68382501302
190779.76946407923
190830.24318689166
190831.2578267874
191423.16184595283
198176.2452558859
198196.15986983912
198206.70290075554
198260.81549119396
198261.86241508636
204201.739620599
205813.35673496057
208035.2151786029
208036.78325844172
208041.48749795824
221977.63564563188
239783.88785154486
239808.77881298662
239850.01931274802
239851.23226862334
239880.6107056039
241989.56740085
242153.5885519923
242154.45560790316
273826.9196006777
273840.9493032358
273934.3007856413
273935.25546954316
275033.2341966954
275084.3167034452
278442.9684622504
278448.7795816532
278473.9610990651
278473.9610990651
280406.8501004071
284003.19970278227
284009.63344212103
284064.9636004343
284066.25034830207
284793.72870553343
284817.38365110225
284849.91208375903
284849.91208375903
284868.5814578402
284883.50588830636
284907.8341858059
284908.80731770594
285151.8366327279
285166.7656751935
285227.7270849281
285228.8339648143
289537.8527939429
289549.4842567474
289587.6162688283
289589.08288467757
292096.4840549725
312763.35663887725
315405.1468633599
316522.10396856157
316534.52869528456
318503.7740888899
318535.45852563344
318608.0375621739
318609.96998997533
318955.7223704397
320147.6705879339
363271.5403117584
375465.4595184945
375470.56961396924
375507.6178061615
375507.6178061615
376072.74455607904
376083.1123310134
376154.0356597241
376155.2255556018
378107.056038997
378128.617136781
378190.29340644204
378191.85687428137
380800.7174221485
413109.6557975076
445879.7664534684
457842.8965919245
457962.17212366563
457985.665649251
458016.6582860657
458166.84805062955
458329.6839178936
459146.14619397937
459168.5512876767
459235.89570475515
459237.2700806139
482648.90039041854
537720.4961742824
545964.2239510104
552286.6296212075
552303.6017794631
552385.2111110755
552386.3041549631
552456.2589637734
574273.4749174485
574310.5092736421
574765.6997908587
575966.3231794612
589335.5228374046
589348.1597161058
589371.2658337309
589407.3685660204
589414.7938852572
589454.8260411428
589491.1317014114
589509.5612515173
589533.820369024
589539.4285604476
589552.0469911507
620768.762414766
632784.7599037886
632793.8962748495
632854.8669085832
632856.0152964651
633613.835998578
634627.1476384321
634660.3494230196
634739.1638829192
634740.7411867572
636742.1322170586
636749.0732763453
636798.0711593094
636799.0120072126
637322.2756374328
638305.180364412
638318.1677550772
638344.1425364076
638363.6236224053
639275.2498967104
639287.6192794391
639296.0730745703
639304.5683776971
639305.9842615516
639305.9842615516
639307.4001454061
639307.4001454061
639308.8160292606
639310.2319131151
639310.2319131151
639313.063680824
639313.063680824
639314.4795646785
639315.895448533
639315.895448533
639320.1431000964
639320.1431000964
639321.5589839509
639321.5589839509
639322.9748678054
639324.3907516599
639324.3907516599
639325.8066355144
639330.0542870777
639341.3813579136
639342.7972417681
639342.7972417681
639342.7972417681
639344.2131256226
639344.2131256226
639345.6290094771
639347.0448933315
639349.8766610405
639351.292544895
639351.292544895
639351.292544895
639354.124312604
639356.9560803128
639358.3719641673
639358.3719641673
639358.3719641673
639359.7878480218
639361.2037318763
639364.0354995853
639368.2831511487
639381.8101457584
639383.3828375967
639383.3828375967
639384.9555294351
639386.5282212734
639388.1009131118
639394.3916804653
639395.9643723037
639397.5370641421
639397.5370641421
639397.5370641421
639400.6824478187
639400.6824478187
639402.2551396571
639403.8278314954
639408.5459070106
639410.1185988489
639410.1185988489
639411.6912906873
639413.2639825257
639413.2639825257
639419.554749879
639438.4270519394
639438.4270519394
639441.5724356162
639441.5724356162
639441.5724356162
639443.1451274545
639443.1451274545
639443.1451274545
639449.4358948079
639449.4358948079
639449.4358948079
639451.0085866463
639452.5812784847
639454.153970323
639454.153970323
639454.153970323
639460.4447376765
639476.4991080264
639477.8642598861
639477.8642598861
639477.8642598861
639480.5945636055
639480.5945636055
639483.3248673249
639490.1506266234
639491.515778483
639491.515778483
639491.515778483
639494.2460822024
639494.2460822024
639495.6112340621
639503.8021452203
639503.8021452203
639506.5324489396
639507.8976007993
639513.3582082381
639513.3582082381
639513.3582082381
639516.0885119576
639517.4536638173
639524.2794231157
639544.7567010111
639547.4870047305
639548.8521565902
639556.0653238489
639566.2993507971
639566.2993507971
639566.2993507971
639569.2233584966
639569.2233584966
639576.5333777452
639576.5333777452
639579.4573854447
639589.6914123929
639614.5454778384
639614.5454778384
639616.0074816882
639620.3934932373
639621.8554970871
639632.0895240352
639633.551527885
639637.9375394342
639637.9375394342
639640.3173311896
639645.0769147004
639646.2668105781
639649.8364982113
639680.7737910316
639681.9636869093
639681.9636869093
639681.9636869093
639692.6727498086
639697.4323333194
639697.4323333194
639699.8121250748
639699.8121250748
639720.5384509447
639720.5384509447
647302.2505917131
647318.9368059982
647327.5059011175
647337.5785080822
647340.9360437371
647347.651115047
647354.3661863569
647356.0449541843
647361.0812576667
647364.4387933216
647369.475096804
647381.2264715962
647382.9052394236
647386.2627750785
647389.6203107334
647392.9778463885
647394.6566142159
647398.0141498708
647404.7292211807
647404.7292211807
647408.0867568356
647409.765524663
647431.7186424067
647433.1760342569
647436.0908179573
647439.0056016578
647443.3777772085
650312.9638822787
653501.0177786176
668285.6539270856
668300.8274055261
668360.9540433465
668364.4868349833
669111.2802462295
670302.6473517835
671514.7869032024
704272.7633884104
704464.0460687508
704491.053937975
704540.743620868
704543.7414205599
710165.3537627831
710181.3666251373
710222.0029529608
710277.1025112978
710277.1025112978
712271.8107542861
712280.8179893604
712284.6782329637
717762.0364540129
717793.1490028152
717869.8972869272
717869.8972869272
719623.3103267153
719635.8180694298
719683.4692485323
719683.4692485323
723414.9458250195
723430.7050273997
723461.0427602817
723517.4751864817
723517.4751864817
723551.8576429479
723556.6080024597
723558.0008263167
723559.3936501734
723559.3936501734
723560.7864740303
723562.1792978871
723563.572121744
723564.9649456008
723567.7505933145
723569.1434171714
723570.5362410282
723571.9290648851
723577.5003603125
723578.8931841693
723580.2860080262
723581.678831883
723583.0716557399
723584.4644795967
723585.8573034536
723585.8573034536
723588.6429511673
723601.1783658789
723602.5711897358
723602.5711897358
723603.9640135926
723620.6778998747
723623.4635475884
723624.8563714453
723626.2491953021
723627.642019159
723629.0348430158
723630.4276668727
723630.4276668727
723633.2133145864
723638.489442044
723638.489442044
723641.7824097057
723641.7824097057
723645.0753773672
723646.1730332545
723647.2706891416
746153.0627840463
746166.861886628
746170.3116622735
746172.0365500962
746175.4863257416
746178.936101387
746184.4428288213
759460.106524378
759468.998459464
759493.197620977
759494.8394928082
760312.196496802
760320.5718879412
760363.4957675296
760364.542691422
790510.5547530819
790514.9822726268
790546.4822293894
790547.2616573093
803618.8720458382
803651.2436705111
803682.7805232698
803683.9934791451
805773.8841683508
805792.8671583998
805859.727315528
805860.7465674232
811571.4904124857
812340.661245432
826093.4962479463
827331.2139487363
879477.9626492094
879501.9450467445
889624.5829823622
889649.0634758462
894829.5380634086
896940.4410224546
896953.4330251194
897033.3220809086
897034.8578767508
897964.7015491835
908791.7117244074
908799.4967796073
908803.3893072072
908807.2818348071
908809.2280986072
908811.1743624071
908815.066890007
908822.8519452069
908822.8519452069
908824.7982090069
908826.7444728068
908834.5295280067
908836.4757918067
908838.4220556066
908852.0459022064
908853.9921660064
908855.9384298064
908857.8846936063
908865.6697488062
908867.6160126062
908869.5622764061
908871.5085402061
908876.7108756714
908878.0206835367
908879.3304914021
908883.2599149982
908884.5697228636
908885.879530729
908887.1893385943
908891.1187621906
908892.4285700559
908893.7383779213
908895.0481857867
908900.2874172481
908901.5972251135
908902.907032979
908904.2168408444
908908.1462644405
908909.4560723058
908910.7658801712
908912.0756880366
908916.0051116328
908918.6247273635
908922.5541509597
908923.863958825
908925.1737666904
908926.4835745558
908931.7228060173
908933.0326138827
908934.3424217481
908935.6522296135
908939.5816532096
908940.8914610749
908942.2012689403
908943.5110768058
908948.7503082673
908950.0601161326
908951.369923998
908952.6797318634
908957.0888034103
908958.1218913042
908959.154979198
908961.2211549856
908962.2542428795
930066.6533858161
947271.8283055065
947435.6649766677
947525.9310313904
947527.6882032099
947640.6314596018
947644.2011472349
947645.3910431126
947650.1506266234
947651.3405225012
947654.9102101342
947656.100106012
947657.2900018896
947662.0495854005
947663.2394812781
947665.6192730336
947666.8091689113
947669.1889606667
947671.5687524221
947673.9485441775
947676.3283359329
947679.898023566
947681.0879194437
951025.5670037057
971185.9820836629
971222.2277879376
971380.2072197009
971380.2072197009
980361.2461366497
980365.9780481633
980369.1326558392
980370.7099596771
980372.2872635149
980375.4418711907
980380.1737827044
980384.905694218
980552.3074410129
999285.294831678
999301.2339020398
999301.2339020398
999302.5621579033
999302.5621579033
999303.8904137668
999303.8904137668
999305.6937055815
999305.6937055815
999309.3002892109
999311.1035810255
999311.1035810255
999311.1035810255
999312.9068728401
999312.9068728401
999314.7101646548
999314.7101646548
999318.3167482842
999330.9397909867
999332.7430828015
999332.7430828015
999332.7430828015
999332.7430828015
999334.5463746161
999336.3496664307
999336.3496664307
999338.1529582454
999339.9562500601
999341.7595418748
999341.7595418748
999343.5628336894
999343.5628336894
999345.366125504
999347.1694173188
999348.9727091334
999350.776000948
999350.776000948
999350.776000948
999352.5792927627
999352.5792927627
999352.5792927627
999357.9891682067
999381.4319617973
999381.4319617973
999383.2352536119
999383.2352536119
999385.0385454266
999385.0385454266
999385.0385454266
999392.2517126852
999394.0550045
999394.0550045
999395.8582963146
999395.8582963146
999397.6615881292
999397.6615881292
1070242.7154428319
1176660.4306454558
