67318.6728971364
67357.32606516371
85705.47899138133
103949.85731626466
107567.07160449542
107577.14421146018
144494.71996515375
144545.87626389603
144568.45200157576
144667.07961143903
144667.07961143903
155970.51394969717
155970.51394969717
186858.24161112515
188205.83097662294
188214.68601571282
188215.79289559906
188219.11353525778
188221.32729503026
188223.54105480274
188225.75481457522
188237.93049332383
200807.7830054223
219964.3179845562
220027.66841004518
220082.58810040067
220097.11589890753
220554.7277158752
220561.29520320022
220600.70012715025
220612.19322996904
220615.47697363154
220651.80108189824
244735.5150226276
244742.10095795072
244872.846532513
244872.846532513
244890.80104666768
250346.6904099235
266756.69204333995
301106.76766091556
301112.5972283164
301125.7137549683
301125.7137549683
303100.9224639608
303116.4049463695
303192.1570385839
303192.1570385839
303814.05289066676
303814.05289066676
303827.4738092874
308720.92060634977
326468.21301032254
326511.56119386735
326545.33025439666
326582.65055456094
326583.98342242395
326812.89079489734
326812.89079489734
327172.40538194723
327173.8258778012
327183.7693487793
344981.92288352456
359081.5202943993
371633.2614843593
394058.9154755004
446854.4941052881
464344.98115165473
494947.3690144093
495036.99400119786
498536.71760150406
516947.0817893277
517045.03143526067
517045.03143526067
527393.3990756784
527395.8895554225
527410.002273972
527410.002273972
527411.6625938013
527511.0742435841
527511.5585035343
527512.0427634845
527521.2437025389
547852.4134529463
556859.4824952199
556864.112942744
572323.8904778224
572462.5456315717
572462.5456315717
572627.0694906623
572627.0694906623
579640.689365818
599189.7239526117
599387.6479122696
599462.5560085706
599462.5560085706
599470.5947237444
599471.7431116264
599499.3044207938
599536.5878249619
599537.7546608419
599547.0893478825
601419.6580074241
601430.9527942631
603821.6519285524
603911.1201073572
603911.1201073572
610807.3230865806
616858.7461126288
616863.9576720932
616871.2538553433
735947.551828946
781624.5691463636
781626.7690701375
781629.2134298864
781629.946737811
781631.6577896351
781639.2122448587
781644.054844361
781644.7466442899
782295.4951654074
782315.2714193749
782664.3213795003
786725.602042091
787723.1498675651
790474.0784488309
796490.2934704976
802392.9057198402
817958.3211040614
818027.5979489414
818027.5979489414
823803.5416313027
843446.4119604521
844257.911725048
847220.1436765963
858939.197576138
858950.0772830198
859002.9215735886
859002.9215735886
859010.6927927899
908561.1025241088
919037.3885833796
955744.016090754
955757.6676093509
955757.6676093509
955790.8555579399
955795.2923014839
955795.2923014839
956279.4507877232
956395.3457238117
971815.2755829856
995001.9740639082
1000568.0579318386
1017866.2661059671
1018385.1898446332
1021654.341140637
1076296.1308526755
1123183.9502416498
1123205.5113394335
1123206.6136073202
1123209.9204109805
1124542.0688020652
1127317.085856855
1127318.718504687
1127319.2627206312
1127319.8069365753
1127320.3511525195
1127335.044983009
1127335.5891989532
1140784.6502406888
1175729.0327291829
1175779.5986919857
1175779.5986919857
1179961.9904621288
1190760.0003843333
1203585.8603781199
1203592.47398544
1203594.6785212136
1203697.7290386225
1203697.7290386225
1203804.48760365
1203805.6774995276
1203812.8168747937
