820832.5124733533
821119.5959626831
822072.0023838812
822220.4540071363
822252.2238097785
822534.7687558737
823343.8507323558
833971.8977070424
834160.4645512267
834169.8056983931
834180.7037034207
834384.6245768992
834397.6405687697
834432.9696895606
834475.7365199918
834538.5279533004
1057815.930745192
1057930.0049664192
1058063.0750540576
1059647.521756737
1059762.3991625854
1059797.8383086668
1061423.9900977237
1066286.832876168
1066442.7112065342
1066485.1424598293
1066608.953919269
1066621.6288327386
1066625.8538038952
1067445.6907525272
1067561.1953025314
1067583.2883808708
1068110.8981578404
1068990.1432620971
1069078.1194844092
1069079.9018941158
1069208.3509195517
1069209.7207344188
1071895.5646054754
1076489.5440827024
1076809.123541592
1076907.9152499638
1079637.8627587312
1079674.9412816418
1079984.178363221
1080156.5384821093
1081960.4856394075
1082548.2407414482
1082976.7562404969
1083045.4780369655
1083073.5564911102
1083074.8327844804
1083140.275827291
1083889.476539399
1083932.4579191466
1083965.8615973531
1083965.8615973531
1083967.3799463627
1083974.9716914096
1084081.8282535777
1084145.2578335716
1084255.8332505596
1084406.479878361
1084407.6956578214
1084547.6203210598
1084547.6203210598
1085964.4379923441
1085998.105731248
1086619.9356657676
1087851.366223764
1088105.6731790432
1088107.5986216275
1088444.3970384859
1088509.554015541
1089361.2157794605
1090064.1508568982
1090064.1508568982
1090143.0114838895
1090144.6893695702
1090648.720726778
1090856.4924854254
1091112.3673010948
1092457.635525944
1092811.6308957129
1092860.6086537947
1093043.014081709
1093059.2758196502
1093066.647514116
1093076.9678863683
1093093.1856141933
1093100.5573086592
1093106.454664232
1093293.3656277936
1093294.6419211638
1093299.7470946447
1093743.8916862141
1093758.1949739836
1093759.982884955
1093761.770795926
1093763.5587068973
1093767.1345288397
1093770.7103507821
1093770.7103507821
1093772.4982617532
1093885.2576807586
1093885.2576807586
1093890.4508744718
1096119.2551899082
1096158.8202843848
1099182.1392278364
1099244.4685549247
1099247.582270647
1099249.139128508
1099252.2528442303
1099255.3665599523
1099258.4802756745
1099261.5939913967
1099266.2645649798
1099272.4919964243
1099524.6589598027
1099524.6589598027
1099902.6948555536
1101661.0145248664
1101694.2586664017
1101694.2586664017
1102771.8628657004
1104878.9076933656
1104886.4169194445
1104987.8657385828
1104989.5326217345
1105335.7877123144
1105341.7510830613
1105555.948318676
1105555.948318676
1105558.401882655
1105560.8554466339
1105564.5357926022
1105564.5357926022
1105566.9893565814
1105568.2161385708
1105569.4429205603
1105570.6697025497
1105573.1232665286
1105573.1232665286
1105574.350048518
1105776.4390009092
1106426.6554603872
1108508.8510761848
1108568.5948089457
1109592.644198076
1109601.0061201567
1110125.6727206046
1110125.6727206046
1110131.5480711192
1110133.5065212909
1110141.340321977
1110147.2156724916
1110156.380779193
1110158.0256572866
1110166.250047754
1110181.0539505957
1110182.698828689
1110184.3437067827
1110189.278341063
1112990.2746811942
1114050.4068643556
1114069.77131549
1114225.8091825275
1114225.8091825275
1114229.0659311272
1114232.322679727
1114233.951054027
1114237.2078026268
1114240.4645512267
1114242.0929255267
1114245.261653894
1114246.8020079616
1114249.8827160967
1114251.4230701642
1114252.9634242316
1114254.503778299
1114256.0441323665
1114259.1248405017
1114308.4161706616
1114317.6582950666
1114404.3197151567
1114406.9933297166
1116391.8220646551
1116404.623507209
1116409.5471389603
1116410.5318653106
1116412.5013180112
1116413.4860443617
1116414.470770712
1116415.4554970623
1116417.4249497629
1116418.4096761132
1116419.3944024635
1116420.3791288137
1116422.3485815143
1116423.3333078646
1116425.3027605652
1116425.3027605652
1116427.2722132658
1116714.141153279
1116766.953292736
1116980.0502754452
1116980.0502754452
1118909.0136691143
1119179.1807700242
1119884.5033962668
1119990.3092169103
1119994.369150131
1120414.2751701954
1120415.8760381725
1120419.0777741272
1120423.880378059
1120531.4300995576
1120533.9276736528
1121071.5002406803
1121071.5002406803
1121339.0982510562
1123015.2675371908
1123055.7568441078
1123058.0673752092
1123061.148083344
1123064.228791479
1123066.5393225804
1123068.079676648
1123071.7875289388
1123072.8712780506
1123075.0387762743
1123076.122525386
1123077.2062744978
1123079.3737727213
1123080.457521833
1123083.7087691685
1123085.876267392
1123086.9600165037
1123089.1275147274
1123090.2112638392
1123092.3787620626
1123317.3969850014
1123318.5247442294
1126035.0876764033
1135084.6238128347
1135092.0780262686
1135093.5688689554
1135095.059711642
1135096.5505543288
1135096.5505543288
1135099.5322397023
1135101.023082389
1135102.513925076
1135104.0047677627
1135105.4956104495
1135106.9864531362
1135108.477295823
1135109.6600676961
1135112.0256114427
1135112.0256114427
1135254.150780492
1137226.2550905799
1137249.44292056
1137556.1164128701
1137557.7062783183
1138123.5223374262
1138410.5838216979
1138411.7115809259
1138626.5579657545
1138641.8074710227
1140937.3476264337
1140966.8289030327
1140970.6742869369
1140977.0832601106
1140982.2104386494
1140984.774027919
1140991.1830010926
1140996.3101796317
1141005.2827420747
1141007.3072074205
1141010.3439054394
1141011.3561381123
1141013.380603458
1141015.405068804
1141016.417301477
1141019.4539994956
1141025.5273955332
1141047.7965143376
1141066.0167024503
1141066.0167024503
1141068.0411677961
1141074.1145638337
1141214.5838522606
1147175.8201086498
1147202.732294715
1147205.2188662812
1147212.6785809794
1147231.3278677252
1147246.247297122
1147262.4100123015
1147277.7750441248
1147292.0508255716
1147315.84379465
1147565.8157534823
1147578.2596138418
1147579.6844413541
1147583.9589238914
1147589.6582339413
1147592.507888966
1147603.9065090655
1147609.6058191154
1147615.305129165
1147621.0044392147
1147622.4292667273
1147623.8540942397
1147626.7037492646
1147628.128576777
1147629.5534042893
1147632.4030593142
1149712.8382704635
1150046.17089067
1150046.17089067
1151419.2865165535
1151575.8525049856
1151580.5395823624
1151840.6503717175
1151979.3977643473
1165246.9349551876
1165263.87884993
1167999.7457193285
1168206.945346465
1168217.5077743565
1168222.7889883022
1168270.870040266
1168274.2698217437
1168286.169056915
1168299.7681828253
1168304.8678550415
1168337.1657790784
1168350.3963202653
1168370.5749585496
1168374.8989524676
1168377.7816150796
1168383.5469403036
1168386.4296029157
1168390.7535968337
1168393.6362594457
1168395.0775907517
1168397.960253364
1168400.842915976
1168462.418569824
1182540.9521772019
1208649.381489773
