423635.52533255913
423660.9411746728
423662.6355641471
423664.3299536213
423667.71873256983
423669.41312204406
423671.1075115183
423672.8019009925
602115.1958679392
602160.152201652
602161.4009886995
602166.3961368898
680107.5032663759
680110.0118430001
701655.7803772951
701657.2217086011
701657.9423742541
701658.6630399071
701659.3837055601
713138.2287456354
713146.1505665539
713147.7349307376
815182.2186905462
815191.9834350813
815338.4986132229
815340.3360355748
815342.1734579267
819042.0324116168
863838.8129493654
903617.4665148726
903623.8479817236
917920.1381428648
917924.6711848348
917925.8044453274
917926.9377058198
917928.0709663124
917931.47074779
917938.4023410938
917938.4023410938
917939.5686091734
917941.9011453327
961831.0995652472
961834.8184200674
961837.8386142927
961838.845345701
961840.8588085178
961840.8588085178
961842.8722713346
961844.8857341515
961845.8924655599
961846.8991969682
962188.923815127
