818.5386502036232
1386.7642631743827
2493.723209987851
11619.27581965021
18674.884129615904
49135.53984978491
58177.83082083451
88332.68224848907
88337.11626769765
110005.51899082358
158369.13240474023
158374.36410730524
158375.35433492006
158376.34456253488
158385.25661106827
175550.56624821402
175552.06259216528
175554.3071080922
175555.8034520435
181678.9584272496
181679.70109796073
195194.82269882868
195223.53929965844
195243.59140885854
208408.46950236478
208417.46406986605
213943.29724401928
213943.29724401928
213945.27769924892
214172.85401019265
214255.11991992604
214534.02302890457
214664.79358797058
214666.16340283773
220317.95352959604
220352.98558210253
220354.20136156297
220368.79071508796
226512.85049549583
229304.4176682279
229540.3779063104
231089.8805767159
254280.56021210432
254608.76015250728
254608.76015250728
268319.1711428113
268326.3337892252
268326.8454068262
268328.38025962916
268329.4034948311
268330.9383476341
272383.56038783916
272530.79623163375
272533.0627526188
385430.9485860986
750893.341177729
750900.1627457422
751204.7787651189
751206.451149535
761536.5826450386
761650.5688460333
761653.5395288778
763349.6784052445
763349.6784052445
763856.5209086256
763865.4824685397
763878.3279212097
763884.0052262014
763910.4993161623
790007.0238922975
790057.888584112
790061.189342828
818966.362518051
958628.0433071768
958639.1998716372
958640.399147304
961794.8407307513
961799.4892992764
961801.3487266864
961804.1378678015
961805.9972952115
961806.9270089166
961807.8567226216
961809.7161500317
961810.6458637366
961812.5052911467
961813.4350048518
961814.3647185568
961815.2944322618
961817.1538596719
961820.8727144919
983171.5389023449
1006743.3131365613
