70888.3319707516
70898.10221655117
158343.5075145745
158345.76853429503
158348.78322725568
158349.53690049588
158350.29057373604
158351.0442469762
175544.02524469167
175593.89970889143
180068.8648293462
180861.35499201552
210943.1716318126
211513.46572024544
480807.54895743396
480820.1358506712
480824.8559356352
480828.0026589445
480829.57602059917
480832.72274390847
480850.6348612077
480850.6348612077
480853.5395288778
512001.6332643128
543428.134994919
543436.4859144706
543461.6707034742
543462.7929614377
543468.404251255
545190.102002613
917946.5662176515
917952.3975580499
917953.5638261295
917955.8963622889
917958.2288984482
917983.8867962011
917985.0530642808
917986.2193323604
957433.7187784136
958048.6831348039
958051.6538176483
958052.1489314557
958063.1074503931
958063.1074503931
961608.3643670871
961610.4878551945
961611.5495992482
961618.9818076239
961620.0435516775
961621.1052957312
961621.1052957312
961622.1670397848
961624.2905278922
961624.2905278922
970374.3433247503
970377.556063234
996478.360623171
996481.5073464804
996483.080708135
996484.6540697897
996486.2274314443
