454461.81159697124
921797.0828016718
921801.6763575517
921880.234414994
921880.234414994
921883.315123129
921884.8554771965
921884.8554771965
921886.395831264
921889.476539399
921889.476539399
921892.6397665018
921892.6397665018
921892.6397665018
921894.2626395372
921895.8855125727
921897.5083856081
921897.5083856081
921899.1312586435
921902.3770047142
921902.3770047142
921902.3770047142
921903.9998777497
921905.6227507851
921908.8684968558
921908.8684968558
921912.1142429267
921912.1142429267
921912.1142429267
921913.7371159621
921915.3599889975
921916.9828620328
921916.9828620328
921918.6057350682
921921.8514811391
921921.8514811391
921923.4743541745
921923.4743541745
921926.7201002452
921926.7201002452
921928.3429732807
921931.5887193514
921931.5887193514
921933.2115923868
921933.2115923868
921936.4573384577
921936.4573384577
921938.0802114931
921938.0802114931
921939.7030845284
921941.3259575638
921942.9488305992
921944.5717036347
921946.1945766701
921946.1945766701
921949.4403227408
921951.0631957762
921952.6860688117
921952.6860688117
921954.3089418471
921955.9318148824
921957.5546879178
921959.1775609532
921959.1775609532
921960.8004339887
921962.4233070241
921965.6690530948
921965.6690530948
921967.2919261302
921968.9147991657
921968.9147991657
921970.537672201
921972.1605452364
921973.7834182718
921975.4062913072
921975.4062913072
921978.652037378
921980.2749104134
921981.8977834488
921981.8977834488
921983.5206564842
921983.5206564842
921986.766402555
921988.3892755904
921988.3892755904
921989.9021233353
921989.9021233353
921991.4149710801
921994.4406665699
921998.9792098044
922000.4920575493
922000.4920575493
922003.517753039
922003.517753039
922005.0306007839
922006.5434485287
922006.5434485287
922009.5691440185
922009.5691440185
922011.0819917633
922014.1076872532
922018.6462304877
922018.6462304877
922020.1590782326
922020.1590782326
922023.1847737223
922024.6976214672
922024.6976214672
922027.7233169569
922029.2361647018
922032.2618601915
922032.2618601915
922033.7747079363
922035.2875556812
922035.2875556812
922038.3132511709
922038.3132511709
922039.8260989158
922041.3389466606
922041.3389466606
922042.8517944055
922045.8774898952
922047.3903376401
922047.3903376401
922048.9031853849
922050.4160331298
922051.9288808746
922053.4417286195
922053.4417286195
922054.9545763644
922056.4674241092
922057.9802718542
922059.4931195991
922059.4931195991
922061.0059673439
922064.0316628336
922064.0316628336
922065.5445105785
922067.0573583234
922068.5702060682
922068.5702060682
922070.0830538131
922071.595901558
922073.1087493028
922074.6215970477
922077.6472925374
922077.6472925374
922079.1601402822
922079.1601402822
922082.5049091146
922084.1772935307
922084.1772935307
922087.522062363
922087.522062363
922090.8668311952
922092.5392156114
922092.5392156114
922094.2116000275
922097.5563688598
922097.5563688598
922099.2287532759
922099.2287532759
923413.7339068911
923427.9821820154
923435.1063195777
923443.6552846523
923446.5049396771
923449.354594702
923573.8702160009
923573.8702160009
934912.4770207597
960463.0671077865
995165.8799349017
995169.4447543151
995171.2271640217
995173.0095737284
