58134.34882601487
70740.96959787284
71981.29570060897
84359.20690103072
84360.78026268538
88361.42085437695
88362.30105670122
88473.73467095562
88474.26279235019
88474.79091374476
88550.22425293592
108813.48848936803
108816.36014945101
109800.563879614
109807.02786543296
109810.90625692434
140238.70842533943
161026.94733303282
161042.56542302432
161328.6091733586
161328.6091733586
162625.5102804881
162633.86120003974
162982.55335080496
162982.55335080496
170238.94131220438
170528.92396793986
170531.2565040992
170531.2565040992
181680.69132557555
181682.91933770888
181686.44564827054
181846.1143498957
181846.71948899367
181846.71948899367
181847.02205854264
181865.86388954683
181865.86388954683
189716.93854629085
190598.87376890107
190628.56409355206
190634.63748958963
190635.64972226255
190636.6619549355
196571.404121364
196589.61330694763
196600.25825380697
196604.98934129998
196613.26874441278
203723.73016297497
214965.50921079778
224888.69016419747
229592.06228653947
229636.68854438068
229647.845108841
229649.70453625105
229659.0016733013
268346.4574148641
268348.76794596534
268349.92321151594
268353.003919651
274859.5805285798
326062.04998510075
326064.04144285945
378777.7577762666
380385.9039265276
380933.27424567734
380934.8971187127
385422.33360584965
387799.0614231466
387813.11715401243
387816.50593296095
387818.2003224352
387821.5891013837
387824.9778803322
393492.13854017836
393495.5383216559
393497.80484264094
393500.071363626
393501.20462411846
393504.60440559604
393506.87092658103
393611.1859045378
393611.1859045378
393617.67739667936
403526.72010024526
403567.29192613024
403567.29192613024
408137.58295830496
408149.03659104975
408162.39916258527
408162.39916258527
408701.1985116023
408711.70592684846
408713.2352783869
408716.29398146376
409268.99502594
409271.7896683196
409271.7896683196
409275.981631889
409277.37895307876
409278.7762742686
409280.1735954584
409281.5709166482
409284.36555902776
409287.1602014074
429889.1207909596
429892.0749700105
429893.0596963608
429894.0444227111
429895.02914906136
429896.01387541165
453235.27716440376
469854.49827703455
469896.93503159407
469916.62955859996
469955.05039005494
545241.5938385837
546324.0886620466
889442.0556391781
890409.6345479413
891240.3695016007
891247.6311707761
970144.8195661642
1018403.8154325752
1126082.288526043
1126094.6993788157
1126099.634013096
