2465.1221357131394
2468.3733830484643
2469.957747232176
2471.14602036996
2476.691295012951
2478.6717502425904
2557.4828658531924
2931.6238663192717
2931.6238663192717
58051.9288808747
88297.47415551769
88364.94166367408
88368.90257413336
88369.78277645765
88371.98328226835
88373.30358575478
91608.92732982372
91610.57770918176
91613.50438191001
91614.14252859511
91615.41882196533
91616.69511533553
109958.3731538291
109975.96619778575
140556.4064517608
170065.50294546873
175539.58022295404
175558.79613994606
175561.78882784862
175567.77420365377
175577.5004393371
195110.02070614844
195126.93709456827
195147.23676067207
195161.79860787443
199852.6883610052
243490.0718984711
247852.62417958572
247860.6065144141
247863.7092276072
257580.31769802643
259985.33301752
294244.48536434415
295139.9536976902
295906.1093070699
295950.4935092719
297410.24304892303
297729.47042688285
310409.0929790111
374138.68993497815
374148.68023135874
374160.452937446
384989.52161920554
385704.2184002017
385719.0057992497
385720.8542241307
385723.6268614522
385727.3237112142
385729.1721360952
385742.11111026217
385758.7469341911
385848.49456368096
386068.8257092429
386070.15151399386
386115.4159185202
386116.8792548843
386357.03695780074
386373.27118941926
386843.299230587
387080.2882051361
387115.95290306315
387136.170050199
387156.39819986396
387157.48194897576
387158.5656980875
387160.73319631105
387168.3194400935
387170.4869383171
387717.8297511442
391650.04011338716
392555.86732783716
392723.34782509034
392881.82825357775
392881.82825357775
401536.10953628924
404346.32049450255
405978.2211049901
407706.08577388275
415295.65232008195
415299.068605353
421311.9452318554
422467.1612710977
422472.8000672377
422473.9278264657
422477.3111041497
422482.9499002896
422485.2054187456
422687.7344722988
422689.0822821079
422699.86476058036
436448.6525722232
436469.4033420182
454050.3885268072
454054.86105486745
454144.9222564353
454285.2100031327
454286.3377623607
458847.31515369157
458853.03646879946
458854.180731821
458856.46925786417
458858.79629275895
458859.9790646322
458864.7101521252
485652.88121088943
494841.04371213104
545417.0401668717
546269.4280977086
546270.8144163694
546287.0541492524
546293.7876970331
546312.866082412
546351.0228531697
568672.403670566
571512.0463939975
713185.9632179341
713212.2592623722
713221.4628779254
713229.3516912567
713234.6109001444
713239.870109032
750840.4740256267
810608.0712719383
810991.4874043965
867414.7174107381
867418.381252913
969839.8019544771
992027.2984970851
995979.516958412
1007100.1856676778
1151447.1229150589
