291083.7118254265
291458.4029523453
291645.3359209651
292672.70807386976
292674.93058473855
295945.157282681
295957.44710763375
295978.3079027193
303360.1907105036
303442.92972898635
363185.73277607566
408497.8277645764
411334.8848936804
411474.89207588695
450532.32986193354
465450.4829651816
518912.71785389556
574182.7342812828
687624.1175436854
687692.9218591218
687874.0674974595
687874.0674974595
687908.6154386876
690199.4080028117
704568.1938278868
733899.5719710572
738787.0274069943
851197.6222312213
853584.0157702917
857852.6669671986
860691.9576097005
862644.7084711833
862677.4409951176
862784.6606407445
862841.5437159514
862841.5437159514
866067.9253356154
872785.2993986813
872785.2993986813
872797.9248007702
887517.5977811567
887523.1870659159
887523.1870659159
939729.6372985735
939729.6372985735
939757.3636717885
939789.0509554627
939789.0509554627
961528.1779353449
982019.3045484761
984409.9450637612
987722.3389543013
1191527.0312273167
1192027.486762582
1192027.486762582
1192035.0124924548
1204988.8400736558
1205025.164923326
1207786.7612069163
1207802.9569296832
1208080.6772667884
1208080.6772667884
