36915.35540461037
196699.80363541897
204086.3735205801
204400.55623896883
204709.4247358247
277775.45977582346
277919.9394860902
277970.5896285883
306485.34906287486
320988.2887246999
321901.7516943131
350464.4766540087
363321.37745551235
379483.47649355506
413037.3062141367
434115.06017008075
453512.56290161144
456807.53428739525
485043.6876809878
505869.4452127537
511334.9735251645
513498.01022318326
513547.3675685175
518615.68257703685
541927.2469991366
549638.9416178302
552006.0147158826
558014.9139281322
561684.4994231313
562269.3278524438
564368.5113731003
599240.5320945301
667644.1354227951
667660.2431253295
732038.0100703704
732050.1678649746
851518.7090365911
855588.0824272801
871378.9286287334
887825.0964631453
893115.3599889976
922838.4996829132
976140.5047410204
984166.7616653551
984211.5859687192
1024854.4496825312
1048165.8325629017
1063603.833158872
1084869.6093338123
1085079.6036033283
1109997.6252874793
1110024.8565468867
1115388.0613390997
1117766.048945973
1126096.5973150774
1128312.01705392
1128340.4695940525
1128340.4695940525
1148567.92609968
1148691.291956693
1156658.2617532224
1170675.4727649202
1170677.6512656729
1176419.189021921
1188163.7066297878
1188194.744764248
1188194.744764248
1196873.0995805287
1196901.7061560678
1196901.7061560678
1198951.4223060994
1204870.4418585107
