26225.55123434623
80601.88723935849
80668.74960841694
80668.74960841694
80669.88286890945
172051.05784732464
172100.98182290513
172100.98182290513
172105.5203661397
196617.99983190582
196626.27923501862
196626.27923501862
196628.64477876513
263141.2764461831
263193.2578946966
263193.2578946966
263203.55626189074
263203.55626189074
263206.1308536893
263247.72041351174
314232.22976948175
314232.22976948175
314316.72919261304
314316.72919261304
314471.86485226813
375513.12586434797
375532.435302837
375532.435302837
386187.11940036213
386279.8707202836
386287.46246533055
386287.46246533055
386355.78817075316
430989.70377218653
431059.11872798536
431059.11872798536
464768.1501233964
464808.8154707783
464810.5098602526
523100.9405634212
523114.4241627763
523114.73773485434
523119.75488810276
523119.75488810276
577833.6814920652
577849.354594702
577879.3639926956
577879.3639926956
613656.540774303
696300.6624439368
696300.6624439368
696305.3935314298
696305.3935314298
696329.3790447665
792750.8125826145
792795.922951734
792797.050710962
792818.4781362938
792818.4781362938
792891.0948280473
792891.0948280473
808934.9111774998
836074.2444548018
836093.6694198458
836094.923708158
857978.271838874
858045.0186813774
858045.0186813774
887353.7701235492
887457.5129699952
887457.5129699952
919737.6019071051
919831.0903964731
919832.7022669795
919834.3141374858
939921.4113799769
939921.4113799769
939921.4113799769
939921.4113799769
939921.4113799769
939921.4113799769
939921.4113799769
939921.4113799769
939921.4113799769
939937.4035559562
939971.9129883328
939971.9129883328
939971.9129883328
939971.9129883328
939971.9129883328
939971.9129883328
939971.9129883328
939971.9129883328
939971.9129883328
939971.9129883328
939971.9129883328
995130.2317407682
995187.2688513817
995187.2688513817
1041298.2739782548
1041308.5613429198
1041309.0289504046
1041326.3304273413
1075171.9802260103
1075171.9802260103
1075277.2469227302
1118524.8713697384
1128284.8188020997
1128284.8188020997
1133083.4618235163
1133083.4618235163
1133085.3102483973
1133098.8653641914
1188255.3466942748
1206175.1767663262
