322701.4155059253
326634.1704933564
326639.39669465687
326646.7133764775
330635.218178623
330732.392515224
336970.8264885887
336996.9024824456
337748.15516622225
355690.37538489746
372195.3022257199
397135.736061553
397163.682485349
417450.88272373716
417483.06512121885
419683.08682065114
419772.33933633356
420434.0754437305
423560.05898578075
429013.16544289
429093.6599454458
453486.0137990052
469515.1802810229
469519.7243255221
522012.68041473423
962027.9238074863
980288.4526929454
997426.1844910184
997429.4302370893
998398.2029202546
1006766.7705285035
1008789.8275506384
1013358.1766364352
1024874.1167032144
1025595.574538314
1025595.574538314
1026314.6338220799
1026321.4113799769
1026321.4113799769
1041724.1048602144
1047360.7775120531
1047374.6406986606
1050066.0133405663
1052338.5197014036
1052396.9816395296
1052422.1609272687
1059027.419219279
1059088.5932808167
1059089.7210400447
1065499.9705071098
1065591.5280526287
1065591.5280526287
1067878.7337922815
1069238.4868466293
1087434.430886544
1089341.7908144165
1090179.5398803474
1098879.019552411
1109683.1620045996
1109685.3735129395
1109685.3735129395
1109685.3735129395
1109765.5819497397
1110056.576838148
1110056.576838148
1110700.6703902078
1115252.6532140374
1116934.6043291895
1123309.5026704054
1124619.771850335
1125857.2427967817
1127479.7637512512
1127485.265015778
1127492.9667861154
1127492.9667861154
1127492.9667861154
1127644.1415353112
1127644.1415353112
1127660.3812681942
1127660.3812681942
1128164.077048266
1128284.8188020997
1128284.8188020997
1128284.8188020997
1128284.8188020997
1128284.8188020997
1128284.8188020997
1128286.6672269807
1141703.0631346512
1141703.0631346512
1141741.5719863386
1141795.4843787008
1141795.4843787008
1151208.2580093064
1151286.535502258
1151300.3491774846
1151300.3491774846
1151300.3491774846
1151300.3491774846
1151300.3491774846
1152631.8752435455
1160277.0925816975
1160277.0925816975
1160277.0925816975
1160394.2475110597
1160436.8493035552
1163209.123541592
1164784.5756767702
1164985.3058168232
1186292.2204478947
1186903.928055685
1198403.6613971684
1198588.8009535526
1199213.7225987364
1199213.7225987364
1207795.9153110888
