104542.68629803101
318057.451539208
358781.05181121494
374739.58205670887
374823.6633837361
374824.5050772087
404299.9558370709
410158.10939875763
410536.21681094746
410536.21681094746
427571.8341368745
430203.66109154257
430592.83154669584
430592.83154669584
430595.0870651518
432821.88892030047
475423.3788461098
521964.83041588037
522902.95005310245
599175.3641149459
625691.0245341116
625922.919337709
625922.919337709
644820.9952704406
659915.3208688941
670057.6501959825
670057.6501959825
670057.6501959825
670057.6501959825
670110.330305091
670145.45037783
670145.45037783
690160.4590499621
743782.4066504176
743782.4066504176
743782.4066504176
743782.4066504176
743818.7149962944
743891.3316880477
743891.3316880477
743891.3316880477
795509.5427073862
795653.5988202844
795653.5988202844
853610.4218400202
855682.0055165458
866676.8658073487
880585.9549660373
880592.14388863
881686.3894131221
909772.9964318187
940696.0224329343
982646.0801198053
998406.3172854315
998411.1859045378
1045956.4697163029
1046278.6512733136
1119456.5435249354
1163289.034910108
1187080.2435837681
1187080.2435837681
1187112.2884496367
1200072.8000672376
1203009.5786184184
1207560.7802626854
