95246.36343492844
95246.36343492844
95246.36343492844
95246.36343492844
95265.08973937758
95268.34648797744
291471.9580681393
358077.2145263946
388752.71113012783
388952.0824578428
389421.92895728117
389424.0139365368
436133.7381856524
448001.5666378869
448284.72772560915
448286.5651479611
454818.80515590735
454818.80515590735
454901.7642249711
454914.52715867327
454914.52715867327
454914.52715867327
454914.52715867327
459694.3558554084
459694.3558554084
459694.3558554084
459700.7593273176
464835.9257023663
471659.58419608953
472100.42252767825
472101.68781851936
472125.4752863332
481193.1710969674
481769.41205235367
481769.41205235367
512716.225521283
603911.9913813522
604519.7160736253
604519.7160736253
604604.0724638788
626771.5003934932
626771.5003934932
626771.5003934932
626771.5003934932
626771.5003934932
626787.278020156
644867.5249658081
680560.3343546329
680670.0955844711
703383.4580031938
732691.8848707585
738618.8647529398
740286.2430183605
740318.5409423972
740388.2364626869
764239.0788438176
779847.734166673
787228.1481368287
866636.4810244577
871143.3204715806
871204.2139686275
871204.6320647316
881520.5372901688
881587.1576035881
881867.0289351232
881933.5832333682
882008.0813575898
882009.1651067017
882094.1651449049
882099.8424498965
888502.4231542111
936142.8128271151
952867.5812009566
961599.8704146579
962215.85800625
962219.0267346174
962219.0267346174
963874.7808280931
963874.7808280931
1111682.5195791533
1111763.0690943543
1112089.3105845859
1112090.2072907037
