1784.9182832998417
4563.562985658508
10194.409798363373
26253.475653084148
26420.262991006963
26420.262991006963
26420.262991006963
26420.262991006963
26440.903735511427
26653.296556361223
26656.66333025161
26657.785588215072
38579.85100741907
38616.97354044575
38630.23158795529
52080.13569785833
56832.96968956059
56881.3148022219
66670.24289611014
66685.5584165527
66820.22937216818
66821.22510104753
67528.83625333323
67535.17371006806
67535.17371006806
67535.17371006806
67535.17371006806
67535.17371006806
67535.17371006806
67535.17371006806
67535.17371006806
67535.17371006806
67535.17371006806
67535.17371006806
67535.17371006806
67535.17371006806
67535.17371006806
67535.17371006806
67535.17371006806
67535.17371006806
67535.17371006806
67535.17371006806
67535.17371006806
67535.17371006806
67598.02015602196
67598.02015602196
78527.69046218263
78527.69046218263
78527.69046218263
78570.6663406658
80601.88723935849
80639.28483561151
80639.28483561151
83087.4850816403
83567.86100138296
83567.86100138296
87966.65561319997
91536.24462289596
101767.1773164526
101914.22611725335
101930.06975909046
102203.83468700097
102203.83468700097
102236.51219829002
102265.03075359683
103049.30202706317
103057.7739744344
103073.78265420732
103103.48948265192
103181.87149962943
103182.61967160508
119671.99443761031
119740.1386013035
119961.12439734412
119966.40561128983
120420.6725295884
120420.6725295884
123984.17163945324
124023.23061759335
124113.79793549767
124113.79793549767
127182.01269875228
128340.90908396305
128388.48952085515
129214.58140725402
129214.58140725402
155394.10906256924
155394.10906256924
155394.10906256924
155394.10906256924
155394.10906256924
155394.10906256924
155394.10906256924
155394.10906256924
155394.10906256924
155394.10906256924
155394.10906256924
155394.10906256924
155394.10906256924
155398.18549958357
157148.79239602992
157179.59947737987
157179.59947737987
157183.4503625486
161833.42721139372
164888.41143346147
164927.69046218263
164973.73604627175
164975.7825166757
164989.08457430147
165248.3261638613
171087.23630223336
171088.50709433903
171163.48382857448
171163.48382857448
171163.48382857448
171163.48382857448
171163.48382857448
171163.48382857448
171163.48382857448
171163.48382857448
171491.88181450043
171491.88181450043
172105.5203661397
176175.35586304907
176175.35586304907
176175.35586304907
176180.63707699478
178328.11069766732
179626.51915127714
179839.26405305666
179841.8386448552
179843.8191000848
182166.31545167672
182190.5265168591
182272.59988233406
182353.3859519098
182353.3859519098
182353.3859519098
182353.3859519098
182353.3859519098
182353.3859519098
182376.16118705063
182376.16118705063
182376.16118705063
182376.16118705063
182376.16118705063
182376.16118705063
182376.16118705063
182376.16118705063
182376.16118705063
182376.16118705063
182376.16118705063
182376.16118705063
182376.16118705063
182376.16118705063
182376.16118705063
182376.16118705063
182376.16118705063
182376.16118705063
182376.16118705063
182376.16118705063
182376.16118705063
182376.16118705063
182376.16118705063
182376.16118705063
182403.2274085224
182403.2274085224
182403.2274085224
182403.2274085224
182403.2274085224
182403.2274085224
182403.2274085224
182403.2274085224
182403.2274085224
182403.2274085224
182403.2274085224
182431.79547520992
214081.83008733255
214122.7759992054
214262.16703978486
214262.16703978486
214339.0582140756
214353.14695252868
214559.6479190703
214559.6479190703
214595.2521030876
228238.20108649973
235486.48018398674
238984.17316758228
238984.17316758228
238984.17316758228
238999.30714629544
250464.64108069288
250655.9035444953
250655.9035444953
258027.32294714966
258188.3174535258
258193.1695688384
258193.86272816878
258627.58792472436
263206.1308536893
263243.75950305245
263243.75950305245
271888.87567906233
271897.4246441369
272140.1844451746
272140.1844451746
284475.5598682753
295452.2329785527
295594.4956792152
295594.4956792152
295594.4956792152
295594.4956792152
295594.4956792152
295594.4956792152
295594.4956792152
295594.4956792152
295594.4956792152
295594.4956792152
295594.4956792152
295594.4956792152
295594.4956792152
295594.4956792152
295594.4956792152
295594.4956792152
295594.4956792152
295594.4956792152
295594.4956792152
295594.4956792152
295608.02878995106
314232.22976948175
314232.22976948175
314278.70445220394
314278.70445220394
314471.86485226813
317748.8581055784
317755.12954713893
317829.39661825047
317829.39661825047
328536.5187692449
328547.29024518834
328619.49434210226
328619.49434210226
334259.05515781755
334293.96068123996
343663.47786887124
343664.76516477054
344698.6178072876
344715.07759075175
345103.8959649753
345103.8959649753
345103.8959649753
345103.8959649753
345103.8959649753
345129.8069208964
345385.7532530047
352201.2973815509
359684.99759319675
359684.99759319675
359684.99759319675
359684.99759319675
359684.99759319675
359684.99759319675
359684.99759319675
359684.99759319675
359684.99759319675
359684.99759319675
359684.99759319675
360219.72050519945
360255.0496259904
375796.9030936972
377398.84931883647
378258.5594327585
378852.48695359833
385888.774822546
386187.11940036213
386199.48624301836
386199.48624301836
386279.8707202836
386279.8707202836
388718.71331535233
402998.21361715783
412052.7559043085
412114.90919093206
412114.90919093206
412114.90919093206
412114.90919093206
412501.9231503908
412503.07841594145
412514.6310714477
412607.07432055566
412607.07432055566
416928.6256771522
417261.78225689376
417328.9526967657
417373.21587114816
420906.2489780637
421576.31399995415
421577.41425285954
424618.90937430755
424660.9610403502
424740.80639369186
424793.4534952132
424794.46572788607
427093.75224443956
427112.20348566235
429797.7337846408
429797.7337846408
429797.7337846408
429797.7337846408
429797.7337846408
429817.21926359466
432712.3257359851
437943.1976100062
437961.6983626097
438025.40300582984
438025.40300582984
442259.25320334046
450179.72081082524
450207.205128401
450506.1438427861
450506.1438427861
453034.67905469943
453134.0538971111
456831.82787154545
460865.07995935174
460877.01770337485
461123.90895407205
461123.90895407205
463400.5467645688
463403.7485005234
463627.5069338855
463829.463855928
463895.8916250888
463895.8916250888
470025.4885810558
470176.7073403678
471314.6109001444
471316.5418439933
475049.88149359333
475069.33396496
475287.47010597575
475288.955447398
475578.2669488612
475578.2669488612
475846.9487083489
475865.59799509466
475938.3302134032
480913.08521611564
494711.296388267
504734.17125742097
508211.1849876604
508217.15936093644
508217.15936093644
508217.15936093644
508217.15936093644
508217.15936093644
508217.15936093644
508217.15936093644
511267.390490453
511462.4323229854
511469.06684800464
511469.06684800464
511469.06684800464
511469.06684800464
511469.06684800464
511882.83345685713
511944.7721941641
512216.35862132197
512216.35862132197
513005.17393928743
513049.8882173611
513206.76777787117
513206.76777787117
522600.47952689126
522606.8169836261
522606.8169836261
522606.8169836261
522606.8169836261
522606.8169836261
522606.8169836261
522606.8169836261
522606.8169836261
522621.6703978484
522621.6703978484
522621.6703978484
522621.6703978484
522621.6703978484
522621.6703978484
522621.6703978484
522621.6703978484
522621.6703978484
522621.6703978484
522621.6703978484
522621.6703978484
522621.6703978484
522621.6703978484
522621.6703978484
522621.6703978484
522638.5702824747
523119.75488810276
523119.75488810276
523147.77832960215
526634.4027689698
526656.5893688062
526670.381038975
526670.381038975
526670.381038975
526670.381038975
526670.381038975
526670.381038975
526670.381038975
526670.381038975
526670.381038975
526670.381038975
526670.381038975
526694.1465017307
526694.1465017307
526694.1465017307
526694.1465017307
526694.1465017307
526694.1465017307
526694.1465017307
526694.1465017307
526694.1465017307
526694.1465017307
526694.1465017307
526710.1881890907
526720.8826473308
526720.8826473308
526720.8826473308
526720.8826473308
526720.8826473308
526720.8826473308
526720.8826473308
526720.8826473308
526720.8826473308
526720.8826473308
526720.8826473308
526720.8826473308
526720.8826473308
526720.8826473308
526720.8826473308
526720.8826473308
526720.8826473308
526720.8826473308
526720.8826473308
526737.1663903301
526745.3082618297
526745.3082618297
526745.3082618297
526745.3082618297
526745.3082618297
526745.3082618297
526745.3082618297
526745.3082618297
526745.3082618297
526745.3082618297
526745.3082618297
526745.3082618297
526745.3082618297
526745.3082618297
526745.3082618297
526745.3082618297
526745.3082618297
526745.3082618297
526776.7754949228
526781.6166077064
526781.6166077064
526781.6166077064
526781.6166077064
526781.6166077064
526781.6166077064
526781.6166077064
526781.6166077064
526781.6166077064
526781.6166077064
526781.6166077064
526781.6166077064
526781.6166077064
526781.6166077064
526781.6166077064
526781.6166077064
526819.5753329411
526819.5753329411
526819.5753329411
526819.5753329411
526819.5753329411
526819.5753329411
526819.5753329411
526819.5753329411
526819.5753329411
526819.5753329411
526826.8700097037
526851.5596848999
526862.4521886628
541724.0192849884
549602.0391353846
550035.1096814615
550096.9053858907
550350.0240680323
550350.0240680323
550350.0240680323
550403.5788782005
551902.2608669077
557263.1661305481
557991.9406474683
558694.4961376538
558717.3813980853
558890.0385852582
558905.1725639714
558915.4159185202
559108.9724096302
559108.9724096302
559155.7881707532
559155.7881707532
559155.7881707532
559155.7881707532
559155.7881707532
559155.7881707532
559155.7881707532
559256.2467622766
559284.2096898663
559309.3834763408
559339.1343149015
559939.0582140756
559969.4031892053
560041.2276988669
560041.2276988669
560067.9253356154
560076.7438626518
560129.5009894635
560164.1699585113
560164.1699585113
560164.1699585113
560164.1699585113
560164.1699585113
560164.1699585113
560164.1699585113
560164.1699585113
560164.1699585113
560164.1699585113
560164.1699585113
560164.1699585113
560164.1699585113
560176.6028163418
560238.7671054944
560238.7671054944
560238.7671054944
560238.7671054944
560238.7671054944
560238.7671054944
560238.7671054944
560238.7671054944
560242.8765500959
560409.9774600967
560411.5123128997
560411.5123128997
560611.4227645382
560723.1534470771
560743.2880752451
560851.9160445909
560995.8291246112
561054.0545083627
561065.9757485922
561080.0644870453
561094.1532254984
561146.6737979355
561174.2681408018
561194.3367537955
561239.8872240772
561250.0095508065
561254.0584814982
561336.2088646764
561363.0715393607
561445.3924617395
561445.3924617395
561454.3705254472
561461.8522452036
561618.7923196234
561618.7923196234
561625.0857662421
561625.0857662421
561625.0857662421
561625.0857662421
561625.0857662421
561625.0857662421
561625.0857662421
561625.0857662421
561625.0857662421
561625.0857662421
561625.0857662421
561625.0857662421
561625.0857662421
561625.0857662421
561625.0857662421
561625.0857662421
561625.0857662421
561625.0857662421
561625.0857662421
561625.0857662421
561644.3952047311
561697.8674959313
561697.8674959313
561714.2062515758
561714.2062515758
561834.5189067764
561847.8869795765
561847.8869795765
561913.0769642189
561943.4989570519
561978.2669488612
561985.4460990686
561985.4460990686
561997.4113494144
562045.2723507973
562054.844551074
562081.1681018346
562169.8044758899
562169.8044758899
562173.9744344011
562201.0791647246
562246.9487083489
562358.8444288236
562417.7629719053
562419.1657943596
562438.8053087202
562438.8053087202
562443.0137760832
562443.0137760832
562443.0137760832
562443.0137760832
562443.0137760832
562443.0137760832
562443.0137760832
562443.0137760832
562443.0137760832
562443.0137760832
562443.0137760832
562443.0137760832
562443.0137760832
562443.0137760832
562443.0137760832
562443.0137760832
562443.0137760832
562443.0137760832
562443.0137760832
562443.0137760832
562443.0137760832
562443.0137760832
562443.0137760832
562443.0137760832
562443.0137760832
562443.0137760832
562443.0137760832
562443.0137760832
562443.0137760832
562443.0137760832
562443.0137760832
562491.9915341651
562529.147074779
562549.6282826122
562649.9713475805
562718.1210125382
562718.1210125382
562727.0880737168
562745.0221960742
562770.1299673745
562770.1299673745
562798.8245631461
562861.5939913967
562868.5915998747
563096.3659563413
563096.3659563413
563135.5789698882
563140.9261990082
563173.0095737284
563201.5281290353
563244.7680682157
563279.3600195601
563285.8460104371
563292.3320013143
563396.3829185736
563458.9708050948
563460.6706958336
563600.8429159758
563600.8429159758
564024.9574034031
564175.7470640821
564347.2709907624
564428.013050222
564720.9663888018
564736.413939593
564737.7012354922
564758.2979698805
565207.0031097425
565280.6815455497
565284.956028087
565632.5369234178
565632.5369234178
565769.0232963271
565803.1861490384
565806.1568318829
565813.0884251866
565966.3591561671
566101.4922180029
566102.6749898761
566190.98128806
566192.2795864883
566980.4017451234
567062.920713025
567928.5446863133
568006.3105616638
568185.4317346556
568186.6640179097
568395.1069308292
568827.8914111507
568829.7508385608
569444.4786405765
569501.3012018735
569644.097525195
569705.6731790432
569705.6731790432
569705.6731790432
569705.6731790432
569705.6731790432
569705.6731790432
569705.6731790432
569705.6731790432
569705.6731790432
569705.6731790432
569705.6731790432
569705.6731790432
569705.6731790432
569705.6731790432
569744.1820307306
569744.1820307306
569821.1997341055
569821.1997341055
569821.1997341055
569821.1997341055
569821.1997341055
569867.0142650845
569889.921530574
569889.921530574
571042.3154211142
571076.808349697
571133.2293186836
571381.46837919
571381.46837919
574165.003705713
574589.1016893467
575299.1939119339
575309.9213777612
575513.8202461816
575513.8202461816
575522.9083351798
575547.5760053179
575912.7499446053
575912.7499446053
575937.4946324467
575977.4668204982
575996.5011957609
575998.4046332872
576045.8255335081
576436.800403426
576626.2474499346
576661.7086010742
576688.3622277065
576761.2429801573
576874.2444548018
576877.9963172091
576889.9065549095
576955.1295471389
576955.1295471389
576956.3673316574
577842.2304571398
577843.6552846523
579953.8468356268
580382.2413068559
580382.2413068559
580705.4516003331
582151.7560494808
582151.7560494808
582258.6016091199
582487.2671704398
585585.6233620367
585602.4902390757
585620.1603007357
585676.9883632974
585678.1876389643
585990.450416033
588557.7915479182
588633.5439604521
588655.6260362626
589030.9553098663
589030.9553098663
589030.9553098663
589030.9553098663
589030.9553098663
589030.9553098663
589030.9553098663
589030.9553098663
589030.9553098663
589030.9553098663
589030.9553098663
589030.9553098663
589030.9553098663
589030.9553098663
589030.9553098663
589030.9553098663
589030.9553098663
589030.9553098663
589030.9553098663
589030.9553098663
589044.0923295562
589044.0923295562
589178.0591233124
589851.1938508088
589851.1938508088
590718.0556086155
591105.7682286693
591118.0690561511
591158.2392897255
591159.2020110177
592660.9977154471
593118.6479114296
593139.5417141023
593236.9250987554
593236.9250987554
593261.1471664668
593388.5509516423
593870.7147823562
593896.6037332192
593991.0274375569
593991.0274375569
594250.940181389
596420.2758272908
597779.9628664644
597845.8460104371
597909.5561549218
597910.5683875947
599201.3190809832
600319.1925366177
600437.5357391179
600510.9941243439
600662.8290252829
600662.8290252829
602128.9325254625
602740.3265611748
602758.4202202033
602759.2069010307
602793.9638903108
605032.5054439596
605037.8581743442
605690.4951902139
606255.634593785
606255.634593785
606255.634593785
606255.634593785
606255.634593785
606255.634593785
606255.634593785
606260.8332887628
606842.1794176301
606894.3314053438
606931.6959940097
606932.2901305786
607247.628114518
608893.600959665
608900.6205732012
608924.3860359569
608924.6390941251
610935.7913798242
613549.4531590247
616154.2799073954
619752.9541026443
619779.5032052506
619823.4913164068
619868.9977765722
622580.9286440146
622592.4647957273
622632.6130242437
622633.6252569166
623050.775143453
623081.1696299636
623256.8635151552
623256.8635151552
625542.2978476303
625624.5857624218
625659.4747820506
626190.2642899166
626220.1856676778
626247.5049473178
626623.1863018513
626624.5176078668
626685.9447275728
626771.5003934932
627095.3598361847
627096.4875954125
627108.8929469205
627285.7255938691
644638.4523109131
644656.7825243163
644821.908480352
646919.5956570572
650485.0642196228
651022.5047563016
651063.3461441484
651064.6224375187
655370.1981219294
661593.9217139495
661980.6110988013
661981.9479060812
663082.2888316689
664732.8662352249
666534.4203424538
666534.4203424538
666534.4203424538
666534.4203424538
666534.4203424538
666534.4203424538
666534.4203424538
666534.4203424538
666534.4203424538
666534.4203424538
666534.4203424538
666534.4203424538
666600.0724333163
666635.4235591653
666635.4235591653
666635.4235591653
666635.4235591653
666635.4235591653
666635.4235591653
666635.4235591653
666635.4235591653
666635.4235591653
666903.3791517356
666903.3791517356
671982.5371526371
674687.9545228799
674813.3173389161
674881.5495228417
675266.9076016779
675266.9076016779
677462.4952819017
677487.7900961958
677569.7919452318
677647.0407017168
677656.6239045225
677700.0783930195
677732.1617677397
677780.831455008
677783.7361226782
677809.1519647919
677817.5688995179
677830.6619090916
677854.0422833305
677854.9774983
679835.9828543923
679853.9554856012
679961.9728145845
679961.9728145845
680580.1389069293
680601.428800648
680668.1591393576
680677.8413649248
680677.8413649248
680677.8413649248
680910.2147785359
680919.6549484638
680978.3259346419
681019.9430007869
681021.3348207122
683133.209758632
684329.8008083802
684329.8008083802
684329.8008083802
684353.1811826191
685113.5549629811
685181.2645267766
685182.7608707278
685906.573247045
685906.573247045
685906.573247045
685906.573247045
685906.573247045
686244.1858510533
686293.7522444396
686397.2640377753
686397.2640377753
686704.9442614934
686744.5038547055
687179.1807700242
687181.8543845842
687198.9193071463
687203.166283361
689079.851160232
689081.2429801573
689081.2429801573
689081.2429801573
689081.2429801573
689081.2429801573
689081.2429801573
689081.2429801573
689081.2429801573
689081.2429801573
689081.2429801573
689081.2429801573
689081.2429801573
689081.2429801573
689081.2429801573
689081.2429801573
689081.2429801573
689081.2429801573
689081.2429801573
689140.3265611748
689140.3265611748
689148.1933694481
689531.7140259322
691257.5817358018
696300.6624439368
696325.9902658181
696325.9902658181
699008.6048945973
699020.465620917
699042.8007548958
699042.8007548958
701489.4991557087
701498.4552143583
701504.968711558
701576.265099825
701576.265099825
701576.265099825
701576.265099825
701576.265099825
701576.265099825
704964.3783953117
713491.9765585007
713843.0067466897
713974.6134979638
713974.6134979638
714171.2176896217
718594.2838805309
718631.6154616096
718631.6154616096
718631.6154616096
718631.6154616096
718631.6154616096
718631.6154616096
718631.6154616096
718631.6154616096
718631.6154616096
718631.6154616096
718631.6154616096
718631.6154616096
718631.6154616096
718631.6154616096
718631.6154616096
718631.6154616096
718631.6154616096
718631.6154616096
718631.6154616096
718631.6154616096
718631.6154616096
720956.6148885612
742389.6845177608
742417.0643113104
742505.6731790432
742505.6731790432
742505.6731790432
742505.6731790432
742505.6731790432
742505.6731790432
742505.6731790432
742505.6731790432
742505.6731790432
742505.6731790432
742505.6731790432
742505.6731790432
742505.6731790432
742505.6731790432
742505.6731790432
742505.6731790432
742505.6731790432
742505.6731790432
742505.6731790432
742505.6731790432
742517.2258345494
742517.2258345494
742605.7961934305
750212.68072036
750253.3020576257
762049.8231190641
766414.058787124
767237.928162654
767237.928162654
767288.5287937713
767310.2147785359
767310.2147785359
767310.2147785359
768063.7779934137
768816.3509806768
768830.3296938394
768901.2905049702
768903.0289045607
771261.4705185706
776607.7259147762
776735.6523200818
776735.6523200818
777362.3453724432
777368.451776068
783100.912445847
792725.0006494548
792818.4781362938
792823.3192490774
792891.0948280473
792948.8581055785
792948.8581055785
792950.8935734534
792967.1773164526
792980.4078576395
793065.3748882556
793065.3748882556
793093.1012614705
793105.7761749402
793105.7761749402
793319.8633852643
793341.2523017444
793341.2523017444
795338.6294210682
795446.7842816646
795473.1023311608
795592.7988447344
795593.9376064915
796103.063134651
798665.7061866304
801768.9254960688
802461.1826190604
802796.3416590897
803060.7489360401
803060.7489360401
803191.9926038554
812726.9218132779
812868.3428204677
813044.5373207314
813048.0581300285
817677.6472925374
828615.2064120295
828634.1472657952
828670.3070775296
828718.5201598423
828768.6586847394
828770.2760565103
835002.0314947395
835045.9370869277
835259.3036315987
835260.6514414077
836142.586664018
836367.6929071891
836367.6929071891
836394.7646299254
836394.7646299254
836394.7646299254
836394.7646299254
836394.7646299254
836394.7646299254
836394.7646299254
836394.7646299254
836394.7646299254
836394.7646299254
836482.2347359011
836482.2347359011
836482.2347359011
836482.2347359011
836482.2347359011
836482.2347359011
836482.2347359011
836482.2347359011
836584.5582560991
840612.4191046692
840621.8922821843
843784.1731675823
843797.1451493364
844180.7593273176
844208.98081434
844208.98081434
844208.98081434
844208.98081434
844208.98081434
844208.98081434
844208.98081434
844208.98081434
844208.98081434
844208.98081434
844208.98081434
844208.98081434
844208.98081434
844208.98081434
844208.98081434
844216.6385745612
844271.5191894803
849149.9745566515
849159.1396633531
849213.0960658318
849214.1578098855
855605.0263220227
855748.0867060415
855783.7734090267
855937.5832639307
855938.4579649905
856246.5837911353
856255.4298244944
856255.4298244944
856255.4298244944
857116.6417836322
857266.0561281794
857297.5343638017
857344.3501249246
857380.9885466729
857380.9885466729
857608.5263487649
857876.8945361746
857890.9117581889
858073.0421228769
858272.457460708
858273.7447566073
858367.0572055104
858645.8392866694
858650.9004500341
858693.4142222969
858702.5243163533
858706.573247045
858706.573247045
858706.573247045
858706.573247045
858706.573247045
858706.573247045
858795.0335806356
858853.7045668137
858983.6719412587
858984.8107030158
859729.8084490255
860606.5119690706
860680.0308682065
860807.9022608668
860807.9022608668
861722.9440933992
862064.7651647705
862099.7532071609
862099.7532071609
866046.8004798326
866072.150306772
866217.8898066153
866242.9205602121
866498.4267911583
866498.6743480619
866712.9100925282
866722.9113914379
871537.0404724975
871555.2001467004
871588.2792502999
871588.2792502999
872597.1561518655
872716.2915364574
872781.1844528152
872781.9326247908
874625.2743373651
876781.5279762223
876781.5279762223
876781.5279762223
876781.5279762223
876838.064471764
876860.4161095363
876860.4161095363
876860.4161095363
876860.4161095363
876860.4161095363
876860.4161095363
876860.4161095363
876860.4161095363
876860.4161095363
876860.4161095363
876860.4161095363
876860.4161095363
876860.4161095363
876860.4161095363
876860.4161095363
876860.4161095363
876860.4161095363
876925.8261447597
877037.666852589
877100.0621948517
877101.2394654604
881479.3878315085
881591.4320861254
883182.0842151912
883288.1816028545
883288.1816028545
887157.4630001757
887813.2687444128
887842.8380412442
887860.5246066977
887860.5246066977
895987.3501478465
896026.299100696
896151.8544609906
896153.1307543609
897423.8128347558
897468.2630521321
897561.1243973441
897596.7725914776
897598.092894964
914202.9337021218
914240.2102705553
914466.9393867617
914466.9393867617
919834.3141374858
926636.8477754261
926701.751694313
926924.6739354671
926940.6276025948
926942.2229693076
927595.0030180549
931377.4799624081
931394.4513634732
931433.1252530965
931448.0776900802
931555.7704444564
931556.6286417225
938624.1911995049
938674.0711649691
938741.0600631117
938741.0600631117
940020.3241161684
940110.2147785359
940110.2147785359
940110.2147785359
940110.2147785359
940110.2147785359
940110.2147785359
940110.2147785359
940110.2147785359
940110.2147785359
940110.2147785359
940110.2147785359
940157.4156281756
940157.4156281756
940157.4156281756
940157.4156281756
940157.4156281756
940157.4156281756
940157.4156281756
940157.4156281756
940157.4156281756
940300.668556453
940300.668556453
940300.668556453
940360.5168132398
940368.8677327915
942363.1311363932
942688.7014723524
942729.3668197342
942729.3668197342
942729.3668197342
942729.3668197342
942729.3668197342
942729.3668197342
942729.3668197342
942729.3668197342
942729.3668197342
942806.9346495618
942875.9205067276
942875.9205067276
942875.9205067276
942875.9205067276
942875.9205067276
942875.9205067276
942875.9205067276
942875.9205067276
942875.9205067276
942875.9205067276
942875.9205067276
942875.9205067276
942876.8172128455
942929.7228737995
942929.7228737995
942968.8368645849
942968.8368645849
943048.0880813577
943048.0880813577
943375.6278700173
951526.3839118575
951535.7910741982
951610.8723324598
951610.8723324598
952869.5616561862
952874.3147487374
952891.4951978545
952891.7427547582
956052.0101773394
956056.0591080311
956174.682875022
956174.9744420418
958328.4224359905
958340.7672735886
958350.8675952598
958350.8675952598
958350.8675952598
958350.8675952598
958350.8675952598
958350.8675952598
958350.8675952598
958350.8675952598
958350.8675952598
958350.8675952598
958350.8675952598
958350.8675952598
958350.8675952598
958361.0229295762
958397.7383690279
958397.7383690279
958397.7383690279
958397.7383690279
958397.7383690279
958397.7383690279
958642.1980608042
958651.1926283055
958667.9824876412
958669.7814011414
958679.4911330313
958718.2090327708
958718.2090327708
958720.8826473308
958736.3522031801
963502.4167360691
963508.3030891129
963583.5603878391
963620.8369562725
963622.168262288
968412.416354037
968436.258834496
968438.4263327195
968566.2537152638
968584.2098426791
968584.2098426791
968584.2098426791
968584.2098426791
968584.2098426791
968584.2098426791
968584.2098426791
968584.2098426791
968584.2098426791
968584.2098426791
968584.2098426791
968584.2098426791
968584.2098426791
968584.2098426791
968584.2098426791
968584.2098426791
968584.2098426791
968584.2098426791
968584.2098426791
968584.2098426791
968607.205128401
968608.415406597
968656.8265344326
968749.3302974503
968754.1989165565
968754.1989165565
968754.1989165565
968754.1989165565
968754.1989165565
968754.1989165565
968754.1989165565
968754.1989165565
968754.1989165565
968754.1989165565
968754.1989165565
968754.1989165565
968754.1989165565
968754.1989165565
968754.1989165565
968754.1989165565
968754.1989165565
968754.1989165565
968754.1989165565
968754.1989165565
968754.1989165565
968770.6476974916
968770.6476974916
968836.195264328
968837.4110437885
968995.484378701
968995.484378701
968995.484378701
968995.484378701
968995.484378701
969046.8606881165
969046.8606881165
969088.8958503656
969088.8958503656
969088.8958503656
969088.8958503656
969088.8958503656
969088.8958503656
969088.8958503656
969088.8958503656
969088.8958503656
969088.8958503656
969088.8958503656
969088.8958503656
969088.8958503656
969088.8958503656
969088.8958503656
969088.8958503656
974990.8504802146
975053.6969261684
975053.6969261684
975053.6969261684
975053.6969261684
975053.6969261684
975053.6969261684
975053.6969261684
991590.2010253746
991668.2309614223
997122.4816815532
1011061.9488229586
1016263.6254861361
1016336.1266513345
1016336.1266513345
1032320.2102705552
1032320.2102705552
1032380.9442309309
1033408.4704192422
1033408.4704192422
1033412.9429473025
1043941.1914822088
1043944.2666890792
1043975.5193728559
1043975.5193728559
1043975.5193728559
1043975.5193728559
1043975.5193728559
1043975.5193728559
1043975.5193728559
1043975.5193728559
1043975.5193728559
1043975.5193728559
1043975.5193728559
1043975.5193728559
1043975.5193728559
1043975.5193728559
1043975.5193728559
1043978.7321113396
1043978.7321113396
1043999.6149114831
1043999.6149114831
1043999.6149114831
1043999.6149114831
1043999.6149114831
1062941.8439933069
1110330.1272167421
1126068.733410249
1148848.985704353
1151364.119835879
1167677.1185598911
1189880.453243072
1194219.7406765027
1202969.105815295
