67715.39513596529
67715.39513596529
67715.39513596529
67715.39513596529
67715.39513596529
67715.39513596529
67715.39513596529
67715.39513596529
67715.39513596529
67715.39513596529
67715.39513596529
67715.39513596529
67715.39513596529
67715.39513596529
67715.39513596529
67715.39513596529
67715.39513596529
67715.39513596529
67715.39513596529
67715.39513596529
67715.39513596529
67762.71701342461
67796.12069163121
67797.51251155647
82456.25348604437
157502.06159888138
182549.1209437725
182549.1209437725
182569.91572368372
182590.71050359492
182590.71050359492
182590.71050359492
182590.71050359492
182590.71050359492
182590.71050359492
182590.71050359492
182590.71050359492
182590.71050359492
182590.71050359492
182590.71050359492
182590.71050359492
182590.71050359492
182590.71050359492
182590.71050359492
182590.71050359492
182590.71050359492
182635.2707462618
182635.2707462618
182635.2707462618
182635.2707462618
182635.2707462618
182635.2707462618
182635.2707462618
182635.2707462618
182635.2707462618
182635.2707462618
182635.2707462618
182635.2707462618
182635.2707462618
182635.2707462618
182638.48348474546
334329.3173083535
411131.2005745765
411360.20721429714
411360.20721429714
411511.5084925771
417395.39696972014
418953.091023006
419181.9106197327
426721.3166359767
426822.41337418533
426823.71717387816
427058.97325010126
427121.42910627375
427121.42910627375
427388.8400736558
427459.146234308
427495.7846560564
427667.50662825967
450496.984237349
472145.80796002416
472470.15151399386
472513.95258215605
472513.95258215605
477712.1964562688
485255.76142849505
485374.0386158207
519035.5610907785
522335.41209819756
522336.1547689087
522336.1547689087
522336.1547689087
522336.1547689087
522336.1547689087
522336.1547689087
522336.1547689087
522336.1547689087
522360.89945675014
527018.005944422
527798.1182619061
581510.1765753101
581585.1148006938
581738.0719595964
581738.0719595964
581742.5114800694
598485.1314573003
602527.7576998601
604633.4217101291
613424.4424239183
626850.3885268072
626850.3885268072
626850.3885268072
626850.3885268072
626850.3885268072
626850.3885268072
626850.3885268072
626850.3885268072
626850.3885268072
626850.3885268072
626850.3885268072
626850.3885268072
626850.3885268072
626850.3885268072
626850.3885268072
626850.3885268072
626850.3885268072
626850.3885268072
626850.3885268072
626850.3885268072
626850.3885268072
626850.3885268072
626850.3885268072
626850.3885268072
626850.3885268072
626850.3885268072
626850.3885268072
626850.3885268072
626850.3885268072
626850.3885268072
626850.3885268072
626850.3885268072
626850.3885268072
626880.2053805423
626907.040548904
690205.6464367851
700694.7149657317
714114.5271586733
714132.1642127461
766981.1291345442
767027.422275537
767027.422275537
777675.6698935658
851233.8205518074
858853.7045668137
862871.6356329129
866518.4293889776
871128.5385737972
888351.182389841
888519.5210843604
888628.941235798
888628.941235798
888653.6969261684
888869.32449056
888965.4645894299
939746.4711680254
942653.2183161547
950298.8812567333
1010332.8662352249
1010332.8662352249
1010332.8662352249
1010332.8662352249
1010332.8662352249
1010332.8662352249
1010332.8662352249
1010332.8662352249
1010332.8662352249
1010352.9348482186
