144465.54451057847
157545.74163922403
157599.1974266307
157599.1974266307
157606.82217926483
157948.8963088043
170965.9664270051
178340.98365665996
178340.98365665996
178346.42990854147
182403.2274085224
182403.2274085224
182405.15285110677
182451.08840990535
192599.17756095325
197066.47391865772
216282.65497138578
258581.50383178357
306739.7385371221
318576.6883915678
377353.5188991358
377506.7181136775
377508.0714247511
378339.70308452845
379213.93653680116
379263.57994789083
379264.63619068
397219.57533294114
397219.57533294114
397219.57533294114
397219.57533294114
397227.33211592387
417459.89379503205
417508.45895827445
417634.45992099575
417634.45992099575
419805.3689285523
419824.4913240474
419824.4913240474
419824.4913240474
419824.4913240474
423588.0824272802
423727.0608730201
423727.0608730201
453469.5705193347
522380.38493570394
522380.38493570394
522380.38493570394
522380.38493570394
522387.6796124664
522563.65956341353
738411.412067635
738606.1568318829
738606.1568318829
738606.1568318829
816582.6205884825
816582.6205884825
816582.6205884825
816582.6205884825
816641.170546841
980262.8223015151
997241.9581445457
997245.8420373016
1006095.880316934
1007630.0729681614
1007746.1276446184
1008218.6202522941
1008218.6202522941
1015745.45037783
1015745.45037783
1015829.0916036951
1041749.6637352058
1053779.1248405015
1109377.4787399047
1117850.900450034
1117939.008702695
1117939.008702695
1117958.175108306
1127644.1415353112
1127644.1415353112
1127644.1415353112
1127644.1415353112
1127644.1415353112
1127644.1415353112
1127644.1415353112
1127644.1415353112
1127673.91437893
1151544.6053224734
1151544.6053224734
1151544.6053224734
1151544.6053224734
1151544.6053224734
1151544.6053224734
1151544.6053224734
1151544.6053224734
1151549.2923998502
1200087.4609372015
1200154.2242834985
1200155.440062959
1201933.2452112257
1202113.582163678
1202113.582163678
