25305.783127127845
25363.47462919844
25479.66012125715
25517.04498941482
25609.155843947872
25653.30651541016
25706.861053905945
25751.88339327865
438340.31867635617
471945.60710247926
471952.8571657341
514665.3642038376
584563.7913198326
584652.1018867563
587208.9114079729
587257.3927469901
587303.249858277
587303.249858277
587313.6499172081
674874.8776058598
674883.8848409341
674885.1715888018
697294.4806536228
697539.4792924424
719636.8603813227
719642.071940787
729437.7513940089
733208.7666424323
735025.456315717
735042.8896739252
736320.298242636
743036.905348318
743046.5674873249
749164.3110665568
749175.158489442
749205.3947583344
812110.2319131151
812135.7178224957
822238.210544184
822376.1416140076
856078.5587501482
856086.1132053717
856105.6173513671
856105.6173513671
870794.4161496849
876694.3073193074
876696.6732750641
876722.0623324547
876722.6296083964
880862.5540869043
897182.4372495828
897216.2247581102
897217.9173619363
897219.6099657624
897221.3025695883
897222.9951734144
920637.1620829584
954257.7531235088
954258.7908234021
954259.1367233666
954259.482623331
954259.8285232955
954260.1744232599
954267.7842224778
954268.1301224423
954268.4760224067
954276.0627616269
989493.4756220594
989496.7270817253
989509.7329203886
989509.7329203886
989517.882323551
