196221.24863423468
197034.68761222198
197035.86488283073
197113.55374047786
197558.00090159613
199494.82010100933
199495.9423589728
202523.75583554278
202623.74131831693
202659.65357314772
202673.4342407873
202731.36255625426
203547.38712856916
204087.49577854355
204120.5033657042
204133.31030952252
205756.0733196311
206000.97861383416
206002.08436800406
206108.36879866137
207540.08939554857
207682.26407597857
207682.26407597857
213276.78053774862
213283.4095615034
213290.03858525815
213311.0259094278
213340.29263671025
213598.2469303708
213603.2420785611
213797.62375935024
213863.24284262565
213874.02532109813
213880.49480818163
214161.16932433777
214176.7489054776
214205.31147090063
214502.3687528175
214673.0124771736
214842.31389298514
215178.5236745391
215196.9804170264
215213.75927383307
215362.78852986346
215364.16384599515
215468.14324681577
215510.40946217498
216080.04339886463
216573.97443440126
216613.58904025858
216654.40842304725
216743.92499942696
216743.92499942696
218697.0499468975
220545.2547773134
220580.5949006334
221301.08451317632
221328.50281557775
221494.69051566714
223135.0960811131
223508.4669045454
223546.6566828903
223667.24440131726
227371.72991847433
227408.63790218448
227419.00778581743
227585.83363259194
227587.68755873747
227961.93308322952
228239.70843298006
228902.88587168301
228971.7947111454
229234.65613276386
229234.65613276386
229316.87253111653
229534.19448498232
232484.81421771256
236237.73836902788
237515.77564009506
239558.15310324804
239577.253493685
239595.16010971967
239851.58505184177
239851.58505184177
239857.3613795949
246014.1290810596
246020.7305984917
246021.55578817072
246024.03135720777
246025.6817365658
246027.33211592384
246029.8076849609
246030.6328746399
246052.64343401155
246122.73504534722
246123.71427043297
247445.32155655223
247457.20428793007
252793.75545351047
252850.71554642075
252852.86654085072
252932.4533347596
253259.03040212716
253271.4852650158
253704.58881867985
253706.05215504396
254279.36093643747
254288.9551417722
262112.1603924235
264936.58661817404
264938.43504305504
264940.5915387495
264952.2982296625
264952.2982296625
279489.9618731806
287527.870475783
287560.2289137295
287571.1654276087
287699.96103270963
287699.96103270963
289045.9224168889
289045.9224168889
289045.9224168889
289045.9224168889
289045.9224168889
289045.9224168889
289045.9224168889
289045.9224168889
289045.9224168889
289045.9224168889
289067.04727267165
289076.65248053544
307831.8110621261
333787.62429419544
334712.6234155212
335266.8428090068
343985.92898784374
369003.1494739416
369012.19905408815
369042.1424369074
369043.53975809715
388113.27714912244
388121.5290459126
388136.65752336127
388138.03283949295
388142.15878788807
388151.7860008099
388155.911949205
388165.53916212684
388168.2897943902
388177.9170073121
388182.0429557072
388191.67016862903
388202.0675585846
388224.941816487
448215.4613039525
448243.45173786476
448244.6180059444
448737.37727213686
448754.1891365307
448785.61235950765
448785.61235950765
455749.2230227921
455795.5271663139
455796.7099381872
469061.95860298444
469093.0682538834
469172.9466148122
469268.6026024038
470394.01279044006
482074.3636488665
487220.8021149306
497403.20265283197
507172.46922730154
507181.71135170653
515609.4725662635
516904.5912636863
516961.7769084422
516978.17067673197
517289.5092413603
519661.9130647392
521982.35744466266
521992.9638826703
521993.58002429723
563298.8179921913
568548.9552945851
568588.168308132
592545.5811856753
592553.943107756
592554.7792999641
592556.4516843802
592557.2878765883
592558.9602610044
592558.9602610044
592560.6326454205
592561.4688376286
592563.1412220447
592564.8136064609
592565.6497986689
592567.3221830851
592568.9945675012
592570.6669519173
592572.3393363336
592574.077735924
592574.9469357192
626536.0462717472
626543.6105104715
626548.1490537061
626552.6875969407
626554.2004446855
626557.2261401752
626557.2261401752
626558.7389879201
626560.251835665
626561.7646834098
626561.7646834098
626563.2775311547
626564.7903788995
626566.3032266444
626567.8160743893
626567.8160743893
626569.3289221341
626572.3546176238
626573.8674653687
626783.3336134903
626783.3336134903
653615.4157657073
661214.1969299888
661257.6294134277
661257.6294134277
661267.8397603893
669283.2646948709
669334.6960169317
669364.7989364222
669399.1213258047
669409.7112600188
669612.6749134697
669612.6749134697
669727.5358155243
669736.2168109475
669747.7914715118
669765.1534623583
684904.49040717
684917.3963737498
684949.6612901994
684949.6612901994
714970.3478785749
714995.527166314
715006.1721131733
715059.3693411471
715059.3693411471
734068.3177591516
781255.370227462
781276.9791945232
781276.9791945232
787439.2866693664
787448.1217001964
787450.531254059
787469.00450034
787473.0204234446
787477.036346549
787479.4459004118
806330.876611221
806336.0753061988
806336.0753061988
806339.5411028507
806341.2740011766
806346.4726961544
806348.2055944804
806351.6713911323
806355.1371877841
806393.2609509546
806393.2609509546
806394.9938492806
831151.5534195708
849998.1815264481
850023.2672926902
850023.9879583432
869393.703802749
878169.4475049473
902440.5259820139
925409.4166367408
983168.1501233964
983276.2279662895
983295.6804376562
983431.4406436479
983447.6143613567
983455.1620962874
983461.6315833709
983470.2575661489
990316.7683127163
1011692.6577984245
1011700.9977154471
1011730.1874250262
1011730.1874250262
1016032.9464619993
1034051.095133673
1052386.0341231213
1054274.7117566606
1077811.7950167712
1077822.9295761734
1088198.0944230931
1093768.9224398108
1094051.3628618799
1108633.0916342575
1112048.958809282
1123850.414505001
1133431.416804835
1191131.7268622161
