197047.63758891803
197048.81485952676
197124.00614307873
203519.3966946569
203659.03529214006
203845.74821017886
203845.74821017886
203861.96593800382
228462.85072471522
228857.69298359554
228857.69298359554
313072.5412021791
335730.45087447186
380830.8902115695
381462.4793893596
393693.77088761376
450060.10131495504
450101.7348848937
450101.7348848937
450105.5197548881
451199.64425156056
451268.87216436554
451268.87216436554
455723.8731958527
465617.89744726045
493988.6447787651
494001.45172258344
517363.94135040767
528528.4936468035
529161.5296571642
529182.6930217989
529203.5483156198
538611.5138410288
538657.8895009895
538785.7663949144
538785.7663949144
557014.3219309438
558457.4026390788
567786.4800311738
578334.538619641
589147.9231962346
591249.2522100566
609552.2343538689
624057.2865012721
637823.8929087172
667995.8202614629
688723.0776518768
748506.6945804904
748511.4036629254
759639.5815982702
784753.0192009413
928952.1319692235
1020614.1795093177
1020620.2309002972
1020647.0385623362
1020647.0385623362
1088101.167643396
1088171.138226912
1111352.6857631858
1154755.7979507789
1154763.059619954
