383.39962866464447
403.1546695802994
438.8468738300262
547.2107824784725
40478.10634249956
40487.386975756235
123710.12614705187
144017.43900854987
144048.52115312617
144294.2626395373
144295.88551257268
146839.53269814103
196450.8494105242
197039.39669465693
197040.57396526565
197117.7347015182
199513.8984863882
199516.14300231513
202678.79797370092
203576.38429388977
206117.44588513055
207692.9695367477
207694.49888828612
211612.37295517235
213436.58677098693
213448.95361364313
213563.2808930386
214919.5956570573
216785.4980554558
216828.98555153995
216830.3883739943
216833.19401890296
216833.19401890296
216834.59684135727
216837.40248626593
216838.80530872027
216838.80530872027
216841.61095362893
216841.61095362893
216844.70266429297
216846.3915525027
223515.81109268864
242017.52091626616
242028.2318782998
242032.12677358475
242035.04794504849
242036.0216688697
242038.94284033342
242039.91656415467
242041.86401179715
242042.83773561838
242046.73263090334
242047.7063547246
242049.65380236707
242050.6275261883
242052.57497383078
242055.69419081748
242057.83968398292
242059.98517714837
242063.20341689652
242064.27616347926
242066.4216566447
247392.44340192087
307831.8110621261
355342.42040357884
355391.4531743061
355392.19584501715
369058.91029118496
369263.3152759419
369263.3152759419
448200.2998189167
448211.9624997135
448742.76851137314
448752.6927925794
455736.5481093224
455747.1105372138
469601.74817961635
507022.00414122967
516929.20942244364
516972.9719817542
517021.02552739554
517076.4782738254
517077.44099511765
519637.98256404774
521977.81340016355
521981.05914623436
593089.7332650769
611581.903895965
611583.5542753229
611589.7982105608
611589.7982105608
668970.6553381368
668987.4341949434
669818.3121814806
669833.4626639873
669855.3466942748
669867.1304028912
670000.9981738857
670002.4890165726
670023.3608141871
670027.8333422474
670030.8150276209
670033.7967129945
670053.1776679222
684811.4805278159
687928.6675478877
733980.5395823623
734038.8749914042
734096.4677297351
734306.7425637421
734306.7425637421
743353.3630299743
743375.5716348689
743383.6474911942
743393.7423116008
743401.8181679262
743417.9698805767
743436.1405573087
743444.216413634
743450.2733058779
743457.5019674662
743462.2880676045
743468.6695344555
743475.0510013066
743479.837101445
743644.8475309255
743644.8475309255
849534.4634356926
849988.7743641073
851780.1621344907
857432.8379648377
925420.2101177424
925436.768923968
925438.4248045905
925441.7365658357
925443.3924464582
925445.0483270808
925446.7042077034
925448.3600883259
925450.0159689485
925450.0159689485
925453.3277301936
925454.9836108162
925456.6394914387
925516.0861559149
925516.0861559149
936764.9783387709
936787.1209284911
936788.0836497834
951484.6568204219
951780.7568823112
958499.8418386448
958538.7137737911
958558.4743159713
958558.4743159713
958563.4914692197
964099.0398765272
964106.3675608769
964135.9093513855
964135.9093513855
983196.9547444587
983271.3648484478
983271.3648484478
983275.0121868291
997674.7866349835
997694.1510861177
997779.4206862827
997779.4206862827
1054764.3298008083
1054773.4398948648
1054878.0794474285
1054878.0794474285
1110012.4787017016
1122728.0795238349
1133618.3057633387
