24981.792342545403
25003.082236264032
25008.396457796898
25123.39489146464
25134.617471099264
25161.271097731496
25312.748416476286
25314.178745253248
25395.157359087403
25426.927161729538
25559.645168438026
25731.196601441028
25742.056097616885
25784.27280159537
25792.744748966605
25887.608554466344
25887.608554466344
25915.290917565082
67097.9772155961
73037.20841387847
73047.49577854354
73062.45921805638
73071.2392362411
73813.21678802559
77930.25313457468
78207.36283131747
78574.75928147373
78574.75928147373
78584.99163349353
78597.93060766053
78664.05580727237
78665.28809052636
94126.90011384562
94131.1690951184
94135.43807639118
94135.43807639118
94135.97169905026
94137.03894436847
94137.57256702756
94138.10618968666
94138.10618968666
94138.63981234576
94139.17343500485
94139.70705766395
94140.24068032306
94140.77430298214
94141.30792564125
94141.84154830035
94142.37517095944
94142.90879361854
94142.90879361854
94143.44241627763
94143.97603893673
94144.50966159583
94145.04328425492
97277.15523498804
105243.56940380046
105262.87884228944
113752.80434599897
113790.13592707767
113808.80171761704
137528.22439046754
137674.1344295112
137696.66210774836
137711.44950679634
137757.66012882127
137759.58557140562
137792.31809533996
137794.24353792434
137798.09442309308
137800.01986567743
137801.9453082618
140619.38492806331
140656.72201040655
140693.28891571602
140926.97163028448
174653.26599378051
184133.01201873485
184163.6320570909
196365.13970919704
196375.96619778575
196394.91255281595
198015.17798882938
198017.53253004685
203503.60256420053
203933.7904476654
212590.74534493693
212604.14642532414
212627.11970598798
212646.30811665737
225858.04598140265
468014.0502296014
468556.2328563024
517132.6076757921
528518.4758441002
580675.9923287922
700225.1160231971
763537.034971233
763546.4421335738
763548.0099939639
763549.577854354
763551.1457147442
763552.7135751343
763554.2814355245
763555.8492959145
878074.1766058726
881229.6304219929
1107256.5102117222
1107275.8691615919
1107275.8691615919
1107275.8691615919
1107276.8648904713
1107276.8648904713
1107276.8648904713
1107277.8606193506
1107277.8606193506
1107280.8478059887
1107281.843534868
1107281.843534868
1107282.8392637474
1107282.8392637474
1107283.8349926267
1107283.8349926267
1107285.8264503854
1107288.8136370233
1107292.7965525407
1107292.7965525407
1107293.7922814202
1107293.7922814202
1107294.7880102994
1107294.7880102994
1107294.7880102994
1107295.783739179
1107295.783739179
1107298.7709258168
1107298.7709258168
1107299.7666546963
1107299.7666546963
1107300.7623835756
1107301.758112455
1107301.758112455
1107301.758112455
1107305.7410279724
1107305.7410279724
1107305.7410279724
1107308.7282146104
1107311.7154012483
1107316.6940456452
1107316.6940456452
1107317.6897745244
1107318.685503404
1107319.6812322831
1107320.6769611626
1107323.6641478005
1107323.6641478005
1107324.65987668
1107324.65987668
1107324.65987668
1107325.6556055592
1107325.6556055592
1107326.6513344387
1107328.4117390872
1107328.4117390872
1107329.2919414116
1107329.2919414116
1107330.172143736
1107330.172143736
1107331.05234606
1107331.05234606
1107333.692953033
1107338.9741669786
1107338.9741669786
1107338.9741669786
1107339.854369303
1107339.854369303
1107340.7345716273
1107340.7345716273
1107341.6147739515
1107343.3751786002
1107343.3751786002
1107344.2553809243
1107344.2553809243
1107344.2553809243
1107345.1355832487
1107345.1355832487
1107346.015785573
1107346.8959878972
1107347.7761902215
1107348.656392546
1107348.656392546
1107348.656392546
1107349.53659487
1107350.4167971944
1107355.69801114
1107355.69801114
1107356.5782134645
1107356.5782134645
1107357.4584157886
1107357.4584157886
1107358.338618113
1107358.338618113
1107360.9792250858
1107360.9792250858
1107361.8594274102
1107361.8594274102
1107362.7396297343
1107362.7396297343
1107362.7396297343
