590.5204193076237
614.2906648645705
627.8222714738221
637.5950984693927
710.1326270141466
1517.8413279996414
1517.8413279996414
37886.93042606548
37941.75326443091
37942.89242831383
37945.17075607967
37946.30991996259
37953.1449032601
37954.284067143024
60138.735095074444
60371.22137918003
60379.246258355255
60385.66616169543
63933.12395709559
63951.129203245044
64097.10821224165
64097.10821224165
77891.90318644329
77905.55009304069
77909.27197665816
77912.99386027563
78095.81352148583
78095.81352148583
79738.31719667294
83552.38546067147
99784.83433633647
99815.4856851862
99816.49110108285
99819.50734877285
99819.50734877285
99820.51276466952
102151.08526113846
102152.2105890228
102155.58657267582
102155.58657267582
106571.36857883156
106573.48087461447
106574.53702250592
106576.64931828882
106576.64931828882
106578.76161407173
106579.81776196318
106579.81776196318
106588.26694509479
106589.32309298623
106590.3792408777
106590.3792408777
106591.43538876914
129218.283247232
129236.74969333406
129243.85217260408
129905.48040060341
129905.48040060341
130016.62497718021
152140.95859129037
166022.52372457393
166057.85625294253
166057.85625294253
171721.19796687688
171743.69530056466
171743.69530056466
171746.19500430775
171747.4448561793
171749.94455992238
171749.94455992238
171754.94396740853
171797.31440705378
171798.1353429694
171824.85265622346
173075.47473168734
173090.60209013257
173095.3293896467
173155.21620349167
173155.79270343244
174547.9293723517
181429.67834506085
181432.6669207537
181450.42773092826
181453.70686259124
181456.25729832912
181459.5364299921
181460.62947387976
181494.35702641332
181494.35702641332
211086.04825304504
211151.58937830885
211396.2928491588
211396.2928491588
211408.45930390834
226063.17081372967
226103.29520960577
226103.29520960577
226108.1101371109
226109.71511294594
226112.92506461602
226112.92506461602
230986.92305967733
239614.14782099036
239616.06641279318
239617.0257086946
239620.8628923002
239621.82218820162
239623.74078000442
239625.65937180724
239627.57796361003
239963.46527708828
241615.55268729042
241621.36380669317
254876.79004832995
254938.31873400614
254971.88486655627
255008.93767074807
255527.0543094972
255528.47019335168
293632.6442450894
293638.14174852433
302722.1297188922
302799.17317097384
303044.3424537759
303045.7952336266
303064.6813716855
315218.28709056496
315681.92217891355
315681.92217891355
334437.139407294
334481.16094276955
334490.5694218026
334535.94688513875
334629.2706955472
334645.1544219147
334707.74847948144
336127.09594560403
336128.419589468
339471.48278987536
343587.6923668205
343603.6314371823
343603.6314371823
343699.1551713646
347706.66914348124
349770.1699713992
349808.04832350614
349989.22150088556
349989.62735684385
354728.5076017923
354752.1671593606
354755.28025904065
354757.1481188487
354762.12907833676
354769.6005175689
363511.9085030538
396019.38423400774
396038.8145880107
396150.7801005032
396164.8743710546
396208.55923056474
396220.845597302
396642.82510593184
397103.3517066
397103.3517066
417171.9787719911
450498.32424278336
450737.7884821717
450737.7884821717
461759.6833093659
462196.47656047327
462200.51667205803
462213.9837106739
463164.5398729778
483749.94609725557
483813.7162147014
483813.7162147014
487808.6255921135
487920.60955260403
487923.976312258
488019.66146642365
488359.5842794872
488359.5842794872
488444.73101473594
494267.1267563231
508295.6809264994
509814.41698240716
517856.2268078878
517905.81502679124
517906.9588026737
518038.4745811568
526708.6278340577
526716.4636212523
526716.8833132093
526717.722697123
526717.722697123
526718.5620810367
526718.5620810367
526719.4014649504
526720.2408488642
526721.0802327779
526721.0802327779
526721.9196166917
526722.3393086485
526722.7590006053
526723.5983845191
526724.4377684328
526724.4377684328
526725.6968443034
526726.1165362602
554003.4971767516
573700.641516323
573721.3401701956
573729.9646093092
573733.4143849546
573774.8116926999
573776.5365805227
586535.3196532034
604409.4651041382
606092.079339203
606162.0572080107
606171.1659070746
606171.1659070746
606531.0125580904
606531.0125580904
607368.74537599
607373.3112555208
607735.2794263185
607735.2794263185
608610.8583123285
608641.6111251677
609110.5223409741
609110.9051369347
628465.9590236653
628488.3917893597
628883.2066207816
628883.2066207816
628893.1915997553
644124.9518782689
645231.7764205119
645387.071668551
645387.071668551
645459.3232531251
654889.884539873
654938.3520428917
654947.7328499275
655549.0868561215
655549.0868561215
663387.0693625512
663403.3958408732
663405.0284887054
663406.6611365376
663409.926432202
663411.5590800341
663414.8243756986
663414.8243756986
663416.415515535
663419.597795208
663419.597795208
663421.1889350445
683019.3828247857
683045.9341060567
683248.3409292538
683423.2187272804
683424.8698231106
683482.971793139
693091.547037591
693118.8592987839
693121.0038785635
693122.69187039
693127.7558458695
693131.9758254358
693133.6638172624
693157.2957028336
693173.1425332048
693174.8997050242
693195.985766857
693196.5714907969
693207.3266736914
693530.2035365069
694444.5970105275
694556.0183070758
694574.9690131282
694912.2260904657
694912.2260904657
776574.3282014163
776592.3887915601
777204.2627686729
777204.2627686729
793221.7278984335
803632.154604473
803635.4752441318
803640.327067633
803641.5400235085
803643.9659352591
803645.1788911344
803648.8177587604
803651.2436705111
803653.6695822618
803656.0954940125
803657.3084498878
803658.5214057631
803660.9473175138
803663.3732292645
803664.5861851398
803673.0768762671
805548.2144195447
805548.2144195447
805603.0326459105
806129.9950997506
806132.6792834747
806147.3546659664
806148.5537858431
806150.9520255966
809541.1406371605
809616.8881173753
809627.458820289
810524.5619080866
810738.6693740812
811673.7476659759
811673.7476659759
811692.6937600287
811781.8529348652
820063.3160917148
820100.3965679037
820255.0369120102
820259.4090875607
821461.7758119842
821839.9966691114
822901.9510679662
822903.4868638082
835875.768618546
835884.457625653
836014.7927322574
836123.3960970953
849577.7978342818
849594.6224085527
849973.6180816004
849973.6180816004
863672.8616496226
864239.3627753988
866496.2355194425
866504.7953905626
866745.486421825
866745.486421825
866754.4705969016
887336.4039855363
887337.6768974054
887340.2227211437
887341.495633013
887342.7685448821
887345.3143686205
887347.8601923588
887349.133104228
905642.9797360272
905642.9797360272
905645.6362477541
905646.9645036176
905648.2927594811
905649.6210153445
905650.949271208
905652.2775270715
914603.098623126
952353.9197191804
984920.1431000964
985727.9440410724
985736.6376601789
985767.9024049656
985778.1410439132
1004730.8025840009
1033766.0837398191
1034685.2091253535
1053212.39987317
1053266.7338395857
1053507.3971988508
1053507.3971988508
1195381.2146853753
1195805.638553754
1195805.638553754
1198957.386789824
1209549.7107571687
