83877.21781128594
83887.23046225686
83887.23046225686
83917.32375916395
102402.78974726883
102406.08271493038
102411.57099436631
134009.94321475585
134044.3625672183
134044.3625672183
134054.18612620866
134068.62168472502
166819.11289470227
181997.5630706949
182007.63567765965
182008.3551495857
230273.72345297842
230375.67631449993
230402.17686377626
230402.17686377626
354911.07360302855
354914.78626264696
354916.3774024834
354917.4381623744
415260.39720845915
418523.2531251101
418533.22888008476
418534.1651159886
418582.8493829849
418590.47301820136
418603.8478168267
418614.547655727
438688.7552405446
445846.88289684814
445870.7269343975
462185.7029295805
462191.0897450269
483925.1651832469
513552.03213026334
513563.6497570693
513563.6497570693
513564.70590496075
573039.3130682928
573125.5251754321
573344.4383449326
591234.9333341874
591244.803013173
591244.803013173
604272.8484541795
604300.096147379
650704.2459220637
650714.2078410398
650715.314720926
693120.1598826502
693137.0398009154
693178.9997726028
771862.7556056612
771874.3317244714
771874.3317244714
776457.2618174481
803038.3319935048
803047.2054805928
803048.2524044852
803050.34625227
803051.3931761624
803052.4401000548
803053.4870239472
803056.6277956244
803059.7685673016
803135.3915235293
803135.3915235293
809942.0340839577
833886.7423589737
833904.544677144
833994.2388439254
833994.2388439254
834019.9369052843
834023.4789209203
834025.2499287382
834028.7919443742
834034.1049678281
834035.8759756461
834039.4179912821
834041.1889991001
834044.731014736
834048.273030372
834051.815046008
834055.3570616439
834064.2121007338
834065.9831085518
834067.7541163698
834069.5251241877
851591.9687152699
853376.4251238675
863334.5438123941
863345.0591713134
863434.7164420986
863434.7164420986
976508.2525966518
976522.1024312284
976986.0096275491
978296.1403328966
979346.2926249644
979346.2926249644
979346.2926249644
1040610.0650484101
1040618.7909515132
1040621.964007187
1040621.964007187
1040626.8527266845
1125356.6170983477
1125360.048425995
1125360.048425995
1132695.0831601166
1132736.2129718894
1132812.0526920946
1132812.5138920473
1132815.7422917155
1132816.203491668
1132816.6646916207
1132818.509491431
