829346.0812416527
834010.5468742494
843902.2758295995
843910.44368076
849214.7689035932
849442.5371121836
849492.5127390473
858029.0748136785
863626.3726944005
865872.3426715648
865880.4090587357
866414.6215758306
866443.1652408969
866443.1652408969
873281.0494861144
884343.4791771425
884375.8461898158
889321.3071175322
889358.332249727
893656.1900400027
896758.1932491857
921235.23234549
921243.3725246534
921259.6528829802
921261.2809188128
934819.5587213231
952255.4765892982
952283.743534393
967055.1663042189
975946.603294377
976208.3527154749
976215.2614907648
976216.2484586634
976224.1442018518
984612.5504037101
988453.5711929385
988460.0510522726
988473.0753389338
988473.0753389338
992293.0515743252
992421.9569610767
992421.9569610767
1004106.1994881962
1004190.5437355274
1021054.3568983022
1021066.8092970224
1021068.0545368944
1021070.5450166385
1021071.7902565105
1021074.2807362545
1021163.7996470538
1021164.9572589349
1021166.1148708159
1031765.6197214224
1031996.2565937181
1031996.2565937181
1032001.219105208
1032002.4597330805
1032004.9409888255
1032006.1816166979
1032028.5129184028
1032033.4754298928
1070761.3071175325
1070768.0959808347
1070773.1876283113
1070777.559803862
1070780.838935525
1071862.9108763118
1082356.745593779
1082367.9112446313
1082369.1518725038
1082401.4081971885
1082401.4081971885
