15959.981167668599
15975.348350089194
28231.1882624612
34521.55898395088
52670.61189063156
52864.195958735414
52864.195958735414
56908.89648303008
56949.17768689007
56993.7618863078
56993.7618863078
56995.90185408786
83091.43455604701
83117.83825333329
83118.89440122474
83123.11899279055
83124.175140682
83125.23128857346
83131.56817592216
83133.68047170507
83135.79276748796
83136.84891537942
83141.07350694522
83146.35424640248
83148.46654218539
83149.52269007683
83150.57883796829
83151.63498585974
83152.69113375118
83153.73344564406
83154.77575753693
83155.8180694298
83156.86038132268
83157.90269321555
83386.81006568896
83494.30193864118
84554.19477370777
84713.15656137002
84714.44330923777
84733.74452725404
84735.03127512179
84906.91127345634
84906.91127345634
100747.80138936486
103451.41085549389
104420.0967879345
106929.46728202698
106935.96097735957
106935.96097735957
106936.77268927614
106937.58440119273
106938.3961131093
106939.20782502586
106940.01953694245
106940.83124885902
128036.33845670965
133423.08011107234
133791.68956118746
133831.0391411432
133831.0391411432
166903.1250780677
166941.97656207465
166946.29339363097
166947.37260152004
166962.8412479302
166966.41093556333
166975.93010258497
166983.06947785118
166992.58864487283
166994.96843662823
166997.34822838366
166999.72802013907
167005.67749952758
167285.86569473048
167285.86569473048
167304.52584481266
168153.032293605
168297.58158274856
168541.25196570467
168541.25196570467
174744.63576413467
176180.0422126068
210840.6114742705
215774.63003116302
215892.22218307716
216444.98416226552
216444.98416226552
224596.3243644889
224830.28187644324
224837.4028037114
224935.8966655884
224935.8966655884
240805.86082650878
251654.75955148306
251680.43916484376
251680.43916484376
253773.95949767638
253801.33632686266
254215.35552431067
254218.46401199116
254218.46401199116
254220.01825583144
254224.6809873522
254226.2352311925
254229.58354284836
254229.58354284836
254232.93185450422
254234.60601033215
254244.65094529977
255884.11070079973
255885.1530126926
261166.57965787934
264432.239670242
291051.7739223454
298766.0672134875
300292.5837125956
304905.1827985229
304911.3997738839
309381.3912224681
312282.44961230375
316028.3017913134
332044.80301317305
345736.74578594556
345747.288816862
345831.7253041838
345831.7253041838
346218.04944447824
346512.0690262596
346525.3792568916
346527.4269846811
377370.99475064775
377477.4212517095
378617.964122487
393298.93635760935
393523.19483456056
393524.8551543899
393982.8497673182
394277.478133037
394567.00562728
394567.00562728
394665.84538912144
398338.3022076745
398363.6266970717
398525.2957284557
398526.6239843192
398544.28794250375
398545.8145143468
398548.86765803304
398551.92080171924
398554.97394540545
398558.02708909166
398564.1333764641
398568.7130919934
398591.61166963994
398593.138241483
398596.1913851692
398599.24452885543
398603.82424438477
398608.40395991405
398612.98367544333
398616.03681912954
398617.5633909727
398619.08996281575
398623.6696783451
401557.6439087977
402466.78431535827
402942.81184643327
402942.81184643327
404737.50689397845
405286.83754551946
405286.83754551946
405303.44074381306
405364.8725774992
405434.6567423269
405434.6567423269
405561.366817304
413242.1308718921
413452.25357029616
413452.25357029616
417162.1644369998
426085.85775184236
428905.8141300135
429317.28289172373
429317.28289172373
431109.5704755164
431145.21200785326
431152.9601670569
431154.5097988976
431156.0594307384
431159.15869441984
431162.2579581013
431163.807589942
431165.35722178273
431168.45648546424
431170.00611730496
431171.5557491457
431174.65501282713
431176.20464466786
431179.30390834936
431182.4031720308
431183.95280387154
431188.60169939377
431190.1513312345
431193.25059491594
431194.80022675666
431196.3498585974
431200.45915017504
431202.4792059674
431204.4992617598
431206.51931755216
431207.52934544836
431209.5494012408
431210.5594291369
431211.5694570331
431213.58951282554
431216.6195965141
431217.6296244103
431218.63965230645
431220.65970809886
431222.67976389127
431223.6897917874
431225.7098475798
431227.7299033722
431228.7399312684
431230.7599870608
431232.78004285315
431233.79007074935
431362.9352814761
431390.4550826477
431392.1615224723
431392.1615224723
431393.8679622969
431408.3727008061
431409.2259207184
431410.0791406307
447963.2741353301
455486.99499405886
455606.88853373646
455606.88853373646
455642.124210115
455661.7528800976
459112.9444093918
459138.9284147212
459176.7975428291
459183.6694221229
459213.90569101524
459234.5213288964
459244.3541118858
459246.1251197038
459276.23225260945
459315.194424605
504367.2535222545
504379.9826409462
504415.8593852589
504420.23156080954
504425.69678024785
504431.16199968616
504435.53417523677
504526.8517658514
504528.0278257305
504857.8780318292
507672.46143055253
507698.3347478933
523615.5995759523
523615.5995759523
523615.5995759523
523623.9196230972
527056.9859942541
527074.5623244478
527084.8009633955
527085.4835393253
527093.6744504834
527175.1039141143
527175.1039141143
534344.5309692565
534361.0788235557
534427.1364927666
534427.1364927666
534770.2877054983
540750.4138308741
540909.1219585625
540910.5332304174
540914.7670459823
540916.1783178373
540919.0008615472
540920.4121334021
540921.8234052571
540926.057220822
540928.8797645319
540930.2910363869
540931.7023082417
540933.1135800967
540940.1699393715
540941.5812112264
540944.4037549363
540945.8150267913
540947.2262986462
568079.8132140192
572320.80043814
572334.7056167108
572339.3406762345
573494.1161775491
573494.1161775491
573576.9015690406
573583.52440036
573585.1801081898
582410.033661191
659623.6685253453
675904.1006440786
679028.1399869968
679079.2224937466
679620.7634780882
690425.7098475798
690524.0284534749
690524.0284534749
690780.852259079
690782.1528429454
693081.7926585936
693110.4055036528
693140.4157845684
693160.6716864866
693168.2676497059
693170.7996374456
693172.556809265
693183.0998401814
693206.4042737862
693209.6326734544
693213.7834730278
693214.2446729804
693255.7388327158
693264.2479718413
693269.6025032909
693307.5546473901
693375.4894004081
693408.6404530009
693409.2215649411
703286.1875098085
703301.4624522385
703391.866866947
703391.866866947
716618.4173795516
716635.9890977455
716637.1605456251
716638.3319935048
716640.6748892639
716641.8463371436
716643.0177850232
716645.111632808
716647.2054805928
716648.2524044852
716652.4401000548
716653.4870239472
716655.580871732
716658.7216434092
716659.7685673016
716661.8624150864
716662.9093389788
716665.0031867636
716667.0970345484
716672.3316540103
716674.4255017951
716806.0704162649
716806.0704162649
747860.0560486054
747869.4829756365
747873.5230872213
748176.6421440673
748178.7821118474
765909.7295895
765952.6257970913
765980.7128742045
765982.0503540671
766014.0945267736
766831.0641228074
766893.1600844252
768117.8304385563
768148.2742474274
768298.2241880159
770264.513289925
790743.9449890946
790794.5616838923
790795.6224437832
793234.5169731191
793291.1753872958
796711.8124197304
796716.5627792422
796809.162505725
796809.162505725
796832.3147433455
801209.4712534711
801544.3208670559
801584.4637109302
801603.594284964
801603.594284964
801605.8449407327
801617.0982195761
801619.3488753447
801622.7248589977
801624.9755147664
803901.8873967505
804146.7246155866
804158.9740863276
804244.9094734954
804246.694317312
807301.6274593327
904946.1435036464
915282.3354653155
1027306.1666917551
1034428.952595691
1142670.8150748329
