261807.3016920273
280219.95804361545
532591.307021449
532596.9521088687
540550.9679113728
801353.0612467132
803006.7029007556
803012.5601401535
887125.114451252
894866.6323755961
898210.6318119073
898647.8632029695
899912.9946289422
900663.7359117827
900716.2758103828
902398.9361654427
902501.1565229367
902885.0547514805
902911.2555207877
902911.2555207877
902943.3550374885
902943.3550374885
903155.4332236917
903210.9432499864
903292.8523615679
903294.5588013926
905107.1945270939
905207.8929247444
905207.8929247444
906839.5906850421
906877.9994170945
907193.3494966836
907193.3494966836
909212.6812051411
921777.7556857306
928693.8087109141
928693.8087109141
928693.8087109141
928693.8087109141
928713.3543649053
928751.3249570027
928814.6938304898
928814.6938304898
928818.2173981277
929124.661706632
939173.8258778012
939280.3769028501
939382.6018723437
939382.6018723437
939389.0817316776
939392.9696472781
940842.894670258
940968.1289053867
941047.1047852698
941055.9967203559
941055.9967203559
941055.9967203559
941116.3216741558
942897.2914111117
942897.2914111117
942897.2914111117
942897.2914111117
942897.2914111117
942897.2914111117
942897.2914111117
942908.2495219854
942957.0629249685
942957.0629249685
942957.0629249685
942957.0629249685
943039.5254764932
943039.5254764932
943112.3120530124
943112.3120530124
943191.7030128527
943191.7030128527
943203.9155875975
943242.9699995836
943242.9699995836
977567.176911818
1008375.158489442
1008392.9884796095
1008543.8239241069
1008547.9286036851
1139251.9352142178
1139315.9405436395
1139353.989539729
1139353.989539729
