9920.134260430645
9920.134260430645
9920.134260430645
9920.134260430645
9920.134260430645
9920.134260430645
9920.134260430645
9920.134260430645
9920.134260430645
9920.134260430645
9920.134260430645
9920.134260430645
9920.134260430645
9920.134260430645
9920.134260430645
9920.134260430645
9920.134260430645
9920.134260430645
9920.134260430645
9920.134260430645
9929.266019492103
9970.289755275773
9970.727895230742
9976.42371464534
10520.814914694023
10539.299808794187
10539.299808794187
14163.519724304917
14196.95210886881
14196.95210886881
17418.064817810005
17456.79638982926
17458.1523176899
19310.66339129293
19355.75952265805
19786.169766421444
19786.169766421444
20808.479417350725
20845.974973497014
20934.234808425867
20934.234808425867
22534.52485195161
22560.010761332225
22561.46354118291
26927.924824407728
26968.574988229793
26968.574988229793
26968.574988229793
30122.14496411288
30134.209954872866
30255.73153038315
30255.73153038315
30255.73153038315
30255.73153038315
30255.73153038315
30255.73153038315
30255.73153038315
30255.73153038315
30303.871581435422
30305.2874652899
30340.684561651862
30340.684561651862
30340.684561651862
32193.85515118711
32230.70502739976
32230.70502739976
38394.50864589772
38458.32488333882
38478.004285316216
38497.68368729361
38534.91635946692
38534.91635946692
38556.43133725567
38558.285361065115
50311.84162906071
50355.79398454339
50357.56038036184
63532.69171025112
63532.69171025112
63532.69171025112
63532.69171025112
63532.69171025112
63532.69171025112
63532.69171025112
63532.69171025112
63532.69171025112
63532.69171025112
63532.69171025112
63532.69171025112
63532.69171025112
63532.69171025112
63532.69171025112
63532.69171025112
63532.69171025112
63532.69171025112
63532.69171025112
63532.69171025112
63582.15079316783
63606.88033462618
63608.646730444634
63636.9090635399
70449.43192336394
77580.4271864561
77588.13844966356
77588.13844966356
77590.06626546542
77603.7639040576
77603.7639040576
77607.49962367365
99960.8282382482
99982.85514798433
99983.77293589
102950.71373895442
107269.8743550407
107298.15513613405
107298.15513613405
120271.35467877742
120271.35467877742
120271.35467877742
120354.51825423006
120373.18762831128
120416.90938381765
120418.00242770532
120494.15115187892
120528.13236438639
120530.0509561892
128206.29986324141
128245.73245918861
128245.73245918861
141688.56730156392
141714.44061890471
141811.12657696757
141813.14663275995
141835.36724647615
141839.4073580609
142065.681278805
152645.10087147576
180180.0340134965
180185.01036098503
180185.01036098503
187534.3007856413
187556.25851538454
187557.21319928643
192724.7234561812
192760.44800450953
192760.44800450953
200526.90762229005
200537.20621723158
201085.2086129091
201091.27339228577
201092.48634816112
201150.7082301772
201157.98596542922
201157.98596542922
201216.0833234581
201219.14107914382
201219.14107914382
201219.14107914382
201219.14107914382
201219.14107914382
201219.14107914382
201219.14107914382
201219.14107914382
201219.14107914382
201219.14107914382
201219.14107914382
201219.14107914382
201219.14107914382
201219.14107914382
201219.14107914382
201219.14107914382
201219.14107914382
201221.22570292957
201303.15326250927
201304.0479904173
201396.51858091334
201415.64915494717
201585.79504145996
201587.54760127983
201594.55784055934
202100.8954325191
202185.72855180013
202187.02452366694
206097.14690179325
222021.56494111696
222056.72221350358
222065.09299264324
222066.76714847118
222076.81208343877
222078.48623926673
222080.16039509466
222081.8345509226
222122.01429079298
222122.01429079298
222122.01429079298
222122.01429079298
225320.62044204734
225544.2609110621
225544.2609110621
231655.29403098367
231659.58319054285
231703.38335004117
231703.38335004117
237532.14826297364
247007.99477306718
247037.43777804112
247037.43777804112
249238.30239984114
254341.47065134885
260367.17716804013
260384.36147827396
260411.94123543936
260477.65300468565
260477.65300468565
260502.1150501715
260505.25120984917
260727.53575100328
271287.88472563407
271660.12843137566
271699.85619529255
271700.824715193
278424.56658414175
278443.9369821509
278444.90550205135
286393.2900531341
286446.1251197038
286446.1251197038
291214.0655736655
291219.71066108526
291288.44790202065
291288.44790202065
291288.44790202065
291288.44790202065
291288.44790202065
291288.44790202065
291288.44790202065
291288.44790202065
291288.44790202065
291288.44790202065
291304.9773083218
291306.0103962156
298576.4217929789
298801.1460818822
298801.1460818822
305797.3141508316
305881.4831421809
305986.0002754389
306023.74487955956
306025.3175713979
321291.56177036726
321328.254838596
321369.1724983906
321369.1724983906
323292.2748367384
323366.3112651291
323366.3112651291
338965.832385845
338974.52139295195
352717.99864842795
352719.60823626246
352719.76504424633
352730.04057919024
352739.8134061859
352746.27020552225
352746.4316255057
360235.8023117648
360258.9637733843
360260.25052125205
366149.7600799413
366166.8060301893
366166.8060301893
375474.40218557534
375554.93692129815
375554.93692129815
380680.1689785382
380683.1391062329
385454.90751980117
385493.0441438816
385493.0441438816
396825.33115117426
397002.27051298885
397004.34130077605
401418.70281107776
415153.42649145337
415177.0860490217
415186.28698807606
415195.57094312186
415195.57094312186
430274.5541253375
430280.9878646763
431882.69379205647
437506.64441803936
437513.53474533116
437558.2526927351
437558.2526927351
437560.68782848486
437560.68782848486
437569.81958754634
437569.81958754634
437569.81958754634
437569.81958754634
437569.81958754634
437569.81958754634
437569.81958754634
437588.9132655839
437593.05945315777
439610.2973138305
439620.7942247517
439621.1309007171
439879.9609261151
440655.89295036654
440658.80773406697
440659.1720820295
440669.7381729436
448061.70804121334
448082.75720705
448083.50896297273
450521.69785638107
450521.69785638107
450521.69785638107
450521.69785638107
450521.69785638107
450521.69785638107
450521.69785638107
450521.69785638107
450539.33875456796
450544.5272540347
450561.1304523283
450562.1681522216
450583.9598499819
450583.9598499819
450583.9598499819
450583.9598499819
450583.9598499819
450583.9598499819
450583.9598499819
450583.9598499819
450583.9598499819
450605.9129677256
453671.93335660687
453701.5792895599
453701.5792895599
459762.217090661
459858.5294767622
459858.5294767622
474832.48820577207
474836.7496933341
474865.1596104142
474865.1596104142
474870.84159383015
474876.2099612784
516811.6827072437
516816.0548827944
516829.5588174065
526745.1179743073
526758.5112209307
526759.0692728735
530355.132931278
530355.132931278
530371.3671696094
532522.2469405469
532552.4048054472
532553.516297333
538411.7518872366
538435.5451927913
538435.5451927913
541037.0080934186
541073.3275896857
541074.4898135663
550412.1838778589
550464.2625765064
550464.2625765064
554746.407284397
554765.6254864219
554778.437621105
554778.437621105
554778.437621105
554778.437621105
554778.437621105
554778.437621105
554778.437621105
554778.437621105
554778.437621105
554778.437621105
554778.437621105
554778.437621105
554778.437621105
554778.437621105
554778.437621105
554778.437621105
554943.7778041117
554944.8570120009
554944.8570120009
555096.5733484078
555127.7689132015
555129.4107850328
564579.2179458026
564600.8389995805
564711.937456162
564711.937456162
590178.2273907933
592600.2466138636
592618.8421959524
592642.0866735633
592642.0866735633
611959.7556921362
611972.4663628298
611972.7661427989
618001.9870031291
618023.2022009486
618024.2629608397
622915.472938132
622915.472938132
622915.472938132
622915.472938132
622915.472938132
622915.472938132
622915.472938132
622915.472938132
622915.472938132
622915.472938132
622915.472938132
622915.472938132
622915.472938132
622915.472938132
622915.472938132
622915.472938132
622915.472938132
622915.472938132
622915.472938132
622915.472938132
622918.479961823
623137.9557952656
623168.1736161599
623169.3358400405
628159.3163991814
628197.4760832594
628198.9426991087
629058.7116507435
648516.2902869369
648544.2666760616
648544.2666760616
692731.4375026022
692752.8971363966
692793.4919562244
692793.4919562244
692815.3343859796
692817.6726697392
697320.9996508972
697322.9090187011
697323.1211706792
697325.2426904611
697325.2426904611
697326.3034503522
697326.3034503522
698618.5672695362
698629.3962444231
698629.8021003813
701552.7029199722
701567.9501904051
701568.4759583512
705257.0563272471
705291.4295597142
705292.6148435924
710006.2213311383
710045.0313071496
710072.9246802827
710077.2830198348
710118.3159796175
710137.3312536632
710137.3312536632
710137.3312536632
710157.347331606
710194.3770758001
710251.8103058973
712902.7322894414
712969.6247305664
712970.7961784459
722455.2440676554
722455.2440676554
722455.2440676554
722561.2278167628
722561.2278167628
722561.2278167628
722561.2278167628
722561.2278167628
722561.2278167628
722561.2278167628
722561.2278167628
722561.2278167628
722561.2278167628
722561.2278167628
722561.2278167628
722561.2278167628
722561.2278167628
722561.2278167628
722561.2278167628
722561.2278167628
722561.2278167628
730494.5588013926
730544.875716221
730546.5360360504
743947.2402627559
743953.1989661435
743995.1266538342
743995.1266538342
750615.7672733794
750650.5509738044
750650.5509738044
775772.5413078221
775772.5413078221
775772.5413078221
775772.5413078221
775814.5105035086
775831.2981817832
775831.2981817832
775839.6920209205
775841.3707887479
775873.2673774697
775873.2673774697
775873.2673774697
775873.2673774697
785015.3942138623
785025.7435407985
785025.7435407985
785670.1874585641
785686.9659128396
785686.9659128396
790615.3163223148
790634.3961643538
790635.3047282604
791316.3771462613
791334.5714843912
791335.7844402666
795299.2307569124
795342.6942404454
795343.8380163277
796011.9507156606
796032.1927815801
796032.1927815801
797723.076331795
804571.8956278885
804613.4036236224
804615.0639434517
806388.4238811898
806407.7020392084
806407.7020392084
807390.233194226
807399.1435773103
807430.9663740395
807430.9663740395
807430.9663740395
807430.9663740395
807430.9663740395
807430.9663740395
807430.9663740395
807430.9663740395
807430.9663740395
807430.9663740395
807430.9663740395
807430.9663740395
807430.9663740395
807430.9663740395
807430.9663740395
807430.9663740395
807430.9663740395
807430.9663740395
807430.9663740395
807430.9663740395
807430.9663740395
816389.4064933109
816420.4360261218
816421.5060100119
824153.108135375
824267.1628836527
824289.4388413632
824313.3059389102
824333.9907567842
824494.0732603314
824518.147897857
824565.5869249813
824565.5869249813
833570.1839355088
833574.3070630851
833605.9177078363
833605.9177078363
841565.7584657415
841565.7584657415
841565.7584657415
841575.4436647461
841575.4436647461
841608.6500613332
841608.6500613332
841648.7744572093
841721.2750897579
844955.9931973007
844982.6505545609
844983.983422424
852091.1530959649
852104.6847025742
852170.5763398019
852172.0660156488
862439.6867683656
862463.3186539367
862488.6477553333
862488.6477553333
871317.4906879247
871327.3834269078
871327.3834269078
871330.3812265998
876973.5777266045
876979.4119060049
876979.9422859503
876981.0030458414
877234.8705597494
877254.762113705
877255.6061096182
882759.0820839832
882785.3750932808
882785.3750932808
884049.8746753185
884074.124568826
884074.124568826
888963.0608303521
888991.987291379
888991.987291379
889847.8314314173
893042.8678950386
893042.8678950386
893042.8678950386
893042.8678950386
893042.8678950386
893042.8678950386
893042.8678950386
893042.8678950386
893042.8678950386
893042.8678950386
893042.8678950386
893042.8678950386
893042.8678950386
893042.8678950386
893053.6599739294
893104.0599047494
893123.0428947983
893123.0428947983
898168.4227922455
900757.322606164
900786.5995791551
900786.5995791551
906719.1806014176
906754.951269741
906756.2287936098
912314.5598903368
917690.2465818358
917695.6011132855
917765.9433300559
917765.9433300559
937437.9384362119
942957.0629249685
942957.0629249685
943039.5254764932
943039.5254764932
943039.5254764932
943039.5254764932
943039.5254764932
943039.5254764932
943039.5254764932
943039.5254764932
943039.5254764932
943039.5254764932
943039.5254764932
943110.9192291555
943110.9192291555
943110.9192291555
943110.9192291555
943110.9192291555
943110.9192291555
943110.9192291555
943110.9192291555
943194.4886605664
943194.4886605664
943194.4886605664
943194.4886605664
943194.4886605664
943194.4886605664
943194.4886605664
943194.4886605664
943194.4886605664
943194.4886605664
943194.4886605664
943194.4886605664
943194.4886605664
943194.4886605664
943194.4886605664
943194.4886605664
943275.2908922618
943275.2908922618
943275.2908922618
943275.2908922618
943275.2908922618
943275.2908922618
943275.2908922618
943275.2908922618
943275.2908922618
943275.2908922618
943275.2908922618
943275.2908922618
943275.2908922618
943275.2908922618
943275.2908922618
943275.2908922618
943342.5338453506
943342.5338453506
943342.5338453506
943342.5338453506
943342.5338453506
943342.5338453506
943411.4371182689
943411.4371182689
943411.4371182689
943411.4371182689
943411.4371182689
943411.4371182689
943411.4371182689
943411.4371182689
943478.4033513863
943478.4033513863
943478.4033513863
943478.4033513863
943478.4033513863
943554.5013435652
943554.5013435652
943554.5013435652
943554.5013435652
943554.5013435652
943637.7940550045
943637.7940550045
943637.7940550045
943637.7940550045
943637.7940550045
957668.8340929253
957672.2377485755
957672.4268405561
958929.616403345
958941.1187301629
958942.0780260642
964318.1844095199
964318.1844095199
964318.1844095199
964330.8674082163
966855.9832686906
966874.1914428192
966874.1914428192
974845.5437515413
974869.6737330613
974870.679148958
982401.8345509225
983545.4028933891
983607.7617389801
983609.4543428061
998901.0138071736
998939.168879252
998939.168879252
999516.1346319529
999577.6356456319
999586.421504729
999586.421504729
999595.207363826
999595.207363826
999621.564941117
999621.564941117
999621.564941117
999621.564941117
999621.564941117
999621.564941117
999658.3963693315
999665.0929926432
999722.014290793
999722.014290793
1007054.669233159
1007061.402752467
1007129.734137444
1007130.9747653165
1007133.4560210614
1032225.6343901431
1032419.4951782186
1032420.892614075
1043665.851410343
1043695.3820433079
1043712.1881695807
1043712.1881695807
1043712.1881695807
1043712.1881695807
1043712.1881695807
1043712.1881695807
1043712.1881695807
1043712.1881695807
1043712.1881695807
1043714.1252093816
1043714.1252093816
1044761.5933177251
1044767.1231051568
1044767.1231051568
1053876.2049649456
1053896.8667228222
1053896.8667228222
1055673.7963481932
1055706.306332852
1055707.3071367492
1065453.1723830905
1065493.2875549677
1065494.3529268582
1066466.3179909617
1066466.3179909617
1066466.3179909617
1066466.3179909617
1066466.3179909617
1066469.2604466593
1066475.1453580544
1066514.8685099718
1066516.3397378207
1066554.591661889
1066554.591661889
1066554.591661889
1066554.591661889
1066554.591661889
1066554.591661889
1066554.591661889
1066554.591661889
1066554.591661889
1066554.591661889
1066554.591661889
1066554.591661889
1066554.591661889
1066630.9663740396
1066630.9663740396
1066630.9663740396
1066630.9663740396
1066630.9663740396
1066638.631517252
1066638.631517252
1066641.1865649892
1066707.6178061615
1066707.6178061615
1066707.6178061615
1066729.700059892
1066731.27736373
1086708.5314945122
1086711.1511102428
1086745.7411066878
1086745.7411066878
1091443.6160638505
1091443.6160638505
1091449.7592472192
1091462.0456139564
1091462.0456139564
1091498.904714168
1091500.9524419575
1091566.4797312228
1091566.4797312228
1091677.1677198466
1091677.1677198466
1091677.1677198466
1092437.6633816846
1104950.3363236599
1104954.6208712196
1104970.1909816193
1104970.1909816193
1129239.2565712985
1131533.251299527
1131544.0018704222
1131544.0018704222
1132092.8113660167
1132114.7552597611
1135889.5754077937
1135902.9824904157
1135903.7711423347
1142622.4351998053
1142646.9940972812
1142647.9764531802
1142703.2697154973
1142713.7389544214
1142713.7389544214
1142713.7389544214
1142745.2850311792
1149203.375727431
1149259.7343616383
1155212.183877859
1155266.3656482901
1155292.5802535957
1155361.5988265024
1155381.4488724621
1155616.4994283041
1155619.285076018
1165881.2699653138
1165895.843883816
1167492.084591758
1194730.2678482782
1194738.8553913955
1194740.0821832693
1194746.2161426388
1194746.2161426388
1201539.4239484482
1201539.4239484482
1201539.4239484482
1201543.5747480216
1201585.0827437555
