40799.850878681995
102751.9365593843
102751.9365593843
102756.72381489228
141984.53775914473
208709.70166128065
209781.41043913283
209788.0978384455
231139.48800399707
231139.48800399707
231139.48800399707
231139.48800399707
231139.48800399707
231139.48800399707
231190.1738787877
231226.3780750667
231226.3780750667
231291.22740040164
231292.73552424661
231297.2598957816
233720.59353871678
238298.2336682371
238332.0719087593
240892.9999455528
240951.70147551957
241084.16732590503
241084.98826182066
241289.32751281915
241290.70188867787
244626.265977856
244662.29491815303
261484.87680516543
261484.87680516543
261484.87680516543
261484.87680516543
261484.87680516543
261484.87680516543
261484.87680516543
261484.87680516543
261484.87680516543
261484.87680516543
261484.87680516543
261484.87680516543
261484.87680516543
261484.87680516543
261484.87680516543
261484.87680516543
261484.87680516543
261484.87680516543
261484.87680516543
261484.87680516543
261496.2084880008
261511.89851038822
261512.7701782986
270796.47617613996
270800.1012077674
270845.6677630842
274434.46291023574
274481.8419813662
274712.7371256353
274776.1751791154
274776.1751791154
274881.444068296
274933.9931908951
283091.1721845184
283108.4764067399
283733.74363047635
283740.0805178251
285009.3396833734
285235.4752441317
285370.044166301
285507.7676961461
285556.47041114053
285556.47041114053
285897.97514004144
285897.97514004144
288524.9423980476
289028.4205503012
302762.08808278537
302762.08808278537
304889.64036012033
331403.020219134
331430.27713633265
331476.7660915546
354558.9751112165
355997.0888034103
396396.35062726395
396652.9253848938
396652.9253848938
398296.59128396143
400007.02048816736
400041.72117260087
402705.04021087085
402774.09106777393
430254.8009313677
431743.0424464095
437126.3481611253
438558.5400459278
438558.5400459278
438566.2882051315
444825.5279298207
450777.03659813793
464282.0458061231
477383.74026756
478625.14756797097
478625.14756797097
489460.51929833554
518174.7499431507
519656.8159908272
524012.526703157
528186.4785141675
529615.6172552838
529646.2409321363
529647.0065240577
529694.3256391943
529694.3256391943
529694.3256391943
529694.3256391943
529694.3256391943
531660.6700850978
531712.001639822
532864.0283894192
575780.0860266023
585468.4350268552
585659.3210752364
585659.3210752364
587908.7362160466
588002.2122224394
592578.87460806
610153.5721537718
610372.0471833174
612403.7390505045
626953.3061951324
709647.1079880472
722561.2278167628
806213.5645311613
817825.4355617191
828709.0441951259
862411.6827072437
943275.2908922618
943275.2908922618
943342.5338453506
943411.4371182689
943411.4371182689
943554.5013435652
943554.5013435652
943554.5013435652
943554.5013435652
943637.7940550045
943637.7940550045
943637.7940550045
943637.7940550045
964857.3456021061
1003891.5478062575
1062980.845469191
1157289.7789763282
