152546.77304158168
191350.75345339478
191375.6582508351
191375.6582508351
195882.65177161634
206277.5821592485
206306.80378824516
206445.62958597697
206445.62958597697
209246.46461411336
209400.72677425866
209400.72677425866
210399.76427557977
210408.45789468626
210534.6145297202
210534.6145297202
240770.98488609324
284412.80521668395
284414.20726453984
349133.2989568554
353237.29134705616
353270.4285636504
353270.89437560254
354681.6266266106
356440.2281658654
356440.2281658654
356440.2281658654
356440.2281658654
356440.2281658654
356454.80208436755
389857.651403297
389862.46633080207
442685.3479977837
448222.7083326661
448252.53874560015
448627.27293108584
448664.4640952634
448665.2389111838
448673.7618863078
448770.15267640096
448770.7245643422
493614.6625713819
551491.6823229104
551499.9516380605
564452.844546791
564507.1554532091
589114.128412159
709315.472938132
709322.9904973594
709357.5712698052
709419.2429274668
825732.7640930215
856415.1424755548
913535.8358128169
934194.8218775322
943342.5338453506
943342.5338453506
943411.4371182689
943478.4033513863
1015393.9668640646
1063002.521866963
1063023.1144448465
1063024.1982647353
1064726.0260898252
1064931.1217087458
