543.9207760970313
548.3113996457728
600.759058255319
600.759058255319
600.759058255319
632.3328070102393
633.0845629329755
645.8644136194907
645.8644136194907
19793.77956563932
19793.77956563932
19793.77956563932
19798.317773172894
27053.25129952695
27068.194177991154
27068.194177991154
27068.194177991154
27068.194177991154
27068.194177991154
30657.69496107024
71045.67583408332
71367.24288903335
71456.01465590959
71456.01465590959
71478.74258957367
71479.77567746748
71495.2719958748
77590.06626546542
77627.42346162592
77627.42346162592
98082.00109534989
98247.94083829498
98247.94083829498
98402.82100637672
98402.82100637672
142188.47115418492
222021.56494111696
222122.01429079298
222142.1595047225
222143.83827254997
226954.4673941242
234361.86440080838
234417.59580308045
234775.64377428105
234775.64377428105
234805.01298726254
260517.53757658642
260552.97156894457
260616.55259440988
260617.33202232976
291352.9144313949
291371.52384948224
291873.1572019255
291873.1572019255
291873.1572019255
291873.1572019255
291873.1572019255
291907.576554388
291909.6012221799
291994.63726944005
291994.63726944005
292090.4930675882
293544.5458301439
320202.2167063277
320245.2512739047
320562.155597334
320562.155597334
396606.464101669
397008.4828763504
397008.4828763504
397030.90641804575
409856.0377159072
409856.0377159072
409856.0377159072
409856.0377159072
409856.0377159072
409856.0377159072
409867.5031467288
432803.4287654254
432811.76264856884
432898.75879562757
432899.7826595224
432922.30766520725
432937.6656236288
432942.7849431027
432942.7849431027
432942.7849431027
437551.5560694234
437566.1668839217
437566.1668839217
437569.81958754634
437569.81958754634
437588.9132655839
437594.53068100655
480424.3347030545
480424.3347030545
480424.3347030545
480424.3347030545
480424.3347030545
480424.3347030545
480424.3347030545
480434.85928597284
480473.9505939551
481363.9834864795
516680.9878646763
529873.9169007363
529873.9169007363
529905.629009477
529926.7704153041
529934.186510542
529952.7267486363
530309.3726719812
530685.0246453724
530685.0246453724
531417.133450128
531426.2190891942
531435.3047282604
531436.213292167
623431.002245147
623431.002245147
623485.5714235385
630377.2730912246
697326.3034503522
709944.5127774806
709962.4442316376
709962.4442316376
722561.2278167628
722561.2278167628
746115.1152519464
746180.6609892099
746180.6609892099
746226.0430645456
746226.0430645456
761420.423086901
761621.1096342748
775772.5413078221
775873.2673774697
775873.2673774697
775897.7155869569
775897.7155869569
786417.3129337762
786423.8066291087
786423.8066291087
806657.2573335597
806713.0994238203
806713.0994238203
807273.6741302056
807319.2821935181
824194.0396311681
841565.7584657415
841688.649805111
841688.649805111
863684.6822044076
863710.0666497988
863754.4571452364
863754.4571452364
876981.5334257868
876999.5663439335
877000.0967238789
883743.0475708534
912325.1029212533
937198.5203168187
937198.5203168187
937198.5203168187
937198.5203168187
937198.5203168187
937198.5203168187
937198.5203168187
937210.290139609
937262.7193502205
937262.7193502205
937316.130916731
937349.3327013185
937349.3327013185
937349.3327013185
937350.651733183
937355.9278606407
937423.1984857268
942957.0629249685
943039.5254764932
943039.5254764932
943110.9192291555
943110.9192291555
943194.4886605664
943194.4886605664
943194.4886605664
943275.2908922618
943275.2908922618
943411.4371182689
943411.4371182689
943478.4033513863
943554.5013435652
943637.7940550045
943637.7940550045
943637.7940550045
958181.2549122599
958191.4382072133
958191.4382072133
958192.7111190825
964244.2540571183
964250.3880164879
964250.3880164879
964250.3880164879
964250.3880164879
964250.3880164879
964250.3880164879
964311.4047702168
987716.0202287424
997747.967805681
999516.1346319529
999621.564941117
999621.564941117
999621.564941117
999624.9132527729
999624.9132527729
1045666.0156487706
1045714.146475824
1045742.1505369457
1045742.1505369457
1047399.1866226392
1047401.4372784079
1047456.9380807036
1047457.6483286306
1047459.7790724116
1061108.8809815873
1061119.0504405422
1061150.1399293467
1061150.1399293467
1066630.9663740396
1066630.9663740396
1066659.071899151
1066660.3494230197
1066707.6178061615
1066707.6178061615
1067262.3767811446
1067271.4485842122
1067344.5164927023
1067344.5164927023
1069850.2158351722
1091443.6160638505
1091443.6160638505
1091537.8115421692
1091537.8115421692
1091566.4797312228
1091677.1677198466
1130922.1475263347
1130929.7019815582
1130939.9544565047
1130940.494060449
1134798.8928638916
1134800.1012077674
1134800.1012077674
1134810.6165666867
1134811.4928465965
1142645.0293854831
1142650.9235208773
1142650.9235208773
1142650.9235208773
1142690.7066287885
1155324.6059783043
1196549.3327013187
1196549.3327013187
1196549.3327013187
1196549.3327013187
1196549.3327013187
1196549.3327013187
1196549.3327013187
1196549.3327013187
1196549.3327013187
1196549.3327013187
1196549.3327013187
1196549.3327013187
1196549.3327013187
1196549.3327013187
1196549.3327013187
1196549.3327013187
1196549.3327013187
1196549.3327013187
1196549.3327013187
1196591.5417209805
1196628.4746131846
1196672.6391206454
1196672.6391206454
1198160.6638717095
1198186.5187410521
