16232.199827690572
16307.038743998799
18791.62896463813
18824.982945210082
18824.982945210082
19209.162505724962
19209.162505724962
27154.807529089227
27154.807529089227
27186.418173840353
28933.01006632952
35814.205599095534
64233.97391017491
81172.75973724414
81172.75973724414
81172.75973724414
81172.75973724414
81174.15256110099
81256.32916865507
81342.30606381853
81342.30606381853
97913.5570366622
99449.84175076627
101320.16897853819
102799.80911446406
102838.54991048237
103326.87764429313
103327.97068818078
105806.7175054207
105807.69986131974
105866.6273792633
106847.61351443973
106847.61351443973
109255.40933097182
109255.40933097182
109255.40933097182
109291.74266323756
109339.2554823543
110260.45626767533
110260.45626767533
138146.08124165278
138177.00008647502
139559.69599236458
140836.98926108723
142032.05980226054
142041.39910130066
143050.62912157422
143050.62912157422
143109.88409148413
143109.88409148413
143184.3217638336
143949.1757652236
144412.83852556936
144440.13233876415
144469.90740770393
144479.83243068386
144504.6449881337
144605.39411777892
144621.81283609144
144638.23155440396
144659.83877218323
144688.80212920645
144761.21052176447
144761.21052176447
144768.45136102027
145014.8243756986
145161.2092406535
145272.45066922036
145468.55288906538
145468.55288906538
156150.0360312463
156161.07715811153
171999.44912227883
172376.9505074801
172376.9505074801
189268.76773137666
189298.59814431076
189421.68318766032
189421.68318766032
196956.54663724382
196956.54663724382
196956.54663724382
196956.54663724382
196956.54663724382
196979.01629893444
206458.0404767014
209463.7359117827
209486.72211742026
209562.24822165782
209635.30229414947
209635.30229414947
209709.18652655583
209789.43531830804
209889.88466798406
209972.90065945187
209972.90065945187
210761.11905044052
210762.25821432346
213494.64655749468
213517.68349512698
213975.15695210887
213975.15695210887
221459.8233988515
221462.76585454907
221998.72170746472
222000.4788792841
223352.58800431734
223572.7187416928
224450.6128514648
224452.52221926855
224469.70652950238
227056.39258364856
227203.86588049156
227309.46222163862
227424.96974976698
227424.96974976698
233846.63948576205
240433.60789676808
274843.0491722422
276995.58465100935
276995.58465100935
276995.58465100935
276995.58465100935
276995.58465100935
277009.2315576068
278648.95880907925
281643.37329331995
285687.00844572415
291925.79856451513
295619.9456168389
296926.1884065862
296926.1884065862
296965.9115585035
296965.9115585035
296965.9115585035
296965.9115585035
296965.9115585035
297500.6267835467
297653.69443581474
297657.1672714578
304360.33039852156
304388.9247955827
304824.75875078863
304825.98093066306
341612.1884898584
341613.6089857124
342289.3222602641
342296.71529550425
342352.6911337512
342352.6911337512
342352.6911337512
342415.2298473236
343310.9170512669
343310.9170512669
344529.9469299777
344531.19678184926
345422.9315021987
349197.5625582505
349240.8046658062
349336.25460799603
349336.25460799603
369756.5466372438
369756.5466372438
369756.5466372438
369756.5466372438
369756.5466372438
369756.5466372438
369772.59639559424
371912.63796764554
371912.63796764554
372819.4031944502
372820.77757030894
374082.57452062424
374082.57452062424
409840.68898148474
413059.2374186895
424128.3775690278
424152.2216065772
424395.4584615779
424395.4584615779
424449.1421360604
424534.1505113234
425112.6474478668
425112.6474478668
425558.83995400806
425558.83995400806
428834.82162131
434546.9306182321
434596.96158909006
434610.02277174767
434610.02277174767
434637.97148887516
434637.97148887516
449278.3950241649
449278.3950241649
449278.3950241649
449278.3950241649
449287.9188031861
449338.25877801224
449360.02741577494
449439.1693276409
449439.1693276409
449439.1693276409
449439.1693276409
449439.1693276409
449710.6685157369
449711.8122916193
455175.61584606173
470759.516124383
481549.39509142324
498830.4558513143
511368.946766636
527531.4131614936
530210.7358381188
530407.8942058553
530416.011325021
532645.8761998405
538214.9578674627
561546.3624455128
574445.7746077399
583798.5591344814
583898.2336682371
583898.2336682371
583935.0143644569
583986.5073391645
583986.5073391645
583986.5073391645
584053.4735722819
584128.4646845744
584128.4646845744
584128.4646845744
586047.8128553081
586047.8128553081
587182.3462907033
587182.3462907033
588415.6872039433
588458.149883579
588798.944364553
588842.0435001233
588842.0435001233
589136.0169619092
590959.7814424669
600516.3194962671
601672.9167373946
601680.5357606116
602509.5057794119
602509.5057794119
603738.6958930785
603738.6958930785
614551.611797751
618167.6500261027
620822.1555332785
628765.3331368964
628819.3488753447
628832.8528099568
628832.8528099568
628832.8528099568
628889.857124098
629098.7115226325
639117.9807128742
639140.118310599
639206.5311037732
639206.5311037732
639206.5311037732
639288.9936552979
639288.9936552979
645962.566193403
648603.6646179567
651943.4256267034
652098.5686787582
652098.5686787582
680696.5123675251
691466.9655925619
709537.9557952656
709547.25358631
711401.9968676836
716862.6412024507
722561.2278167628
722561.2278167628
722561.2278167628
722561.2278167628
722561.2278167628
722561.2278167628
737552.2002120239
747352.3855887826
754821.0115011738
761347.0922944377
777966.7462023066
790671.0200525897
790684.9667391563
790809.4123223659
790809.4123223659
799299.2732897969
799321.1802875453
799368.4532826868
799438.7401554629
799438.7401554629
799438.7401554629
799503.7693487792
799503.7693487792
799503.7693487792
799630.239599781
799631.3557036662
802076.711644338
802076.711644338
802080.9362359038
816699.9785413911
816712.9843800544
817708.913393695
824126.5245701072
875367.1491117097
898000.5137255026
898273.2673774697
898273.2673774697
915949.0553407915
925645.4615042164
925648.237927931
926519.2324864122
926533.6957169257
927404.4089434358
927416.3263502109
928126.4220812289
928134.1425684354
928947.1873528723
928957.5551278068
930401.2816234239
930410.8561344398
930410.8561344398
930410.8561344398
930410.8561344398
930507.7081244856
930766.5519858822
930767.5481777798
930782.491056244
938025.2120078532
938073.5088668894
938073.5088668894
938073.5088668894
938073.5088668894
938073.5088668894
938303.1310992893
938303.1310992893
942957.0629249685
942957.0629249685
942957.0629249685
942957.0629249685
942957.0629249685
942957.0629249685
943039.5254764932
943194.4886605664
943194.4886605664
943275.2908922618
943275.2908922618
943275.2908922618
943275.2908922618
943275.2908922618
943275.2908922618
943342.5338453506
943411.4371182689
943411.4371182689
943411.4371182689
943411.4371182689
943411.4371182689
943478.4033513863
943478.4033513863
943478.4033513863
943554.5013435652
943554.5013435652
943554.5013435652
943637.7940550045
943637.7940550045
946095.7868743774
959775.4847884085
962621.8909838612
962681.9392176896
962681.9392176896
964910.9831565934
971026.4484080594
978935.3634671988
978977.3326628853
979022.9453381973
979022.9453381973
982903.2511393881
982955.2514340436
987904.1344654084
987914.5668083362
989563.5964628526
995414.9417254643
995423.2387126116
995485.7082461911
997038.2456466247
997051.251485288
998265.083640533
998382.7080764439
1002804.9514939355
1002838.6006424772
1003453.3617312934
1003455.0727831175
1014298.238792681
1014325.2466619052
1014334.2492849799
1014350.0038753607
1014365.7584657415
1014392.0468630397
1036508.798349929
1036574.7499431507
1036574.7499431507
1036574.7499431507
1036985.9465968888
1036987.1180447685
1038715.6078391181
1038715.6078391181
1050853.5004756125
1050903.282398496
1050924.6175083031
1051113.063808935
1051113.063808935
1051167.6514353247
1094459.0520419306
1107214.9526149076
1142774.94941213
1143683.1997027823
1143683.1997027823
1144677.482232592
1144677.482232592
1151464.8235750042
1151485.208612909
1151746.1555460896
1151746.1555460896
1161954.465984902
1189878.0984469734
1189903.8795243236
1189903.8795243236
1192783.6581483462
1192842.1890343307
1192842.1890343307
1192844.7902020633
1195460.8270211928
1199160.7667449212
1199228.4063299694
1204694.875620138
