630.0775392420308
13824.099619189761
13828.48101873945
13952.774405964852
13953.92740584635
13956.233405609344
13957.386405490843
13957.386405490843
13958.53940537234
13960.845405135333
13961.998405016831
13964.304404779825
13965.457404661322
13966.61040454282
13968.916404305814
13970.069404187312
13970.069404187312
13972.375403950306
13972.375403950306
13973.528403831802
13973.528403831802
13975.834403594798
13975.834403594798
13976.987403476294
13978.140403357793
41683.823603829245
41706.69450947862
41742.98633374863
41742.98633374863
41753.538588664094
41770.686002901726
41773.32406663059
41775.962130359454
41777.28116222389
41801.02373578368
41801.02373578368
41802.342767648115
41804.980831376975
41806.29986324141
41809.45447091718
41809.45447091718
41812.60907859296
41815.763686268736
41817.340990106626
41823.65020545818
41825.22750929607
41836.26863616129
41839.42324383706
41859.92819372961
41861.505497567494
41864.660105243274
41866.237409081165
41869.39201675694
41870.96932059483
41872.54662443271
41878.855839784264
41880.433143622155
41883.587751297935
41888.3196628116
41893.05157432526
41897.783485838925
41897.783485838925
41899.360789676815
41903.852877215126
41906.767660915546
41909.68244461597
41912.5972283164
41928.62853866874
41930.08593051895
41931.54332236916
41934.458106069585
41949.03202457171
41950.48941642192
41951.946808272136
41956.31898382277
142335.7599710469
142340.81011052785
142354.27714914375
142357.6439087977
142359.3272886247
142368.80955965014
142467.6493214916
142467.6493214916
192750.29238155327
266258.1441185796
286453.20915097574
286456.7511666117
346492.61561225896
346539.7133514184
346539.7133514184
352256.9970118086
654133.7656655852
