494.98746112628874
2073.5042548898405
2085.859801619965
2086.5100935531295
2089.1112612857874
2089.7615532189516
79876.64951045546
79896.76705238782
79976.16262422771
79976.16262422771
80159.31896140332
80164.44750487623
80165.72964074445
80169.57604834912
80170.85818421734
80172.14032008557
80172.14032008557
80174.70459182202
87015.79417671004
171153.75138119777
206811.44416437935
213331.93521421775
213336.3811817608
318317.99813598354
432979.2012913599
432985.27068273607
433012.66595992044
433012.66595992044
433020.68161509663
433021.4425950184
433022.2035749402
433022.2035749402
433023.7255347838
433023.7255347838
433025.2474946274
552914.4795646785
552935.7178224957
552959.7878480218
552961.2037318763
552975.519378405
579187.4266644034
579196.7797994422
579209.2506461604
579209.2506461604
579884.2029407903
579892.3431199536
579902.1113349497
579903.7393707824
654000.4788792841
654058.3963693315
654060.0705251595
665090.202383507
665103.8123941083
665103.8123941083
665115.0472249535
665115.0472249535
665700.6420287674
665707.767568035
665709.1926758885
665710.6177837421
665719.1684308633
665719.1684308633
681424.9131246617
730602.9869102485
730657.6206566334
730740.2723001386
730741.7896479827
746873.152718037
746882.4920170772
746884.3598768852
746886.2277366932
746889.9634563093
746891.8313161173
746893.6991759253
746895.5670357334
746897.4348955414
746899.3027553494
746901.1706151575
746903.0384749655
746904.9063347735
746906.7741945816
746906.7741945816
746908.6420543896
754021.4614273498
754026.470058835
754027.3048307493
754028.9743745776
754029.8091464918
754036.482709806
754036.482709806
754515.9646285259
754523.5283077485
754526.5537794376
754526.5537794376
754529.5792511266
754531.0919869711
754543.1938737273
754543.1938737273
769199.1137274244
772315.5847791205
772322.585794401
772324.919466161
772326.0863020412
772327.2531379212
772328.4199738014
772329.5868096814
772330.7536455615
772331.9204814415
772333.0873173217
772334.2541532017
772335.4209890817
772335.4209890817
772349.4230196427
772350.5898555227
799986.8762991265
799996.5614981311
799996.5614981311
799999.7898977994
800001.4040976334
800003.0182974675
800004.6324973016
800015.9318961403
800017.5460959744
800613.2411787502
800619.3566901216
800621.3951939121
800621.3951939121
800623.4336977026
800624.4529495978
800626.4914533884
800627.5107052836
800634.6454685503
800634.6454685503
902498.8412991747
924387.2711375306
924395.2960167057
924396.9009925408
924398.3168763953
924399.7327602498
924402.5645279586
924403.9804118131
924405.3962956676
924408.2280633766
924416.7233665035
924416.7233665035
925085.6385537538
925093.9954968949
925095.3883207518
925096.7811446086
925099.5667923223
925100.9596161792
925103.7452638929
925105.1380877497
925107.9237354634
925109.3165593203
925119.0663263182
925119.0663263182
953660.5360808893
994156.7006267835
998296.6297172909
1015252.2216706327
1015255.3947263067
1015256.1879902252
1015256.9812541436
1015257.774518062
1015259.361045899
1015260.1543098175
1015261.7408376544
1015261.7408376544
1015263.3273654913
1015263.3273654913
1015272.0532685946
1015272.0532685946
1015808.5210534575
1015816.4905886385
1015816.4905886385
1015817.486780536
1015818.4829724337
1015819.4791643312
1015821.4715481265
1015821.4715481265
1015823.4639319218
1015824.4601238193
1015825.456315717
1015826.6692715923
1015836.372918595
1015836.372918595
1028124.8934596082
1029074.5226100074
1038660.6097447706
1038662.8096685446
1038663.5429764692
1038664.2762843937
1038672.3426715648
1038672.3426715648
1102072.7437874125
1102079.4404107241
1102080.5565146096
1102080.5565146096
1102082.78872238
1102082.78872238
1102083.9048262653
1102086.137034036
1102086.137034036
1102088.3692418064
1102089.485345692
1102090.6014495771
1102091.7175534624
1102102.8278603205
1102103.893232211
1200469.0987704538
