167.20343081520295
196.48962780523271
197.6610756848339
597.3461786060873
655.8263325956268
660.8072920836948
661.6374519983729
663.2977718277289
664.9580916570849
667.448571401119
667.448571401119
669.108891230475
673.259690803865
673.259690803865
673.259690803865
674.0898507185431
675.7501705478991
677.4104903772551
677.4104903772551
681.5612899506451
681.5612899506451
681.5612899506451
681.5612899506451
683.2216097800011
684.0517696946791
689.0327291827472
754.9889344039151
755.6392263370794
3662.76239554942
32424.85637144532
35909.70166128066
35917.50516447863
35931.036771087885
35931.036771087885
47764.57894686272
55409.10652117516
55421.22685592946
55455.56780439998
55455.56780439998
57951.65573985761
60242.36211242389
64043.24005777811
64089.858148986794
64193.33297035188
64193.33297035188
73337.7842545055
73450.55686691498
73545.10285719775
73583.17952528431
73583.17952528431
73585.55931703973
73586.3525809582
73587.14584487666
73588.73237271361
73589.5256366321
73590.48032053397
73593.34437223962
73594.29905614149
73595.25374004338
73596.20842394525
73598.11779174901
73599.0724756509
73600.02715955277
73601.93652735653
73602.89121125841
73603.8458951603
73605.75526296406
73606.70994686593
73607.66463076782
80973.95949767638
80982.51475679709
81045.33019034106
81046.47857822303
81049.92374186894
81051.07212975092
81052.22051763289
81053.36890551486
81055.66568127881
81056.81406916078
81059.11084492473
81060.2592328067
81061.40762068867
81064.85278433458
81066.00117221655
81067.14956009852
81069.44633586246
81070.59472374443
81074.03988739035
81075.18827527232
81077.48505103626
81079.7818268002
81080.93021468217
81083.22699044611
81084.37537832808
81085.52376621006
81087.820541974
81088.96892985597
81090.11731773794
81091.26570561991
81092.41409350188
81094.71086926582
81097.00764502978
81099.30442079372
81099.30442079372
81101.60119655766
81102.74958443962
81102.74958443962
81106.25009207985
81107.41692795992
81107.41692795992
81109.75059972006
81964.46018787491
81989.62325728871
82011.1105630803
82022.29004993131
82316.19433172447
82400.79685102921
82401.93601491213
82407.63183432673
82415.02948156642
82446.28039035451
82453.38286962455
82459.06485304056
82466.16733231058
82467.58782816459
97519.02353721147
97540.63536699025
97544.1220386319
97547.60871027355
97555.74427743739
97601.83660070013
97601.83660070013
98659.92153195251
98679.93760989529
98679.93760989529
102801.74615426498
106653.85419035387
106671.26910056401
106682.5684994027
106686.4564150031
106687.7523868699
106690.3443306035
106695.52821807071
106699.41613367113
106702.00807740474
106705.89599300514
106709.78390860555
106729.22348660759
106733.111402208
106735.70334594161
106739.59126154202
128062.15643005614
128142.98633374863
128145.6243974775
134195.77451165652
135106.9026900128
135130.44233559343
135240.13413231954
135241.46238818302
135256.07320268135
171342.42366980645
171351.02504892246
171435.16175627505
171435.16175627505
171456.87505004343
171464.7707932319
174393.49195622446
180918.8532775623
182144.34917960854
198216.07448379233
198231.30330622714
198232.47475410675
198235.98909774557
198237.16054562514
198238.33199350475
198902.18781727512
198904.6137290258
213262.41854536254
229351.54031175835
229358.753479017
229385.80285623693
229385.80285623693
249853.77373658438
250754.54336400528
250774.04289800118
251144.9583478793
251144.9583478793
251313.20409058733
251560.44416117657
251560.44416117657
251567.1776804845
251571.21779206928
251571.21779206928
261210.5550733596
277665.2193101858
277666.2846820763
277667.3500539668
277668.4154258573
277669.4807977478
277669.4807977478
277671.61154152884
277672.44631344307
277672.44631344307
277673.28108535724
277674.1158572715
277674.1158572715
277675.7854010999
277676.62017301406
277676.62017301406
277678.28971684247
277679.1244887567
277679.1244887567
277679.9592606709
277680.7940325851
277698.32424278336
280662.5531901265
281952.39109755977
281976.21668711107
297754.5773134462
309308.64615394466
315098.7256148532
315139.1267307009
315177.0558148026
315289.71773922344
315289.71773922344
315297.07387846743
319072.9501743912
319490.202383507
319502.20741827314
319502.20741827314
319548.7517174894
324005.00401948567
325654.4395299604
328009.74156788766
328036.4727171403
328037.63494102086
328038.7971649014
328177.4477066512
328177.4477066512
330350.6449432948
330356.95415864635
330682.87494114897
330690.1065564057
330693.20582008717
330694.238907981
330695.2719958748
330697.3381716625
330699.4043474501
330699.4043474501
330702.5036111316
330716.9668416451
330717.9999295389
330720.4535132868
330721.68030516064
330724.1338889085
330724.1338889085
330726.58747265633
330726.58747265633
330729.0410564041
330730.26784827805
330731.49464015197
330732.7214320259
330733.9482238998
330738.85539139545
330738.85539139545
330741.3089751433
330742.53576701717
330744.989350765
330744.989350765
330748.6697263868
330748.6697263868
330751.1233101346
330752.3501020085
330754.80368575634
330754.80368575634
330757.25726950413
330768.2983963694
330876.86486521113
330876.86486521113
341454.7624980383
341502.3721691451
341502.3721691451
355196.8146456607
355199.1390934218
355242.6302489519
355242.6302489519
355247.6019844409
355249.40988825506
355250.3138401622
358514.2443527027
358567.5267832264
358578.88152605935
358602.596427622
358665.7900451271
358866.5780564906
358867.42205240385
400549.6130084009
400577.2112135644
400588.22466843243
400648.7341022134
400648.7341022134
416138.72484618664
416271.79025651043
416393.8975559605
416393.8975559605
416401.1568432144
416409.04336240387
416412.98662199854
426615.0247414558
433254.10413510597
433256.8159908272
433267.66341371235
433267.66341371235
433269.019341573
433269.47131752654
433269.47131752654
433270.37526943366
433270.8272453872
433271.2792213407
433272.18317324785
456638.41295971867
456643.4492632011
456692.55322215427
456692.55322215427
456699.15760547546
456704.1108929664
456710.71527628764
495476.54984002124
495503.8621012142
495503.8621012142
542319.6005495966
542601.4859606251
542757.5006805902
544300.1591780392
544415.5514061794
547845.8413536218
547881.3306899744
547882.6451098393
547889.2172091638
558706.3853773993
568561.8040604813
568616.7883188301
568616.7883188301
569003.098623126
569080.907667129
569085.7087586354
569088.9094863065
569092.1102139775
569092.1102139775
569095.3109416486
569096.9113054841
569100.1120331552
569101.7123969906
569101.7123969906
569103.3127608262
569106.5134884972
569108.1138523327
569109.7142161683
569111.3145800037
569112.9149438393
569116.1156715103
569117.7160353458
569119.3163991814
569120.9167630168
569122.5171268524
569124.1174906879
578286.2696290223
578312.9085382845
604745.4308216085
604770.0404510791
604771.1104349692
604772.1804188592
604774.3203866392
604775.3903705293
604776.4603544193
604777.5303383094
611737.7617069524
611740.2106787006
611740.644206656
611741.0777346115
611741.5112625669
611741.9447905223
611742.3783184779
611743.2453743888
611743.6789023442
611744.1124302996
611744.1124302996
611744.5459582551
611745.4130141659
611745.8465421214
611746.2800700768
611746.7135980322
611747.5806539431
611748.0141818986
611748.447709854
611748.8812378094
611749.3147657649
611749.3147657649
611769.7782076617
611769.7782076617
611770.3500956029
611770.9219835441
636667.0719247732
636678.3620996127
637044.7070579607
637045.8738938407
642416.9808698103
642421.2423573723
642422.6628532263
642422.6628532263
642425.5038449343
642426.9243407883
642428.3448366423
642429.7653324964
642431.1858283504
642432.6063242044
642434.0268200584
642435.4473159123
642436.8678117663
642438.2883076203
642439.7088034743
642441.1292993283
642441.1292993283
642443.9702910364
642443.9702910364
642445.3907868904
642446.8112827444
642511.7436240709
642511.7436240709
644131.5931575863
644478.4339699388
644592.7931101851
644594.4718780125
644722.0443969009
644722.0443969009
645031.2282331238
645110.8128969442
645262.4185453625
645262.4185453625
645315.2628359313
647884.4924718715
647894.1546108786
647988.1287132201
647990.7391049518
653304.0208308646
653346.9447104529
653444.0688084707
653445.1941363551
678542.2197169386
678573.3968337342
678817.5284166429
678817.5284166429
692491.4521072675
692496.4699627517
692557.5143884777
692557.5143884777
741994.6626354374
742725.9228322802
742733.8923674611
745098.6121084205
745107.6516274913
745250.5037008093
758791.5095650948
758800.5121881695
758801.6375160539
759129.7905063271
759131.211002181
759143.9954648671
759149.6774482831
759152.5184399912
759155.3594316992
759156.7799275531
759159.6209192611
759162.4619109691
759163.8824068231
759166.7233985312
759170.9848860932
759172.4053819472
759175.2463736552
759178.0873653631
759180.9283570712
759182.3488529252
759185.1898446332
759188.0308363412
759192.2923239033
759222.3948448094
816190.7307777304
816193.5118134446
945527.74072876
945573.1550880924
945598.737849463
945601.219105208
990557.3716727146
990564.6125119703
990566.0606798215
990567.5088476726
998828.845238591
1005839.4073580609
1006127.3206524698
1006127.3206524698
1012207.6194075503
1016354.7847253138
1016363.8334683838
1016375.0360152324
1016376.6363790679
1023563.3307604354
1027930.6268155745
1027935.1235151123
1028013.7258230338
1028013.7258230338
1036190.4550826477
1036194.7211822092
1036267.959734682
1036267.959734682
1038652.5433575996
1066919.1287164227
1067074.1380204915
1067074.1380204915
1067639.4077423941
1081459.684013977
1081517.495428035
1081517.495428035
1084776.8785090433
1084788.537643845
1084792.9098193955
1084795.8246030959
1084798.7393867963
1084800.1967786467
1084804.5689541972
1084807.4837378976
1084810.398521598
1084813.3133052986
1084816.228088999
1084819.1428726993
1084820.6002645495
1084827.5643838337
1084830.3500315475
1084833.135679261
1084834.528503118
1084837.3141508317
1084840.0997985455
1084844.2782701158
1084848.4567416864
1084858.2065086844
1084942.9104919787
1084942.9104919787
1084946.6000915994
1099315.616678784
1099517.6776020164
1099526.6756130918
1123383.6037011298
1123388.289492648
1125092.197329524
1125096.7493730562
1125112.3563794522
1125112.3563794522
1125120.1598826502
1125121.0038785634
1125122.69187039
1139587.0430997761
1139589.43672753
1139651.1406691885
1139652.109189089
1139658.5982724219
1145869.840918044
1145940.4783027843
1145940.4783027843
1145943.1255905123
1145945.77287824
1145947.096522104
1145948.4201659681
1145948.4201659681
1145949.743809832
1145952.3910975598
1145953.714741424
1145955.0383852879
1145956.3620291518
1145956.3620291518
1145957.6856730157
1145959.0093168798
1145961.6566046076
1145961.6566046076
1145962.9802484715
1145964.3038923356
1145965.6275361995
1145966.9511800634
1145966.9511800634
1145968.2748239273
1145969.5984677915
1145970.9221116554
1145974.8930432473
1157278.1198415265
1162477.4944031464
1166783.9028405433
1185946.8761710157
1185956.9764499776
1185964.0466452509
1185964.0466452509
1187795.812944986
1187879.419272393
1187879.419272393
