4355.332528368601
13555.321510814178
13557.15708662552
13655.729352494483
13655.729352494483
13659.368220120488
13673.92369062451
13677.562558250516
13707.886455133894
13710.312366884564
13739.423307892604
13740.396439792588
13741.369571692572
13742.342703592556
13744.288967392522
13744.288967392522
13747.208363092474
13783.214243391869
13785.160507191837
13786.13363909182
13787.106770991804
13788.079902891788
13790.026166691756
13790.999298591738
13791.972430491722
13795.864958091657
13803.068901351253
13806.574020991004
13810.079140630756
13811.831700450632
64880.779171697686
64916.08402806914
64916.08402806914
64918.675971802746
84564.07367669244
84702.86257842802
86252.46213516362
86252.46213516362
86273.65427298551
86763.86370260289
86763.86370260289
154178.01882592586
160430.70028728913
163547.44344695722
163939.94305461698
164443.70715084122
164443.70715084122
192741.76940642926
241921.6188118336
241942.55728968163
241943.60421357403
241949.88575692842
241949.88575692842
241951.9796047132
241953.0265286056
241954.073452498
241956.1673002828
241957.2142241752
241958.2611480676
241958.2611480676
241959.30807196
241960.35499585242
256565.2661347921
256776.70786506057
266243.7685160571
339492.5688517082
341681.7927867046
342101.58620755916
342101.58620755916
352290.0881084076
406180.5738736632
423408.95176296885
425014.7854299248
425014.7854299248
435733.1922403108
436312.0535248167
484010.69932645594
484023.16094917513
484108.667420387
503700.4137347908
598209.2359133841
598848.9986516307
598848.9986516307
700482.2947259864
791711.5793856432
791724.6175083031
865272.1831732478
951631.9573133822
