192084.19051401375
193702.19524771883
194169.73669966593
196256.14071722998
196820.47420322904
197173.44897495108
197239.51125616135
198466.0356341019
198512.69984530585
198518.53863670575
198929.56003446187
198931.6907782429
199105.41557638784
199105.41557638784
199132.1190536433
199133.3366215182
202170.17688939848
202706.3402822928
202713.92702151308
202728.12275605407
202761.24613664972
202775.4418711907
202832.3908413376
202855.6768269443
202904.0474779729
202910.0799733529
202984.35622571895
203174.41672618495
204804.65709463245
204805.59794253577
204820.65150898858
204821.5923568919
206217.81064539167
206219.47096522103
206237.73448334396
206239.3948031733
206392.31487145653
206392.31487145653
206856.25896377338
207106.48299805593
208499.18233091736
208527.3155280259
208864.49881337094
208864.49881337094
208882.88685548108
208884.92997127108
211123.1102812359
211136.6003798494
211489.21541560843
211510.88258938154
211593.6864288711
211606.52623555146
211609.73618722154
211661.1323099392
211665.68896547088
211716.7899202188
211722.32431964998
211831.5549164235
211878.30214361893
211986.45353250336
212141.5550765624
212148.1963558798
212231.43372332488
212323.58147385414
212350.89373504705
212582.72050322042
212919.59939659672
212930.28539949845
213130.42311892874
213222.02665351392
213540.09781282328
213552.55021154345
213612.8936133415
213612.8936133415
213866.6504392609
213941.28642759
214010.4110764855
214173.25155574916
214173.25155574916
214252.79009957434
214598.3856720548
214839.943759228
214841.14287910477
215767.4722078987
216136.907205929
216310.47519609003
216325.45958255
216325.45958255
216795.26552626438
217170.7191836761
217212.4301073891
217212.4301073891
217217.33727488478
217217.33727488478
217221.01765050652
217225.92481800218
217232.27092934994
217358.6489403611
217383.18477783934
217383.18477783934
217387.21105342553
217903.14160439934
217971.76815734606
218322.04029734587
218419.87003129112
218419.87003129112
218422.3143910399
218428.42529041183
218438.2027294069
218443.09144890448
218446.75798852762
218451.6467080252
218455.31324764833
218486.53187243978
218590.58780574513
218590.58780574513
218601.02014867292
218604.49759631552
218607.9750439581
218616.6686630646
218623.6235583498
218639.27207274147
218644.48824420536
218661.87548241834
218742.9867180819
219939.30249912725
221339.16887925207
221691.93611099545
221691.93611099545
221730.93979098674
221819.0243699336
221820.7584817554
221825.96081722068
221827.69492904245
221829.42904086423
221831.163152686
221848.50427090374
221864.11127729967
222369.7340093329
222742.97390697213
222742.97390697213
224761.00041956385
228223.24691172186
228355.61129811773
228663.04257452063
228663.04257452063
228695.35885519924
228788.05082167254
228789.4251975313
228803.16895611875
228804.54333197747
228807.29208369498
228811.4152112712
228814.1639629887
228818.28709056493
228826.5333457174
228827.90772157614
228830.65647329364
228838.9027284461
228843.02585602234
228851.4658151549
232538.03074025793
232694.59428816667
232744.74055901277
233236.54574046613
233788.33458775448
233792.49922332645
233793.88743518377
233796.66385889842
233798.05207075574
233799.44028261307
233800.8284944704
233802.21670632772
233803.60491818504
233804.99313004236
233806.3813418997
233807.769553757
233810.54597747166
233813.3224011863
233827.2045197595
233827.2045197595
233829.98094347416
234324.9038366071
234563.45490008936
234593.42367300924
234593.42367300924
234599.7328883608
234601.31019219867
234602.88749603656
234609.19671138813
234610.774015226
234612.3513190639
234612.3513190639
234618.66053441545
234620.23783825335
234621.81514209122
234624.91901777222
234626.44558961532
234632.55187698774
234634.07844883084
235469.31617498695
236312.9661882785
237306.68605414618
238519.71572147368
240068.21301032256
240078.21643729444
240083.77389672323
240084.885388609
240092.66583180934
240093.7773236951
240096.00030746663
240098.22329123816
240100.4462750097
240102.6692587812
240103.78075066698
240106.0037344385
240108.22671821003
240109.3382100958
240111.56119386732
240113.78417763885
240116.00716141038
241109.61633928944
241248.0962370568
241248.0962370568
241254.9681163505
241257.716868068
241259.09124392676
241260.46561978548
241261.83999564423
241263.21437150298
241265.96312322048
241265.96312322048
241267.3374990792
241268.71187493796
241270.0862507967
241271.46062665546
241272.83500251418
241274.20937837294
241275.5837542317
241278.33250594916
241279.7068818079
241785.62478181077
241826.1642576442
241827.03592555464
241860.4452501209
241865.72598957815
241866.7821374696
241867.83828536104
241868.8944332525
241869.95058114396
241871.0067290354
241873.1190248183
241874.17517270974
241877.3436163841
241878.39976427556
241878.39976427556
241879.455912167
241880.51206005848
241882.62435584137
241883.68050373282
241884.73665162426
241886.84894740718
241904.80346156185
241905.8596094533
242756.17857405942
242766.6800969801
242851.7161442403
242851.7161442403
242856.8631357113
244276.67641378602
244992.11745225458
245009.38016648035
245013.92298601347
245016.64867773332
245019.37436945317
245022.10006117303
245025.73431679953
245027.55144461276
245032.9336480596
245036.91841565009
245058.17050946582
245062.15527705627
245063.48353291978
245066.14004464675
245067.46830051023
245070.1248122372
245074.10957982764
245076.76609155463
245079.4226032816
245083.40737087204
245084.73562673552
245231.16199968613
245232.2550435738
245237.7202630121
245242.09243856274
245243.18548245038
245247.55765800102
245249.74374577636
245249.74374577636
245253.0413254374
245254.15281732316
245257.48729298046
245258.59878486622
245260.82176863775
245260.82176863775
245264.15624429504
245267.49071995233
245267.49071995233
245268.6022118381
245273.04817938115
245274.1596712669
245278.60563880997
245279.71713069573
245290.83204955334
245377.42234065384
245377.42234065384
245380.9505202912
245383.30264004946
245785.1230987512
245913.4750455595
245914.71106143246
246016.71004294924
246017.78002683926
246019.91999461933
246022.05996239936
246024.19993017943
246025.26991406947
246027.4098818495
246028.47986573956
246030.61983351962
246032.75980129966
246035.96975296977
246040.24968852988
246046.66959187004
246049.87954354016
246050.94952743017
246053.08949521024
246055.22946299028
246057.36943077034
246059.5093985504
246060.57938244042
246062.71935022052
246064.16290607216
246154.6088287763
246179.67043420053
249444.51412264718
249497.72737317803
249497.72737317803
249497.72737317803
249499.13864503297
249503.37246059784
249506.19500430775
249510.42881987258
249513.2513635825
249517.48517914736
249520.30772285725
249523.13026656717
249527.36408213203
249531.5978976969
249534.42044140678
249538.65425697164
249541.47680068156
249545.71061624642
249548.5331599563
249551.3695396648
250467.23424153426
251622.30029881914
255478.96960243923
256792.64693542238
259122.24168799183
259126.7614475273
259136.87095048823
259139.0109182683
259141.15088604836
259146.5008054985
259146.5008054985
259150.7807410586
259151.85072494866
259153.99069272872
259155.06067661874
259156.13066050876
259158.27062828882
259161.4805799589
259162.55056384896
259165.76051551904
259166.83049940906
259167.9004832991
259171.1104349692
259172.1804188592
259174.32038663927
259175.3903705293
259177.53033830936
259179.67030608942
259197.8600322199
259200.0
259357.83184777838
259357.83184777838
259488.71117032692
259497.22030945236
259598.5597750369
259599.3023069606
259608.9552219685
259609.69775389216
259611.92534966322
259613.4104135106
259614.15294543427
260767.98759884574
260992.71188774903
261771.7892956772
261779.5466788799
261779.5466788799
261782.8119745443
261857.14818290423
261857.7292948445
261860.63485454587
261869.35153364998
261871.6759814111
261873.50233322338
261875.4947170186
261876.15884495035
261878.8153566773
261881.47186840427
261890.76965944868
261891.4337873804
261892.7620432439
261894.0902991074
261894.75442703912
261896.74681083436
261898.73919462957
261975.8702747022
261981.77363409547
261986.20115364043
264804.24355200835
264804.85233594576
264805.0552639249
264805.25819190405
264805.46111988317
264805.66404786234
264805.86697584146
264806.27283179975
264806.27283179975
264806.4757597789
264806.67868775805
264806.88161573716
264807.28747169545
264807.28747169545
264807.4903996746
264807.69332765375
264808.3021115912
264808.3021115912
264808.50503957033
264808.7079675495
264808.9108955286
264809.11382350774
264809.11382350774
264809.45511147263
264809.6257554551
264809.7963994376
264809.96704342007
264810.1376874025
264810.6496193499
264810.82026333234
277544.92913854896
277544.92913854896
277546.0913624295
277546.0913624295
277549.5780340712
277549.5780340712
277550.7402579517
277553.06470571284
277553.06470571284
277554.22692959337
277556.5513773545
277557.713601235
277558.87582511554
277558.87582511554
277561.20027287665
277562.3624967572
277562.3624967572
277565.8491683989
277565.8491683989
277567.0113922794
277616.2122032226
279658.3686973343
279672.8503758459
279673.7912237492
279674.7320716525
279674.7320716525
279676.6137674591
279676.6137674591
279678.4954632657
279678.4954632657
279680.3771590723
279681.31800697563
279682.2588548789
279682.2588548789
279742.4546726921
279742.4546726921
282710.1564556784
282761.69093838177
290302.59610734426
290308.2273587655
290310.10444257257
290310.10444257257
290313.8586101867
290315.7356939938
290317.6127778009
290319.48986160796
290321.36694541504
290321.36694541504
290323.2440292221
290325.1211130292
290326.99819683627
290328.87528064335
290328.87528064335
290332.6294482575
290332.6294482575
290334.5065320646
290336.38361587166
290338.26069967874
290340.1377834858
290342.0148672929
290668.2262057656
290668.2262057656
294161.63136672124
294267.6427878256
294272.37469933927
294284.6241700803
294295.0196170118
294421.10246005334
295321.7060554913
295417.10987768596
295417.10987768596
295425.4114768327
295429.5622764061
295431.6376761928
295435.7884757662
295439.9392753396
295444.090074913
295446.16547469964
295450.31627427303
295454.5869858341
295456.72234161466
295458.85769739514
295460.9930531757
295463.1284089562
295465.26376473677
295469.53447629785
295471.6698320784
295473.8051878589
295475.9405436394
295480.2112552005
309573.45794272795
319939.3604053435
320026.398060398
327999.77964891156
333425.04072331527
333448.28520092624
333469.9800466965
333486.69393297867
333495.6596600572
333506.11967498215
333527.0397048321
333531.5225683713
333559.9140374533
333812.28726351494
333812.28726351494
338236.77672477573
338247.8547476371
338250.2345393925
338254.9941229033
338268.0829775581
338281.1718322128
338284.74151984596
338289.5011033568
338294.26068686764
338299.02027037845
338306.15964564466
338310.9192291555
338327.6331154377
339648.99865163065
339683.6993360642
341373.3099744098
341430.31428855105
341431.73939640453
344318.0670597542
344366.75132675056
344366.75132675056
344805.509289656
345019.4645596661
352275.32048592536
352292.6754401417
354175.2751986523
354221.7088098799
354222.20690582873
354224.69738557277
354225.1954815216
354225.6935774704
354226.1916734192
354226.689769368
354227.1878653168
354227.6859612656
354228.1840572144
354228.68215316324
354229.67834506085
354229.67834506085
354230.67453695845
354231.1726329073
354231.67072885606
354232.1688248049
354232.66692075366
354233.1650167025
354233.66311265127
354234.6593045489
354235.1574004977
354235.65549644653
354237.14978429297
354237.64788024174
354238.1459761906
354238.64407213934
354239.1421680882
354240.1383599858
354240.6364559346
354241.1345518834
354242.130743781
354242.130743781
354242.6288397298
354243.6250316274
354244.12312757625
354246.6136073203
354250.0633829657
358461.87509808503
368191.97191804735
368206.4997165542
368216.669175509
394679.7182836956
406133.90043846023
406156.40699614707
406166.25361513504
406167.8447549715
406169.435894808
406171.02703464444
406172.6181744809
412504.11870774336
412606.352901236
412607.5658571113
431021.6519285524
431304.57042747474
433277.02577275014
433287.6887156542
446451.61749869486
446490.75953867193
480395.8878899782
480411.2965803945
480412.4818642727
480418.40828366356
480424.3347030545
480428.8452385909
480436.36279781826
480443.8803570457
480454.40493996395
480609.1836440561
480640.69282481767
480640.69282481767
480646.31946423935
480648.5701200081
495519.0355796547
495550.3556684357
495552.12206425413
509940.2876734704
530767.3672849095
530811.582524365
530811.582524365
530817.4766597593
530818.4590156584
530819.4413715574
530820.4237274564
530822.3884392545
538675.6228281165
538734.4073740748
538738.2952896752
555999.7642755798
556012.7193822482
556014.1398781022
556015.5603739563
556712.6179823142
556745.593778925
556756.0860778467
556762.0816772304
556765.0794769224
560107.8982413549
560149.5814930708
560172.0050347662
560189.1524490038
560193.1095445971
560209.4544709171
560217.3409901066
560220.4955977824
560223.6502054582
560427.9525604604
568482.0672006764
568488.3210720337
568489.884539873
568494.5749433909
568494.5749433909
568497.7018790696
568503.9557504269
568505.5192182661
568508.6461539448
568510.209621784
568511.7730896233
568514.900025302
568514.900025302
568518.0269609806
568519.5904288199
568521.1538966593
568522.7173644985
568524.2808323378
568525.8443001772
568528.9712358557
568530.5347036951
568533.6616393737
571124.8951250525
608242.4840741891
608261.2779722575
608261.2779722575
711016.4706033072
717676.2901588257
717758.9740863276
717812.7822847974
717812.7822847974
746936.6599515099
746948.1622783277
746954.2086097063
746956.2240534992
746958.239497292
746960.2549410849
746998.5483731491
746998.5483731491
747008.6255921135
747012.6564796992
747014.671923492
747016.6873672849
747018.7028110777
747020.7182548706
747022.7336986634
747024.7491424563
747024.7491424563
747028.780030042
747028.780030042
747030.7954738348
747032.8109176278
747034.8263614206
747036.8418052135
747036.8418052135
768733.1956993105
802715.2522027103
803024.2746189495
803049.2993283776
803238.8801808929
803242.274612544
804248.4791611285
811621.2815593682
811625.6537349189
812472.4445198877
812474.824311643
812596.6641151205
812599.8187227964
815797.4563541503
815817.9613040428
816200.9279086824
816201.854920587
816218.8824228371
816219.9247347299
817713.4931092244
817716.5462529105
817739.4448305571
817740.9714024002
817774.7496869285
817776.1978547797
849583.1108577357
849748.1189767766
849748.1189767766
849750.3604085463
861014.9386507979
861076.7302204472
861078.4873922666
913168.8497865349
913320.340134965
913350.5533438599
913352.2321116873
982890.0792687418
982965.3978330008
982966.6661328704
982978.0808316972
983057.5225235325
983107.5765543879
983152.11924581
983166.2919203533
983236.5741811299
983236.5741811299
983246.5591601037
983248.5561558985
983250.5531516932
983254.5471432827
983254.5471432827
983258.5411348722
983260.538130667
983262.5351264618
983264.5321222565
983266.5291180512
983278.5110928197
983278.5110928197
983282.5050844093
983282.5050844093
983286.4990759988
983288.4960717935
983288.4960717935
983290.4930675883
983292.490063383
983294.4870591777
983298.4810507672
983304.4720381516
983306.4690339463
983308.466029741
983310.4630255358
983312.4600213305
983314.4570171252
983315.9005729768
983317.3441288285
983317.3441288285
983320.2312405318
983320.2312405318
983328.8925756415
983328.8925756415
983330.3361314932
983331.7796873448
983334.6667990481
983336.1103548998
983336.1103548998
983337.5539107514
983338.997466603
983340.4410224546
989050.1517796232
989060.574898552
989062.6595223377
989062.6595223377
989063.7018342306
989065.7864580164
989066.8287699092
989067.8710818021
989069.9557055879
989070.7581935053
989071.5606814229
989076.375608928
989076.375608928
989077.1780968455
989078.7830726806
989079.5855605982
989079.5855605982
989081.1905364331
989081.1905364331
989081.9930243507
989084.4004881033
989085.2029760208
989089.2154156084
989089.2154156084
989090.017903526
989090.8203914434
989091.6228793609
989092.4253672785
989093.227855196
989094.0303431136
989094.0303431136
989095.6353189485
989095.6353189485
989096.4378068661
989098.0427827011
989098.8452706187
989099.6477585362
989099.6477585362
989101.2527343712
989101.2527343712
989102.0552222887
989102.8577102063
989127.1952317049
989128.2052596011
989133.2553990821
989142.3456501478
1010692.2823952932
1010739.1218624791
1010823.8027857759
1010823.8027857759
1016322.6206406195
1016331.392663718
1016341.6266906662
1016343.0886945159
1029011.6610564683
1070067.0028728913
1070164.2653308949
1070165.6350947542
1096542.1815398312
1096583.1729916183
1096587.748095148
1096602.6171816199
1106849.1426485048
1106856.8631357113
1106856.8631357113
1106858.149883579
1106859.4366314467
1106860.7233793146
1106862.0101271824
1106862.0101271824
1106863.29687505
1106864.5836229178
1106865.8703707855
1106865.8703707855
1106867.1571186534
1106869.7306143888
1106871.0173622565
1106871.0173622565
1106873.590857992
1106873.590857992
1106874.87760586
1106876.1643537276
1106877.4511015953
1106878.737849463
1106907.4844425085
1106908.5267544014
1106919.992185223
1106923.1191209017
1106923.1191209017
1106924.1614327945
1106925.2037446874
1106926.2460565802
1106927.288368473
1106928.330680366
1106929.3729922588
1106930.4153041516
1106931.4576160447
1106932.4999279375
1106933.5422398304
1106934.5845517232
1106935.626863616
1106936.669175509
1106937.7114874017
1106938.7537992946
1106939.7961111877
1106940.8384230805
1106941.8807349734
1107323.1178397906
1107349.1295171173
1107350.863628939
1107359.534188048
1107359.534188048
1107361.2682998697
1107363.0024116915
1107364.7365235132
1123650.7307136748
1123654.9276332436
1123655.527193182
1133560.0636712157
1159799.3570103995
1159871.9452709388
1159871.9452709388
1159878.5127582639
1159883.4383737575
1163756.3004077135
1163762.7110870548
1163796.0466196286
1163797.3287554968
1163802.4572989696
1163802.4572989696
1163803.7394348378
1163805.021570706
1163806.3037065743
1163807.5858424427
1163808.867978311
1163810.1501141791
1163811.4322500473
1163811.4322500473
1163812.7143859155
1163813.9965217838
1163815.278657652
1163816.5607935202
1163816.5607935202
1163817.8429293884
1163819.1250652566
1163820.4072011248
1163820.4072011248
1163822.9714728612
1163822.9714728612
1163827.0715404397
1163828.607336282
1163830.143132124
1163831.6789279664
1163833.2147238085
1163834.7505196505
1163834.7505196505
1163837.822111335
1163837.822111335
1163839.357907177
1163840.8937030192
1163842.4294988613
1163843.9652947036
1163845.5010905457
1163847.0368863877
1163848.57268223
1163850.108478072
1163850.108478072
1163851.6442739144
1163853.1800697565
1164396.561241909
1164402.856621262
1164427.1941427607
1164427.1941427607
1164433.904602071
1164433.904602071
1164435.2466939331
1164436.588785795
1164437.9308776571
1164439.2729695193
1164444.6413369675
1164444.6413369675
1164445.9834288296
1164447.3255206917
1164448.6676125538
1164450.0097044157
1164451.3517962778
1164452.69388814
1164454.035980002
1164456.720163726
1164456.720163726
1164458.0622555881
1164459.4043474502
1164460.7464393124
1165436.3226990446
1165443.9324982625
1165469.8058156034
1165469.8058156034
1165474.3716951339
1165474.3716951339
1165475.8936549774
1165477.415614821
1165480.4595345082
1165480.4595345082
1165483.5034541953
1165485.025414039
1165486.5473738825
1165486.5473738825
1165488.069333726
1165491.1132534132
1165492.6352132568
1165494.1571731004
1165495.679132944
1165495.679132944
1165500.2450124747
1165501.7669723183
1165501.7669723183
1165504.8108920055
1166794.8102194224
1166844.9841622657
1166855.8915411446
1166858.0730169204
1166860.2544926961
1166862.435968472
1166864.6174442477
1166864.6174442477
1166866.7989200235
1166868.9803957993
1166871.161871575
1166873.3433473508
1166875.5248231266
1166877.7062989024
1166877.7062989024
1166879.8877746782
1166884.25072623
1166884.25072623
1166886.4322020058
1166890.7951535573
1166892.9766293329
1166892.9766293329
1166896.0851170134
1166914.7360430965
1166914.7360430965
1166917.844530777
