309712.81412040524
346571.39778816194
346617.1303754616
346617.5362314199
352250.6877964571
357555.132931278
357569.33788981807
357634.77293909277
357634.77293909277
357639.9844985571
357641.02681045
369455.47530818725
369461.28642759
369463.77690733405
369464.6070672487
375215.6782361664
405620.7463112011
405625.4966707129
405639.74774924817
405644.49810875993
424726.24029158085
424978.13386969175
424980.4306454557
425116.45234747574
425116.45234747574
425160.0541909944
425186.43021628354
425509.7590550525
425519.86394601397
425568.9448449695
432892.61561225896
433055.6866914989
433055.6866914989
433059.4915911078
433064.05747063854
433075.5413494583
433079.8305090174
433079.8305090174
433080.54536894395
433081.2602288705
433083.4048086501
480366.2557930237
480375.7380640491
480384.0350511964
480387.59090283094
500762.2149127724
500992.89329306374
500997.39921660064
501008.730899436
511968.9448449695
769095.6250700607
999057.5727430829
1162685.3479977837
