982826.2491953021
990013.7645125854
990081.5885776145
990089.475096804
990129.2812647128
990129.2812647128
991490.1485768459
991636.588785795
991643.2992451054
991664.7727148983
991664.7727148983
991682.2199091051
991819.4960749962
994203.6646179567
997244.5865054176
998263.4233207037
1008161.2078314314
1008167.0742948285
1008177.7556857306
1008177.7556857306
1011467.5318436149
1028074.5949927777
1028123.6666677343
1028943.5510474684
1034410.3570136022
1034434.2656191449
1034434.2656191449
1034448.4336816887
1035937.4638486495
1036399.0604332077
1059023.3486319338
1059052.6163809255
1059116.1005544006
1059138.9760720497
1059141.2636238146
1059236.9164939837
1059236.9164939837
1059324.645948967
1059324.645948967
1059330.2910363867
1059333.1135800967
1097274.774604537
1097277.6063722458
1097279.0222561003
1097300.14060193
1097301.5472617855
1097302.953921641
1097302.953921641
1097304.3605814963
1123665.7197121345
1130126.1533041454
1207136.5834691846
1207169.6238337886
1207170.5093376976
