1884.39382632619
1893.4979133904922
1894.798497256821
1896.09908112315
1905.8534601206165
1909.755211719603
1913.0066713854253
1913.6569633185898
1916.2581310512476
1917.5587149175765
1924.379862216514
1930.287833609306
1930.287833609306
1931.975825435818
1936.1958050020978
1937.039800915354
1938.7277927418659
1943.7917682214015
1946.3237559611696
1947.1677518744254
2032.2314711317651
2032.2314711317651
64545.431462163986
163454.88522847014
256658.17947724264
256682.41553475175
256712.50883165884
256713.7125635351
261232.23147113176
277719.1935406385
277720.02831255266
277720.02831255266
277721.69785638107
277721.69785638107
277723.77325616777
277724.8109560611
277725.84865595447
277725.84865595447
277726.8863558478
277728.9617556345
277728.9617556345
277729.99945552787
277731.0371554212
277731.0371554212
277733.1125552079
277734.15025510127
277734.15025510127
277735.18795499456
277735.18795499456
297784.2416943974
304699.349259678
341513.1227400402
362422.7156349987
362444.49810875993
362463.2228268354
405273.0015469415
405329.7291411112
405451.30606061575
405452.9709924446
405457.9657879313
405459.63071976014
405462.9605834179
405464.6255152468
405476.280038049
405484.60469719337
405486.2696290223
406076.19048839156
411887.10696315847
435667.96473101474
572663.0569229636
645514.6119034427
645576.2097691118
645659.4748085539
645796.8339904365
645796.8339904365
730815.3418164232
730834.2694624779
961313.3006863552
1028242.8361234864
