997826.6669655925
997868.0458253397
998313.2329155845
999648.3514343639
999656.7222135036
1001209.854561876
1001221.6705046616
1001880.9281649046
1078220.7459268677
1078221.9957787392
1078578.6001940884
1078579.9192259528
1078793.1780840345
1078794.377203911
1144478.0501490892
1144605.1568560253
1144814.135778547
1144827.0493772198
1144836.6192762365
1148018.6406771953
1148215.3009489828
1149009.3396833735
1149078.4366602718
1150030.6024104103
1150044.7981449512
1151218.11849636
1151231.8991509438
1151238.7894782356
1151647.2835002514
1151677.5105451448
1152020.8462378574
1152035.7429963264
1152658.9855522711
1152670.815331055
1153667.560668612
1153685.704274747
1153707.6297204935
1154963.763135391
1155099.0607534854
1155214.0655736655
1155887.329876469
1155911.6258899719
1155937.9465712665
1156054.5471432826
1156118.7876846802
1156163.5379160808
1156198.1832565202
1157095.1157003355
1157228.932866582
1157254.801571923
1161261.3470241392
1161594.5086458977
1161600.7071732606
1161609.5622123505
1161613.9897318955
1161810.543927694
1161839.7286606946
1162480.9072827958
1162640.676170375
1162659.1610644753
1162738.7549522948
1162758.4804742674
1162880.0112737766
1162887.897792966
1162957.5989418023
1162957.5989418023
1162961.8465933658
1163644.3118352233
1163652.6687783645
1164202.0778338977
1164213.2573207486
1164291.3661447207
1164299.8891198447
1164402.856621262
1165801.3716855256
1165819.8381316278
1166243.9114880424
1166245.8439158439
1166801.3546467498
1167322.8334331533
1167772.1436509741
1167868.4560370753
1168142.2012689405
1168390.322231439
1168390.322231439
1169011.4524916008
1169077.5239968102
1169688.2311380429
1169836.6083867932
1169836.6083867932
1169978.1368162471
1171895.1328672224
1172324.9204910498
1172476.8120834387
1172614.346521303
1172616.0252891306
1173375.7276870501
1173379.9753386136
1173385.6388740314
1173387.0547578859
1173389.8865255949
1173389.8865255949
1173391.3024094494
1173801.7334712662
1173805.8289268455
1173876.1065756225
1174248.885273309
1174546.3592427352
1174548.4300305224
1174550.5008183096
1174550.5008183096
1174554.642393884
1175262.32604915
1175394.492119566
1175400.2617309731
1175402.1849347756
1175404.1081385778
1175406.0313423802
1175407.9545461824
1176153.4473735623
1176279.0275086556
1176304.6932860177
1176368.7724074319
1176374.82335081
1176377.848822499
1176379.3615583435
1176380.874294188
1176382.3870300325
1176383.899765877
1176487.2454512555
1176488.8504270904
1176537.2441381167
1176732.2394780754
1176734.6331058294
1176944.8572682228
1177042.5670901805
1177042.5670901805
1177044.3749939946
1177047.990801623
1177051.6066092514
1177053.4145130657
1177055.2224168798
1177057.030320694
1177060.6461283225
1177060.6461283225
1179127.343071912
1179188.0508216727
1179188.0508216727
1179193.5483251074
1179194.9227009662
1179200.4202044012
1179204.5433319774
1179205.9177078363
1179227.907721576
1179229.2820974349
1179233.405225011
1184672.8066899613
1186874.3169916952
1187558.8022893455
1187559.623225261
1187561.2650970924
1191665.9631232205
1192711.3650557764
1192728.4525140203
1192738.9678729395
1193851.7741785678
1194151.9507797163
1194436.6864064517
1194499.2527920213
1194511.7051907415
1194569.5212167993
1194716.966841645
1194716.966841645
1195909.842071044
1196029.4219947539
1196073.8586101867
1196073.8586101867
1196082.5752892909
1196084.0280691416
1196084.0280691416
1196086.933628843
1196086.933628843
1196088.3864086936
1196089.8391885443
1196089.8391885443
1196091.291968395
1196092.7447482457
1196094.1975280961
1196094.1975280961
1196095.6503079468
1196423.1299462894
1196558.5659243697
1196558.5659243697
1196574.3943067428
1198301.1961092658
1198302.362945146
1198340.8685291884
1198382.2520009354
1198384.124472743
1198409.4028421447
1198411.2753139522
1198415.4630095218
1198419.7982890762
1198424.1335686308
1198427.3850282966
1198431.720307851
1198437.1394072939
1198440.3908669597
1198445.8099664028
1198452.3128857345
1198457.7319851776
1198489.7853818834
1199061.5810831152
1199061.5810831152
1199066.5989385995
1199109.6012221798
1200547.4658663995
1202929.628189566
1207161.6542986077
1207163.4253064257
1207416.3150764343
1207416.3150764343
1207422.3844678104
1207423.9018156545
1207425.4191634986
1207425.4191634986
1207428.4538591867
1207429.9712070306
1207433.0059027188
1207434.5878185562
1207436.1697343935
1207437.751650231
1207451.9888927678
1207463.0623036297
1207611.6286443605
1207710.4453462043
1207710.4453462043
