796.3770181501397
56145.19086952205
65290.60144957707
111039.67203558926
193743.68940745416
193820.97729551067
197190.62406118587
197241.52208795465
197396.49449602695
197414.4443981821
201352.15114547333
201471.9801171576
202717.08162918885
202743.89579443296
205590.58793385624
205662.53512646165
205744.77169000957
205746.2152458612
205759.20724852593
205759.20724852593
205792.4090331135
205819.49991832918
205953.81979252407
209514.63393855153
209567.11849315726
216664.68137168552
221567.12156782363
229439.8554906815
235131.38113371917
243300.57438610765
245064.81178878326
245090.04865018948
245090.04865018948
260490.8248753319
260526.6232156526
260557.51438847766
281061.50037312356
281087.51205045014
298205.7830630723
298255.5419259582
300669.9744098082
319082.9397653645
321924.65555729927
321932.7357804688
321934.7558362612
321935.7658641574
321938.79594784597
321938.79594784597
321939.8059757422
321940.8160036383
321940.8160036383
321942.83605943073
321944.85611522314
336672.84768551285
336778.4993706543
336779.4632785552
357930.27758472145
358049.723760445
358049.723760445
361251.58137136523
361392.72239285905
361393.8477207434
361403.9756717025
361405.1009995868
361405.1009995868
361406.22632747114
361407.35165535554
361408.4769832399
361409.6023111242
371747.6713566005
371757.259703615
371758.32507550553
371763.651934958
372513.853613854
374351.11280502455
385316.53831002244
398326.3848008993
398397.8938535498
398517.3261932748
398517.3261932748
399141.8139890914
404187.0693625512
404230.7357740632
404235.5091935726
404243.464892755
404246.6471724279
404249.82945210085
404254.60287161026
404256.19401144667
404259.3762911196
404260.9674309561
404262.55857079255
404264.149710629
404265.7408504655
404268.9231301384
404270.5142699749
404272.10540981137
404273.69654964784
404340.84265074675
404340.84265074675
404343.3884744851
433006.1722645879
433040.4670930631
433040.4670930631
433046.55493243743
449501.54200923035
450371.6602878016
450385.6069743682
450446.04261615674
460892.3506785084
460904.6185972475
461098.6361933068
461099.5401452139
461108.5796642848
461245.98035416316
461439.2692542973
461455.04229267617
461460.2999721358
461461.6143920007
461464.24323173054
461465.55765159545
461473.4441707849
461483.9595297041
463855.78174993355
463878.36209961283
463980.1950491466
463981.1358970499
478762.40989786346
478792.2910427923
480114.31609491754
480148.44489140983
480148.44489140983
513339.197576138
513351.63152686006
513662.0098709601
513663.2504988326
517601.46917807125
517617.6296244103
520832.49307399377
537526.1511262567
537568.7660018769
537576.2236051104
537580.664960654
538296.7193950594
539274.9244945217
541467.261529198
541545.702417136
541639.6073394847
541813.6088576014
541914.0166992816
541993.9749350637
541993.9749350637
542053.3405929622
552263.0899756269
552508.725070381
553796.911881984
553839.5728775994
553839.5728775994
562161.3633583044
567658.3963693315
567701.9244208578
567701.9244208578
588973.407082622
589056.8473780463
589056.8473780463
591355.6985417753
591372.5507880434
591393.1479779264
591394.4854577889
596115.0791246168
596622.1776964983
597496.640478623
598226.4478956151
606923.4937177519
607000.5048858371
607014.4515724037
607053.9902443399
607089.2351447175
607178.3712595563
611401.9850814627
627227.231294979
627552.3910975598
627612.0196394314
631215.82684504
631538.1779399095
631538.1779399095
631892.7346274689
632674.0027351719
632707.209131759
632745.604027813
632745.604027813
633646.9593791736
633687.4435110127
633687.4435110127
633688.6703028866
633760.6820634855
633804.1824430146
633813.8538060206
633820.3013813578
636552.0117605989
636920.4736267291
636947.3339119685
636959.1175707574
637162.1792978871
637162.1792978871
637181.678831883
637192.8214227378
637199.7855420221
637217.892252161
637224.8563714453
637227.642019159
647668.0006021222
647812.9926432202
647814.9250710215
647969.8559710982
650384.0394069738
653366.3842884549
653396.8050373284
653738.1529582454
657953.6450489864
657994.4889167886
657996.0016526332
661529.734137444
661583.0811359611
662138.6702708589
662609.7998584372
662820.2822928043
662872.388663449
662976.6613607319
663015.6558167242
663123.5581576343
663220.5854036621
663307.8167626966
663507.1104862136
664681.2748335357
664682.9397653645
665116.6522007886
666397.0631811908
666397.0631811908
666547.6818617105
676406.1905844748
677201.6498147193
677421.0656921683
677421.0656921683
677450.8914931028
678082.9291321434
678139.2278103571
679949.0363803491
680049.0614260687
680050.1452459573
680614.501791954
681589.8474517101
684881.5191413994
685087.8830601898
685087.8830601898
686050.7578732276
689186.364110957
711256.4882826387
716624.2746189495
716648.2524044852
716648.2524044852
717200.0550877721
722330.7523644504
722370.8583123285
722375.2996678719
722378.2605715677
722382.7019271111
722385.6628308068
722388.6237345026
722390.1041863504
722391.5846381983
722394.5455418939
722396.0259937417
722401.9478011332
722403.4282529809
722409.3500603724
722413.7914159158
723166.9217145108
723393.8551511872
723398.8176626771
723436.5392068
723436.5392068
731419.6428903145
733830.2612505564
734131.683091577
734195.6007930076
734195.6007930076
751640.7933920296
751931.1879421835
751931.1879421835
751941.4035211336
751943.4466369236
751945.4897527136
751951.6191000836
751953.6622158736
751955.7053316636
751959.7915632437
765085.4315262195
794319.3837856189
795219.461613111
797181.5999154466
802972.7309122471
803099.5516752128
803100.5985991051
803107.8717223577
810556.3201368226
810616.4283266449
810617.964122487
810624.1073058557
810625.6431016978
810627.17889754
810628.7146933821
810630.2504892243
810637.9294684351
810637.9294684351
810639.4652642772
810641.0010601194
810642.5368559615
810653.2874268566
810656.3590185409
810659.4306102252
810660.9664060674
810667.109589436
810668.6453852782
810670.1811811203
810676.324364489
810677.8601603311
810679.3959561732
810679.3959561732
810685.5391395418
810687.074935384
810688.6107312262
810688.6107312262
810690.1465270683
810694.9014985795
810696.5848784066
810698.2682582336
810701.6350178876
810703.3183977145
810706.6851573684
810708.3685371955
810711.7352968494
810713.4186766765
810716.7854363304
810718.4688161574
810720.1521959844
810723.5189556383
810725.2023354654
810726.8857152923
816784.8208846712
816846.7784863033
816944.875716221
816996.3456309311
817149.3763872029
817250.0425008568
817251.6198046947
817329.2812647128
817361.8465933658
842814.5311293955
846250.793616224
846283.9538928159
846429.4993738569
846429.4993738569
846436.4727171402
846436.4727171402
846436.4727171402
846438.7971649014
846443.4460604235
846443.4460604235
846444.608284304
846444.608284304
846445.7705081847
846446.9327320652
846450.4194037068
846450.4194037068
846451.5816275874
846451.5816275874
846452.743851468
846452.743851468
846455.068299229
846456.2305231096
846457.3927469901
846458.5549708707
846463.2038663928
846463.2038663928
846464.3660902734
846465.528314154
846465.528314154
846466.6905380345
846466.6905380345
846469.0149857956
846470.1772096761
846470.1772096761
846471.3394335568
846472.5016574373
846474.8261051984
846475.9883290789
846475.9883290789
846477.1505529594
846478.3127768401
846479.4750007206
846480.6372246011
846480.6372246011
846481.7994484816
846486.2315800262
846486.2315800262
846487.177039929
846487.177039929
846488.1224998318
846489.0679597347
846984.3598128296
846999.856131237
846999.856131237
847131.0813537501
847184.9725682113
847186.2869880762
854670.0725429093
860938.3148906733
860969.0446435148
860988.2905175368
860992.7318730803
860994.2123249281
861000.1341323195
861003.0950360151
861004.575487863
861006.0559397109
861007.5363915587
861009.0168434066
861011.9777471023
861013.45819895
861014.9386507979
861016.4191026458
861017.8995544936
861020.8604581893
861022.3409100372
861023.8213618849
861025.3018137328
861026.7822655807
861028.2627174285
861034.1845248198
861103.0877977383
864754.3386424708
865251.8442553383
865264.4995820376
865335.7088547187
865344.794493785
865507.4135970714
865507.9624250149
868248.1496593846
871587.7446361486
875261.9909105176
880871.2477060107
885204.0644526934
885238.8850491146
885243.0635206852
885244.456344542
885247.2419922557
885250.0276399694
885252.8132876831
885254.20611154
885256.9917592537
885258.3845831105
885259.7774069674
885261.1702308242
885263.9558785378
885266.7415262515
885268.1343501084
885270.74474184
885271.962309715
885274.3974454647
885276.8325812144
885279.2677169641
885280.485284839
885402.7955122682
885403.976184147
885920.6123710482
885943.5801286876
892544.9564262128
892573.735303255
902816.1560905618
902875.9414404172
902879.3589320659
903078.3021436189
903078.3021436189
903091.3079822822
903097.8109016139
905020.5857879954
918528.4083156914
938860.7771859757
939031.1260004677
939321.1469786599
939321.1469786599
943955.9528423048
947742.6857851129
947777.9675814867
947780.7901251966
947783.6126689065
947786.7857245803
947789.9587802542
947793.1318359281
947794.718363765
947797.8914194389
947799.4779472759
947801.0644751128
947802.6510029497
947804.2375307867
947807.4105864606
947808.9971142975
947810.5836421344
947812.1701699714
947813.7566978083
947816.9297534822
947818.5162813191
947820.1028091561
947821.689336993
947823.27586483
947824.8623926669
947826.4489205038
947828.0354483408
947831.2085040146
947832.7950318516
947834.3815596886
947835.9680875255
947837.5546153624
947839.1411431994
947840.7276710363
947842.3141988732
947845.4872545471
947847.073782384
947850.246838058
947851.8333658949
947977.5933689696
953996.0175384093
954004.3606455518
966880.2931181921
968123.2500504438
968266.3004397413
981946.8607976838
982076.5825083512
982076.5825083512
982481.0871507771
991148.8144919274
991161.2668906476
991169.9835697517
991174.9645292398
991177.4550089838
991182.4359684719
991182.4359684719
991184.926448216
991186.171688088
991187.41692796
991188.662167832
991189.907407704
991191.1526475761
991191.1526475761
991194.2611352565
991196.1243830649
991199.850878682
991199.850878682
991203.5773742989
991203.5773742989
994326.7266013086
996148.70162605
1017297.1545884592
1017334.7792805921
1017407.5658571114
1017407.5658571114
1029815.9015338101
1029817.0176376954
1029822.5981571218
1029830.4108843189
1029831.5269882041
1029950.6964439562
1029950.6964439562
1030623.7947147766
1030698.4260911061
1030699.5975389858
1038496.7361776133
1038516.1895916138
1038516.1895916138
1038517.7668954517
1038518.8184313437
1038519.3441992896
1038519.8699672356
1038520.9215031276
1038521.9730390194
1038523.5503428573
1038525.1276466952
1038526.1791825872
1038527.387526463
1038528.5958703388
1038529.8042142147
1038530.4083861525
1038531.6167300283
1038532.8250739041
1038533.429245842
1038535.2417616558
1038535.8459335937
1038536.4501055316
1038537.6584494074
1043490.7153403431
1043493.9668000089
1043506.7235906979
1043506.9541906741
1053548.882134587
1053683.1558887868
1053933.3522510722
1053944.1304939643
1053946.3995977312
1053946.3995977312
1067486.5891381006
1067513.4171393432
1067513.4171393432
1067514.694663212
1067515.9721870807
1067515.9721870807
1068211.867571558
1068283.9531241492
1068285.3828440022
1068316.8366807695
1068326.8447197408
1068326.8447197408
1068328.274439594
1068329.704159447
1068329.704159447
1068331.1338793
1068331.1338793
1068332.5635991532
1068333.9933190062
1068335.4230388592
1068336.8527587124
1068341.1419182715
1068342.5716381245
1068346.8607976837
1068346.8607976837
1068348.290517537
1068353.1192810407
1068353.1192810407
1068357.9480445443
1068357.9480445443
1068357.9480445443
1068362.7768080481
1068362.7768080481
1068364.3863958826
1068364.3863958826
1068365.9959837173
1068367.6055715517
1068369.2151593864
1068369.2151593864
1068370.8247472208
1068378.8726863938
1068380.4822742282
1068382.091862063
1068383.7014498974
1068385.311037732
1068385.311037732
1068386.9206255665
1068388.5302134012
1068391.7493890703
1068391.7493890703
1068393.358976905
1068394.9685647395
1068399.7973282433
1068401.4069160777
1068401.4069160777
1068403.0165039124
1068404.6260917468
1068406.2356795815
1068407.845267416
1068409.4548552507
1068411.064443085
1068411.064443085
1068412.6740309198
1068414.2836187542
1071416.4093662023
1071572.147366196
1071572.147366196
1102299.704896086
1105094.839492808
1105119.467570277
1105519.2080171925
1105541.045834948
1107591.5823321985
1123809.0283734053
1123873.259690804
1123922.3083057627
1127356.5369008004
1127359.820644463
1127359.820644463
1127360.0235724421
1127360.0235724421
1127360.6323563794
1127360.6323563794
1127360.8352843586
1127361.0382123378
1127361.444068296
1127361.444068296
1127361.6469962753
1127361.6469962753
1127361.8499242542
1127362.2557802126
1127362.2557802126
1127362.86456415
1137097.8454916105
1137114.7945898683
1137115.9245297522
1144375.8851355896
1144404.0644526933
1144404.0644526933
1147849.744642554
1153057.7943752822
1172372.3641301736
1173472.4090331136
1201261.0759410562
1201271.0009640362
1201272.2415919085
1201688.2762331492
1201689.360053038
1201701.2820718125
