982083.4774476426
982300.9424492919
982319.3258794026
982467.4171841821
982470.571791858
982474.7779354256
982477.9325431014
982478.9840789933
982483.190222561
983462.5022019095
984425.6537349189
993841.2675312031
994181.5685282277
994261.7758119842
994590.2424182252
1143599.1321754225
1143942.0989081732
1144362.0353010132
1145250.3294697162
1145273.3064513546
1145277.5863869148
1145424.5062438147
1145545.8387273443
1147835.8948079776
1147838.4129597188
1147842.1901873306
1147844.7083390718
1147845.9674149423
1150106.0362746574
1152433.7124354239
1152822.4302034725
1152832.5581544314
1152835.9341380845
1152840.998113564
1152847.75008087
1153051.406755939
1153053.9618036763
1153056.5168514135
1153060.3494230197
1155161.9638150204
1155260.0564329387
1156267.109589436
1156274.7885686469
1157534.2149512055
1157686.2449035805
1157687.6192794393
1157714.4795646786
1157771.1149188576
1167130.1671529552
1167596.4818130282
1167752.5149809916
1167862.368197701
1167874.783700425
1167881.1113637746
1168367.4789977868
1168529.5953931247
1168555.7039224415
1168736.895547819
1168740.6174314364
1168754.264338034
1168793.9644299536
1168805.130080806
1168819.8700312912
1168849.2023482763
1168849.2023482763
1168883.4233847593
1169090.9633634288
1169202.0618200102
1169212.7247629145
1169223.3877058185
1169251.1473309654
1169281.6972158256
1169283.394431651
1169324.1276114646
1169418.046369812
1169418.046369812
1169463.2439651666
1169480.0316434412
1169485.1970829105
1169515.9637317483
1169517.3058236102
1169678.2415470695
1169684.901274385
1169831.696607298
1169833.3338671296
1170358.7282411307
1170379.2239670241
1170410.8991797687
1172112.9068728401
1172120.1200400987
1172132.7430828013
1172138.1529582452
1172253.706606369
1172276.250060052
1172312.6664083092
1172349.5208965214
1172349.5208965214
1172351.2780683408
1172353.03524016
1172354.7924119795
1172354.7924119795
1172356.549583799
1172356.549583799
1172360.0639274379
1172360.0639274379
1172363.5782710765
1172363.5782710765
1172365.335442896
1172367.0926147155
1172580.771164754
1172590.8437717187
1172635.4694791324
1172716.6176107922
1172716.6176107922
1172724.9883899319
1172734.4798849563
1172743.971379981
1172753.4628750053
1172757.530658587
1172758.886586448
1172761.5984421691
1172764.3102978903
1172767.0221536118
1172768.3780814724
1172769.734009333
1172777.8695764968
1172798.2084944064
1172799.564422267
1172800.9480221248
1172852.1412168634
1173236.643617345
1173267.3456981895
1173282.0672006763
1173341.47897857
1173341.47897857
1173349.2963177667
1173350.859785606
1173352.4232534454
1173357.1136569632
1173358.6771248025
1173364.9309961598
1173368.0579318383
1173371.184867517
1173381.391222468
1173874.5062117868
1174040.6304347129
1174058.2943928975
1174208.4841574612
1174208.4841574612
1174525.6513648636
1174552.5716060968
1174575.3502717556
1174589.8457862658
1174615.3824276412
1174622.2819789322
1174627.4566424002
1174653.329959741
1174672.303725791
1174674.0286136137
1174674.0286136137
1174677.4783892592
1174677.4783892592
1174680.9281649047
1174684.37794055
1174686.1028283727
1174687.8277161955
1174689.5526040182
1174691.277491841
1174737.8771350516
1174739.8695188467
1174741.861902642
1174743.8542864372
1174743.8542864372
1174745.8466702325
1174747.8390540276
1174749.831437823
1174751.8238216182
1174751.8238216182
1174753.8162054133
1174757.8009730037
1174781.7095785465
1174787.6867299322
1174789.6791137275
1174793.663881318
1174793.663881318
1174795.656265113
1174797.6486489084
1174797.6486489084
1174799.6410327037
1174799.6410327037
1174801.6334164988
1174803.625800294
1174805.6181840892
1174807.6105678845
1174807.6105678845
1174809.6029516796
1174813.5877192703
1174815.5801030654
1174817.5724868607
1174821.557254451
1174823.5496382464
1174827.5344058368
1174831.5191734273
1174833.428541231
1174835.3379090347
1174837.2472768386
1174959.6082362626
1174978.9325142764
1174978.9325142764
1174980.8649420778
1174984.7297976806
1174986.662225482
1174988.5946532835
1174990.527081085
1174992.459508886
1174994.3919366875
1174996.324364489
1175000.1892200918
1175002.1216478932
1175011.7837869
1175058.1620541334
1175058.1620541334
1175063.7333495608
1175092.7428265794
1175169.7539946642
1175187.5563128346
1178069.788520605
1178988.4711541848
1179802.0324825689
1179820.0654007155
1179831.775267512
1180475.9332413068
1180477.5612771395
1180654.860374917
1181299.6824766437
1181312.0887553687
1181324.4950340935
1181352.0332832632
1181352.0332832632
1181358.1903026304
1181374.609020943
1181469.9759471414
1181488.8021292065
1181501.835639867
1181529.350829039
1181677.6542857967
1181679.1624096418
1182219.342854123
1182239.474232054
1182275.2633483757
1182275.2633483757
1182713.5370513308
1182815.8035288202
1182896.522744524
1182920.0439421064
1182970.5914569113
1183076.280038049
1183076.280038049
1183094.5942881668
1183101.2540154823
1183102.9189473111
1183106.2488109688
1183112.9085382845
1183114.5734701133
1183118.6135816982
1183120.988761454
1183123.3639412099
1183128.1143007216
1183130.4894804775
1183135.2398399892
1183137.6150197452
1183139.990199501
1183144.7405590129
1183147.1157387686
1183151.8660982805
1183230.2470302247
1183338.7350950746
1183508.6273216133
1184129.144185838
1184939.795342521
1184963.4549000894
1185056.9770264775
1185141.5242017878
1185141.5242017878
1186317.6117529122
1186324.492856205
1186458.858850395
1186473.6080248794
1187067.8272678065
1187073.6199392113
1187165.7584657415
1187266.8996153465
1187280.1913979803
1187281.3997418561
1187293.4831806142
1187295.8998683658
1187307.9833071239
1187358.5907779224
1187359.8775257904
1193407.9522401828
1193429.2043339985
1193482.9156804783
1193536.1566030062
1193537.180466901
1194456.7486043898
1194682.8749411488
1194692.1727321933
1194696.3050837684
1194714.9006658574
1194714.9006658574
1194807.9062482985
1194819.9158950641
1194823.3472227114
1194825.0628865352
1194825.0628865352
1194825.920718447
1194826.7785503587
1194827.6363822706
1194828.4942141825
1194829.3520460944
1194830.2098780063
1194830.2098780063
1194831.067709918
1194832.7833737417
1194834.4990375654
1194834.4990375654
1194835.356869477
1194836.214701389
1194837.0725333008
1194837.0725333008
1194837.9303652127
1194838.7881971246
1194839.6460290363
1194840.5038609481
1194842.219524772
1194843.0773566838
1195563.4347866469
1198158.625367919
1198437.1394072939
1198447.9776061801
1198514.8746593047
1198514.8746593047
1198518.7948589018
1198724.2133177891
1198734.7978567013
1198744.5937436945
1198889.7103087797
1198891.4351966025
1199612.899506452
1199618.8766578375
1199627.8423849163
1199665.1995810766
1199666.2834009652
1199668.4510407425
1201154.5433640052
1201174.0428980011
1201197.7209035675
1201217.2204375633
1201218.6132614203
1201239.9852672238
1201249.9102902038
1201461.3059004769
1201462.7033363332
1201462.7033363332
1201468.2930797588
1201468.2930797588
1201469.690515615
1201469.690515615
1201470.8527394957
1201472.014963376
1201472.014963376
1201473.1771872567
1201474.3394111372
1201474.3394111372
1201669.9250870354
1201677.4795422591
1201687.1924132607
1201695.8629723697
1201755.5237982378
1201755.5237982378
1201758.8259898985
1201760.477085729
1201762.128181559
1201763.7792773894
1201765.4303732198
1201767.08146905
1201768.7325648803
1201773.6858523712
1201775.3369482015
1201775.3369482015
1201776.988044032
1201781.9413315228
1201783.5924273531
1201785.2435231833
1201788.545714844
1201788.545714844
1201793.499002335
1201796.8011939954
1201798.4522898258
1202847.1564140425
1203599.0875927606
1205075.9974249671
1205771.6898814654
1206398.5528570374
1207431.4885548747
