342.09063333307864
421.0282780277967
473.54885046493325
2383.983985207711
2454.6257229960493
5903.902077491423
6999.148832127385
27060.610181923763
37623.230617593355
37693.910864233374
45535.176766326156
45958.856653855844
50069.23647032755
68960.37530849104
69779.79966228348
82136.74004232917
82157.97492340254
82157.97492340254
85852.76721246343
88468.98157840448
120548.46690454542
154230.393569633
155727.705743473
155764.91629673212
155765.89552181787
164676.53573147714
164760.02842320004
164793.3825900259
164801.91505130692
164801.91505130692
165114.5794206863
165175.9075176308
165394.82483820934
165395.41347351373
179152.31014906897
179155.91897859855
179166.74546718723
179166.74546718723
179170.3542967168
180472.21754444946
180492.5722231985
180493.3093926451
180494.78373153828
180495.52090098488
180498.10099404794
182469.0775449079
182475.01891059682
182484.4260729376
182499.49953774095
182527.58349315016
182528.062103164
189421.3446007381
197805.35975977813
222431.5613658417
222482.21150833977
222560.78606957573
222560.78606957573
224173.06366949624
227675.97185186317
227772.75009741823
227772.75009741823
243517.50120340163
250015.550852314
258236.72308009688
262085.65529993354
262111.78080517118
262111.78080517118
262876.7151338259
262885.572169714
262885.572169714
262891.6510670161
276867.72912384727
297412.93866854114
318570.30692471674
345475.03877627425
345481.5412709449
345482.6250200567
345482.6250200567
345483.7087691684
345485.876267392
345485.876267392
345486.96001650376
345488.04376561556
345489.1275147273
345490.2112638391
345491.29501295084
345491.29501295084
345493.46251117444
345493.46251117444
345494.5462602862
345495.630009398
345497.7975076215
345497.7975076215
345498.88125673326
345499.96500584506
345502.1325040686
345503.2162531804
345503.2162531804
345504.30000229215
345505.38375140395
345506.4675005157
345508.6349987393
345509.71874785103
345511.8862460746
345511.8862460746
345512.9699951864
345515.1374934099
345515.1374934099
345516.2212425217
345517.30499163346
345518.38874074526
345521.63998808054
345523.80748630414
345525.9749845277
345527.0587336394
345528.1424827512
346495.23177897144
347066.0319837407
347120.3074595619
347204.16873600805
347204.16873600805
353991.10628901504
355268.08731729304
355286.90164197463
355286.90164197463
355287.89186958945
355289.8723248191
355292.84300766356
355296.1547689087
355300.7538260531
355303.6804987813
355305.3528831975
360119.28941999865
365778.19268179004
370630.41251843306
370688.60489459726
370688.60489459726
370711.0500538665
412986.0894413924
425008.25036866113
425031.47120622866
425032.5769603985
425033.68271456845
425034.7884687383
430173.954263098
430177.58509768563
430178.31126460317
430644.7084711833
430651.4475202286
430700.5463061301
430854.4716875893
435509.6692364703
439828.4204494228
439902.5939990373
439919.84046332876
439920.19804552296
442273.44646581955
444587.30583210447
444636.1570611022
444636.1570611022
498591.7343500485
498621.7437480421
513613.14068719966
513640.00886314845
513643.67270532326
513644.89398604824
513647.3365474981
513650.98938714387
513652.2051666043
513658.2840639064
513660.71562282724
513736.0939493731
513736.0939493731
521755.1882272939
521758.19191772555
531559.7289099091
531733.0627526189
531734.1960131114
541805.7350682692
542007.7855118086
542058.7822339719
542058.7822339719
542062.1820154494
542098.9854751335
547663.2229769481
549687.4957785435
562933.3964960001
591658.1501998029
591735.4649714621
591735.4649714621
591739.3818718053
592569.8307597094
592584.5081334668
592584.5081334668
592585.377333262
592586.2465330573
592587.9849326477
592588.854132443
592589.7233322382
592589.7233322382
592591.4617318286
592591.4617318286
592606.2381283476
592606.2381283476
592782.8452234507
596224.1337418532
596320.3178508393
596525.5590278043
596536.071944315
596543.581170394
596566.0813423085
596589.6707645993
596598.5167979584
596619.1575424629
597217.2825281366
597242.5773424307
597242.5773424307
597255.2247495778
597292.957922967
598308.8599393333
608010.4279525363
608736.963454794
608741.8155701067
608777.0236630781
608777.0236630781
610200.7234162852
613602.1332681332
638118.3535937774
638118.3535937774
638135.6000580689
639377.5270287824
641684.9389130418
641694.5441209056
641846.8246242712
641846.8246242712
646223.9112462656
650455.2143583004
650456.4246364963
650488.0789125834
675842.2298458881
690668.2477708417
693676.691295013
693696.6938928323
693713.3132129677
693723.5455649875
696663.3498116581
696665.0662061905
696665.0662061905
697213.6523048006
697213.6523048006
700715.9553480695
708338.5954966038
727575.5273191268
727589.7535891931
727702.7605651021
727702.7605651021
727707.2716020141
727709.5271204701
727709.5271204701
727711.7826389261
727716.293675838
757055.1755438229
766364.3053507438
767024.9467064999
768645.261653894
768656.0441323665
768657.584486434
768660.665194569
768662.2055486365
768672.988027109
768674.5283811764
768676.068735244
768679.1494433789
768680.6897974465
768691.4722759189
768693.0126299864
768694.552984054
768696.0933381214
768699.1740462565
768700.7144003239
768706.8758165939
768709.9565247289
768711.4968787964
768713.037232864
768725.3600654039
768726.9004194714
768728.4407735389
768737.4793511564
768738.8161584365
768740.1529657164
768741.4897729964
768742.8265802765
768748.1738093965
768754.8578457965
768765.5523040366
768766.8891113165
768778.9203768367
768778.9203768367
768780.2571841166
768781.5939913966
768784.2676059566
768790.9516423567
768792.2884496367
768793.6252569167
768796.2988714768
768800.3092933168
768801.6461005968
768806.9933297167
768816.3509806768
768817.6217727825
768821.4341490995
768825.2465254166
768826.5173175223
768827.788109628
768830.3296938394
768831.600485945
768832.8712780507
768836.6836543678
768837.9544464735
768841.7668227905
768844.3084070019
768854.4747438474
768857.0163280588
768859.5579122701
768860.8287043758
768862.0994964815
768865.9118727986
768870.9950412213
768872.265833327
768877.3490017498
768878.6197938555
768879.890585961
768882.4321701725
768887.5153385953
768890.0569228065
768896.0753061989
768896.0753061989
768899.5521053798
768903.0289045607
768908.244103332
768911.720902513
768915.197701694
768916.9361012845
768923.8896996463
768925.6280992368
768927.3664988271
768930.8432980081
768932.5816975986
768965.6112898174
768967.3496894077
768970.8264885887
768972.5648881792
768974.3032877697
768981.2568861315
768984.7336853124
768986.4720849028
768988.2104844933
768995.1640828552
768996.9024824456
768998.4153301904
769001.4410256802
769002.953873425
769013.543807639
769015.0566553839
769019.5951986185
769021.1080463635
769024.1337418532
769042.2879147915
769043.8007625364
769061.9549354747
769063.4677832195
769068.0063264542
769069.5191741991
769071.032021944
769087.6733471374
769089.0926733853
769090.5119996332
769093.350652129
769097.6086308728
769099.0279571207
769100.4472833686
769106.1245883602
769107.5439146081
769108.9632408561
769111.8018933518
769113.2212195997
769125.995155831
769130.2531345746
769131.6724608225
769133.0917870705
769135.9304395663
769165.7362907723
769167.1556170203
769168.5749432682
769169.9942695161
769172.832922012
769174.5273114862
769176.2217009604
769179.610479909
769181.3048693832
769182.9992588575
769184.6936483317
769191.4712062287
769193.165595703
769196.5543746514
769196.5543746514
769199.9431536
769206.7207114969
769208.4151009711
769210.1094904453
769211.8038799197
769216.8870483424
769218.5814378166
769227.0533851879
769228.7477746621
769230.4421641363
769233.8309430849
769243.9972799304
769245.6916694046
769247.3860588789
769250.7748378273
769259.2467851986
769260.9411746728
769264.3299536213
769266.0243430956
769267.7187325698
769275.9981356825
769277.4999808983
769279.0018261141
769280.5036713299
769286.5110521932
769291.0165878406
769292.5184330564
769295.5221234881
769306.0350399987
769309.0387304304
769310.5405756462
769312.042420862
769313.5442660778
769328.5627182359
769331.5664086675
769334.5700990992
769336.071944315
769339.0756347466
769357.0977773363
769357.0977773363
769360.101467768
769361.6033129838
769369.0300200948
769370.504358988
769371.9786978812
769373.4530367744
769374.9273756676
769386.722086813
769388.1964257061
769389.6707645993
769392.6194423857
769394.0937812788
769402.9398146379
772226.1227546054
773262.5114800694
779486.3836062317
783584.8366812094
783591.5757302548
783591.5757302548
792956.999977078
793037.6485150406
793037.6485150406
799539.8131098191
799554.0723874725
800275.8162883273
800283.6280839554
800334.993390842
800342.6126422115
800348.7080433072
800730.1107129486
800735.5679673592
801263.3152759419
801268.9815784044
801527.530008634
801532.1290657783
801623.8681530269
801627.598010376
808990.941556705
809184.15146815
810711.2749944605
810770.0174970775
810803.1901221739
815417.5077743564
815604.1436746918
820331.6223381902
820334.1309148144
821532.7354273795
821558.8444288236
822178.0942702801
822207.7460860794
822926.5303066191
823010.0174970775
823095.1055555131
823300.1376844262
823364.7445350285
823410.1299673744
823841.6491568548
823846.7543303357
824405.0611633646
824407.0031097425
824510.6029233108
824710.5738888592
825237.622536847
825716.5901328708
825721.9593670489
826214.1850105823
826234.7487373834
826252.3747889273
826306.7932976261
826936.7045897356
827858.848554772
831178.8616966817
831506.5390169546
831507.6722774471
832463.1484042512
845263.8262822912
845265.025557958
845286.6125199612
845315.3951359653
846791.2083680346
846908.2587733709
846908.2587733709
846966.8747469037
850573.5697858327
850573.5697858327
851904.6887583188
852716.4883594771
853689.7335707027
857164.4037622537
858052.8029706829
858284.0431238015
858285.3304197007
861814.435623744
863116.1063272182
863170.2552739553
864629.7242491157
865985.2743373651
867194.5733081702
867228.1915356932
867228.1915356932
867230.5845857623
867806.5394753932
867829.8373306643
867829.8373306643
869186.6472084903
869188.7101826878
869189.1227775273
869189.5353723669
869189.9479672064
869193.2487259224
869193.2487259224
869193.661320762
869332.1556552235
869336.3366162638
869336.3366162638
869457.6945117245
870540.497406001
870541.2400767121
870704.4735977505
871667.409439253
872399.3306794827
874187.6927543762
879735.9050726243
879755.5115793978
879755.5115793978
879768.8796521978
882099.8424498965
882143.8085559945
882143.8085559945
882216.8873539681
882477.5317659823
891784.0044621368
892333.01965938
892529.8879117352
892585.1756202294
892586.3528908382
892723.9450179173
892758.602984436
892758.602984436
897291.5019216222
897366.6216887354
897420.0829774067
897421.3262631897
897434.9253890999
901148.9831065335
908730.2317407682
908859.9020469289
908862.0640438879
908938.2895651709
910793.4094850969
910872.1325804751
910872.1325804751
910907.753268286
910910.6029233108
922362.7613291666
922641.3783723897
928331.8203837132
929853.7672201041
930816.6480489613
934966.0813423085
952081.0764140924
952226.7829063486
952256.016626044
952259.8675112127
955253.1165427609
955552.0552571459
955579.2205013791
955580.0456910582
955651.5896362289
955651.9472184231
955672.7419983343
955678.9034146043
955782.5032281725
955834.4021577182
955835.5574232688
956261.0857356796
956664.399941931
956795.9241742373
957789.243499721
958744.0869811047
961421.6459477838
964809.1045927919
965142.7287800183
974070.114838897
984254.6278623766
984283.4764935551
984283.4764935551
984729.8545985223
987477.0925816976
987495.7308659144
987498.3934779454
987501.0560899762
987503.7187020072
987506.3813140382
987509.0439260692
987511.7065381001
987514.369150131
987517.031762162
987517.031762162
987522.356986224
987522.356986224
987525.0195982549
987530.3448223168
987533.0074343478
987533.0074343478
987538.3326584097
987538.3326584097
987540.9952704407
987543.6578824716
987546.3204945025
987556.9709426265
987559.6335546573
987562.2961666883
987564.9587787193
987567.6213907503
987570.2840027813
987575.6092268431
987578.2718388741
987580.9344509051
987583.597062936
987586.259674967
987588.9222869979
987591.5848990289
991512.6001879598
991516.5610984191
992037.7453984214
992043.5492324972
992679.1983435081
998211.754062913
1008801.0831378602
1015241.011927047
1021343.4381375164
1021554.0155410722
1021751.7309881647
1021751.7309881647
1021769.8631560449
1022089.5581414894
1022108.8510761848
1022108.8510761848
1032430.0430168324
1034541.7529168163
1036309.0781561595
1039465.8577770307
1039469.2080471275
1039469.2080471275
1039469.6866571413
1039471.1224871828
1039471.6010971967
1039484.3530283697
1039484.3530283697
1040937.8531315185
1043256.7901649616
1049887.1122181558
1049918.3373956096
1063048.8215832945
1072672.579711031
1072783.353173542
1072840.22524622
1072840.22524622
1072945.6184720239
1072958.1613551448
1073116.251193851
1073139.9616439613
1073282.4608989982
1073282.4608989982
1074421.2776686864
1074472.6979882182
1074472.6979882182
1085075.8737459793
1085883.2943405742
1086129.839011606
1086245.7176475984
1091000.3725578587
1092129.6501348573
1108382.3054882754
1114654.3906967505
1117536.8222556713
1117547.1206228654
1117908.0475859381
1128648.9199948043
1128734.2996202598
1129031.131350331
1130880.0073350193
1137026.9607805684
1144640.1497566456
1144699.9870109032
1159971.3543043574
1160002.6454969856
1160026.9830912522
1160028.7214908425
1166227.9314481316
1167837.3979018787
1167856.459783464
1167858.577770307
1167860.6957571497
1167864.9317308352
1167867.049717678
1168426.9574186844
1168465.6423108368
1168488.2084979257
1168489.820368432
1168494.655979951
1168494.655979951
1168496.2678504572
1168496.2678504572
1168497.8797209635
1168497.8797209635
1168501.1034619764
1168501.1034619764
1168502.7153324827
1168502.7153324827
1168507.5509440016
1168510.7746850143
1168512.3865555208
1168513.9984260271
1168515.6102965334
1168515.6102965334
1168518.834037546
1168518.834037546
1168520.4459080524
1168522.057778559
1174282.3603481078
1174375.1281718228
1174375.1281718228
1187852.070996875
1197185.5163930042
1197293.6712536006
1204659.5728879347
1204976.4952360578
