943781.9787742877
944856.5077667158
944871.0311050665
948680.5687696269
948713.9229364527
948860.1795551616
948860.1795551616
948863.5958404327
949031.1753604475
957257.3592402142
957261.4136721704
957261.7822568937
957914.0891968918
957917.4559707822
957918.3911857518
960585.8608332888
960589.5246754636
960596.8523598133
964266.8944597682
964759.2961437664
964785.8342438436
966993.5192047616
967062.00994812
967062.00994812
967067.0931165427
967067.9403112798
969270.1075038776
969314.6677465445
969393.4898646842
969393.4898646842
969628.9659914883
969639.2643586824
969701.2526073701
969701.2526073701
971367.3105693044
974016.8515957488
978547.4179967756
978553.4913928132
978555.0097418226
978558.0464398414
978976.9347259683
979018.9478831593
979889.2259262372
979905.9772767213
989714.6109001443
992236.2805339282
992238.7671054944
992248.3558095646
992248.3558095646
992249.7256244317
992249.7256244317
992252.465254166
992253.8350690332
992255.2048839004
998331.0764904988
1001275.8813866243
1006252.2702649012
1006256.7592967551
1006258.2556407064
1006259.7519846576
1006261.2483286089
1006262.7446725602
1008987.3119446206
1024290.7351064724
1024292.8640958442
1024337.2262929883
1024337.2262929883
1131511.9705987973
1131513.7530085042
1131513.7530085042
1131514.6442133575
1131515.089815784
1133492.7559043085
1133495.1984657582
