350.2545098908152
113553.98864600126
132903.42132809697
165973.7559119492
174244.13144965962
188724.46641554413
188741.498330519
279727.0773768137
279747.2560150979
282812.3185537787
282861.04875495686
336363.42086965824
336414.58262975723
342257.6682279052
347289.5263564055
371518.54766616493
371635.96665622445
382012.539826863
415209.66755552834
417262.62395036634
419441.60331298376
422718.7340979072
422718.7340979072
422718.7340979072
428076.1240535151
526116.1011315796
546642.0617516943
553447.5660724791
576829.2221059146
683402.35362434
686049.7931677351
760743.6138723554
767162.6543601342
851643.0926275415
851652.6758303471
886773.0896476898
886849.1171234499
894564.8716753642
896604.6965517768
901462.9237692831
901835.4749043009
940870.5445487817
942825.3308781394
947691.1168331055
947732.6788866052
947770.6156067818
948345.8333269662
959011.6794902162
971216.2788529864
971411.2436678153
973978.6728199329
991914.990181771
1001328.5614957327
1001404.8915410417
1001442.7567447795
1001880.37683662
1044941.3708845575
1044947.8238678474
1059483.6280839555
1070677.2050519946
1108880.120416568
1111013.1917267095
1113824.7064846156
1113839.0647850304
1116698.7761214557
1116712.0286677007
1122648.3882059
1144037.046126575
1144090.0068001742
1146008.13820399
1155208.4474973069
1155219.8076085546
