133959.06447940462
146873.6955508523
146907.7758845957
147482.99360477997
147482.99360477997
149424.88497008686
162356.76250582596
165554.83461823515
180520.14456100675
180534.37083107297
180535.97169905025
180619.01328708194
180619.01328708194
189094.83354854485
189116.88261676818
195724.6054752863
195729.64463359286
195733.42400232275
195740.98273978254
196050.14830492288
196056.28771613474
196077.77565537635
196089.03124259814
196700.9589009696
196700.9589009696
196861.1667265184
196861.1667265184
197196.78237150345
197513.66070951032
197747.97056823477
197752.6356405535
197937.4231160079
197951.4513405512
197951.4513405512
197952.85416300554
197955.65980791417
197966.8823875488
197982.3134345464
197987.92472436372
198003.40528274208
198641.88204371976
198780.27185415538
198780.27185415538
198781.51513993842
198876.20840623783
198993.69891273617
199010.69782012393
199014.09760160148
199495.9423589728
201120.14670038738
201120.14670038738
202581.2715561702
203850.1712268584
208475.02930187425
208475.02930187425
208987.42808242727
209670.5311012462
209713.75453663306
209745.7718961789
209762.50674286936
209773.31672766447
209792.77470029567
209933.00743434776
210068.60260240376
210085.700532553
212641.07091282788
257108.81531796546
257111.76949701633
257119.6473078187
257125.55566592043
257130.4792976719
257142.6866036568
257144.25996531147
257481.68002506133
264723.0495343027
264732.8142788377
276072.0482277524
279233.77898669767
279287.4548246854
295880.07732332917
295959.18550722423
319006.71123709687
329907.0708058588
329917.5012034016
329919.239602992
329920.10880278726
329920.9780025825
329923.5856019682
329927.06240114913
329932.2775999205
329935.7543991014
329940.1003980776
330064.263938447
330065.22665973916
330068.1148236157
330779.0872485272
330788.6759525974
347294.27944895666
358403.8796139946
362665.5332024236
362667.3706247756
375840.2750632263
375858.46224375186
375888.6091733586
376287.8084337441
376287.8084337441
377785.03808861616
395936.5594174772
395981.922844765
395989.2395265856
395996.2811451799
396003.7188548201
396013.0159918704
396027.89141115075
396052.06396748143
396057.64224971156
396072.517668992
401077.3920949885
417081.2087500669
429671.9198649134
429675.7707500821
429676.7334713743
429677.6961926665
429678.6589139587
429679.62163525086
429680.584356543
429682.5097991274
429683.47252041963
429684.4352417118
429685.39796300395
429687.32340558834
430762.7436028698
430779.1813812758
441936.27396297344
446465.5915769528
448834.9917099
607127.4309858724
607131.7384759969
607194.7224535639
607195.3936078362
611378.0270326027
611379.1933006824
623914.1050894338
623921.7243408033
623921.7243408033
623924.7720413512
623924.7720413512
623926.2958916251
623927.819741899
623930.8674424469
623932.330778811
623933.7941151751
623933.7941151751
627236.4617700318
627248.1464558868
749125.0972272098
749154.3089418471
749155.9318148824
785454.3038990212
785458.0062500477
785458.5783815585
785460.2947760909
785465.443959688
785490.9313182405
802106.0869963861
808463.0622177736
808476.4853032191
820660.3559012524
871025.6979347336
896764.761344448
914134.4319562344
914140.2412915747
1160900.5398879882
1161801.0638834343
1161801.0638834343
1161824.9283689514
1166058.3824754162
1166081.564804132
1166088.1883266221
1166093.1559684898
1166096.467729735
1166099.77949098
1166103.0912522252
1166104.7471328478
1166111.370655338
1166126.2735809411
1166134.552984054
1166137.864745299
1182674.676915319
1182768.3469464162
1182772.4893986047
1182773.870216001
1182778.0126681896
1182780.774302982
1200969.088088998
1200993.4256832646
1201478.2741310676
1201478.2741310676
