628.4809633325438
637.541546008145
638.0366598155549
638.5317736229648
656.8509844971311
2244.846002796476
2244.846002796476
2246.771445380848
2294.9570213708844
39555.588291475324
39594.49323420869
39598.32211431933
39603.42728780018
39611.08504802145
39612.36134139166
39626.400568464
39628.95315520442
39631.50574194485
39632.78203531506
39636.61091542569
39639.16350216612
44443.659869039344
44461.593991396636
44465.180815868094
57203.3368225613
57216.70489536137
57328.7656537718
57328.7656537718
87907.3464803368
87913.48589154868
87919.62530276056
87943.033183322
100703.65085307803
100772.01506735229
100772.01506735229
142315.11671085507
142322.59843061148
142322.59843061148
142346.40790348337
226890.77086469182
305882.3004454496
305902.3910635014
305906.04390314716
305909.69674279296
305933.4402004905
305956.5125039158
305960.3963966717
305964.2802894276
305968.1641821835
305973.9900213174
305981.7578068292
305987.58364596305
305995.35143147485
305999.23532423074
306010.88700249844
306014.77089525433
306016.7128416323
306020.5967343882
309419.87759686424
319057.7079592601
319072.41283934016
319075.6805904691
319092.0193461136
344660.0924518066
344714.0488542852
344715.07759075175
356559.90525599977
362511.5693121127
362646.2402677282
362646.2402677282
400461.3164831638
426190.31257879414
427684.98964692577
427713.9648071883
427713.9648071883
429400.32243522647
429425.57323940436
429430.029263671
429432.9999465155
429434.48528793774
429437.4559707822
429440.42665362667
429444.8826778933
429449.33870216005
429450.82404358225
429453.7947264267
429455.2800678489
429456.7654092712
429460.0001528129
429466.4696398964
429468.08701166726
429469.70438343816
429471.321755209
429474.55649875075
429476.17387052166
429477.7912422925
429481.02598583425
429490.7302164595
429644.68860550586
429644.68860550586
429651.77423421637
433044.5801083444
433069.1432544564
433069.1432544564
433073.02164594777
433132.9689254961
441239.8523827352
478988.0057152026
479003.3762482904
479004.77356948017
479011.76017542917
479014.5548178088
479015.9521389986
480799.68214916065
570954.152155808
575933.6877573942
594601.2276988669
594621.3348207122
685590.3165519297
685612.9377516637
685898.4753856616
685899.4876183345
685903.5365490263
761702.7538413344
905098.7370013524
914699.6538787736
914717.2799303173
914718.748767946
914749.5943581476
914879.3361807471
914881.0635778086
914884.5183719314
960604.5761352088
960610.467989517
960612.431940953
993100.655720169
1070694.7650883642
1108948.534142223
1109023.736428304
1109024.864187532
1128597.818748615
1128602.9019170378
1128603.143972677
1159256.3329487543
1159383.247121387
1159383.247121387
1161880.4966419365
1166005.4713131976
1166016.6058725999
1166018.6303379457
1166021.6670359643
