618.5346770681316
625.372748874915
625.372748874915
651.4047326156222
660.3167811490003
2269.8492500706757
2281.5064296029154
2281.5064296029154
2299.4405519602074
14582.036843191041
15306.498368722254
15308.423811306626
15309.38653259881
15309.38653259881
15312.274696475368
15313.237417767554
37762.38510379816
37957.184880691326
44480.529343897804
44495.87787192751
44497.58326393081
44500.99404793741
44511.22639995722
44512.93179196052
44514.637183963816
44516.342575967115
44519.75335997372
44521.45875197702
44524.86953598362
44526.57492798692
87908.71079393943
87919.62530276056
87929.17549797904
87929.85765478037
87930.53981158168
87931.221968383
87940.5466117559
97475.61335279152
100681.39273680269
100698.88125673332
100698.88125673332
100837.54613039525
100928.03092933167
142283.69348787813
142289.67886368325
142291.17520763454
142294.1678955371
142332.67674722456
142370.43742693635
142394.4669503893
142396.18334492165
180561.32702725418
180568.46766860996
180568.46766860996
188010.58382169792
188200.76253638856
188201.780270326
196894.9059818611
196929.84451287068
196929.84451287068
199008.43129913887
212795.42539292015
212832.09682225567
246726.33378922517
306215.9521389986
306242.4132213724
306244.0360944078
319109.9919773226
319132.8662352249
344649.381489773
344654.2501088792
344677.61948058894
344694.50286142156
344733.59484714887
344733.59484714887
347362.6051543793
347366.1699737926
347366.56606483855
347412.13854017836
347412.8041931861
347416.1324582248
361497.02610808454
361611.82649622933
361612.574668205
361614.07101215626
361614.07101215626
433080.77842893056
433087.2424147495
433087.2424147495
433128.2653443257
445022.7199168698
445182.30609952705
479040.790348337
479047.2818404786
479063.5105708326
479065.13344386796
479074.8706820804
479076.49355511577
534229.9766960322
560965.5391621268
560983.4182718388
560984.7935879705
560986.1689041022
560987.5442202339
561011.4252095447
561012.4649485402
562614.7632546092
562628.8464917978
562646.4505382834
562646.4505382834
570975.3430267652
594540.8953308017
594555.0555856937
594555.842266521
594593.261867832
594614.1721742983
636823.0533546252
637617.2874181495
637617.2874181495
637624.0649760466
677413.7870857816
677425.6533133659
677426.6490422452
681473.995369769
681480.0027506324
681491.0162822149
681492.0175123588
682008.3111881968
682017.4872974274
682017.4872974274
682031.0424132213
682032.0106357781
682677.0834129234
682689.0926733853
682690.5119996332
682690.5119996332
682701.8666096164
682701.8666096164
701060.16946951
701344.3868000214
701344.9754353258
701346.1527059345
701346.7413412388
747596.2518051025
747642.3138929851
747643.5901863553
748331.996424178
787690.7934810015
787919.1784778307
795748.2975878484
795759.520167483
795759.520167483
802137.0701182007
802154.2340635243
802155.3783265458
802156.5225895675
802180.5521130204
849253.3653221678
849271.0408850923
849286.1913675991
849286.1913675991
854159.9101460128
861006.6739507484
861031.9137523973
861031.9137523973
890545.7578373918
890894.2794489567
890896.6449927032
890897.8277645764
890901.3760801962
904007.2971217689
904034.627403938
960997.9880653123
974098.1272778674
974111.00023686
974121.2986040541
974130.2106525875
974275.5430588559
974277.8535899571
974279.0088555077
974282.4746521596
974283.6299177102
974284.7851832609
974285.9404488115
974288.2509799127
974289.4062454634
974290.561511014
974290.561511014
974292.8720421152
974317.1326186783
974317.1326186783
974336.7281229227
974336.7281229227
974337.8778872088
974342.4769443532
974342.4769443532
974343.6267086393
974344.7764729254
1070496.323474354
1070697.2736649883
1070697.2736649883
1070721.154654299
1070727.8661970217
1101068.3467936032
1109116.5702671933
1113681.8221410615
1113794.5540537443
1113795.9898837858
1128595.3981922234
1128597.0925816975
1128597.3346373367
1137049.8350384708
1137615.568578611
1137616.8613757745
1137620.739767266
1137623.3253615936
1165915.8282077338
1165929.113761566
1165931.6223381902
1165934.1309148145
1165937.893779751
1165939.148068063
1165941.656644687
1165944.1652213114
1165945.4195096234
1165947.9280862478
1165959.2166810567
1165964.233834305
1165965.4881226171
1165967.9966992415
1165970.5052758656
1165980.5395823624
1165983.0481589867
1166336.9775135813
1172899.4414688377
