650521.2405351509
650530.2846140328
650531.7919605132
650533.2993069935
650534.8066534739
650536.3139999541
650540.8360393952
650542.3433858756
650543.8507323558
650545.3580788362
650548.2407414482
650549.6160575799
650550.9913737116
650552.3666898432
650556.4926382384
650557.8679543701
650559.2432705017
650563.3692188968
650566.1198511602
650568.8704834236
650571.621115687
650572.9964318187
650575.7470640821
923014.2430794856
923300.110789355
935302.4396580047
935307.0607202072
935328.6256771522
935328.6256771522
935333.2467393547
935336.3274474897
935336.3274474897
935339.4081556246
935339.4081556246
935342.4888637597
935342.4888637597
935344.0292178271
935345.5695718947
935347.1099259622
935347.1099259622
935348.6502800296
935351.7309881647
935351.7309881647
935353.2713422321
935354.8116962997
935354.8116962997
935357.8924044346
935357.8924044346
935359.4327585021
935360.9731125697
935362.5134666371
935362.5134666371
935364.0538207046
1001004.3279670535
1001861.2874487122
1017255.0798829453
1017260.058527342
1017261.0542562214
1017263.0457139801
1024420.3724050459
1024423.277072716
1024425.2135178294
1024426.1817403862
1024428.1181854996
1024429.8235775029
1024430.5607469495
1024432.0350858427
1024432.7722552893
1024433.5094247358
1024434.2465941824
1024435.7209330756
1080990.1175895294
1080993.6383988264
1080997.1592081236
1080997.1592081236
1081000.6800174208
1081002.4404220693
1081004.2008267178
1111794.8884083773
