641.9975702748342
646.9487083489331
647.443822156343
653.3851878452617
658.3363259193608
664.7948104737965
2257.2953644205713
2260.8821888920297
2260.8821888920297
2291.370196899426
87909.39295074076
87918.26098915792
91541.26177614437
91548.76550095889
100778.0774608608
100833.66773890388
100833.66773890388
142301.6496152935
142306.13864714737
142307.63499109866
142341.25871988633
142365.28824333928
180544.5096615958
180549.8458881868
180550.37951084587
246640.88814859526
344663.0136232703
344692.4453884886
344693.4741249551
433091.1208062409
433104.0487778788
433104.0487778788
433120.73961445305
433135.7910741983
546503.3858755033
560660.5600592914
594581.3131212799
594587.287494556
594587.287494556
594626.9021004133
802161.0996416537
802164.5324307184
802164.5324307184
959017.1807547429
959021.3617157834
959021.8018169454
1128605.8836024113
1128605.8836024113
1128609.4374192955
1206907.7031456535
