44639.515888721646
95917.67174260195
105134.64436617028
246554.62832081542
246745.9402959986
379529.54408270237
379546.32293950906
398421.6841510097
399314.47886979574
400426.5099825029
401352.1087416622
401438.8031693396
401441.7958572422
401441.7958572422
401444.7885451447
401446.28488909604
401449.2775769986
401449.2775769986
401450.77392094984
401452.27026490116
401453.7666088524
401455.2629528037
401456.759296755
401458.2556407063
401459.75198465755
401461.24832860887
401461.24832860887
401462.74467256013
401464.2410165114
401465.7373604627
401467.233704414
403032.5745153921
403066.9354136263
403549.4403227408
403600.49205754936
403605.03060078394
403614.1076872531
403615.62053499796
403618.6462304877
403621.6719259774
403623.1847737223
403623.1847737223
403626.21046921203
403632.2618601915
403633.77470793633
403638.3132511709
403639.8260989158
403641.33894666063
403644.36464215035
403644.36464215035
403645.8774898952
403647.3903376401
403647.3903376401
403648.903185385
403650.41603312985
403651.9288808747
403653.44172861957
403654.9545763644
403656.4674241093
403657.98027185415
403657.98027185415
403657.98027185415
403661.00596734387
403661.00596734387
403664.0316628336
403664.0316628336
403667.0573583233
403667.0573583233
403668.57020606817
403670.0830538131
403670.0830538131
403673.1087493028
403674.62159704766
403676.1344447925
403677.6472925374
403677.6472925374
403679.16014028224
403680.8325246984
403680.8325246984
403682.5049091145
403684.17729353067
403684.17729353067
403685.8496779468
403687.5220623629
403687.5220623629
403689.1944467791
403692.53921561135
403697.5563688598
403819.7999679093
403821.41183841566
404214.5432040281
406717.9486395831
407300.53255296877
407746.6851060904
407763.84905141394
407768.14003774483
407773.86135285266
407776.7220104066
407779.5826679605
407782.44332551444
407785.3039830684
407788.1646406223
407791.0252981762
407792.45562695316
407796.74661328405
407798.176942061
407806.75891472277
407808.1892434998
407819.63187371544
409616.69694909034
409623.4635044583
409648.3842327646
409648.3842327646
409650.8928093888
409650.8928093888
409654.6556743251
409654.6556743251
409655.90996263723
409657.16425094934
409658.41853926145
409659.67282757355
409660.92711588566
409660.92711588566
409662.18140419776
409663.43569250987
409664.689980822
409665.9442691341
409667.1985574462
409667.1985574462
409669.7071340704
409670.9614223825
409767.2995667754
412032.0381421007
412383.22236569657
412383.22236569657
414376.803612497
414816.5471924449
414819.46836390864
415325.06208024203
415331.25100283464
415333.7265718717
415336.20214090875
415338.6777099458
415347.34220157546
415348.57998609403
415353.53112416813
415357.24447772367
415359.72004676075
415364.67118483485
415367.1467538719
415370.86010742746
415373.1981448513
415375.39865066204
415377.5991564728
415410.6067436334
415531.52453793195
415531.52453793195
416125.6556055593
417494.5407590217
418593.17629260616
418610.0871797615
418610.0871797615
418620.37454442657
421795.2533255908
424755.65980791417
424758.96056663024
424759.7857563092
424761.43613566726
424763.08651502535
424763.08651502535
424765.1109803712
424767.1354457171
424770.17214373586
424772.1966090817
424773.20884175465
424774.22107442754
424775.2333071005
424777.2577724463
424777.2577724463
424779.28223779215
424780.2944704651
424781.30670313805
424782.31893581094
424783.3311684839
424785.3556338297
424786.36786650267
424789.40456452145
424790.4167971944
424791.4290298673
424792.44126254023
424794.46572788607
434297.6471397245
435277.65340505354
435285.93830943084
435285.93830943084
437904.72726717044
437909.2493066114
437914.69555849297
437915.0586419517
437915.78480886924
437916.14789232804
437916.5109757868
442949.8544457094
442969.9560662902
442974.2635564147
442975.69938645617
442978.5710465391
442981.4427066221
446381.9558523522
446387.12704100733
446411.6901871194
446411.6901871194
447520.5635739882
464754.5950076024
465098.6000809908
465639.0223030433
465640.3426065297
465672.02989020396
465673.0861329931
465675.1986185714
465676.25486136053
465677.3111041497
465679.42358972796
465681.53607530624
465689.9860176193
465692.0985031976
465693.15474598674
465701.6046882999
465703.71717387816
465706.869398452
465707.9201399766
465711.07236455043
465713.1738475997
465718.42755522276
465723.6812628458
465723.6812628458
472215.9490827405
475560.88295295654
475583.05304899946
475590.23219920695
475597.4113494144
475602.19744955265
475606.983549691
475609.3765997601
475614.1626998984
475621.34185010585
475626.1279502441
475628.5210003133
475633.3071004516
475647.6654008665
507854.65353494446
507945.8204906822
507958.4458927712
507959.28758624376
507965.1794405519
507968.5462144423
507995.0182993452
508008.2213342095
508020.32411616837
526122.2625478496
526124.5730789508
526142.3751709594
526142.3751709594
526143.9760389366
526144.5096615958
526145.576906914
526145.576906914
526146.6441522322
526147.1777748913
526147.7113975504
526148.2450202095
526149.3122655277
526150.3795108459
526150.9131335049
526151.9803788231
526152.5140014823
526154.6484921186
526156.249360096
526156.7829827551
526157.4321319693
526157.7567065763
526158.0812811834
526158.7304303976
538078.1992527449
543206.5220547223
543295.1804338358
557972.4661710435
557997.0458209491
574441.6567974999
574617.6642547697
574618.7204975588
601624.1419937499
611233.5253172778
611237.0241215167
611239.8297664254
611239.8297664254
615748.418615668
619815.8335561855
677459.5080952636
677462.4952819017
677463.491010781
677466.4781974191
677467.4739262984
677468.4696551778
677469.465384057
677469.465384057
677471.4568418157
677473.4482995744
677477.3817037111
677478.3279212097
677479.2741387082
677481.1665737055
677482.1127912041
677485.8976611985
677486.8438786971
677490.6287486915
677491.5749661902
677508.6068811651
677509.5530986637
677510.4993161623
682104.0827023434
682115.5198312945
682115.5198312945
682115.5198312945
682119.3322076116
682119.3322076116
682120.6029997173
682121.873791823
682123.1445839286
682123.1445839286
682124.4153760343
682126.9569602457
682126.9569602457
682128.2277523514
682128.2277523514
682130.7693365628
682137.1232970912
682143.4772576196
682154.1607133306
682155.7890876306
682155.7890876306
682155.7890876306
682157.4174619305
682162.3025848303
682162.3025848303
682163.9309591302
682165.5593334301
682167.1877077301
682173.7012049297
682173.7012049297
682175.3295792297
682175.3295792297
682176.9579535295
682181.8430764293
682183.4714507293
682186.7281993291
682188.3565736291
682189.984947929
682189.984947929
682191.6133222289
682193.2416965289
682196.4984451287
682207.8970652282
682207.8970652282
682209.5254395282
682211.153813828
682211.153813828
682212.782188128
682216.0389367278
682217.6673110278
682217.6673110278
682219.2956853277
682225.8091825274
682227.4375568273
682227.4375568273
760136.8078912584
764363.7374979943
764373.4197235615
764374.6300017574
764375.8402799533
764377.0505581492
764379.4711145409
764381.8916709328
764383.1019491287
764385.5225055204
764387.9430619122
764389.1533401081
764392.7841746957
764393.9944528916
764396.4150092835
764398.4504771583
764399.2756668372
764402.5764255533
780461.8678321198
898915.9098098243
917203.9505191819
917210.0459202775
917217.6651716471
917219.189021921
917220.7128721949
917222.2367224689
917223.7605727428
917225.2844230167
917226.8082732906
917228.3321235646
917229.8559738385
917238.999075482
917238.999075482
917243.5706263037
917248.1421771254
917249.6660273994
917252.7137279472
917254.2375782211
917255.761428495
917259.1171998564
917262.4729712177
917264.1508568984
917265.8287425791
917267.5066282597
917269.1845139404
917272.5402853017
917274.2181709824
917275.896056663
917277.5739423437
917280.9297137051
917282.6075993858
917285.963370747
917287.6412564277
917289.3191421084
917290.997027789
917292.6749134697
917294.3527991504
917296.0306848311
917297.7085705118
917299.3864561924
917314.4874273184
917317.8431986797
917321.198970041
917322.8768557217
917324.5547414024
917326.2326270831
917327.9105127638
917331.266284125
917331.266284125
917336.2999411671
917337.9778268477
927988.2774165451
947844.8826778934
947876.1738705216
947877.7912422925
947881.0259858342
947887.4954729177
947890.7302164595
947892.3475882303
947895.5823317721
947898.8170753138
947903.6691906264
947906.9039341682
947919.8429083352
947983.3825136195
947983.3825136195
947987.0793633815
947998.1699126675
947999.094125108
948000.942549989
948001.8667624295
948003.7151873105
948004.639399751
948012.2971599721
948014.321625318
948015.3338579909
948017.3583233368
948017.3583233368
948023.4317193744
948026.4684173932
948027.480650066
948029.505115412
948031.5295807577
948032.5418134307
948034.5662787765
948035.5785114495
948037.6029767953
948038.6152094682
948040.6396748141
948041.651907487
948042.66414016
948044.6886055057
948045.7008381787
948047.7253035245
948048.7375361975
948050.7620015433
948051.7742342163
948053.7986995621
948066.9577243102
949741.0035223374
953655.7583722369
957919.1393577274
957919.887529703
957920.0745726969
957920.2616156908
957921.0207901956
957921.0207901956
957922.1650532171
957922.7371847279
957923.3093162386
957924.4535792603
957925.025710771
957926.1699737926
957927.3142368142
957927.886368325
957928.4584998357
957929.6027628573
957930.174894368
974503.4714507293
974519.6506697026
1023282.424835153
1030299.6618250445
1057348.697346404
1057357.34533424
1057358.7866655462
1057363.1106594643
1057364.5519907703
1057365.9933220763
1057367.4346533823
1057371.7586473003
1057371.7586473003
1057373.1999786063
1057374.6413099123
1057376.0826412183
1057377.5239725243
1057380.4066351363
1057381.8479664424
1057383.2892977484
1057384.7306290544
1057394.5063761184
1057396.1732592701
1057397.8401424217
1057399.5070255732
1057402.8407918764
1057406.1745581797
1057407.8414413314
1057411.1752076345
1057414.5089739377
1057416.1758570895
1057419.5096233927
1057426.177155999
1057426.177155999
1057427.8440391507
1057431.177805454
1057432.8446886055
1057436.1784549088
1057439.512221212
1057441.1791043635
1057444.5128706668
1057447.84663697
1057449.5135201216
1057451.1804032733
1057454.5141695766
1057457.8479358798
1072130.0284996065
1131776.6254326515
1131779.7446496382
1131780.7843886337
1131781.477547964
1131781.8241276294
1136824.1016511435
1137417.2369898914
1160110.5528006784
1160131.3640843832
1160277.0925816975
