37963.58835260049
37978.52978705522
103667.52313205326
103726.11159926344
115143.0068995026
141369.2512931792
154162.7170134246
154405.31727779092
154405.31727779092
176288.6268996554
196136.60617822572
196140.03896729043
196149.19307146297
196492.9780942703
283313.9403571238
299601.352699822
299605.9572582309
299607.4921110339
299724.1959367049
299725.65927306906
299731.51261852554
337632.1555024106
348205.89949495334
348865.00049664197
349151.198282383
430837.66532445996
430865.05061927426
438899.5429366055
453992.5372290436
477632.2190725785
477640.69101994974
477645.53213273326
477646.7424109292
481319.54064441205
539061.181702183
539071.1830010926
539072.8498842443
539074.5167673959
539139.4922027217
539140.895025176
539147.9091374476
593357.1277286655
615098.4552143583
638443.5113348971
638462.5237051017
638596.6445342645
638596.6445342645
673154.5870613315
673163.7136591814
714003.5666531682
714003.5666531682
818132.9759548897
818141.7559730744
818143.2193094385
818144.6826458026
818146.1459821668
818238.132626319
818238.132626319
818379.5151246572
818379.5151246572
818383.2614857999
818384.5102728475
818431.9311730682
818431.9311730682
818436.7942909099
818533.4129997937
818533.4129997937
818536.8457888584
824197.3719236852
825502.337884611
829003.8707508462
829032.6533668502
829032.6533668502
841878.859710114
880899.2244745146
880907.5423864791
880916.9385462909
881089.4196929989
881089.4196929989
887934.4285943506
887950.5252943559
888007.7054378472
888008.9487236303
888012.6785809794
888013.9218667625
888015.1651525456
888016.4084383285
888017.6517241116
888017.6517241116
888022.6248672438
888023.8681530269
888025.1114388099
888025.1114388099
888026.354724593
888027.598010376
913829.9479672064
913833.556796736
913833.556796736
913834.4590041183
913835.3612115007
913836.2634188831
913837.1656262655
913838.067833648
913844.3832853247
913845.285492707
913845.285492707
913846.1877000894
913847.0899074718
913847.9921148542
913904.7321571833
913906.1514834312
913910.409462175
928499.5759441928
940378.6104722683
940473.7108321427
940473.7108321427
959282.1766669978
959301.3045637574
959301.7061560678
959302.9109329992
959302.9109329992
959303.3125253096
959303.7141176201
959304.517302241
959304.9188945515
959305.3204868619
959306.5252637933
959306.9268561037
959306.9268561037
959307.7300407246
959307.7300407246
959308.1316330351
959309.3364099665
959309.7380022769
1042286.7191833678
1042288.0834969705
1042288.3255526096
1042288.5676082488
1042288.8096638881
1042289.0517195272
1042289.2937751664
1042290.2619977231
1042290.5040533623
1042290.5040533623
1042290.9881646406
1042291.2302202798
1042291.4722759189
1064523.1714789995
1092918.5424705262
1092926.5303066191
1092926.5303066191
1092929.19291865
1092930.5242246655
1092983.7764652849
1092983.7764652849
1092987.7703833312
1093011.3267980348
1093011.3267980348
1093014.4955264023
1093039.8453533417
1093039.8453533417
1093055.6889951788
1093055.6889951788
1093060.7501585435
1093060.7501585435
1109923.0171379673
1109925.0085957258
1132518.8670451334
1132519.6647284897
1132521.2600952026
1132523.6531452716
