3252.6006463985823
8157.429075711153
113179.84764553518
196044.008893711
196363.78639812346
196363.78639812346
201726.11098801185
201779.6712994445
201779.6712994445
201784.6224375186
201785.61266513343
201788.5833479779
201791.55403082236
201795.51494128164
215414.54442653136
232688.75159498467
235853.31550516124
249895.8213311532
249913.34285867098
249946.5870002063
249960.05409576785
249961.1763537313
249964.5431276217
249967.90990151206
249970.154417439
249984.743770964
249986.98828689093
249989.23280281786
249990.35506078132
249992.59957670825
249994.84409263518
249997.0886085621
249999.33312448903
250001.57764041596
250002.69989837942
250003.82215634288
250007.18893023327
250010.55570412363
250012.64618464385
250018.45551998413
250028.13774555124
250029.10596810796
250031.04241322138
250036.85174856166
250037.81997111836
250039.7564162318
250041.69286134522
250045.56575157208
250062.9937575929
250064.9302027063
250069.7713154899
250072.31289970127
250091.37478128655
250105.35349444908
250126.95696024573
250128.22775235143
250135.85250498552
250157.41746193048
250172.07283062983
250789.7768167544
250793.1655957029
250842.30289045608
250842.30289045608
250904.53319478294
250949.58855125724
250952.59224168886
250958.5996225521
250961.60331298373
250963.10515819953
261701.3974740027
261702.14014471383
261703.62548613606
270017.0429175039
271083.132970148
289129.21706308884
358255.90109948884
358264.4500645634
358264.4500645634
387857.17128034285
441854.54717716365
442307.7413488795
442316.4058405092
442318.1387388351
442319.1784778307
442479.28177935345
442479.73838430917
442495.6865501723
477715.21114922944
480852.08719504275
484319.72126926394
484358.4611740615
484385.85197014036
484616.8995790004
484616.8995790004
484727.24394287856
600504.0625310402
631868.5320028424
631878.4342789906
631880.4147342202
631884.3756446795
631888.3365551388
631890.3170103685
631890.3170103685
631892.2974655981
631894.2779208277
631898.238831287
631900.2192865167
631902.1997417462
631904.1801969758
631904.1801969758
631906.1606522055
631908.1411074351
631910.1215626647
631912.1020178944
631914.082473124
631918.0433835833
631918.0433835833
631920.023838813
631922.0042940426
631923.9847492722
631925.9652045019
631927.9456597315
631929.9261149612
631931.9065701908
631931.9065701908
631933.8870254204
631935.322855462
631936.7586855034
631938.1945155449
631938.1945155449
631939.6303455863
631939.6303455863
631941.0661756279
631942.5020056694
631943.9378357108
631943.9378357108
631945.3736657524
631945.3736657524
631946.8094957939
634388.8373230235
634396.7701464711
634530.6379174658
634531.4025932349
649594.3984902084
784440.8664491631
784442.6268538116
784477.3288304465
784477.6093949373
785628.1163517447
810482.3068635917
892411.7867648745
920234.564139396
1006919.9862468387
1007089.3646803536
1007479.5253631216
1007479.5253631216
1059020.619656324
1059038.751824204
1059046.6846476519
1059063.6835550396
1059079.5492019346
1059084.0822439047
1059089.7210400447
1059095.3598361847
1059104.3819100086
1059122.4260576563
1059138.2146868482
1059141.5979645322
1059157.4911177498
1059186.2077185796
1059203.4376790775
1059272.0604527846
1059290.2806408973
1059294.8356879256
1075822.9998701091
1075998.2921629902
1076000.2616156908
1143877.8505336992
1185323.6788178394
1185331.7986842808
1185443.7274123426
1185443.7274123426
