6276.2496657217725
6315.451676739584
6341.527670596505
13362.527525424246
23259.357421740697
24275.892083527535
37307.68358560197
37349.20713025008
43309.750227309196
43327.57432437596
71699.27887590829
82605.18371931327
89789.87920139976
89800.11155341957
94768.9086866495
102097.97935497673
102114.71420166719
104481.86431742297
104653.1956998449
106166.03244217942
108532.38487457881
108633.08552174145
110111.00023686
110131.26689537666
110132.3231381658
110134.43562374408
113143.40726930981
150501.06434187302
164413.49826939387
167648.48936804224
167886.5565904385
185019.07869100466
201931.03309163425
202451.6727664484
202995.2967244554
203064.4916296732
208325.36189915874
214001.2145569572
214095.81980302418
217741.81037446804
218296.54688681912
251963.08651502532
257297.42067100148
262106.84617089067
274036.53084146423
281342.3806722239
281516.7872615164
287016.74798860017
301228.4507063776
311304.08820360794
328165.99760083744
333295.2996279006
333625.7550867595
341834.51646177005
342639.96760366444
344222.15328662354
349721.85545427457
349731.80174053897
349802.59201246954
349813.99613383354
349823.7828834267
373077.56202293717
373558.87865891395
373579.0793022563
373721.606063616
373753.49139281316
374205.18922057777
374246.4377019995
374269.58702312823
374271.03385569877
377228.6787032297
399869.44093399245
400657.57959642116
404966.4780446061
412475.9901894116
422767.9099015121
425181.2376317056
430132.4087133918
431244.3242995438
440270.3810389749
440271.9654031586
463245.97223389545
466077.09899983957
474331.5428754804
487388.29361471283
491006.43128385756
495732.6116489276
495850.8723324597
501483.04494991555
507859.60467301856
515525.5012645268
520894.21832379524
529000.0345357163
541561.5889485708
541564.3395808341
550789.1735114113
559305.9506872761
559414.8317147901
563631.7930302034
573833.6790470587
575356.4070630125
575412.1073663459
575571.2534478412
583038.4553671712
589236.2845070638
595806.2686909282
595824.1808082275
595871.4476730415
595871.4476730415
595876.068735244
595876.068735244
595880.6897974465
595882.2301515139
595883.7705055814
595883.7705055814
603364.8301102546
604769.5009894635
607683.4107840066
613407.2784785947
617714.6585777703
618880.3600272008
620440.8707279243
620863.1422917352
620985.7544755079
622378.6086385135
625469.516117941
627007.1910696139
627063.6835550393
627063.6835550393
629618.6688467974
629721.0363771117
629828.134994919
630283.6562015297
630574.1064647499
630876.2084062378
630921.940418249
634025.3467706813
634059.0145095852
634087.6760977696
634614.2351332146
635070.5210155946
636298.3537465903
638319.9199260386
638492.0985031977
638614.7877046738
641424.8886375965
645407.2155196784
645618.2275231321
678444.217941763
678907.51243515
683232.8046516248
686127.8726151637
686324.9774218935
686340.876076376
686340.876076376
686341.5252255901
686342.1743748042
686342.1743748042
687205.2897714683
687356.5965510128
687468.5582866617
687496.5927306901
687702.7141099795
692727.8111843765
692734.9518257322
692743.6548262136
693128.3692571
693978.9967832883
698122.4942122113
698183.8883243301
702152.7261057924
709031.6007915708
709054.8821430481
709166.6073243225
709175.7174183788
718064.7101521252
724404.2958763437
725452.3032724884
725840.422986117
730555.0286906227
747816.913026536
748156.4070630125
762338.5019751068
766061.1471664668
766091.0685442279
766093.9181992528
766095.3430267653
766096.7678542776
766099.6175093026
766101.0423368149
766102.4671643274
766103.6554374652
766104.843710603
766108.4085300163
766109.5968031541
766110.7850762919
766111.9733494297
766114.3498957052
766116.7264419808
766116.7264419808
767102.0469288426
771250.7155464208
776702.7327531537
781604.4144591569
785624.2104539307
789565.2503457392
793274.3514238342
794308.8807218882
803479.4666829667
804341.1297457957
809857.1706690913
811806.5327516256
811868.0368890349
823717.6946645374
824061.8757783908
824940.8018093047
825571.2797316605
826452.0871950428
830902.7422275537
831196.5317583417
831373.100344593
831530.3374872974
831538.4023410938
836312.1246342041
836313.5494617166
841047.7286654086
841291.3521649769
841309.5173404443
842414.3417966212
848553.3899250453
854490.8442148855
856858.4784419195
857271.1613016604
861964.7136668221
892074.256679834
893048.1510402738
896703.9998777497
897091.5584623966
897255.7382009337
897511.6790317774
898928.7277561717
902215.6342881593
904010.9499614147
911543.2593464192
912897.1095439299
919011.2369440476
919849.2775769987
933344.3525699311
941101.2125703895
950143.6300705231
950302.1325040687
967585.4332627847
967896.969872936
983391.2484050153
985184.5176078668
985733.2742456773
991678.430305855
991981.3244294348
1001534.693877551
1001792.3180953399
1005516.729192613
1012115.3584608685
1012560.98839386
1018822.2526150108
1018931.3151842542
1018940.2602403747
1019153.4947546971
1021395.3040594748
1021477.4929515048
1022040.7014112271
1024987.6242941954
1025117.4431344983
1025118.6479114296
1025133.4683180647
1029945.6994628626
1029982.1728466752
1029983.1080616447
1032099.6205655605
1033421.888003423
1033712.1072135331
1036382.5585464437
1036641.1234804667
1038462.8232183926
1039916.4443493609
1039955.3437908298
1048715.5739270626
1048732.132733288
1048732.132733288
1048732.132733288
1048733.3155051614
1048733.3155051614
1048734.4982770346
1048735.6810489078
1048736.863820781
1048736.863820781
1048738.0465926544
1048740.4121364008
1048740.4121364008
1048741.594908274
1048741.594908274
1048742.7776801474
1048743.9604520206
1048745.1432238938
1048811.229914654
1053427.2749638981
1053995.962683089
1054122.431253295
1054122.431253295
1057827.6484386341
1057983.6532980844
1058178.1615079578
1058904.0588635306
1067783.8259766654
1068584.2709678404
1069053.4738193292
1069309.3761413214
1069320.246640026
1069346.0640744504
1071123.8307138656
1071955.1433003002
1074124.7815157513
1075986.4754467867
1076077.9229670155
1076312.6729269018
1084225.7963462435
1084907.1939730593
1087129.2427356564
1087537.8436571185
1091151.3932716479
1092535.8635075146
1097382.8681453862
1099625.585158811
1100189.0356741722
1101177.5358919308
1101821.678955371
1102579.2690958825
1102852.802970683
1106195.701373024
1106209.0254357078
1106266.310103225
1107439.7133229931
1112349.591913141
1114047.5021966854
1119034.9926267774
1120486.3142291734
1121168.6470709587
1132262.838194057
1134125.445335004
1139095.1336730875
1144211.2436678153
1149169.082282108
1149179.0285683724
1149577.749218744
1152350.9806768084
1161284.4841418408
1179240.1989624004
1179246.0303027986
1179710.6450996723
1189329.8096715286
1192567.8539719894
1195657.1385783816
1196090.7207420596
1196094.7311638996
1199849.5037400958
1207294.0624546339
1209171.429488306
