309564.3628083955
335589.1288900435
341283.7408598782
349711.469066848
349838.0421610801
358952.3281809916
359189.289649218
359205.45236439764
359329.0767808434
359329.0767808434
359555.1237402486
362594.8584570481
366342.2978476302
373681.9309438489
449609.954843787
449756.5745459547
449756.5745459547
458694.8201010094
466933.1947829675
466953.29640354833
467046.02571841166
467046.02571841166
467049.10642654664
467061.4292590866
467064.50996722165
472423.7483477105
472468.8257092429
472470.15151399386
472482.0837567524
476375.51020408166
477621.32656881545
480202.92697835405
480213.2253455482
480218.37452914525
480219.6618250445
480222.236416843
480223.5237127423
480359.39944528916
480359.39944528916
480367.60183069855
490800.5959703238
491001.74420648074
491003.3065656064
513924.7653175834
552772.2858518173
553305.2043490552
553337.6618097632
553713.7997692525
553715.4226422879
559438.4431421389
597943.8290329236
597946.6346778321
598093.4634280519
598094.4811619894
598119.9245104257
618732.5850594825
620375.086606713
624518.6005394296
662876.1344447925
662879.1601402822
663097.4723217628
663098.9906707722
681197.793381673
692874.1778283758
692882.1326568816
693105.3959764362
693105.3959764362
693133.7054836911
693235.7099305466
756821.8559127133
756826.6090052645
756837.6995545505
756839.2839187342
756842.4526471016
756844.0370112853
756845.621375469
756847.2057396527
756855.1275605713
756863.0493814899
756867.802474041
756869.3868382247
772441.970369578
799404.5480176345
799407.2106296655
799411.204547712
799417.8610777895
799417.8610777895
799423.1863018513
799423.1863018513
799424.5176078668
799425.8489138823
799427.1802198978
799428.5115259133
799429.8428319287
799497.0352768588
801481.319386609
803703.142597361
803708.6713682103
803708.6713682103
803711.9886307201
803711.9886307201
803713.0943848899
803715.3058932297
803716.4116473995
803716.4116473995
803717.5174015694
803719.7289099093
803719.7289099093
822589.3412999794
822615.7473697079
822617.5077743564
822619.268179005
822622.7889883021
822624.5493929507
822626.3097975992
822631.5910115449
822635.1118208421
822636.8722254907
822918.8340375461
822918.8340375461
825854.7378876673
827708.9721040045
887965.4722300752
913477.1078629879
913485.8273672628
941640.4960306848
973900.829926879
973903.6245692587
983205.4266918298
983225.7593655208
991356.2982602251
991828.9449033076
992072.5684028759
1064855.8384461985
1064964.119835879
1065197.725532744
1065197.725532744
1080096.3821545092
1082309.430848341
1082309.430848341
1082320.8734785565
1143295.6847164175
1144392.7633921409
1144436.2893970767
1144447.8860626991
1144457.5517844728
1144472.740775831
1144483.787315001
1144497.5954889632
1144605.3927673653
1144811.8277187324
1158853.442339871
1158869.6325613735
1159181.4662398093
1159183.353173542
1201355.5959321205
1201370.5043589883
1201534.0844596918
1201534.0844596918
1201541.9567692296
1201546.3302745284
1201552.4531819467
1201560.0284232001
