8411.983587894163
55203.78120248474
224276.55895903852
229319.98624683867
606782.4576899273
621472.6824013019
1022332.9560892122
1022481.0336264793
1022484.6864661252
1022485.5996760366
1022485.5996760366
1022485.5996760366
1022485.5996760366
1022485.5996760366
1022485.5996760366
1022485.5996760366
1022486.7439390582
1022486.7439390582
1022486.7439390582
1022486.7439390582
1022486.7439390582
1022486.7439390582
1022487.8882020798
1022487.8882020798
1022487.8882020798
1022487.8882020798
1022487.8882020798
1022487.8882020798
1022489.0324651013
1022489.0324651013
1022489.0324651013
1022489.0324651013
1022489.0324651013
1022489.0324651013
1022490.1767281229
1022490.1767281229
1022490.1767281229
1022490.1767281229
1022490.1767281229
1022491.3209911445
1022491.3209911445
1022491.3209911445
1022491.3209911445
1022491.3209911445
1022491.3209911445
1022492.465254166
1022492.465254166
1022492.465254166
1022492.465254166
1022492.465254166
1022493.6095171876
1022493.6095171876
1022493.6095171876
1022493.6095171876
1022494.7537802092
1022494.7537802092
1022494.7537802092
1022494.7537802092
1022494.7537802092
1022494.7537802092
1022495.8980432308
1022495.8980432308
1022495.8980432308
1022495.8980432308
1022495.8980432308
1022497.0423062523
1022497.0423062523
1022497.0423062523
1022497.0423062523
1022497.0423062523
1022498.1865692739
1022498.1865692739
1022505.0521474034
1022510.7734625111
1022516.494777619
1022522.2160927268
1022527.9374078347
1022534.8029859641
1022540.524301072
1022547.3898792014
1022553.1111943092
1022558.4364183712
1022564.7078599317
1022570.9793014922
1095506.6123671483
