12159.032388694899
12171.245195944344
12243.966411723804
12250.83198985322
12306.90087791013
12325.693197533597
21458.01236256389
21463.266070186964
21463.266070186964
21467.469036285423
79088.1372871125
161596.72980386464
161603.66139716838
161622.14564597837
161666.89293163916
161666.89293163916
161669.58304999274
161916.3202652832
161924.9462480612
176802.26896599148
201707.96781760253
273232.43851190794
447837.60144866636
474477.3538917626
550539.0915272885
562524.0804101499
562544.3470686665
661112.3520198046
737143.4091030647
737149.2019346113
737151.1328784602
737154.994766158
737156.925710007
737158.8566538559
737162.7185415536
737162.7185415536
737166.5804292514
737166.5804292514
737168.5113731003
737172.3732607982
737172.3732607982
737174.3042046471
737176.2351484959
737178.1660923448
737180.0970361937
737182.0279800426
737185.8898677405
737187.8208115894
737189.7517554382
737191.6826992871
798287.5877719115
984114.2245891243
984118.4275552228
984178.5013638552
984179.5686091734
984181.7030998098
987373.3167276644
987710.1261470519
987722.3389543013
987736.9943230007
987950.9715080342
987952.9244569412
987968.5480481972
992085.7879415338
995528.6663253845
1041733.0169087477
1041734.1941793564
