76950.57694511725
102976.16821644419
134358.83587130098
166239.4834923861
166241.1448742732
176795.40338786208
194579.9188563482
196011.10032931183
201802.63357757928
201804.80107580285
201805.88482491462
232193.78632171702
232564.52754070552
232602.02415972005
232692.01934611358
240889.4206098763
240901.17681217002
240904.90666951917
240911.12309843444
249827.57814469852
249839.06478503044
249854.8589154868
249857.7305755698
254151.78661206152
259846.45359454153
309580.4595084009
309583.38618112914
309715.2074817198
309715.2074817198
330908.8510761849
331114.78541248024
331189.21752152755
331190.20774914237
393663.1178416705
404046.10548674734
447753.7291696911
472635.0409156549
479121.82947608095
490629.39661825047
490641.37837238976
513907.9974633058
559439.5213899862
560043.5492324972
593329.7974464964
594069.5194798248
615107.7413488795
810597.3658111691
825959.3994452892
836429.7526723157
867405.6128179464
973732.0291261394
973737.7504412472
984642.2909710497
984645.1516286036
