139461.23671482818
139464.42744825373
563262.0640438879
563266.3880378059
563326.9239526587
563331.2479465766
563334.7687558737
563338.2895651709
563338.2895651709
563340.0499698194
563341.810374468
563343.5707791166
563352.3728023594
563354.133207008
563355.8936116565
563355.8936116565
563357.6540163051
563359.4144209537
590191.7001199581
631779.0264289917
631784.7917542157
631789.1157481337
654231.7664407582
654236.9981433232
654238.7420441782
654240.4859450331
654242.2298458881
654243.9737467432
654299.0799135079
654300.2131740004
654302.4796949854
654303.6129554779
654304.7462159705
654305.879476463
654307.0127369555
654307.0127369555
654308.145997448
654308.145997448
654309.2792579405
843296.9261684456
843388.1646406223
843388.1646406223
887351.4815975061
887359.491438657
887361.7799647002
887363.072761864
887365.6583561916
887368.2439505192
933085.7601295853
970263.7679077621
996711.9553175069
996717.104501104
996718.3917970033
996718.3917970033
996720.9663888018
1035713.9678634463
1035767.423650853
1035813.9643487496
1035813.9643487496
1042721.9572276683
1076558.1998639966
1076598.4031051584
1076656.7825243163
1076658.0918252738
1077813.8194821172
1088652.8564551992
1095018.188097403
1135026.4809480512
1135029.462633425
1135030.9534761116
1135032.4443187984
1135033.935161485
1135033.935161485
1135038.4076895453
