563373.4976581422
563380.5392767364
563384.0600860337
563385.8204906821
563387.5808953308
563389.3412999794
563474.2698217438
563540.3070011232
563625.3455481781
563631.7930302034
563638.2405122288
563643.0761237479
563646.2998647606
563649.5236057732
563649.5236057732
563652.747346786
563654.3592172923
563655.9710877986
563657.582958305
563659.1948288113
563660.8066993176
563662.418569824
563664.0304403304
563665.6423108367
563667.254181343
563668.8660518494
563670.4779223558
606212.6587153019
619386.5588826321
619395.602961514
619398.6176544747
619400.1250009551
619404.6470403961
619406.1543868764
619407.6617333568
654322.8783838507
654329.6779468058
654399.577013883
654401.2604008283
654407.993948609
654409.6773355543
654411.3607224994
654413.0441094446
654414.7274963898
654414.7274963898
654416.410883335
654418.0942702802
654421.4610441705
654421.4610441705
654423.1444311158
654423.1444311158
654424.827818061
654426.5112050062
654428.1945919513
654428.1945919513
654429.8779788966
654431.5613658418
654433.2447527869
654434.9281397321
654436.6115266774
654438.2949136226
817000.4966419365
817011.4716646674
817022.4466873982
842683.524171181
843419.9344432644
843570.7461090015
843570.7461090015
996669.7276109995
996674.8327844803
996679.9379579612
996682.4905447016
996696.529771774
997634.2973280664
