6488.587473926298
6491.904736435945
6491.904736435945
94983.21044629008
94983.90360562045
94984.94334461601
94985.2899242812
94985.98308361157
94986.32966327676
94987.02282260713
94987.02282260713
94987.71598193751
94988.0625616027
94988.0625616027
94988.40914126788
94988.75572093307
167975.28098472636
168025.35349444908
168026.57477517403
388715.7206274498
644842.219148985
644846.0150215084
644848.5456031908
644851.076184873
644852.3414757142
644854.8720573966
644856.1373482377
644857.4026390788
644858.66792992
644859.9332207611
644861.1985116024
644862.4638024435
644863.7290932846
644864.9943841258
644866.2596749669
644867.5249658081
644868.7902566493
644871.3208383316
644872.5861291727
644872.5861291727
644875.116710855
644875.116710855
644877.6472925374
648457.2376011431
648493.1333521802
648519.4569029409
648521.84995301
653644.8255258674
653652.0871950428
653708.7282146105
653710.1805484456
653715.9898837858
653740.4815134589
653822.8464459539
653822.8464459539
653836.1154959925
740861.8623308552
740885.0831684227
740886.5189984642
791473.8645619237
792083.0745956189
792094.313679047
792095.5624660946
794088.2029966611
873308.4971615003
1090233.45227271
1090300.842763163
1090325.8515117017
1090357.978896538
1090357.978896538
1128426.9054622971
