98847.98630796385
129142.91093299918
129632.51247335326
129633.99781477549
129642.90986330886
144151.69736932588
144163.80015128478
144165.31299902964
144168.33869451936
144169.85154226422
144171.3643900091
144174.39008549883
144175.9029332437
144178.9286287334
144180.44147647827
144181.95432422313
144183.46717196802
144184.98001971288
144188.0057152026
144191.03141069232
144192.54425843718
144195.56995392693
144197.0828016718
144200.13600348413
147873.19829766426
148119.59443455408
148121.71242139686
148365.16538176485
148492.55266314687
148493.90597422046
148616.7712161615
149324.6739354671
149326.26930217986
149386.89323726494
149542.29295761732
149543.82230915577
149701.07595565368
149815.26020217146
149816.50898921903
150011.03920415038
150294.34332475037
150782.10744275246
150783.63129302635
150906.2654818573
152450.16236371
152732.59728451472
152864.59462557017
152866.0744657279
155323.6488665103
159779.40907250208
167900.1392125551
167915.7518012821
167916.46146440605
183330.26199772308
183996.68518249682
183997.7469265505
184142.02309002972
184192.98130334125
184199.48929927644
184334.01722201423
184334.96343951282
184440.17512358743
184654.80695909963
184657.78864447316
184824.17989135004
185097.11962958152
185101.31159315092
185474.220310363
185475.44159108793
186192.267361456
186326.98782845223
186328.6217040167
187263.0940028576
187468.63774937156
187469.99656170968
187671.9644862812
187866.92930111018
187867.96353884123
188510.85231396937
207612.24398108176
207647.08899059438
207651.6770452097
207653.20639674814
207660.85315444038
207662.3825059788
207666.97056059414
207670.02926367102
207671.55861520948
207679.2053729017
207686.8521305939
207688.38148213236
207689.91083367082
207775.63153752705
207781.2153210217
207912.81106976673
208186.4439673286
208205.80841846287
208216.37084635426
208325.36189915874
220122.97771223803
220151.1991992604
220778.72844382978
221083.33346067742
221107.84159414418
221207.71705162784
221216.57408751594
285146.70313801296
289910.62217773666
290152.3697461014
290153.8770925817
290362.29800044314
290505.45190595894
290507.69642188586
290641.4871751771
292191.2484050153
292343.6664399942
292346.4830874319
292844.5675776863
293007.3169874464
293008.3842327646
293458.0245875962
294370.8219042016
294607.5688231115
294609.32922776
295256.3329487542
295720.80471274996
295723.06023120595
296220.880660763
297024.85746376426
297026.6948861162
298083.49880423903
298162.2879147915
298208.8671215397
311864.1004286402
311878.62376699084
311928.7402868298
311928.7402868298
318214.2430794856
318225.1795933648
318547.3336440529
318610.88425186626
318612.30907937867
318791.82084215194
318955.15338595194
318956.7157450775
318966.08989983116
318972.33933633356
319489.99182450963
319802.89274826366
319807.898898983
320615.24247587466
321606.4548170447
321976.117788186
322159.7720031479
322161.3673698607
322638.9871560754
324856.7119247549
324858.2962889386
325384.17316758225
325688.2720680934
325689.7519082511
338639.21148541785
340574.5618472024
340579.1168942306
340641.05013027304
340641.05013027304
345691.45852275763
345807.2711435754
346035.139021539
359000.0516507614
359471.8731041649
359624.7092352478
359852.5881157405
360002.64060697285
360003.9334041366
360797.05071096204
361002.7980042635
361003.81573820097
362086.14552372805
362104.8718281771
362271.5821483966
362317.3526692594
362411.02270035684
362460.07197487756
362460.60559753666
362462.0359263136
366417.1095439299
366456.98270921997
373129.6865043284
373302.3601952949
373305.56193124945
373506.13253463124
373510.6215664851
373651.2338877895
373652.76874059247
376598.5693655972
377037.4437457499
377325.6825006303
377326.89277882624
377688.83747583645
378087.6351439116
378090.3527685878
378844.9007098159
379154.06077369174
380306.8507552778
380308.6001573973
380322.5953743534
380376.19969590235
380632.1625318042
381012.8500370572
382934.55176155077
382936.99432300066
388362.97954599286
413911.3966335317
413915.8636603275
413959.8022601028
414030.91710664047
414030.91710664047
425246.2735809412
429752.24932953337
446264.37182435684
446424.61815875734
446427.20375308493
446569.97807134833
447113.77806982026
447289.88454985135
447291.09482804727
450726.474988348
450899.8143323222
450902.7850151667
461869.15975824994
465873.4421870583
466089.11376156606
466091.11622185376
466630.2236416843
470479.6949854446
470550.68330289813
470766.7234621291
470771.7956280228
471176.6281832838
471483.90681469144
471485.2766295586
488686.2729696895
489512.74994460534
489788.00571520254
489789.51856294746
490185.950687276
490434.8498995255
490436.7258307292
490717.82394425385
500107.3932410853
500272.87677931524
500274.54366246687
500383.2706545741
503712.6799562955
504123.36035574845
504227.119705988
504228.247465216
507340.1697751359
507344.515774112
507393.95013714954
507393.95013714954
522081.46822637704
522098.4451287067
529970.0174970774
530280.1512847744
530281.6421274611
530863.6649118651
531018.8555841655
531020.8910520404
531631.4874043964
531804.7222243446
531806.2790822056
532947.3678741433
533112.691875702
533122.7041771407
533135.5771361334
533610.5838216979
533818.2400537902
533970.7076001498
534027.0845590201
546614.2253531888
546854.1905118468
546855.9509164954
547210.1663368455
549980.6361601173
550153.5188991359
550155.9394555276
551921.0971966473
551963.7650043169
551966.4056112898
552863.4197999679
552913.3052666967
552914.4715347764
554332.4059627595
554728.106418906
554732.8485089281
556924.167207879
559086.1971744894
564699.0823585143
565158.4544502938
566974.5263946088
567030.3422244975
567031.8110621261
567256.444196548
567752.1521405268
567836.9981433232
567838.7420441782
567870.132259568
568338.795987133
568485.8998005792
568488.4633898486
576075.4773493074
581835.2407949328
581838.9871560755
581952.7258001666
581954.1836352661
583020.3011942329
583080.8151040274
583142.5337907533
583144.2061751694
585273.9987316529
585524.9279105128
585524.9279105128
585643.4086446259
585680.5861902979
585680.5861902979
590994.9067459257
591022.6661267278
591193.4803902841
591194.3165824922
591273.578801794
591627.3321159239
591635.584012714
591682.5373054501
591682.5373054501
592319.7982869674
592324.1552884727
592416.499514819
592416.499514819
597426.6331497031
597550.7086698401
598249.4517837085
598250.282474652
598258.0337563704
598262.4622743145
607040.9951176278
607259.8739293546
607259.8739293546
609926.7164327356
617028.5188609326
617192.2474957786
617193.9858953691
617510.8587321113
617647.2680873174
617648.5828895392
618796.8838392714
619038.1858052093
619039.4951061667
619684.8539490674
619690.7127957884
619800.4630230976
619976.7510448582
619976.7510448582
620059.6275949541
620424.1303799693
620529.666638651
620530.5578435044
621572.8934359218
621602.5232466629
621602.5232466629
622048.774822546
622081.3973211899
622466.5628557676
622467.7291238472
622820.0025978194
622823.2538451547
624584.5937086927
624740.1914745681
624740.1914745681
625919.9266498063
626717.6320112471
626835.9257023663
626837.2405045882
627433.632591936
627719.5663169798
627777.5166375049
627778.7764270814
630231.4657049641
630493.9640431239
630497.0667563169
630811.3539987317
631206.091733586
631353.9877291239
631355.0164655905
631896.2583760574
632046.178836941
632097.0105211685
632674.7093116542
634200.4960306848
634282.8444593861
634283.6421427425
634527.5792143889
635130.8148748081
635384.9017795062
635388.5436166229
635390.3645351813
640439.0510318691
640670.8963240855
640702.2150230366
640704.1019567692
640758.8230350171
640762.5969024824
642071.0451638537
651332.9961261929
652536.9753742006
652544.0720054401
652545.2547773133
652547.6203210598
652549.9858648065
652551.1686366796
652554.7169522995
652571.5068116351
652572.8051100634
652574.1034084918
652576.7000053484
652577.9983037767
652581.8931990617
652585.7880943466
652587.086392775
652589.6829896317
652592.2795864883
652594.8761833449
652730.1192704712
652730.1192704712
652732.9909305541
652737.7770306924
652739.6914707477
654359.1427196112
655089.3475653084
655091.0419547827
658581.2422160928
661523.3734976581
661535.7403403143
661537.2861956464
661538.8320509783
661538.8320509783
661540.3779063104
661541.9237616424
661543.4696169745
661545.0154723064
661546.5613276385
661548.1071829705
661549.6530383026
661551.1988936346
661551.1988936346
661552.7447489665
661557.3823149627
661557.3823149627
661558.9281702946
661560.4740256267
661563.5657362908
661563.5657362908
661565.1115916228
662345.1083825518
662347.011820078
662385.0805706034
665170.0517271679
665535.5337372688
665537.833265841
667294.2880064793
667518.9321434301
667530.3857761748
667617.8558821507
667619.4017374826
667799.6561709672
668070.5934489109
668217.7577762667
668217.7577762667
669026.2951275606
669579.3262479084
669584.3378998922
669589.338549347
669597.6729651052
669742.0041412297
669742.0041412297
670375.3757287265
670383.4075749357
670483.0079691929
670533.6196028392
670616.1220669474
670748.4109750227
670783.0304326897
672460.2284552908
672964.5843871057
673162.4098594886
673163.7136591814
673174.1440567242
695083.3756370387
695114.6998372542
695116.3502166123
696182.0221731523
696192.441568166
696202.9929935284
696202.9929935284
696203.3670795162
696203.3670795162
696203.55412251
696203.741165504
701125.7115350821
701158.0039578541
701172.1312051589
701172.1312051589
701185.6698171593
701186.847087768
703639.7344111736
706434.2117528404
706478.9920460883
706480.2023242842
706892.8301713796
706991.8529328617
706992.9421832379
714272.8095416378
716195.7875595015
716448.1415658738
716449.3188364825
716702.7455894375
716861.3855545963
716862.9369111928
718016.4200521092
719093.7876970331
719094.9099549965
720084.4884206022
720601.6733012935
721739.3788155472
721741.1997341055
722518.902497727
722799.3844696246
723687.6351439116
724413.1419097028
724414.2476638727
724952.0512840105
725060.8993039372
725060.8993039372
725069.6793221219
725233.5454885811
725313.143285019
725314.1445151629
726250.6467806142
726755.8609096952
728842.2044789463
729038.4015770291
729053.0349406704
729182.7987683279
729184.9332589643
729630.7337311563
758730.420617517
758896.2067252959
758897.4060009627
759639.5815982702
759670.5262112333
760012.4353028369
760013.689591149
766460.6159888142
768128.6929148298
773902.6001115534
774026.4225735221
774026.4225735221
774031.0326331955
774037.9477227057
774372.782188128
774374.118995408
775791.6903399323
790010.5006914784
790610.4906058267
790828.8247923654
790830.1560983809
791398.8878276881
791484.8175795964
791485.8133084758
792148.8752206236
792293.0963714577
792294.4551837958
793319.8633852643
793333.2314580644
793465.0307535968
793465.971469831
796295.4313526234
796556.1582836055
796557.594113647
798560.1149153034
798792.7633921409
798792.7633921409
799033.8453074978
801791.1781110797
801795.88169225
801971.1354762797
801972.5603037921
802911.3180876994
807803.3285706645
808475.1429946745
808476.4853032191
813088.0853307253
813333.5022425293
813335.2681484424
814605.7466820498
814954.0922531498
814956.5348145998
816496.2067252959
836131.298069209
836143.84095233
836151.3666822027
836156.3673316574
836160.080685213
836188.5497291391
836868.0329158994
837116.8606117101
837118.4229708357
839909.6600676961
841227.075390246
841965.3450897394
841968.3927902873
842872.2835596238
843231.3620978156
843231.3620978156
843807.9551341315
845043.5776556972
845154.054049924
845154.054049924
863696.7923043421
875984.1526906531
876001.811749784
876249.973792587
876495.4347145073
876745.7917618564
876855.1569006487
876856.4717028706
877541.6927085323
877684.3845078279
879015.8335561855
879131.7341972355
879131.7341972355
879434.8758777191
882555.435172946
882816.536189916
882817.8234858152
883918.4504771583
884153.6570420007
884154.8838239901
885820.5236898203
888555.3783265458
888556.5225895675
888811.583218087
889017.5065518533
889117.7836016472
889117.7836016472
890095.4023181718
890164.2341399308
890165.3674004234
890767.3212662077
894249.4181648699
894250.9255113502
895341.314649409
895465.7477517402
895465.7477517402
896233.7572872654
898827.49348635
899813.661167949
900229.2376928309
900231.328173351
900818.2910933
908436.4862200965
909620.1162906196
920370.6159124076
920375.7430909466
921015.2430871262
921045.0324345387
921866.3712283865
922417.9665186929
922419.8424498965
922703.9497551173
948393.9638903108
948400.4003698071
948451.8922057778
948453.179501677
952258.2171318546
952267.5692815501
952292.7210629665
952319.6552540896
961125.8924655598
961724.00094744
962043.7784518525
962256.2978017863
962256.2978017863
962469.6203363412
963252.5272962049
963467.0986178073
963620.8369562725
964347.168911743
964361.7527640035
964581.2312135637
964581.2312135637
965091.7375591196
965383.69516882
965385.0924900098
965566.6012118063
965580.1343225422
965603.81726633
965647.5248129952
965707.4610900144
965707.4610900144
966939.573804812
972372.8151957152
972513.0039196509
972538.3482453258
972661.4170340543
972774.7210782479
972776.1569082893
973417.1477471557
976101.7208261066
976120.3371052652
976143.6074542134
978595.2459905714
978626.8782616004
978648.3882059001
978744.6053224734
978744.6053224734
980370.1629749616
980593.6903552136
980593.6903552136
983522.5415842114
983542.2581162754
983554.9330297451
983568.9117429076
985570.8219042015
985894.8628886223
985894.8628886223
987150.493509272
987262.5267613598
987264.127629337
987853.8356802849
987935.3479167782
987970.5009971042
996457.9069216604
996465.7737299338
996467.3470915884
996476.7872615163
996476.7872615163
996481.5073464804
996483.080708135
996484.6540697897
999416.9490903813
999717.8242498797
1000190.3608676717
1000191.5931509256
1002153.6851595748
1004648.7726831653
1026682.5748974243
1026803.9823042657
1026805.2200887842
1032235.710847424
1032346.0222037148
1032346.0222037148
1042724.1357284209
1042727.7665630085
1042732.4866479726
1042737.7513581247
1042739.748317148
1052229.330603076
1052342.7446725601
1052343.8009153493
1054527.2087959107
1055668.6221624555
1056350.6854422789
1056352.3743304885
1056763.0987400578
1056858.650203623
1056858.650203623
1062718.5476661648
1062729.9462862643
1062876.208406238
1062877.3581705238
1063677.7206427313
1065839.4810473796
1065839.4810473796
1066831.1609960345
1066927.2900923754
1066927.2900923754
1071104.5542829637
1071426.8238602066
1071428.5237509455
1075498.2492225643
1083250.7852291048
1083326.834709923
1083328.066993177
1084039.578542012
1084560.6308116657
1084562.9963554123
1085080.8468891114
1085267.7908602604
1085267.7908602604
1088975.5716348689
1089813.3757134452
1089848.473781126
1089861.2367148283
1089919.3080631727
1089919.3080631727
1089997.855118086
1089997.855118086
1090158.6350751459
1090159.735328051
1090527.5058641953
1090706.5390169546
1100139.551799754
1100247.7286654084
1100247.7286654084
1110726.3337892252
1110775.8341674372
1110775.8341674372
1121341.2767518088
1121376.858930768
1121414.9276812933
1121415.631843153
1122250.3552135944
1122258.1450041642
1128412.2280885398
1128415.4188219653
1128422.4384355014
1128428.1817556676
1128431.3724890929
1128447.3261562206
1134411.5495992482
1135182.9754200445
1135343.2437595031
1135343.2437595031
1136071.5836765256
1136288.2894887645
1136289.4667593732
1137655.6012805721
1138190.6817747692
1138192.079095959
1138508.4238113067
1141283.75675242
1141326.9746865425
1141701.8473551907
1141701.8473551907
1143363.4712979163
1143451.7060796614
1143451.7060796614
1145933.469540568
1146034.758823035
1146034.758823035
1149517.521374705
1149652.6984466568
1149654.17278555
1150090.731133337
1151480.2405275102
1151480.2405275102
1152221.0573124795
1152325.3337815846
1152326.758609097
1153478.0577479962
1153643.6678153104
1153645.241176965
1154487.4957785434
1154503.207390032
1154515.7007617722
1154528.5077055907
1154539.7137814318
1155272.7957884765
1155386.3143819864
1155387.5906753568
1156059.2070538437
1156100.543555498
1156101.7593349584
1156499.2917121921
1159339.3470304632
1159456.975068575
1159464.088203608
1160014.814294119
1160729.4890700572
1160860.7657454596
1160864.7431597125
1166177.484852421
1166270.8303089114
1166270.8303089114
1176304.784724822
1176342.5454045339
1177033.70227462
1178774.6104417057
1178833.2979316774
1179267.8978292926
1179515.300697591
1179515.300697591
1179605.2243675457
1182685.613429198
1182707.4864569565
1185473.1866838837
1185540.989769176
1185540.989769176
1191345.9351003598
1194404.2805950535
1194410.6345555817
1194432.2380213784
1194432.2380213784
1194757.5222915823
1194816.2812979927
1194816.2812979927
1195085.6397130173
1195088.8469502365
1195088.8469502365
1199985.3409637911
1200029.6261432315
1200029.6261432315
1200870.9950412211
1200883.702962278
1201069.519174199
1201147.2850495495
1207800.1402822454
