262112.0165007094
282021.3174304757
306668.04582533974
325967.54817777977
542525.4248644424
553254.5960817221
553296.2424374417
557789.7043516138
557837.5953546916
557856.0802487917
577510.1946327855
577599.9349195622
577767.4565783447
577767.4565783447
577788.71328416
577790.6457119613
577792.5781397627
577794.5105675642
577800.3078509683
577804.1727065711
577806.1051343725
577833.159123592
577835.0915513933
577837.0239791947
577840.8888347974
577842.8212625989
577844.7536904003
577848.618546003
577850.5509738044
577852.4834016059
577854.4158294072
577858.28068501
577862.1455406127
596833.2320188067
596846.1825134757
596850.499345032
596852.6577608102
596852.6577608102
596854.8161765883
596855.8953844775
596858.0538002556
596859.1330081447
596861.2914239229
596862.3706318119
596864.5290475901
596865.6082554791
596866.6874633683
596867.7666712573
596869.9250870355
596871.0042949246
596872.0835028136
596873.1627107027
596875.3211264809
596876.40033437
596877.479542259
680382.4444238043
680581.1847073783
680585.9442908891
680623.9471669833
680667.8534024706
829390.5270810847
829402.121647893
829404.0540756944
829405.9865034958
829407.9189312971
869022.9748037498
1063123.5960785192
1080360.4231509566
1085041.9393458008
1096849.2484682717
1096860.7000630947
1097007.001912058
1097007.001912058
1097011.1619356305
1097013.2419474167
1097015.3219592029
1097019.4819827753
1097019.4819827753
1097019.4819827753
1097025.722018134
1097025.722018134
1097025.722018134
1097029.8820417065
1097029.8820417065
1097034.0420652789
1097034.0420652789
1097038.2020888512
1097054.842183141
1097056.9221949272
1097056.9221949272
1097061.0822184999
1097061.0822184999
1097061.0822184999
1171065.083640533
1173566.3923594542
1175126.8716230716
1175137.1102620193
1175276.3326917104
1175278.0345195355
1175783.5281155817
1178929.1885122778
1178938.527811318
1178940.395671126
1178942.263530934
1178946.1468345348
1178946.1468345348
1178948.1622783276
1178950.1777221207
1178952.1931659135
1178954.2086097063
1178954.2086097063
1178956.224053499
1178958.239497292
1178962.2703848777
1178964.2858286705
1178966.3012724635
1178966.3012724635
1178968.3167162563
1178968.3167162563
1178970.3321600491
1178972.347603842
1179073.4749174484
1179073.4749174484
1182376.5244099684
1182484.7634268436
1182484.7634268436
1182495.3249057583
1182497.4372015411
1182499.549497324
1182501.661793107
1182510.1109762385
1182512.2232720214
1182512.2232720214
1182516.4478635872
1182518.56015937
1182522.7847509359
1182524.8970467187
1182527.0093425016
1182529.1216382845
1182531.2339340674
1182537.5708214163
1182539.6831171992
1182541.795412982
1182543.907708765
1182546.020004548
1182961.4412498518
1183101.2540154823
1183101.2540154823
1188119.9719436695
1188126.4518030034
1188127.7477748704
1188129.043746737
1188130.339718604
1190567.9890080676
1196536.3406986538
1196594.1797847094
1196595.4988165738
1196616.6033264047
1196682.1029436728
1209343.0424464096
1209346.8473460185
1209348.1156458883
1209350.6522456275
1209351.920545497
1209353.1888453667
1209354.4571452364
1209355.725445106
1209358.2620448454
1209359.5303447149
1209362.0669444543
1209363.3352443238
1209364.6035441936
1209367.1401439328
1209368.4084438025
1209369.6767436722
1209370.9450435417
1209370.9450435417
1209373.4816432812
1209374.7499431507
1209376.304186991
1209379.4126746715
1209379.4126746715
1209382.521162352
1209384.0754061923
1209385.6296500324
1209387.1838938727
1209388.738137713
1209390.2923815532
1209390.2923815532
1209393.4008692338
1209394.955113074
1209396.5093569143
1209398.0636007546
1209399.6178445949
1209401.1720884352
1209402.7263322754
1209404.2805761155
1209405.8348199558
1209408.9433076363
1209412.0517953169
1209412.0517953169
1209415.1602829974
1209415.1602829974
1209418.268770678
1209419.8230145182
1209421.3772583585
