550260.48598945
554515.5767081212
554529.9430866448
557771.4408334908
579710.6303386297
603736.1961893354
624248.9588090793
624251.9704447697
624260.3458359089
624260.3458359089
624261.3927598012
658971.7162723513
658977.9885917067
659093.8327958005
659093.8327958005
676058.3535802247
677565.4166653322
683322.9584695848
696115.5428867914
696117.3138946095
696120.8559102453
696120.8559102453
697293.9963936727
700339.0921407044
700343.4504802565
700343.4504802565
700344.6957201285
700345.9409600005
700766.5968247664
700820.3542912414
700820.815491194
704181.0030458414
704485.9899624955
704488.5219502352
714469.5207684103
723665.9308392238
723669.2238068853
723670.3214627724
723672.5167745468
723673.6144304341
723674.7120863212
877894.4556719587
877900.1053713781
877901.235311262
877902.3652511458
1087886.7959094127
1094850.057361744
1094864.944896214
1094869.907407704
1094872.3886634489
1094877.351174939
1094949.9809434742
1094949.9809434742
1094956.1379628414
1176955.4002991393
1176978.2435327915
1182782.6801482246
1182796.8758827655
1192000.6098088264
1192003.930448485
1192006.420928229
1192007.2510881438
1192008.0812480585
1192008.9114079732
1192009.7415678878
1207010.5836421344
