6987.345313856176
81939.29711846112
180997.75997745246
349762.66163617093
349775.1094228915
374994.8003548677
418708.53098206763
445549.81478338013
449632.99321972014
454084.00629025494
454170.45360937004
454187.4626636219
454207.14206559927
454230.2943032197
454264.3354717211
454288.8390252027
454391.7188986289
454407.86089696985
454552.87138606596
461934.43197140563
462922.9172178113
462926.04415348993
470232.1570385838
470576.8255991596
474491.1264488565
474554.3661863568
474630.2612505565
474655.0369120101
474690.0143164152
474700.2160593667
474749.8411742663
474766.4489845594
474776.66917550896
475762.9176021446
480845.44715577347
480848.1036675004
481937.43950754096
481977.56390341703
481984.48190270603
481988.6327022794
484964.1333764641
485085.87171595206
485133.781167028
485214.15448276745
485377.11487401876
485534.6331058294
485624.2073606231
485741.34292458417
485824.4880520387
485894.99630079203
485947.0657754404
485987.2362913118
486040.18204587017
486079.74838980363
486137.218515897
486179.55667154555
486221.7380192102
487193.45864733896
487235.4278430255
487290.2921893867
487329.9646093092
487364.4623657636
487409.1065211752
487723.5849328538
492673.9807000631
492971.6760454666
493563.33101665764
495408.8779709764
500492.0762645366
500822.5260305737
500867.8527619151
500893.7952592488
500924.0499761393
505982.5602362369
513794.4572733474
513945.58788581454
529338.7404757406
529339.8473556269
531812.4694374962
545973.9552700102
799940.1198479321
799943.5511755795
849151.1233101346
849230.2098780061
869029.6898750596
1049747.2616573093
1136504.4379605993
1136507.4634322885
