972769.8580208757
980982.4409648046
980996.263127384
982051.7607269024
982066.9295933433
990021.6510317748
1007215.9324085847
1007292.4178087238
1007297.9107001591
1015737.985132707
1015756.0964548456
1024676.1785740595
1024798.4334574944
1024798.4334574944
1026346.4879943888
1026356.0071614104
1026356.0071614104
1029294.8839473592
1049789.489124969
1054271.7115962962
1062572.7065711385
1064680.6440144894
1070029.7655887185
1070462.6617002266
1070476.5253708016
1070518.116382527
1070518.116382527
1071637.9375394343
1072581.5341944534
1072583.8678662137
1072589.702045614
1072590.868881494
1073909.2550659932
1073953.5302614425
1075109.6201826222
1075133.6025801576
1075133.6025801576
1075136.6003798493
1075287.2651803645
1075287.2651803645
1075288.4227922454
1077653.8850651286
1084658.4423612156
1084755.01763129
1084895.8127528194
1084895.8127528194
1091579.3933298956
1094041.7444888207
1094045.000560486
1094054.768775482
1094110.121993793
1098546.1045578725
1115909.7293332778
1115931.8115870082
1126421.961316854
