1085159.1440897547
1086233.878339296
1089152.6514193108
1092143.763711891
1103460.568236775
1103507.845843916
1103565.5557939846
1103566.5519858822
1103568.5443696773
1105656.2305231097
1105666.6905380345
1105667.8527619152
1105672.5016574373
1107915.7044348859
1125232.6926710843
1126200.474651618
1137103.4951910297
1137114.7945898683
1137175.8344035947
1137175.8344035947
1137852.5300340455
1139973.012116107
1139974.1558919894
1139974.7277799307
1139975.8715558131
1140008.233956487
1140008.233956487
1140008.9580404125
1140184.8919863305
1147899.1576054755
1147909.0641804573
1147968.5036303482
1147970.1547261786
1148813.2697475252
1153584.68303713
1153594.9493480746
1153633.865400075
1153633.865400075
1160497.4246466537
1160570.2573431681
1160570.2573431681
1160570.2573431681
1160571.806975009
1160952.6705078646
1160956.2817034933
1160958.689167246
1160959.892899122
1160961.0966309984
1160963.504094751
1160965.9115585035
1164323.022909467
1166176.419486979
1168106.8364565752
1168125.1737666903
1168126.4835745557
1168127.7933824211
1168133.0326138828
1168134.342421748
1168142.2012689405
1168366.0492779338
1174963.4730918654
1175023.3783537084
1175075.6784283333
1177338.786595736
1177570.8531878847
1177570.8531878847
1177578.6290190853
1177578.6290190853
1177580.2063229233
1177583.360930599
1177584.938234437
1177595.9793613022
1178517.89039455
1178605.0664095902
1178627.2870233066
1178647.4875812302
1188025.2645334033
1188043.7632635022
1188065.7071572465
1188065.7071572465
1188084.74549129
1188099.2363938007
1188162.739015274
1188162.739015274
1193162.0127534599
1193194.684158102
1193198.1846657423
1196203.8478168268
1196210.5352161394
1196211.872696002
1196213.2101758644
1196219.8975751773
1196221.2350550396
1196222.5725349023
1196222.5725349023
1196223.9100147649
1196231.93489394
1196242.6347328403
