922921.2917442005
922921.2917442005
922935.9440666946
925319.217881747
925771.3414192789
926057.5713338607
926064.6738131308
926129.666110451
926163.1307790116
926224.7563166779
926225.9646605537
930971.6107088067
931040.3156657454
934387.8202216963
934393.3822931246
936944.4637109301
937098.6428550839
937098.6428550839
943649.8313737673
945658.2879873426
945663.2504988326
945666.0176985482
945681.2834169792
952002.2363073258
952004.422395101
952339.5717886551
964977.4974137571
965031.1257442454
966337.4469379847
970149.3890702017
970163.3403687677
970164.6086686373
970167.1452683767
970170.9501679856
970173.486767725
970288.1964199353
970288.1964199353
970290.6315556851
970557.6386562426
970872.8503758459
970872.8503758459
978628.1305067755
978710.6806862911
978713.1065980418
978744.6434508004
978786.5250184961
987193.9049864042
1007152.0654391488
1009455.1319704448
1010548.4894740719
1010550.4403498714
1017345.940319445
1017450.019312748
1017453.6581803741
1025241.8818239177
1064692.819693238
1064710.5297714178
1064744.2988319471
1064744.2988319471
1070603.1708777852
1074049.6212715667
1074056.742198835
1074078.1049806392
1074078.1049806392
1074095.875014813
1074100.523910335
1074105.1728058574
1074318.044255979
1074577.5753053047
1078440.3232243
1083721.9943054616
1083732.2513924076
1094748.039932229
1094766.118970371
1094847.576105999
1094847.576105999
1096901.668454884
1096956.29297727
1097121.4671282936
1097121.4671282936
1107271.5971930858
1107382.0407457347
1107385.9148253365
1140967.1240019344
1144283.3914850957
1162908.0430068956
1172030.8363412751
1172054.7449468179
1172068.0275054527
1172090.6078551318
1172097.2491344493
1172116.5134564694
1172157.9891682065
1172183.2352536118
