15690.202255395876
22028.00739201035
22046.98115806027
22086.146258034965
22088.286225815023
39274.08152349718
39296.26524121719
97001.43727840783
98123.49064308568
302578.49360565486
302642.8771190376
302924.0615061381
302964.47184598487
302973.7973090264
302981.5685282277
302999.30627840466
303002.211838106
303008.02295750874
303010.9285172101
303015.2868567622
303018.1924164636
303019.64519631426
303034.1729948211
303037.0785545225
303041.43689407455
303051.6063530294
303054.5119127307
303063.22859183484
303071.945270939
303081.9994299056
303085.439981552
303094.04136066796
303099.20218813757
351053.2236275298
351057.4297710975
351057.69265507045
351057.95553904347
351059.2699589084
351059.7957268543
351060.0586108273
351060.84726274625
351061.1101467192
351061.6359146652
351061.8987986382
351062.16168261116
351062.68745055713
351063.2132185031
351064.527638368
351065.31629028695
351065.5791742599
351105.11323419673
351105.11323419673
352022.78122788086
354793.2462391386
354803.3188461033
371172.1307117532
373668.64756316674
373843.41928520415
373843.41928520415
423669.7603361635
423720.12337098736
423817.9853889293
423817.9853889293
435457.5191926439
435482.70532205526
449792.1348753639
449803.0284182443
449815.4346969692
449847.691021654
449861.33792825136
466054.80157192313
466062.08853117423
466145.3996906117
466145.3996906117
466149.23687421734
466149.23687421734
466151.1554660201
466153.07405782293
466154.99264962575
466156.9112414286
466156.9112414286
466158.8298332314
466160.74842503417
466162.667016837
466162.667016837
466164.5856086398
466168.4227922454
466170.3413840482
466172.25997585105
466172.25997585105
466174.1785676539
466176.0971594567
466178.01575125946
466178.01575125946
466181.8529348651
466183.77152666793
466185.69011847075
466187.6087102735
466189.52730207634
466189.52730207634
466191.44589387916
466193.364485682
466195.2830774848
466197.2016692876
466197.2016692876
466199.1202610904
466202.95744469605
466206.79462830164
466210.6318119073
466212.5504037101
466214.4689955129
466214.4689955129
466216.3875873157
466220.22477092134
466222.14336272416
466254.1045194393
466905.7616044634
472731.3811337191
475356.0470039618
475365.6169029783
475472.18176402577
475525.45958255
475525.45958255
478930.96925653925
582710.2379343366
582711.2802462295
582735.8160837077
582745.6673146953
582750.5929301891
582783.1997668378
582791.3353340016
582805.7985645151
603235.1854568282
657004.1081385778
657025.2633804034
657025.2633804034
657027.1865842058
657029.1097880082
657031.0329918105
657034.8793994151
657036.8026032174
657038.7258070199
657038.7258070199
657040.6490108222
657042.5722146245
657044.4954184268
657046.4186222291
657048.3418260315
657050.2650298339
657050.2650298339
657054.1114374385
657054.1114374385
657056.0346412408
747841.2021945432
747911.1247193567
747912.3653472291
747973.1561129811
899439.5728775994
945045.3301903411
956986.5118230529
993201.237296984
1054710.8062351672
1054759.7810581336
1054759.7810581336
1066175.3607768656
1066361.2474177608
1066361.2474177608
1066432.5581544314
1066444.374097217
1066449.4380726966
1075356.4313372558
1075412.62855148
1075412.62855148
1075414.7131752656
1075415.7554871584
1075416.7977990513
1075417.8401109441
1075418.882422837
1075419.9247347298
1075420.967046623
1075422.0093585157
1075424.0939823014
1075427.22091798
1075428.2632298728
1075441.8132844802
1075442.855596373
1075444.9402201588
1075444.9402201588
1075447.0248439447
1075448.0671558375
1075453.2787153018
1075454.3210271948
1075456.4056509805
1126460.0379849407
