20931.398428717384
214606.2998632414
279451.6773265776
281988.1294818867
282105.71702180133
282105.71702180133
282112.70420108316
282116.8965086523
282118.2939445087
282121.08881622145
282121.08881622145
285687.00844572415
303407.8971524106
303428.76183826616
303436.7867174414
303441.6016449465
303444.8115966166
303449.62652412173
303456.0464274619
303479.6137450397
303479.6137450397
303557.2244730631
303559.67805681087
303562.1316405587
303567.03880805435
313492.2923879588
313501.5348350089
326391.48317420867
326426.1838586422
326427.14776654314
337880.8594973561
337885.0840889219
337886.14023681334
337889.3086804877
337889.3086804877
337890.3648283791
337891.42097627063
337892.4771241621
337892.4771241621
337895.6455678364
337895.6455678364
337896.70171572786
337899.8701594022
337900.92630729364
337903.0386030766
352030.94907904137
352594.65072110534
352644.0452360287
352644.0452360287
373059.3932017846
604497.5773550824
604626.0399898792
604626.0399898792
609296.2014418904
609296.828673826
609296.828673826
609297.7695217293
609334.9284019101
609334.9284019101
609335.5095138504
610190.8555579399
638810.3511204916
688518.6941635787
698052.0753677589
706821.7278984335
706916.4768166954
747468.6356488348
747500.467669563
747502.5061733535
769011.1378507442
801383.7356555605
805578.2339244593
861907.3559470774
937797.9003872158
970401.3010963107
970434.4429249045
970435.5451927913
970436.6474606779
970437.7497285646
970439.954264338
970553.4140646769
970554.4702125683
987229.2144547752
987236.533698023
987243.9221212636
1006862.4410929158
1007078.9099026676
1007108.5373876226
1007114.8466029741
1007176.8779965986
1007176.8779965986
1007179.3592523437
1007180.5998802161
1007183.0811359611
1007184.3217638336
1007185.6961396923
1007187.0705155511
1007188.4448914098
1007191.1936431273
1007192.5680189861
1007193.9423948448
1007196.6911465623
1007198.065522421
1007255.7893084884
1007351.0086507018
1007389.4819507477
1007677.5612771396
1007679.1893129722
1021167.2724826969
1056412.9522882244
1056539.2426712445
1056556.9988694196
1056556.9988694196
1056631.5979617524
1056633.110697597
1070239.3948031731
1070297.0632452462
1079028.7128998267
1079062.1960163855
1079068.2838557598
1079071.327775447
1079086.5473738825
1079115.6583148907
1123036.919696761
1123101.9027700822
1123103.032709966
1123106.4225296176
1126929.3642807042
1151371.1723126296
1151380.663807654
1156062.5351264616
1203500.7689868654
