1270.3752694336526
1451.6268508050184
1454.7445624845868
1455.523990404479
1456.303418324371
1516.1948441688633
1516.1948441688633
1518.9389838868267
1519.4878118304193
1519.4878118304193
1725.6534146411768
1746.7210284758942
1747.3252004137987
1748.5335442896078
1748.5335442896078
1749.7418881654169
1749.7418881654169
1750.950232041226
1750.950232041226
1785.9138004477481
1789.0038401301606
1937.8837968286098
1937.8837968286098
1939.5717886551217
3181.8184729797676
3187.860192358813
6506.8764272377
6521.159789769687
6521.159789769687
8200.457997175152
8258.56919120261
8258.56919120261
8261.751470875543
8262.387926810128
8263.024382744716
8265.57020648306
8266.206662417648
8284.663884520654
8285.300340455242
8285.936796389828
8287.209708259
8288.399604136706
8288.796236095941
8290.382763932881
8322.33930864846
8346.234078192607
8346.234078192607
8350.698493733764
8352.372649561697
8352.930701504343
8354.046805389633
8354.604857332277
8356.837065102856
8357.3951170455
8358.51122093079
8359.62732481608
8360.185376758724
8361.301480644013
8361.859532586657
8365.76589618517
9150.299299552571
9183.17363217382
9183.893104099874
12645.014268373534
12780.05361449449
12780.05361449449
15399.189697305499
15836.610180348396
15889.03939095984
15889.03939095984
16035.230551934637
16126.317542572917
16126.317542572917
16129.776542217409
16132.082541980402
16133.2355418619
16136.694541506391
16139.000541269386
16140.153541150883
16144.765540676872
16145.91854055837
16148.224540321364
16151.683539965856
16153.989539728851
16155.142539610348
16156.295539491844
16158.60153925484
16160.907539017833
16162.060538899332
18225.24775084954
18249.26704438089
19668.434642521996
19679.60490537394
19683.57122496629
21037.068561856842
21467.188249650095
21491.548831146367
21492.955491001794
21494.36215085722
21498.5821304235
21501.395450134354
21505.615429700632
21508.428749411487
21511.24206912234
21514.055388833192
21518.275368399474
21521.088688110325
21523.90200782118
21528.121987387458
21530.935307098312
21533.748626809167
21537.968606375445
21540.7819260863
21545.001905652578
21943.580128687594
22204.826841837243
22204.826841837243
22223.34863193361
22225.66385569566
22226.821467576683
22231.451915100777
22233.767138862822
22236.082362624868
22239.55519826794
22241.870422029984
22243.028033911007
22245.158777692013
25478.613197364753
25489.082436288747
25494.317055750744
25509.910226148113
25511.948729938602
25516.025737519576
25519.083493205304
25522.141248891036
25526.21825647201
25528.2567602625
25532.333767843473
25535.3915235292
25542.526286795906
25545.584042481638
25550.680301957855
25553.738057643586
25718.538636705747
25719.51176860573
25972.383090616182
25980.131249819842
26151.93284416246
26161.52119117699
26168.978794410516
26170.044166301017
26172.174910082027
26173.258729970636
26179.76164930228
26180.845469190885
26181.929289079493
26184.096928856707
26185.180748745315
26187.348388522532
26188.432208411137
26190.599848188354
26191.68366807696
26194.93512774278
26196.01894763139
26197.10276752
26198.186587408603
26200.35422718582
26201.438047074425
26412.64456536709
26442.876222259947
29495.535648514393
29505.64515147536
37221.48346245864
38427.27229053034
38981.182657600664
38989.382792757875
38994.068584276276
38994.068584276276
38996.41148003548
38996.41148003548
38998.754375794684
38998.754375794684
38999.92582367428
39001.09727155389
39003.440167313085
39003.440167313085
39004.61161519269
39005.78306307229
39006.954510951895
39006.954510951895
39008.12595883149
39009.29740671109
39010.4688545907
39011.640302470296
39012.811750349894
39058.79338562402
39059.87720551263
39119.51497138318
40357.108148186104
40365.59883931345
40366.81179518878
40368.02475106412
40369.23770693946
40371.66361869012
40372.87657456546
40375.30248631613
42845.27266845809
42954.94601718611
42956.73547300219
47404.80608783938
57284.07342047023
57781.316149364735
57783.096381181764
64796.19510039106
65645.66084508486
65754.8407098636
65989.43928975207
65989.43928975207
73250.94952743017
77929.12202261802
77932.84390623549
78655.51194796126
78656.56809585272
79064.51328992502
80584.25937372888
80596.15833250593
81727.08057227227
81730.13371595848
81737.76657517398
81739.29314701709
81742.3462907033
81743.8728625464
81745.3994343895
81748.45257807571
81753.032293605
81756.08543729121
83943.80586044217
84026.29608396401
84031.60910741794
84031.60910741794
91639.39749350637
91660.69570731738
91660.69570731738
91662.50361113157
91662.95558708512
91663.85953899221
91664.31151494576
91664.7634908993
91665.21546685285
91665.6674428064
91666.11941875995
91667.02337066704
91668.37929852768
91668.83127448123
91669.73522638832
91670.18720234187
91670.63917829542
93788.83832059162
93790.7523003949
93791.90068827687
97035.17866693997
97041.63546627636
97044.86386594454
97046.99460972555
97049.83560143356
97051.96634521456
97055.51758484957
97059.0688244846
97063.3303120466
97069.01229546263
97071.85328717063
97074.69427887864
97076.82502265964
97078.24551851365
97079.66601436766
97082.50700607567
97084.63774985667
97086.76849363768
97088.954581413
97090.43042126132
97098.54754042705
98504.00827597693
103571.71025112979
103747.78255703347
103747.78255703347
103782.45095747033
103790.36514865693
103824.65997713218
103824.65997713218
106702.00807740474
106721.44765540678
106721.44765540678
106725.33557100719
106727.92751474079
106733.111402208
106736.99931780841
106736.99931780841
106739.59126154202
106742.18320527562
106746.07112087603
106751.25500834324
106757.73486767725
106763.77197505678
106772.39641417038
106776.70863372718
106778.43352154989
106781.02085328398
106783.60818501805
106783.60818501805
106786.19551675214
106786.19551675214
106864.23516073139
108577.04415669269
108579.35938045473
116210.5997841328
118126.226071249
147665.55726726216
148227.97216145843
165282.84662859634
172495.4281633032
172657.1248666844
172657.1248666844
172668.0045735662
176230.7465353955
176241.7323182664
182451.6697680228
182502.63236278502
182502.63236278502
182504.8461225575
182505.3995625006
182505.9530024437
182506.50644238683
182507.05988232995
182507.61332227307
182508.1667622162
182509.27364210243
182509.82708204555
182510.38052198867
182510.9339619318
182512.59428176115
182513.14772170427
182513.7011616474
182519.23556107856
182519.78900102168
182520.3424409648
182522.55620073728
182523.1096406804
182523.66308062352
189137.47794087033
189253.07770898924
189253.07770898924
189274.86940674955
189925.97766383007
189929.94859542194
189931.65042324702
189934.4868029555
189936.1886307806
189936.7559067223
189938.45773454738
189940.1595623725
196776.58641573973
198588.5718495079
212065.5493243741
226346.6012445993
252663.74052378224
253653.87686601822
257561.40268841138
264454.01292000426
275130.3629067127
275257.9492615997
278188.37225241726
280995.3965839176
281008.2825105932
281280.79633858486
281286.146258035
281355.6444788921
281468.5969592831
281635.3022941495
281635.3022941495
281641.7590934859
281643.37329331995
281890.760947894
282145.2510817381
282151.2466811219
282198.0123563154
282198.0123563154
282206.4061954527
282211.2026749597
282217.3181863312
282221.39519391215
282223.43369770265
282224.4529495979
282228.52995717886
282233.6262166551
283447.86422785843
297798.14687296824
297803.7089443966
297805.56296820607
297806.4899801108
297807.4169920155
297808.45930390834
297811.586239587
297813.67086337274
297815.7554871585
297815.7554871585
297816.79779905133
297825.1362941943
297827.22091798007
297828.263229873
297829.3055417658
297832.43247744447
297832.43247744447
297833.4747893373
297872.3631693404
297872.3631693404
297873.9681451755
297877.9805847631
297882.7955122682
297885.2029760208
297886.8079518558
297886.8079518558
297887.61043977336
297888.4129276909
297890.82039144344
297890.82039144344
297891.622879361
297892.4253672785
297894.0303431135
297894.83283103106
297895.6353189486
297895.6353189486
297897.2402947836
297898.04278270114
297898.8452706187
336354.1123982718
343758.4285892726
343780.93514695944
343899.00233482476
343899.00233482476
343914.4433092378
343915.73005710554
343917.0168049733
343919.5903007088
343922.1637964443
343924.7372921798
343927.3107879153
343928.597535783
343929.8842836508
345385.6296500325
345391.8466253935
345393.40086923377
345393.40086923377
345396.50935691426
345398.06360075454
345399.6178445948
345401.17208843504
345401.17208843504
345404.2805761156
345404.2805761156
345405.8348199558
345407.3890637961
345412.05179531686
345413.60603915714
345415.1602829974
345415.1602829974
345419.8230145182
345421.3772583584
345422.9315021987
345424.48574603896
345551.8507249486
345877.36565149296
345881.14749110426
345882.0929510071
345882.0929510071
345883.98387081275
345884.92933071556
345887.76571042405
345887.76571042405
345888.7111703269
345890.60209013254
345890.60209013254
345892.4930099382
345892.4930099382
345894.38392974384
345895.3293896467
345896.2748495495
345899.111229258
345900.0566891608
352026.33246751584
352037.6964343479
353379.9820003907
353379.9820003907
353427.41641551553
353468.4217033011
353468.4217033011
353472.1666469162
353472.7016388612
353473.23663080623
353474.3573466911
353477.7194943455
353478.8402102303
354887.27568547445
354892.25664496253
354897.2376044506
354900.35070413066
354902.2185639387
354906.8305634646
364836.18882294727
371179.3300430133
371307.8341858059
376529.1710891685
389703.57372313266
392471.3361026682
397167.76289197995
397326.98756361514
397326.98756361514
435472.5543110986
435488.0829135026
436594.3540158025
448248.47096201824
454851.2769793965
454852.3100672903
456386.94368556415
511755.6952108869
511761.4878822915
511762.9360501427
511764.3842179938
511767.28055369615
511768.7287215473
511770.1768893985
511771.6250572496
511774.52139295195
511774.52139295195
511775.9695608031
511777.4177286543
511780.3140643566
511780.3140643566
511781.76223220775
511783.21040005895
511784.6585679101
511786.1067357612
511787.5549036124
511789.00307146355
511790.45123931475
511790.45123931475
520594.822902421
536165.3991141117
538505.4354336081
538589.3230929862
539570.8488321071
540170.7961784459
542880.9362359038
543175.1080136695
543176.7591094997
543499.9034682878
548407.7350918717
548411.8443834493
599927.74072876
600058.2879873426
600058.2879873426
603474.6404722176
615141.9385130785
615144.2906328369
619679.1037347588
622274.4234520176
657787.0319541106
657802.2976725417
681511.8400917276
681520.3077228572
682361.1490284374
682362.1129363384
682365.0046600412
682366.9324758431
701764.0616342493
701770.5184335856
707823.5464354688
708285.50275599
708293.7674591406
708305.1314259727
708305.1314259727
708334.4868029555
742848.703483661
742850.6128514649
758045.6201057557
767852.5851218177
767927.364082132
767927.364082132
767938.6542569717
767944.2993443914
788067.0989562148
789214.1216863263
789224.6370452456
789225.5133251556
789227.2658849754
789228.1421648854
789229.8947247053
789232.5235644351
789233.399844345
789235.1524041649
789236.9049639847
789237.7812438947
789239.5338037146
789241.2863635345
789243.0389233544
789244.7914831742
789246.544042994
789248.296602814
789249.1728827239
789250.9254425438
789252.6780023637
789254.4028901864
789256.127778009
789256.9902219204
789258.7151097432
789260.4399975659
789262.1648853886
789263.8897732113
789264.7522171227
789266.4771049455
789268.2019927681
789270.7893245022
789272.514212325
789275.9639879704
789277.6888757931
789279.4137636158
789281.1386514385
789282.0010953499
789283.7259831727
789285.4508709953
789287.175758818
789288.9006466408
789289.7630905522
789291.4879783748
791283.6273376272
791289.6921170038
791309.0994110092
791355.9665501923
791356.9396820923
797035.2058264927
799977.1911001219
800096.420511868
800336.5073711923
800336.5073711923
800351.0674536958
800351.0674536958
800356.3620291516
800356.3620291516
800361.6566046075
800361.6566046075
800365.6275361994
800366.9511800633
800369.5984677912
800370.9221116552
800373.5693993832
800374.893043247
800377.540330975
800378.863974839
800382.8349064308
800382.8349064308
800389.4531257506
800392.1004134786
800394.4571452364
800395.4902331302
800399.6225847055
800404.7880241746
800407.8872878561
800412.0196394314
800415.1189031128
800417.1850789004
800419.2512546881
800420.284342582
800423.3836062634
800427.5159578387
800428.5490457325
800429.5821336263
800430.6152215202
800432.6813973078
800434.7475730955
800435.7806609892
805733.4369325078
805826.092002985
805827.1112548802
817296.7159360597
822770.338437493
857140.550044999
857146.8915443473
857214.19445343
857215.5826652874
859159.4251655035
868195.0978288371
868204.0912279128
868205.2903477895
876467.9319345737
876468.7989904846
876469.6660463954
876475.7354377717
876479.2036614151
876480.070717326
876559.6784411442
876575.4468675235
877318.8089511225
889795.5129087945
889806.3787796777
889824.1442018518
889825.1311697504
889887.8497513044
889896.5387584113
889921.9785477966
889923.1269356787
890019.9789257244
890027.7270849281
890059.7343616384
890059.7343616384
890152.9982160529
893085.1368706942
893093.2309298624
893100.444097121
893126.6587024267
893127.5626543338
893304.1745641821
893309.6397836204
893344.2574520624
893344.2574520624
894590.1199440154
894591.6557398576
894591.6557398576
894594.7273315418
894594.7273315418
894596.263127384
894599.3347190684
894600.8705149106
894602.4063107526
894603.9421065948
894603.9421065948
894607.0136982792
894608.5494941212
894610.0852899634
894610.0852899634
894613.1568816478
894614.69267749
894616.228473332
894616.228473332
894617.7642691742
895366.2917922423
895374.7317513749
895430.4354816497
895432.1234734763
895472.5153653248
898535.7178224957
898581.8101457584
898635.2816682627
898635.2816682627
900681.7965019265
903764.6783610748
903776.0054319105
903779.3629675654
903797.8294136674
906562.7600254941
910830.035646913
910847.2614651426
911321.8131563693
920485.4641945496
920492.5482258215
920535.3106854265
920562.3600626463
920564.1633544611
920735.9372768064
920745.8622997864
920755.7873227663
920803.563025856
920803.563025856
922901.7553142085
922947.3403175233
923077.5001681459
923088.6842669963
923097.6315460769
923176.5244099683
923176.5244099683
924776.1364895637
925632.261961573
925651.0143516457
925659.3436227896
925899.7210380842
925910.407040986
925930.1510109567
925969.3253349304
925969.3253349304
926378.0730169202
926391.9874194901
926403.9140502644
926483.0744101284
926483.0744101284
937117.1830931784
937122.1271566703
937351.9707650474
937351.9707650474
946786.3830713995
947945.0095923184
947951.9137556088
947953.6847634269
947954.5702673359
947955.4557712448
947957.2267790628
947961.6542986077
947963.4253064258
947964.3108103347
947965.1963142437
947966.9673220617
947969.6238337887
947971.3948416066
947972.2803455156
947975.8223611516
947977.5933689696
947979.3643767876
948305.7740312399
949713.6560665409
949737.6984200699
949752.4199225568
949768.1929609358
952034.8200839768
954719.3266480692
954742.8340096532
962608.3086452571
966040.4895125052
966043.0491722422
966045.6088319791
966047.3152718036
966060.1135704883
975959.853569015
976022.5260305736
976136.0550109054
976182.6223701193
976769.863657764
978650.5540484708
978799.7752931342
978823.3103267153
980824.28166506
981172.293925292
981174.2678610891
981178.2157326834
986233.9634050649
986370.1280790701
986583.9034810988
986583.9034810988
992296.206182001
992659.1520966982
992659.1520966982
1001179.4707089987
1002768.1477377182
1002789.4551755282
1002801.0774143337
1012235.605020674
1025156.6382366789
1025164.6631158541
1025250.7737590038
1025250.7737590038
1029425.7817179058
1029444.285060004
1029445.4749558817
1029787.3209727475
1035787.4631760663
1045780.3009970246
1045784.267316617
1045789.248276105
1045790.9085959344
1049816.2248862213
1054535.8315851507
1057238.8138193442
1057500.535568445
1062903.4007731504
1062912.5140842139
1062938.083009586
1062938.083009586
1063033.9526437325
1063041.908342915
1063068.9577201349
1063068.9577201349
1063182.4129084742
1063209.4622856942
1063241.2850824234
1063241.2850824234
1064261.57928956
1064274.6958162119
1064331.1374664109
1064331.1374664109
1064512.1953438022
1064538.6774450804
1064593.1128754858
1064593.1128754858
1064773.013140996
1064779.5391203254
1064814.6733327142
1064815.8217205962
1065021.3416434734
1065027.1112548802
1065065.8428268996
1065065.8428268996
1069443.4513129788
1069475.1818697175
1069580.4645948966
1069580.4645948966
1069845.6084476458
1069979.0704899288
1069987.4873890637
1070329.531721909
1070332.7785695754
1070394.9806071825
1070417.6393608537
1070420.3050965797
1071672.4445198877
1071690.2929580533
1071724.2741705608
1071725.5194104328
1072645.4887918802
1072658.6606625265
1072719.008676324
1072720.5121881694
1082767.407255572
1082798.0632164213
1082826.0534415445
1085824.2267053989
1085836.3654881513
1090694.9963007919
1090736.250636552
1090782.601231788
1090782.601231788
1091437.87873644
1091453.8547027982
1091470.2365251144
1091476.3797084831
1091521.429719853
1091523.4774476425
1093602.188649997
1093613.1836568671
1093615.9324085847
1093628.3017913133
1093701.5726277828
1093703.4035915947
1094487.6556629909
1094504.000589311
1094512.1730524711
1094575.9754539137
1094575.9754539137
1095705.011385874
1095713.1515650372
1095737.5721025274
1095803.6851157325
1095803.6851157325
1101697.9404219338
1101705.7162531347
1101705.7162531347
1101708.3081968683
1101710.900140602
1101712.1961124686
1101714.7880562022
1101718.6759718028
1101719.9719436695
1101721.2679155364
1101722.563887403
1101725.1558311367
1101726.4518030034
1101729.043746737
1101730.339718604
1101731.6356904707
1101732.9316623376
1101734.2276342043
1101736.819577938
1101743.299437272
1101747.1873528725
1101749.779296606
1102210.513437253
1107624.816400783
1108112.7428906348
1108126.2329892484
1108190.026166692
1108190.026166692
1108201.7498694868
1108209.940780645
1108235.5373780143
1109189.6263319552
1110497.400305545
1110517.2042315095
1110657.2522091158
1110658.3360290043
1110662.6713085587
1110663.7551284474
1110664.838948336
1110667.0065881133
1110668.0904080018
1110670.258047779
1110674.5933273335
1110676.7609671107
1110678.9286068878
1110685.4315262195
1110688.6829858853
1110689.766805774
1110693.30882141
1110693.30882141
1115164.3287458885
1115171.2467451775
1115172.6303450353
1115174.0139448931
1115176.7811446087
1115178.1647444665
1115180.9319441821
1115182.31554404
1115183.6991438977
1115185.0827437555
1115187.8499434711
1115189.233543329
1115190.6171431867
1115192.0007430445
1115193.384342902
1115196.1515426177
1115196.1515426177
1115197.5351424755
1115200.302342191
1115200.302342191
1115201.685942049
1117100.7689868654
1117104.2833305043
1117108.9691220226
1117111.312017782
1117113.6549135412
1117114.8263614208
1117117.1692571798
1117118.3407050595
1117119.512152939
1117121.8550486984
1117124.1979444576
1117128.883735976
1117131.2266317352
1117135.9124232535
1117138.2553190128
1117139.4267668924
1117141.7696626515
1117197.9853248738
1117199.0875927606
1119375.0658651183
1119954.7757575368
1119995.4259213589
1119995.4259213589
1132067.5376086142
1132079.7132873628
1132163.3657347653
1132163.9929667008
1132185.9276364464
1132188.4181161905
1132277.429707042
1135779.0857351494
1135799.7059850302
1135825.4686143822
1135826.220370305
1135995.559156901
1135997.9251126577
1136064.5869538062
1136064.5869538062
1136358.6111475872
1136373.2773060799
1136406.230042693
1136407.290802584
1136582.592904567
1136591.355703666
1136633.5831713262
1136634.5885872229
1136827.8313673618
1136859.3682201204
1136898.1828081312
1136899.3957640065
1142022.8983214244
1142029.3412847621
1142092.295078292
1142093.2958821892
1142443.936982151
1144081.994689795
1144113.305554577
1144113.305554577
1146642.9411745865
1146668.9805239101
1146721.737186488
1146723.0239343557
1147981.7123969907
1147988.316780312
1148005.7731985177
1148016.0671814599
1148019.927425063
1148023.7876686663
1148035.368399476
1148036.6551473439
1148039.2286430793
1148040.515390947
1148043.0888866826
1148045.662382418
1148050.8093738891
1148054.6696174922
1148058.5298610956
1148061.103356831
1148063.6768525667
1148066.250348302
1148068.8238440375
1148072.6702516421
1148074.5934554446
1148084.2094744563
1148122.6735505029
1148143.8287923287
1148598.5027655985
1148671.284730118
1148825.6114582566
1148825.6114582566
1152317.619183356
1152320.3310390771
1152373.2445096388
1152373.2445096388
1153029.6934621702
1153042.4640888579
1153209.104855731
1153210.4746195902
1153659.784837411
1153670.1526123455
1153733.807429803
1153734.9973256807
1161436.8889500976
1161450.6880526794
1161800.0008967777
1162237.4121558217
1162812.1872087475
1162994.4718780126
1163228.0973260012
1168196.3461433756
1168240.67207082
1168249.388749924
1168258.1054290282
1168261.0109887295
1168265.3693282816
1168274.0860073855
1168282.8026864897
1168285.708246191
1168290.066585743
1168295.8777051459
1168300.236044698
1168303.1416043993
1168306.0010441055
1168308.8604838115
1168311.7199235177
1168317.4388029298
1168320.298242636
1168324.5874021952
1168330.3062816074
1168334.5954411665
1168573.4739566152
1168580.3181639118
1168582.029215736
1168587.1623712084
1168592.2955266808
1168595.717630329
1168597.4286821533
1168900.5200670022
1168995.8039772091
1169541.4634771273
1169542.8055689894
1171705.52434271
1171715.8413856495
1171718.4333293831
1171722.3212449837
1171726.209160584
1171727.505132451
1172428.2615644287
1173151.275506119
1174917.4407245964
1174961.540664064
1174978.9325142764
1174990.527081085
1175004.0540756944
1175038.8377761196
1175044.6350595236
1175058.1620541334
1177760.4248164007
1179252.9370430037
1179291.1889670722
1184057.5751771936
1184065.3694563927
1184150.520803641
1184156.221235055
1184288.4242014675
1184289.8170253243
1184298.1739684653
1187823.6140781285
1187837.210252731
1187873.6634969844
1187874.6227928859
1188427.0019761138
1188445.9572941656
1188507.0893478824
1188508.154719773
1188841.196429544
1188842.3125334291
1189189.4392897522
1189519.8982797882
1189547.026061
1189646.3685307899
1189646.3685307899
1193306.4421306157
1193512.6077334266
1194237.6694029062
1194244.532058201
1194249.1071617308
1194267.40757585
1194554.7120863213
1195351.8546963928
1196368.357839919
1196375.3957511955
1196378.4119988855
1196379.417414782
1196380.4228306788
1196385.4499101622
1196386.455326059
1196387.4607419556
1196390.4769896455
1196392.4878214388
1196393.4932373355
1196394.4986532321
1196398.5203168187
1196399.5903007088
1196401.7302684889
1196402.800252379
1196408.150171829
1196409.220155719
1196410.290139609
1196411.360123499
1196413.5000912792
1196416.7100429493
1196418.8500107294
1196419.9199946192
1196429.5498496296
1196430.6198335197
1196431.6898174097
1196432.7598012998
1196439.1797046398
1196440.2496885299
1196442.38965631
1196443.4596402
1196447.73957576
1196448.80955965
1196449.87954354
1196450.94952743
1196460.5793824405
1196461.6493663304
1196462.7193502204
1196464.162906072
1196465.6064619236
1196471.3806853301
1196472.8242411818
1196474.2677970335
1196477.1549087367
1196482.9291321433
1196484.372687995
1196485.8162438467
1196487.2597996981
1196493.0340231047
1196494.4775789564
1196495.921134808
1196497.3646906596
1196503.1389140661
1196504.5824699178
1196504.5824699178
1196507.469581621
1196508.9131374727
1196514.6873608793
1196516.130916731
1196517.5744725824
1196519.0180284341
1196523.348695989
1196524.7922518407
1196527.6793635439
1196533.4535869504
1196534.8971428021
1196536.3406986538
1196537.7842545053
1196545.0020337636
1196545.0020337636
1196546.4455896153
1196549.3327013187
1196554.6088287763
1196555.927860641
1196557.2468925053
1196558.5659243697
1196565.1610836918
1196566.4801155564
1196567.7991474208
1196569.1181792852
1196575.7133386072
1196577.0323704719
1196578.3514023363
1196579.6704342007
1196582.3084979295
1196588.9036572517
1196588.9036572517
1196590.2226891161
1196596.8178484382
1196598.1368803026
1196603.4130077604
1196606.0510714892
1196611.327198947
1196612.6462308115
1196613.965262676
1196621.8794538626
1196621.8794538626
1196623.198485727
1196627.1555813202
1196631.6292208603
1196632.6807567524
1196633.7322926442
1196637.938436212
1196643.1961156714
1196644.2476515635
1196646.3507233474
1196651.608402807
1196652.6599386989
1196653.7114745907
1196654.7630104828
1196658.9691540503
1196660.0206899424
1196661.0722258342
1198930.415816596
1199563.2559435542
1199645.7738390733
1199685.7921589601
1199703.1332771778
1206348.4665421853
1206352.691133751
1206387.0874262159
1206387.0874262159
