30966.786557302497
38692.425367278505
83951.02825169987
84043.12065823482
84043.12065823482
84783.26356616459
97014.94121301992
99926.0998818175
99995.08155872773
115084.76457984364
115086.89532362465
115090.09143929616
115091.15681118667
115092.22218307716
115094.35292685818
115095.41829874867
115099.67978631069
115102.8759019822
115102.8759019822
115105.0066457632
115106.07201765371
115106.07201765371
115108.20276143472
115109.26813332523
120751.92502938549
120756.35254893044
120762.2559083237
120763.73174817202
120765.20758802033
120768.15926771697
120769.6351075653
120774.06262711024
120775.53846695855
120777.01430680687
120778.49014665518
171687.45196634522
176411.33398883513
176412.01656476496
176412.35785272988
176412.6991406948
176413.04042865973
176413.38171662466
176414.0642925545
176414.40558051944
176415.0881564493
176415.4294444142
176415.7707323791
176416.45330830896
176416.45330830896
176416.7945962739
176417.1358842388
176417.81846016867
176418.1597481336
176418.50103609852
176418.84232406344
176419.18361202834
176419.52489999327
176473.16706648006
176473.38383045778
176473.6005944355
179888.09905550093
181859.18924891666
193360.3123348568
193374.53574139494
195367.27466058565
220716.55355524312
220729.83611387797
220731.49643370733
220736.0715372371
220737.5289290873
220738.98632093752
282339.2686777974
284543.9335872068
288053.0933385432
288640.5836741622
288640.5836741622
288669.5009111902
289211.8443834493
303383.82251488493
314573.0868048772
337859.7365395271
337863.96113109286
352039.8271781289
357482.4201467513
357484.06201858254
374364.1186436878
376187.0483523311
429916.8474421018
435487.5940415528
446119.8763727905
446133.5094433893
453140.6310112129
453730.40428659733
453732.7102863603
455550.06869957625
455568.1477377181
463936.1827376701
473357.04498941486
473364.8900006086
481998.6315172517
482001.5555249512
482624.94105288107
482936.0158089095
482941.8223163127
482947.8824836899
482949.9025394822
482951.92259527463
482951.92259527463
482957.98276265175
482962.0228742365
482966.0629858213
482970.10309740604
482978.18332057557
482982.2234321604
482986.26354374515
482988.2835995375
495589.21637644165
495594.51556389703
495612.17952208157
495622.7778969923
495624.5442928107
520296.09908112313
564237.5333489203
615052.2535702962
635495.5318051815
652890.2414573918
746533.4143849546
746536.8641606001
746538.5890484228
755285.0247734835
802580.3696645732
802590.4330475387
802678.651374472
1094225.64335792
