1088691.0363867546
1089926.9369597316
1093906.8573386841
1102027.0019761138
1102159.2925705172
1105622.5260305738
1105681.7994484818
1105684.1238962428
1109534.294892531
1109540.9638438455
1109702.9142072003
1109734.1651159886
1115621.4055709112
1116036.2364802759
1119959.9873170012
1120002.722104609
1120002.722104609
1125072.3426715648
1125546.3778188445
1126185.421085165
1126270.5585964147
1133887.4787415648
1136658.2758167884
1136756.23929872
1136799.933382229
1136801.1463381043
1137622.534229684
1137851.2432861777
1139897.5044598675
1139898.823491732
1139955.6894458875
1139955.6894458875
1139956.4458138098
1139957.202181732
1140150.8969378246
1140159.6136169287
1140164.8436243911
1140168.3302960328
1140171.8169676745
1140589.0461167926
1142660.3458359088
1142670.8150748329
1142694.894324358
1142695.9412482504
1142744.4548712645
1143036.136169286
1143055.8017352647
1143094.2842593098
1143094.2842593098
1145854.7320075969
1146326.4011991199
1147032.3230705669
1147036.8428301024
1147072.9086663956
1147072.9086663956
1148704.7862946747
1148716.0257375196
1148729.2760121578
1148732.3337678434
1148735.391523529
1148736.4107754244
1148739.46853111
1148740.4877830055
1148744.5647905862
1151358.9689618838
1152462.6296724519
1153831.5864317536
1153851.5517777018
1153968.3460536979
1153970.319989495
1160985.3511365056
1160989.239052106
1160991.8309958396
1160994.4229395732
1160995.7189114399
1160997.0148833068
1160998.3108551735
1160998.3108551735
1160999.6068270404
1161000.9027989071
1164296.2364162202
1167092.3210848449
1167119.8454980159
1167145.6496353638
1167147.369911187
1167159.4118419494
1167161.1321177727
1167164.572669419
1167168.0132210653
1167171.4537727118
1167176.6146001813
1168057.8846936063
1168059.8309574062
1171770.2722040555
1171781.9359508567
1171785.823866457
1174925.0781958115
1174961.540664064
1175031.108064914
1175038.8377761196
1175050.432342928
1175054.2971985308
1175080.7977478069
1182372.6226583694
1182717.069842968
1183619.5551342124
1183987.4266644034
1184180.0053166104
1196154.7623058718
1196159.4434853906
1196161.3159571982
1196163.1884290057
1196170.678316236
1196171.6145521398
1196172.5507880435
1196173.4870239473
1196174.423259851
1196180.0406752736
1196180.9769111774
1196183.7856188887
1196185.1230987513
