12652.531827600897
12758.50635270907
12760.526408501453
12761.873112363042
12765.913223947808
12805.81163184714
12806.600283766084
12969.0856390662
13163.499867084736
13375.12146533474
13533.156241092274
13671.49777887384
13689.692117003866
13698.182808131212
13792.945562391706
13792.945562391706
13900.10537137806
14289.118307396173
14566.788350857863
14916.654634899385
19654.400327964413
22963.237879889442
22972.830838903497
23042.799483712275
23043.818735607518
25675.37032114249
25688.371547806255
25721.4580324057
25722.431164305683
25805.391811779173
25895.81467448571
26082.78052326978
26141.279125257424
26307.7676961461
26577.085408466224
26980.197227035285
27186.418173840353
27599.127563423
27604.869502832855
27671.858795947846
27671.858795947846
27822.763420438205
28060.60884799298
28446.241188358545
28749.378693202743
29091.43225004724
29245.10407425319
29250.36175371282
29255.619433172447
29257.371992992325
29259.124552812198
29260.877112632075
29262.62967245195
29267.01107200164
29294.337169193124
29294.337169193124
29474.758590649806
29694.271320088777
32238.872878560287
32243.540222080588
32250.541237361038
32252.87490912119
32255.20858088134
32258.709088521566
32261.042760281714
32263.376432041867
32265.710103802016
32268.043775562168
32270.377447322317
32272.711119082465
32275.044790842618
32277.378462602766
32280.878970242993
32284.37947788322
32292.547329043744
32316.492830582676
32316.492830582676
32409.535309019982
32695.428547636508
33744.30331583549
34369.63510756528
35669.642473953405
36097.18866601116
36625.38252372457
36907.95512268239
36980.07295927027
36992.7836299639
37009.52518824324
37063.098174737126
37064.77233056506
37180.29369469203
37309.821701379435
56335.12223400133
56547.933728129035
56556.95018720234
56565.96664627565
56569.57322990498
56578.58968897828
56612.852233456855
56612.852233456855
56726.01225382653
57886.57120254685
58248.4932533493
58473.12991426164
58680.061108993716
58868.16150966117
59327.00934250181
59663.12264395684
59681.303146088285
59758.00992220454
59758.00992220454
60058.749187295216
60359.986548334724
60363.19650000481
60371.22137918003
60376.036306685164
60379.246258355255
60382.45621002534
60385.66616169543
60388.87611336551
60392.086065035604
60402.564527958646
60442.209275884044
60442.209275884044
60618.761229738426
60870.04602391194
61114.88785474764
61121.85197403188
61127.42326945928
61130.20891717297
61134.56725672503
61138.925596277084
61141.83115597846
61144.736715679835
61147.64227538121
61152.00061493326
61154.90617463464
61157.81173433601
61165.07563358945
61204.30068955798
61204.30068955798
84119.38468239657
84146.51707560796
84264.64421946713
84272.55379865419
99815.4856851862
100405.00068859715
100664.08437396912
101087.2722264748
101337.7406967322
101483.19854978236
101730.0327644133
101757.24356161665
101759.96464133698
101768.12788049798
101770.84896021831
101773.57003993864
101776.29111965897
101779.01219937931
101782.58649901194
101784.80025878441
101787.01401855689
101790.33465821561
101831.28921400638
101832.39609389262
118168.28289492648
120457.7163556236
120769.6351075653
120778.49014665518
120782.91766620014
120788.8210255934
120802.10358422824
120806.5311037732
120812.02860720818
120816.15173478442
120853.25988297052
120854.63425882926
121005.40052333384
121326.76465030474
121567.78774553293
121774.72816426404
122012.15851186147
122217.49856675709
122229.02395357253
122235.60988889565
122243.84230804953
122248.78175954186
122253.7212110342
122261.95363018809
122273.47901700354
122281.71143615742
122288.29737148054
122341.5613540062
122347.5754013881
122359.60349615186
122365.61754353375
122380.65266198848
122519.6629397013
122521.70605549132
122707.97088034744
123047.29874547207
123298.10389169487
123314.53644600598
123322.5613251812
123399.48025327564
123401.15440910358
123530.00906386017
176249.24987749377
176250.0016334165
191858.2901652313
191867.3619682989
191875.7927034324
191898.7143410766
191899.36924500926
191993.75842730817
192160.02101022008
192299.0820199277
192453.57478004927
192592.5112657697
193167.22175070219
193828.11205877736
193928.04025250697
194283.1088720138
194523.48628730833
194711.4252679924
194897.9160808253
198638.94872033026
198642.8965919245
198643.88355982307
198684.22933167644
198865.79914101507
201320.15309276205
201417.73377873292
201463.59550201934
201464.6378139122
201523.11796790175
201682.5363435171
201880.6401711564
202041.59895461347
202045.1040742532
202189.61646740054
202194.80035486777
202199.98424233496
202202.57618606856
202205.1681298022
202207.76007353578
202210.35201726938
204299.68004253288
204357.94804454423
204359.5576323788
204516.5731562411
204653.90005412695
204812.18387785886
205328.61713678102
205554.14391360187
205822.57151001348
206031.45819254455
206300.31009291258
206539.68209231045
206547.38413151883
206557.71501045706
206561.84736203233
206565.9797136076
206572.17824097056
206580.4429441211
206584.5752956964
206588.7076472717
206594.9061746346
206599.03852620992
206603.1708777852
206609.3694051481
206615.56793251104
206623.83263566162
206634.16351459984
206646.5605693257
206712.08785859097
206713.78507441652
206840.22765342105
207386.52822127347
207397.537064142
207402.2551396571
207405.4005233338
207408.54590701056
207413.26398252562
207416.40936620237
207419.55474987908
207424.27282539418
207427.4182090709
207432.13628458598
207436.85436010108
207446.29051113123
207476.4991080265
207476.4991080265
207618.9314893876
207884.62417008026
208143.5925554641
208438.1425171909
226756.33589448768
228372.14070441888
228376.27305599416
228386.60393493238
228396.9348138706
231304.80051500662
264499.6486553139
264510.2101342284
264510.4407342047
264510.67133418104
264510.67133418104
264510.9019341573
264511.5937340862
264511.8243340625
264512.05493403884
264512.5161339914
264512.977333944
264513.2079339203
264513.43853389664
264513.8997338492
264514.3609338018
264514.82213375444
264514.82213375444
264515.283333707
264515.5139336833
264516.0304776302
264516.2887496037
264550.84185005235
264550.84185005235
272804.7852057304
272910.31236688455
273697.4423259851
274093.0135253292
274241.3907740793
274270.05896313285
274272.4479788873
274276.03150251904
274278.4205182735
274279.6150261507
274283.1985497824
274285.58756553684
274287.9765812913
274290.3655970458
274292.75461280026
274296.33813643194
274362.7786016033
274362.7786016033
274553.1619420361
280266.6637628151
307119.87419490184
307168.13415794173
359305.4605433832
407175.0639434518
564466.4222733955
578075.7687466571
636072.90802584
826636.3654881513
827935.5011866291
886516.1783178373
886520.4121334021
886607.9524964049
886709.3565299828
886727.2418641446
888407.7991474206
888991.987291379
888999.7585105803
889238.9829259935
889344.9620631011
889488.0355123964
889594.7571814277
889779.647630425
889885.6774995276
890010.0170067482
890149.8021003815
893080.6401711564
893193.3113195763
893301.9884764068
893457.671132406
894841.3816781914
894843.3556139885
894847.3034855827
894851.2513571769
894857.1731645683
894859.1471003654
894861.1210361626
894861.1210361626
894863.0949719597
894865.0689077568
894869.7593112747
894869.7593112747
894871.322779114
894872.8862469534
894872.8862469534
894874.4497147927
894876.013182632
894880.70358615
894882.2670539892
894883.8305218285
895343.5638585781
895574.04392289
895770.9947506478
895918.3342995045
896043.2318586678
896201.2989184221
898508.8160292606
898517.3113323875
898520.1431000964
898524.3907516599
920473.0671398237
920730.9747653165
920961.9944335727
920969.3182888201
920985.2020151876
921040.8411774691
921040.8411774691
921233.6043096574
922935.9440666946
923359.7268671391
924868.4871680723
924884.9658423786
924897.7918130603
925178.1506522456
925385.496926935
925595.5965653415
925889.0350351825
926098.618129642
926374.0974733288
926654.5439405052
926668.3292070883
926670.3031428854
926672.2770786826
926700.8991477409
926702.873083538
926788.0705507817
926986.2481704134
927110.693753623
938120.1823020924
942608.3588648076
942628.1720147713
942631.4742064319
942634.7763980925
942636.4274939228
948294.700620378
948346.5164350525
968155.9122310868
1059159.5640379337
1061545.388288724
1063027.4497244009
1063177.1690650133
1063369.9460332
1063578.3807397773
1063778.536907206
1063996.0388048517
1064002.9106841453
1064008.4081875803
1064049.6671353397
1064051.4381431576
1064250.6488506834
1064506.310432407
1064672.8958552857
1064838.7894782356
1065015.9179320307
1065150.7082301772
1069440.3243773
1069753.4330251194
1069859.4306102253
1070098.5166656524
1070110.8445403853
1070171.114150191
1070172.4839140503
1070311.6740597445
1070547.384131519
1070763.004333358
1070814.7232960423
1070840.227653421
1070970.341384048
1070972.259975851
1071056.6595671766
1071238.1417485245
1071373.9466865666
1071667.684936377
1071856.6016609604
1072082.7372217188
1072231.0406784764
1072249.8115165473
1072334.8291158094
1072334.8291158094
1072448.2474081523
1072635.6098888956
1072913.5335923315
1072934.093886218
1072988.054280672
1072990.1296804587
1073157.0840632997
1073357.8075066698
1073519.559554045
1073695.641083948
1073884.8622005002
1074046.0608079326
1074245.4190994431
1086249.7897376607
1088092.5187602688
1088667.14622921
1090923.1057973476
1091136.9642153676
1091433.5757408824
1091677.1677198466
1091875.2069794924
1093905.0402108708
1094219.4309945584
1094225.64335792
1094247.3151436925
1094290.7002232336
1094292.5865310396
1094459.0520419306
1094739.0004131582
1095030.0221952477
1095484.834528503
1095499.1547870312
1095502.3370667042
1095508.70162605
1095554.8446813077
1095554.8446813077
1095700.127278376
1096880.2088210897
1097235.1298566116
1097727.7190779846
1104865.3832923912
1105002.3043343187
1105002.3043343187
1105018.9813246047
1107611.6722021338
1111048.2852009262
1111060.682255652
1111062.2318874928
1111065.3311511744
1111066.8807830152
1111068.4304148557
1111069.9800466965
1111073.079310378
1111074.6289422188
1111077.7282059002
1111079.2224937466
1111082.2110694395
1111085.1996451323
1111088.188220825
1111089.6825086714
1111097.1539479035
1111098.6482357502
1111101.636811443
1111106.1196749823
1111107.6139628286
1111110.6025385214
1111124.0511291393
1111427.1840219838
1111427.1840219838
1111433.022813384
1111437.1321049614
1112280.6991022616
1112403.327557658
1119083.9426190392
1119432.7112471936
1119634.209506484
1119634.209506484
1120036.9984850863
1120063.1208504015
1120064.2092822897
1122452.980600777
1122547.162243097
1122659.1600395862
1122659.1600395862
1122672.8484541795
1122686.5368687725
1122687.5146126722
1122697.8085956143
1122700.0961473791
1122702.383699144
1122711.5339062035
1122713.8214579683
1122714.9652338508
1122722.971665028
1122727.5467685577
1122728.6905444402
1122729.8343203226
1122740.1283032647
1122741.2720791472
1122745.847182677
1122757.4417494852
1122762.6440849504
1122765.245252683
1122766.5458365495
1122773.0487558811
1122775.6499236138
1122776.95050748
1122789.9563461433
1122792.557513876
1122797.7598493414
1122800.361017074
1122809.4651041382
1122810.7656880047
1122813.3668557373
1122826.3726944006
1122828.9738621332
1122830.2744459996
1122836.3253893775
1122837.399985267
1122839.5491770462
1122840.6237729357
1122842.7729647148
1122853.5189236104
1122854.5935195
1122857.8173071686
1122859.9664989477
1122871.787053733
1122872.8616496224
1122875.0108414015
1122876.085437291
1122893.278971524
1122895.428163303
1122897.5773550821
1122902.4568505809
1122911.3349496685
1122913.8715494077
1122915.1398492774
1122918.9447488862
1122932.8960474525
1122936.7009470614
1122937.969246931
1122941.7741465399
1122946.8473460185
1122949.3839457578
1122950.6522456275
1122958.2620448454
1122959.5303447149
1122960.7986445846
1122963.3352443238
1122977.8584308312
1122979.4126746715
1122982.521162352
1122996.5093569143
1122996.5093569143
1122998.0636007546
1123005.8348199558
1123013.6060391571
1123016.7145268377
1123018.268770678
1123019.8230145182
1123029.1484775597
1123030.7027214
1123032.2569652402
1123033.8112090805
1123055.5706228442
1123057.1248666844
1123060.233354365
1123061.787598205
1123070.2644533338
1123072.5243331017
1123073.6542729854
1123075.9141527533
1123084.9536718242
1123086.083611708
1123087.2135515918
1123096.2530706627
1123100.7728301983
1123101.9027700822
1123103.032709966
1123108.6824093855
1123110.942289153
1123113.2021689208
1123115.4620486887
1123131.2812070628
1123140.0809021585
1123142.2208699386
1123143.2908538284
1123151.8507249488
1123155.060676619
1123160.410596069
1123166.8304994092
1123168.9704671893
1123170.0404510794
1123171.1104349692
1123180.7402899796
1123182.8802577597
1123183.9502416498
1123185.0202255396
1123195.72006444
1123196.79004833
1123197.8600322201
1123198.93001611
1123203.3068036602
1123208.8181430937
1123208.8181430937
1126929.3642807042
1126958.4567737142
1126970.9183964336
1126977.5596757508
1127212.1720916377
1127212.1720916377
1127214.086071441
1127215.234459323
1129312.4766757733
1129324.6062345267
1129326.091298374
1129329.5871940146
1129333.281405635
1129337.7965531708
1129343.1326366223
1129343.5431045801
1129343.5431045801
1129343.953572538
1129343.953572538
1129344.3640404958
1129344.3640404958
1129344.3640404958
1129344.7745084537
1129345.1849764115
1129350.1105919052
1129350.521059863
1129350.9315278209
1129350.9315278209
1129350.9315278209
1129351.475743765
1129351.475743765
1129351.475743765
1129351.475743765
1129351.475743765
1129352.836283625
1129353.1083915972
1129353.1083915972
1129353.3804995692
1129353.3804995692
1129353.3804995692
1129353.6526075413
1129353.9247155134
1129355.0131474014
1129361.5437387303
1129361.5437387303
1129361.5437387303
1129361.5437387303
1129362.0879546741
1129362.0879546741
1129362.0879546741
1129362.0879546741
1129362.3600626462
1129363.7206025065
1129363.9927104784
1129363.9927104784
1129363.9927104784
1129363.9927104784
1129364.5369264225
1129364.5369264225
1129364.8090343946
1129364.8090343946
1129368.2541980406
1129373.2351575287
1129373.2351575287
1129373.8992854604
1129373.8992854604
1129373.8992854604
1129374.2313494263
1129374.2313494263
1129374.895477358
1129374.895477358
1129374.895477358
1129375.8916692557
1129376.5557971874
1129376.5557971874
1129376.5557971874
1129376.887861153
1129376.887861153
1129377.551989085
1129377.551989085
1129378.5481809825
1129384.5253323682
1129384.5253323682
1129384.8573963342
1129384.8573963342
1129384.8573963342
1129384.8573963342
1129385.5215242659
1129385.8535882316
1129386.8497801293
1129391.9552636046
1129392.5917195391
1129392.5917195391
1129392.5917195391
1129392.9099475066
1129392.9099475066
1129393.8646314084
1129394.1828593756
1129394.1828593756
1129395.773999212
1129402.4567865252
1129402.4567865252
1129402.4567865252
1129402.4567865252
1129402.7750144927
1129402.7750144927
1129402.7750144927
1129404.6843822964
1129404.6843822964
1129405.0026102636
1129405.0026102636
1129406.2755221329
1129407.451582012
1129407.451582012
1129407.8436019716
1129407.8436019716
1129407.8436019716
1129408.2356219315
1129409.0196618508
1129409.0196618508
1129409.0196618508
1129410.9797616494
1129418.8201608437
1129418.8201608437
1129419.604200763
1129419.9962207228
1129419.9962207228
1129419.9962207228
1129421.172280602
1129421.172280602
1129421.172280602
1129422.7403604407
1129422.7403604407
1129423.1323804003
1129423.1323804003
1129423.9164203198
1129423.9164203198
1129424.3084402794
1129424.3084402794
1129424.3084402794
1129427.0525799973
1129427.0525799973
1129427.0525799973
1129427.4445999572
1129428.2286398765
1129428.2286398765
1129428.6206598363
1129435.1097431693
1129435.4049111388
1129435.4049111388
1129435.4049111388
1129435.4049111388
1129435.7000791086
1129435.7000791086
1129435.7000791086
1129437.4710869265
1129438.0614228658
1129438.0614228658
1129438.0614228658
1129438.0614228658
1129439.2420947445
1129439.2420947445
1129439.5372627142
1129439.5372627142
1129439.8324306838
1129440.422766623
1129440.7179345929
1129448.207821823
1129449.609869679
1129449.785125661
1129450.135637625
1129451.1871735167
1129451.7129414629
1129451.7129414629
1129451.7129414629
1129451.7129414629
1129452.5892213727
1129452.7644773547
1129452.7644773547
1129453.6407572646
1129453.6407572646
1129453.6407572646
1129453.8160132465
1129453.8160132465
1129453.8160132465
1129454.3417811927
1129454.5170371747
1129459.4887726635
1129460.710952538
1129460.710952538
1129460.955388513
1129460.955388513
1129460.955388513
1129461.6886964375
1129462.666440337
1129462.666440337
1129463.3997482616
1129463.3997482616
1129463.6441842364
1129463.6441842364
1129463.6441842364
1129463.6441842364
1129463.8886202115
1129463.8886202115
1129492.2431932972
1129496.1633928944
1129496.380156872
1129497.247212783
1129497.247212783
1129497.4639767606
1129497.4639767606
1129497.8975047162
1129500.2819084711
1129501.7992563152
1129502.4495482482
1129502.666312226
1129502.666312226
1129504.4004240478
1129504.4004240478
1129505.0507159808
1129505.0507159808
1129507.3013717497
1129516.2947708254
1129516.5945507945
1129516.5945507945
1129519.5923504864
1129519.8921304557
1129519.8921304557
1129519.8921304557
1129520.1919104247
1129520.1919104247
1129521.3910303016
1129522.5901501784
1129522.5901501784
1129522.8899301474
1129522.8899301474
1129522.8899301474
1129524.0890500243
1129524.0890500243
1129524.0890500243
1129524.3888299935
1129525.3481258948
1129525.3481258948
1129525.4680378826
1129525.4680378826
1129525.5879498702
1135209.9234856467
1135406.1640654777
1135896.6732750642
1135993.981853063
1136126.2171034722
1136135.5702385108
1136160.5119319474
1136161.2913598674
1136221.6762696612
1136233.4876004471
1136271.0200525895
1136271.0200525895
1136356.1667878386
1136479.2379951896
1136580.3514727973
1136699.9913525009
1136824.1924997356
1137024.9758990996
1137033.738698199
1137067.337114746
1137067.337114746
1137193.97800973
1137394.129565159
1137577.5764583044
1137738.8857537257
1137751.1628964639
1137813.2496340827
1137813.2496340827
1142008.305954924
1142236.2586434956
1142433.2832632458
1142818.6527196385
1144616.2025948903
1146974.6961364897
1147084.530905201
1147287.006908391
1147429.7851897164
1147628.4516812982
1147763.158963453
1147994.192467708
1148263.482508031
1148268.1452395518
1148291.638765137
1148292.8194370158
1148401.5888338368
1148586.7882868024
1148741.5070349006
1151348.1215389988
1151950.2457491136
1152291.4322500473
1152609.0560454025
1152861.2540154823
1153025.8747265628
1153451.6914187982
1153654.6009499438
1153826.9790442272
1154177.8599681645
1154494.1047756614
1154497.6375672983
1154520.6007129382
1154600.0516287724
1154600.0516287724
1154770.8247472208
1154977.3224139975
1159939.2620160202
1160103.0295071886
1174959.6082362626
1175017.5810703041
1175092.7428265794
1176813.4982977237
1176923.77120639
1176941.3429245842
1176943.1000964036
1176944.8572682228
1176950.1287836812
1176950.1287836812
1176957.1574709588
1176962.428986417
1176965.9433300558
1176974.7291891528
1176976.486360972
1176985.272220069
1176987.0293918885
1176988.786563708
1176995.8152509856
1176997.572422805
1177001.0867664437
1177006.4090138967
1177008.2169177108
1177010.0248215252
1177017.256436782
1177019.064340596
1177026.2959558528
1177028.103859667
1177029.911763481
1177037.1433787378
1177038.9512825522
1177040.7591863663
1177046.182897809
1177046.182897809
1177053.4145130657
1177053.4145130657
1177060.6461283225
1177060.6461283225
1177069.6856473933
1177071.4935512075
1177071.4935512075
1177076.91726265
1177078.7251664642
1177085.956781721
1177094.9963007919
1177100.4200122345
1177102.2279160486
1177102.2279160486
1177109.4595313054
1177109.4595313054
1177114.6203587751
1177116.1653786162
1177117.7103984575
1177123.8904778224
1177125.4354976634
1177128.525537346
1177131.6155770284
1177136.250636552
1177137.795656393
1177139.3406762343
1177143.975735758
1177145.5207555993
1177150.1558151229
1177151.700834964
1177153.2458548052
1177160.9709540112
1177162.5159738525
1177164.0609936938
1177168.6960532172
1177168.6960532172
1177179.5111921057
1177181.056211947
1177182.601231788
1177185.6912714706
1177187.2362913117
1177188.781311153
1177194.961390518
1177196.506410359
1177202.6864897239
1177205.7765294062
1177212.657632699
1177214.3779085223
1177217.8184601685
1177219.5387359918
1177219.5387359918
1177224.6995634614
1177228.1401151076
1177231.5806667542
1177233.3009425772
1177235.0212184004
1177238.461770047
1177241.9023216933
1177243.6225975165
1177248.783424986
1177250.5037008093
1177257.3848041021
1177264.2659073947
1177264.2659073947
1177271.1470106875
1177271.1470106875
1177276.307838157
1177278.0281139803
1177279.7483898036
1177284.9092172731
1177286.6294930964
1177290.0700447427
1177291.790320566
1177509.2368742174
1177520.019729109
1177521.5601369508
1177523.1005447924
1177530.8025840009
1177532.3429918427
1177533.8833996842
1177538.5046232094
1177540.045031051
1177546.2066624176
1177547.7470702594
1177547.7470702594
1177555.4491094677
1177556.9895173095
1177556.9895173095
1177561.6107408344
1177563.1511486762
1177567.7723722013
1177569.3127800429
1177570.8531878847
1177570.8531878847
1177580.2063229233
1177581.783626761
1177583.360930599
1177588.0928421128
1177589.6701459505
1177594.4020574642
1177595.9793613022
1177602.2885766537
1177603.8658804917
1177610.1750958432
1177610.1750958432
1177616.4843111946
1177616.4843111946
1177621.2162227083
1178571.3619170543
1178573.086804877
1178581.7112439906
1178583.4361318133
1178585.161019636
1178590.9260190437
1178592.946074836
1178605.0664095902
1178607.0864653827
1178609.106521175
1178611.1265769675
1178613.1466327598
1178621.2268559292
1178633.3471906837
1178635.367246476
1178635.367246476
1178637.3873022685
1178641.4274138531
1178833.9276620685
1178833.9276620685
1178843.2669611087
1178845.1348209167
1178852.6062601488
1178852.6062601488
1178854.4741199568
1178856.3419797649
1178861.945559189
1178861.945559189
1178867.549138613
1178869.416998421
1178876.8884376532
1178876.8884376532
1178880.6241572693
1178882.4920170773
1178884.3598768853
1179348.7882291523
1179348.7882291523
1179349.987349029
1179351.1864689058
1183125.7391209658
1187930.6447511283
1188079.1926438606
1188334.3469056366
1188635.1599627195
1188831.1514945761
1189150.3987137645
1189512.77735252
1190788.1335814418
1190788.1335814418
1195356.337559932
1200829.91394137
1200842.3663400903
1200856.0639786823
1200879.5021602733
1200879.5021602733
1202545.9790089966
1203320.3337294103
1203569.3263598192
