89.87864676247241
189.46094052762555
12971.456206822557
12976.229626331955
12985.246085405264
12985.246085405264
15287.122720823498
15296.628051846561
15297.684199738012
15300.10088748963
15301.461427349797
15306.903586790464
15308.26412665063
15309.624666510797
15310.985206370964
15317.787905671797
15319.148445531964
15320.50898539213
15321.8695252523
15327.311684692966
15330.0327644133
15331.393304273466
15332.753844133633
15339.556543434466
15340.917083294633
15342.2776231548
15346.3592427353
15347.719782595466
15350.4408623158
15355.883021756466
15357.243561616633
15358.6041014768
15361.325181197133
15368.127880497968
15369.488420358135
15370.848960218302
15372.209500078468
15382.586499011939
15384.800258784415
15388.120898443127
15389.227778329363
15393.655297874313
15394.762177760551
15395.869057646787
15396.975937533025
15404.724096736687
15405.830976622923
15406.937856509161
15408.044736395399
15415.79289559906
15416.899775485297
15418.006655371535
15420.22041514401
15424.64793468896
15425.754814575195
15426.861694461433
15429.075454233907
15435.716733551331
15436.82361343757
15437.930493323807
15439.037373210043
15440.144253096281
15445.678652527467
15446.785532413707
15447.984652290465
15452.781131797492
15453.98025167425
15455.179371551007
15456.378491427764
15457.577611304521
15462.37409081155
15464.772330565063
15465.97145044182
15467.170570318578
16635.795906209863
16655.941120139385
16659.815199741217
16667.563358944877
16677.718981901104
16679.697529697754
16681.6760774944
16685.633173087703
16697.504459867596
16706.737682918625
25900.159178039194
25908.197893212993
25952.98502060987
25952.98502060987
29713.397282123053
32103.944220427955
32111.175835684706
32150.433175649923
32150.433175649923
56347.35325674425
56359.58427948717
56423.47892092022
56423.47892092022
58491.22740040162
58498.768019626616
58506.30863885161
58521.763449263206
58559.31434940381
58560.94699723601
64831.430776769615
64964.03498714085
64988.377120639016
65596.55227413213
65597.66837801742
85308.69944816145
101354.14096704662
101389.47810741475
101454.53036072882
101455.72486860605
101977.25899900393
118175.51451018323
118190.13916068015
118213.84483824372
118213.84483824372
139070.61189063158
178548.6913771623
178554.230388593
178554.62240855268
178555.0144285124
178555.40644847212
178556.19048839153
178557.36654827066
178557.75856823035
178558.5426081498
178559.3266480692
178560.1106879886
178560.50270794833
178561.28674786774
178562.07078778715
178563.24684766628
178563.638867626
194526.94528695283
194544.2402851753
194550.0052845828
194609.4539584728
194610.62540635237
198624.14420185183
198627.10510554753
198628.09207344608
198629.07904134464
201888.73423032454
201898.63619330683
201915.8112795416
201916.7152314487
205833.32208090858
205845.6084476458
205901.6350178875
205901.6350178875
228378.3392317818
228394.86863808296
342566.0837398191
343975.61225895095
394181.9359508566
394192.303725791
394193.4290536753
394271.59322164184
394274.5356773394
394276.0069051882
394277.478133037
394283.36304443213
394284.8342722809
394286.3055001297
394362.048368345
394448.1036675004
430804.2468828968
430809.246290383
430842.21286299475
430844.5280867568
430848.00092239986
431202.4792059674
431206.51931755216
431210.5594291369
431210.5594291369
431214.5995407217
435450.75338933925
731208.6162400033
871050.6865153462
871050.6865153462
871051.1431032992
871051.1431032992
871051.447495268
871055.7089828299
871055.8611788143
883779.8282670731
883784.9014665517
883784.9014665517
883786.1697664214
883789.9746660304
883796.8050373284
883798.3177731729
883799.8305090175
883801.3432448619
883802.8559807065
883802.8559807065
883804.368716551
883805.8814523956
883810.4196599291
883810.4196599291
883811.9323957736
883813.4451316182
883814.9578674627
883816.4706033072
883817.9833391517
883819.4960749962
888662.33540126
888682.4806151894
888687.5169186718
888694.2043179845
888695.8554138149
888700.8087013058
888705.7619887966
888707.413084627
888712.3663721179
888733.8306179119
888747.0393845543
888758.5970553664
888800.6262070468
888808.3466942533
888810.9201899888
888841.8021388148
888874.5934554446
888878.4398630493
888886.1326782586
888891.9022896657
888924.5967543054
888928.44316191
888932.2895695147
888934.2127733171
888939.9823847241
888947.6751999335
889018.4094366634
889019.9636805037
889091.6387651372
889104.6261558024
889108.1681714383
889114.0715308316
889119.9748902249
889131.7816090113
889136.504296526
889160.9294460155
889187.5683552776
889197.3826902689
895773.7066063691
895842.2916513201
895843.4769351983
913965.1115046969
913980.3311031327
914392.8882967309
914392.8882967309
914405.2530674601
914408.785859097
914412.3186507339
914415.8514423708
914417.6178381894
914421.1506298262
914424.6834214631
914429.9826089184
914437.0481921923
914442.3473796477
914447.7295830945
914451.3453907229
914456.7691021654
914460.3849097937
914465.8086212364
914471.2323326789
914474.8481403072
914478.4639479356
914482.079755564
914485.6955631924
914491.119274635
914492.9271784491
914500.1587937059
914505.5825051485
914511.006216591
914514.6220242194
914518.2378318477
914525.4694471045
914534.5089661755
914538.1247738039
914541.7405814322
914545.3563890606
914550.7801005031
914553.9531561771
914558.0486117562
914562.1440673352
914563.5092191949
914566.2395229143
914568.9698266337
914570.3349784934
914571.7001303531
914577.1607377918
914582.6213452306
914583.9864970903
914588.0819526694
914589.4471045291
914592.1774082484
914593.5425601081
914597.6380156872
914600.3683194066
914601.7334712663
914604.4637749856
914607.194078705
914609.9243824244
914612.6546861439
914615.3849898633
914618.1152935827
914620.845597302
914624.9410528811
914627.6713566005
914631.7668121796
914631.7668121796
914637.6978435699
914640.898571241
914642.4989350765
914645.6996627476
914647.300026583
914650.500754254
914652.1011180896
914653.7014819251
914655.3018457607
914656.9022095961
914658.5025734317
914661.7033011027
914663.3036649382
914664.9040287738
914668.1047564448
914669.7051202803
914671.3054841158
914672.9058479513
914676.1065756223
914679.3073032934
914680.907667129
914687.309122471
914692.1102139775
914696.9113054841
914698.5116693196
914700.1120331552
914709.7142161683
914714.5153076748
914717.7160353458
914720.9167630168
914728.9185821945
914732.2069378565
914740.646896989
914744.0228806421
914745.7108724685
914750.7748479481
914754.1508316011
914757.5268152541
914759.2148070807
914764.2787825601
914771.0307498663
914772.7187416927
914779.4707089987
914781.1587008253
914792.9746436109
914796.3506272639
914803.1025945699
914804.7905863965
914808.1665700495
914809.854561876
914813.230545529
914814.9185373555
914816.606529182
914821.6705046616
914823.3584964881
914825.0464883146
914828.4224719676
914830.1104637942
952038.7172235763
952044.1732190156
952195.183919495
952195.8019274315
953885.1496818041
954565.2996998997
958260.9318160709
958293.4095167329
958293.4095167329
958301.2545279266
958306.8581073507
966312.652828533
1063377.0854084662
1071060.4921387827
1071065.6022342576
1071126.835751964
1071128.3115918124
1071242.2648761007
1071253.2598829705
1071273.8755208517
1071275.2498967105
1071380.23745392
1071410.1185988488
1071471.0385005877
1071472.4036524473
1072093.1695646467
1072120.9891457874
1072198.6183218088
1072200.3247616333
1073703.0295071886
1073711.8614862808
1073745.2984828444
1073745.2984828444
1085146.188983086
1090244.2655871173
1090555.4002991393
1102168.673377553
1102173.654337041
1107703.9306406516
1113608.3738538062
1188786.5073391646
1188789.8556508205
1188831.1514945761
1189159.170736863
1189167.0341960548
1189192.640017423
1189195.8407450942
1189197.4411089297
1189224.6472941334
1195354.8432720855
