86001.66160094034
86039.54917704633
86039.54917704633
99844.6427461895
127552.49358643816
127578.93417972066
127580.19325559125
176245.4910978801
194870.09649968453
303787.2110534255
303797.94778832205
303810.0266150806
303816.7370743909
303822.10544183914
303834.18426859775
303847.60518721835
303848.9472790804
303858.34192211484
303863.7102895631
303881.1113637747
303898.5124379862
303903.2581854985
305979.70950808545
376016.9485858136
471725.0336131493
536936.225654888
537288.2918627033
537292.2950782919
537292.2950782919
537357.347331606
537381.3666251373
537414.22712176
563889.1382927274
563890.2728446109
600591.8363765058
600917.6741430168
621538.2929836755
682833.7821278613
682873.4822197809
682873.4822197809
728078.4014297199
728082.0956413402
728082.0956413402
728085.7898529605
728088.2526607075
728089.4840645809
793684.2607188954
1025064.5273821458
1025068.6366737235
1025159.3131964039
1025160.6506762665
1025163.3256359915
1025167.3380755791
1025168.6755554418
1025170.0130353043
1025174.0254748919
1025175.3629547544
1025178.0379144795
1025180.7128742045
1025182.0503540671
1025184.7253137921
1025186.0627936547
1025188.7377533797
1025191.4127131049
1025192.7501929674
1046303.6568672353
1046325.3009810108
1046351.801530287
1046355.6986698866
1046357.2575257263
1046376.475727751
1046386.3546307357
1163105.7317545775
