385805.1612118029
394604.8747553879
394624.2267053989
394683.1865073391
394767.0926147155
394805.75039474235
394960.6259508246
395134.4798849562
395522.2199091052
395522.2199091052
395572.0295039859
406638.3102146181
406713.4950308908
406717.67350246134
406719.0663263182
406814.4701485128
421333.58887227
421569.9815199741
421569.9815199741
424749.91829714726
434505.8653744527
434507.4703502878
434508.0053422328
435459.02270448935
435476.31309071224
435478.79434645723
438896.8578831563
449853.89416101645
453920.61237104813
453938.98657715967
467492.98905610945
467498.21906357195
467501.7057352136
467503.44907103444
467761.6979844921
475020.72235442576
494539.1194283683
524037.44994859543
536055.937917362
536059.6090689846
537611.4731174875
561748.3910847487
584770.96233854
584778.94109772
584783.728353228
584794.8986160799
596998.4522898258
600886.0542742667
621574.7277799308
621995.2130007142
656048.1328768308
656055.7334520495
656057.6335958543
656063.3340272685
657301.6927959927
657380.9084998511
657380.9084998511
657806.8773880709
657811.4571036003
657812.9836754433
657814.5102472864
657816.0368191296
657819.0899628157
657829.7759657175
671893.8010242481
671894.8156641439
671908.0059827882
671944.4131070464
671944.4131070464
672355.4990727959
672356.6244006802
672363.3763679863
672363.3763679863
676762.744267829
676762.744267829
676814.1034945505
677193.9985075056
677201.6498147193
677304.1699521826
678471.7668121796
678471.7668121796
687758.3783697222
715369.3864439242
715414.3257673054
715414.3257673054
723528.2811013712
723530.2458131692
723531.2281690682
723532.2105249673
723533.1928808662
724688.9461260806
727962.2482216578
727963.4657895326
727964.6833574076
727968.3360610321
727969.553628907
727970.7711967819
727971.9887646567
727973.2063325315
727974.4239004065
741524.9858277098
741801.7334712663
743436.8026032174
743442.5722146245
743444.4954184268
744751.3885001072
744751.3885001072
744782.5056609091
801299.6081722069
801306.3555275134
801310.9121830451
801312.051346928
801314.3296746939
801315.4688385768
801318.8863302255
801321.1646579914
801323.4429857573
812236.854360101
836362.4821525227
836386.667478037
836396.6755170083
836405.2538361266
889713.6729772058
889725.3505600056
892270.9390863756
906019.5587213231
922990.2641971118
922990.2641971118
922994.737836652
933843.2353176675
933843.2353176675
950118.9447488863
950124.0179483648
950129.0911478434
950130.3594477131
950131.6277475827
950137.969246931
1023380.9769111774
1098500.9899785095
1148393.1765467015
1148411.403168828
1162482.6137226203
1162487.7330420942
1176270.472249535
1178950.1777221207
1199834.1371237137
1203572.6331634794
1203631.5652934224
1203670.1677294548
1203683.6993360643
