15487.555608223449
15494.750327483993
15495.94944736075
15497.148567237506
15503.144166621292
15504.34328649805
15505.542406374807
15507.94064612832
15515.135365388864
15516.334485265621
15517.533605142378
15519.81654490774
15525.235644350778
15527.403284127993
15528.4871040166
15529.570923905208
15534.990023348244
15536.073843236853
15538.241483014068
15540.409122791281
15544.744402345712
15545.828222234319
15547.995862011534
15554.498781343178
15555.582601231785
15557.750241009
15558.834060897607
15565.336980229253
15566.42080011786
15567.504620006466
15568.588439895075
15574.007539338112
15575.091359226719
15577.258999003934
15579.426638781148
15583.761918335578
15584.536734255944
15585.311550176311
15586.086366096677
15589.960445698507
15590.735261618873
15591.51007753924
15592.284893459606
15593.834525300337
15597.70860490217
15598.483420822535
15600.807868583634
15601.582684504
15605.456764105831
15606.231580026197
15607.006395946562
15608.556027787296
15610.880475548392
26318.72580701985
26327.248782143877
26335.771757267907
26411.053425530623
26411.053425530623
29440.58367416223
29451.099033081482
29472.129750919994
29481.33068997434
29485.273949569062
29486.58836943397
29500.590399994875
29547.34685118935
29547.34685118935
32703.527218804145
32711.62588997178
32888.49607179346
32888.49607179346
36645.92898161285
36651.408037049725
36655.517328627386
36663.7359117827
36706.42457939525
36706.42457939525
98069.06443667949
98097.52508575437
98099.24997357708
98101.83730531117
98106.62456081914
98109.55779251768
98111.02440836694
98114.6909479901
98117.62417968863
100411.61429591742
100515.13523727778
100586.86105390594
100586.86105390594
101092.4192179458
101119.02584321123
101188.60708005982
101188.60708005982
120467.91809857509
120491.23636817849
120521.84159703295
120523.29898888317
120602.95744469603
120614.4689955129
120616.38758731571
120618.30617911853
120620.22477092134
120622.14336272415
120624.06195452696
120625.98054632977
120627.89913813258
120629.8177299354
120631.73632173821
120633.65491354102
120635.57350534383
120637.49209714663
121013.26398252565
121022.70013355582
121030.56359274763
121069.67334872801
121069.67334872801
127447.80580919773
127565.0843451441
176253.7604130302
192599.83050901743
192619.49607499625
192627.05975421888
192676.98003708816
192678.4927729327
193176.70863372716
193194.8199558657
193229.03638034905
193229.03638034905
193776.13021211996
193783.26497538664
193809.76552466297
193809.76552466297
193811.80402845348
193812.8232803487
193812.8232803487
193814.8617841392
193814.8617841392
193816.9002879297
193816.9002879297
193818.93879172017
193819.95804361542
193820.97729551067
193821.9965474059
193823.01579930115
193824.03505119638
193825.05430309163
193826.07355498688
193827.0928068821
193828.11205877736
193829.13131067262
193831.1698144631
193831.1698144631
194291.54883114639
198645.85749562018
198649.80536721443
198649.80536721443
204659.54514154675
204667.07192477316
204706.58753671183
204706.58753671183
207632.08952403525
207636.47553558447
207708.14139621882
207709.33129209653
208159.24106985578
208167.9024049656
208174.72816426406
208222.5084793533
208222.5084793533
220291.2903029507
220308.3362531988
220312.98514872097
220316.08441240244
220369.44985891765
220375.5238622934
220399.8198757963
220504.71058101588
220561.29520320022
220569.50456235648
220585.923280669
220597.41638348775
220645.1598025808
220656.7820413863
220661.76300087437
220683.347158656
220762.3045905409
220775.42111719283
220797.281994946
220807.4837378975
220938.29849245265
220940.14329226303
220950.2896912202
228365.94217705596
228370.07452863123
228384.53775914473
325053.5467237188
337026.4404651714
337054.85960625054
395365.1536532481
395372.56974848587
395378.74982785067
395379.98584372364
395382.4578754696
395384.9299072155
395389.87397070735
395391.1099865803
395392.3460024533
395393.58201832627
395399.76209769107
395402.234129437
395404.70616118296
395407.1781929289
395429.4264786423
395436.84257388004
395439.314605626
395440.55062149896
395445.4946849908
395445.4946849908
395447.96671673673
395449.2027326097
395452.91078022856
395454.14679610153
395455.3828119745
395456.6188278475
395461.56289133936
395462.79890721233
395464.03492308524
395468.97898657713
395471.4510183231
395472.68703419605
395473.92305006896
395477.6310976879
395478.86711356085
395480.1031294338
395483.81117705273
395485.04719292565
395486.2832087986
395487.5192246716
395491.2272722905
395493.69930403645
395493.69930403645
395497.4073516553
395498.6433675283
395501.1153992742
395506.0594627661
395507.295478639
395508.531494512
395509.767510385
395513.9183099584
395516.685509674
395518.0691095318
395520.8363092474
395522.2199091052
395524.98710882076
395524.98710882076
395533.28870796756
395536.05590768316
395536.05590768316
395537.43950754096
395541.59030711435
395542.97390697215
395544.35750682995
395548.50830640335
395549.8919062611
395551.2755061189
395555.4263056923
395556.8099055501
395558.1935054079
395559.5771052657
395563.7279048391
395566.4951045547
395567.8787044125
395567.8787044125
395572.0295039859
395573.4131038437
395574.7967037015
395578.94750327483
395580.33110313263
395581.71470299043
395584.48190270603
422885.42524877575
422922.97614891635
422924.60879674857
422927.87409241294
422929.50674024515
422932.7720359095
422932.7720359095
422936.03733157396
422940.93527507054
422944.200570735
422945.83321856713
422949.09851423156
422952.36380989593
422953.7566337528
422956.5422814665
422959.3279291802
422962.11357689387
431630.2744459996
431634.1761975986
431644.9221564941
431644.9221564941
431662.115690727
431675.0108414017
435450.0016334165
662163.5197243049
662188.369177751
662190.4399655381
662192.5107533253
662200.793904474
662202.8646922612
662207.0062678355
662209.0770556227
662215.2894189842
662217.3602067713
662225.64335792
662229.7849334944
662231.8557212815
662233.9265090687
662235.9972968558
662237.8836046619
662239.769912468
662243.5425280803
662243.5425280803
662247.3151436925
681490.6710139032
747598.3158515064
747701.4032649114
747703.1742727293
881128.8140435385
888242.4405164159
888255.0958431151
888276.1127249551
888276.1127249551
889491.1762840736
889501.6455229976
889530.295264053
889531.3145159483
889751.8833932786
889766.7570917499
889767.748671648
889768.7402515461
889770.7234113422
889798.4830364892
889822.1702660547
889827.1051055475
889835.9878166346
889839.9356882288
889844.8705277216
889865.4031496113
893198.5920590336
893207.0412421651
893219.691956865
893220.568236775
905896.206182001
910924.5585771982
915441.255744982
915565.7705081847
915567.76289198
915571.7476595704
915573.7400433656
915575.7324271608
915579.7171947514
915581.7095785466
915583.7019623418
915587.6867299322
915591.6714975227
915593.663881318
915597.6486489084
915599.6410327036
915601.6334164988
915607.6105678845
915609.6029516797
915613.5877192701
915615.5801030654
915617.5724868607
915623.5496382463
915804.0540756944
924980.0053166106
924996.6638588984
925060.5677243306
925061.9605481875
927122.4359044164
927132.7206633593
927179.0020786026
927179.0020786026
930799.7583824693
947357.2010287321
947366.0837398191
947366.0837398191
947367.564191667
947380.8882582976
947382.3687101454
947386.8100656889
947531.2025468487
947531.2025468487
947549.7012769474
948274.1357144916
974430.6021541882
974431.7274820725
980605.9034875043
980607.250191366
1059818.3374382264
1063583.2832952735
1063600.6336374904
1063624.2931950586
1063625.8704988966
1064792.5910789839
1064844.5314176455
1064856.0152964653
1064891.762904791
1064892.920516672
1064992.8671584
1065224.3526386083
1070089.0067226298
1070090.6993264558
1070316.544331244
1070768.0959808347
1090774.876132582
1107893.179429201
1107967.2573655874
1108103.4035915947
1110769.2315576067
1110802.1612342224
1110815.3331048684
1110832.8955990635
1110977.1958402325
1110977.1958402325
1110983.0715276287
1110983.9109115424
1110984.7502954563
1110987.8495591378
1110990.9488228192
1110992.49845466
1110995.5977183413
1110997.147350182
1111004.8955093857
1111006.4451412265
1111009.544404908
1111011.0940367486
1111014.1933004302
1111015.742932271
1111018.8421959523
1111020.391827793
1111021.9414596339
1111023.4910914747
1111026.590355156
1111028.1399869968
1111029.6896188376
1114314.577057224
1125194.8143189773
1137582.5389697945
1137599.1790640843
1137636.1580762838
1137636.1580762838
1147767.0053710577
1147778.5445938718
1147854.7809460366
1147856.040021907
1151996.3104003791
1152000.691799929
1152019.0936780374
1152019.0936780374
1153467.058601219
1155917.6998933475
1172713.4353311192
1172723.6324620713
1172767.0221536118
1172775.1577207756
1174992.459508886
1175025.3107815098
1188648.5024773483
1188852.3574683967
1188857.2231278964
1188928.4646845744
1188959.0053454356
1188983.9931588673
1193856.8473780463
1193864.3188172784
1194023.501980918
1194028.7596603776
1195358.5789917016
