12970.925826877068
15077.226010396214
15091.560104922988
15093.949120677451
15095.14362855468
15103.505183695299
15104.69969157253
15107.088707326993
15108.283215204223
15115.321126480882
15116.451066364749
15117.581006248616
15119.84088601635
15124.36064555182
15125.490585435688
15126.620525319555
15128.88040508729
15134.530104506626
15135.660044390492
15136.789984274359
15139.049864042094
15140.179803925961
15144.69956346143
15145.829503345298
15148.089383113032
15154.869022416236
15155.998962300104
15157.128902183971
15159.388781951706
15163.908541487175
15165.038481371043
15166.16842125491
15167.298361138777
15177.467820093583
15178.597759977449
15179.727699861316
15180.857639745187
15226.285835076178
15228.102962889418
15230.828654609277
15277.617389800434
31598.18774040848
58477.654285796634
58488.21115271163
101348.28372764861
123563.21546044729
123578.18139890913
123578.18139890913
123580.29369469204
123581.34984258348
123582.40599047493
123583.46213836639
123584.51828625784
123585.57443414928
123586.63058204074
123587.68672993219
123588.74287782365
123590.85517360654
123591.911321498
123595.07976517236
123753.21139291993
123754.76102476066
176247.7463656483
194525.79228707132
198612.3005870691
198621.18329815616
198621.18329815616
216173.66484215113
216189.76072049682
216192.97989616595
216197.80865966968
216199.41824750425
216201.0278353388
216202.63742317338
216210.68536234624
216210.68536234624
216213.90453801537
216213.90453801537
216220.34288935366
216221.95247718823
216223.5620650228
216225.17165285736
216230.0004163611
216231.61000419565
216233.21959203022
216236.43876769935
216241.26753120308
216242.87711903764
216244.4867068722
216250.9250582105
216252.53464604507
216254.14423387963
216255.7538217142
216262.19217305246
216263.85710488135
216265.52203671023
216267.1869685391
216272.18176402577
216273.84669585465
216275.51162768353
216278.84149134127
216283.83628682792
216285.5012186568
216288.83108231457
216292.16094597234
293452.82699557056
293594.7243849867
294074.824311643
294076.01420752076
294095.05254156404
294136.7265692809
325147.47470606514
340342.42200436216
348275.4947170186
352029.1734592239
352039.1169302019
359504.6251309135
359545.8564066759
359583.9054027653
359635.8641894251
359645.7846004055
359650.1936719523
359657.056327247
359674.83558541967
359709.2088178869
359724.6175083032
359794.12956515886
359876.0571247385
359877.14555662667
394072.44708210963
394094.9997597917
394096.5032716372
394104.02083086455
394105.52434271004
435487.1051696031
797037.1705382909
927117.611752912
952024.6875210182
952030.9229443774
968874.1158572715
970347.8572458036
970347.8572458036
970409.8517434319
970448.7724074317
1039336.5812912958
1039856.8701818216
1039869.0735325675
1039873.270452136
1039874.1744040431
1039876.8862597644
1039878.6941635786
1039880.5020673928
1039890.4455383709
1039890.4455383709
1039890.4455383709
1039891.3494902779
1039891.3494902779
1039892.253442185
1039894.9652979063
1039905.8127207914
1039905.8127207914
1039906.7166726985
1039907.6206246056
1039908.5245765127
1039909.4285284198
1039910.3324803269
1039911.2364322339
1039927.8027345313
1040801.8366007002
1058006.8501004071
1059910.960224707
1063858.232259015
1070561.8473620324
1071246.388003677
1107645.8471186215
1107794.0675593875
1110708.6575558325
1110724.006290255
1110726.3676340124
1110727.548305891
1110729.9096496482
1110731.0903215269
1110733.4516652843
1110735.8130090416
1110736.9936809202
1110738.1743527988
1188845.660845085
1189100.6905828735
1195353.3489842392
1196670.5360488617
1196683.1544795646
