947192.2989856803
947269.6514417303
947269.6514417303
948277.2995461664
948282.0452936788
948516.090433624
948584.2926826143
949401.419086632
949461.6610244403
949461.6610244403
980842.9372031426
980862.3767811446
982108.2992290915
998451.2423894
998487.4558096781
1005030.7070771772
1005092.7615307996
1015711.3508354444
1017481.6253454996
1017534.326664083
1017535.4473799679
1017536.5680958527
1024133.8812217956
1024886.6425604285
1024901.6776788832
1042274.0560293887
1042275.6241092274
1042275.9377251953
1064691.7128133518
1069990.8541487178
1070017.9173619363
1070072.0806843694
1070073.7732881955
1070139.609581429
1070199.5471272687
1070601.1047019977
1071985.0366237604
1071989.7408632766
1072049.3278971526
1072049.3278971526
1072613.0387632155
1072617.498566757
1072622.4380182493
1072635.6098888956
1072635.6098888956
1072640.5493403878
1072642.1958242187
1073391.138427244
1073789.435318308
1073801.1544091036
1073898.1862671308
1073913.4058655666
1073952.1466615847
1073953.5302614425
1075311.2844738958
1075320.5684289415
1075321.4124248547
1075322.256420768
1075323.1004166813
1075324.7884085078
1075334.0723635536
1081232.2709293498
1084541.5927412251
1091583.0829295164
1091592.3069285683
1091645.80612307
1091645.80612307
1093963.1883008946
1093966.822556521
1093972.2739399606
1094748.039932229
1121223.6659631233
1121234.3658020236
1121235.7032818862
1121243.7281610614
1121424.5831104734
1121426.261878301
1126933.1922403108
1149374.3425498593
1149379.7616493022
1149379.7616493022
1162851.6198046946
