1026919.3905755071
1027037.5961233581
1027038.7491232397
1027043.3611227656
1035066.5523061599
1049108.6795909414
1049777.290386223
1054313.745359976
1054544.700460239
1054549.875123707
1064679.5371346031
1070078.8510996737
1070465.74251591
1070473.4445551182
1070822.3746032561
1070830.0259104697
1070899.9807192797
1070901.43811113
1072546.529118051
1072548.8627898113
1072550.0296256915
1072551.1964615714
1072557.0306409718
1073277.5956109136
1073285.6666100842
1073330.8273094427
1073330.8273094427
1073602.427961528
1073703.0295071886
1073710.5240064184
1073711.8614862808
1074895.2636686533
1074918.7571942387
1074920.0623901046
1074921.3675859706
1074925.283173568
1074934.419544629
1075055.000272236
1075078.2862578428
1075079.1487017542
1075088.635584779
1075216.6462436223
1075216.6462436223
1077550.0597317994
1082713.1009611536
1083039.9994875556
1083179.18963325
1083549.8283631566
1083549.8283631566
1137664.0283894192
1137673.575228438
1137718.7958837906
1137718.7958837906
1140217.7709309512
1140244.7880241745
1140250.3777676001
1140257.6093828569
1140263.8079102198
1140266.9071739013
1140275.171877052
1140280.337316521
1140287.5689317777
1147894.2043179846
1148330.6009371327
1148379.1560681423
1148379.1560681423
1149354.0635879436
1149358.3250755055
1149358.3250755055
1149361.521191177
1149363.651934958
1168675.523670127
1175017.5810703041
