19594.90092207963
22253.681752816043
22270.727703064098
22273.923818735606
22277.119934407117
22293.100512764668
22294.165884655173
22298.427372217186
22303.754231669704
83981.13538460553
278297.4045332112
278342.1317046142
278344.2624483952
278346.39319217624
278349.5893078477
278359.1776548623
359886.9414436199
395534.67230782536
395707.0826861054
465282.2363073257
465343.71887300664
465449.3567221494
465451.0170419788
525712.2330084649
674443.9231461523
707843.5440654134
707845.0936972542
765728.7408921017
765781.0040707302
765781.0040707302
765876.8552568788
765876.8552568788
765947.2758776412
765948.6133575037
773297.2534902267
797046.9940972812
800481.9606122429
800498.7298425194
800502.9221500885
800504.3195859449
800507.1144576577
800508.511893514
800511.3067652268
800512.7042010832
800514.1016369394
800516.8965086523
800521.0888162213
800523.8836879341
800525.2811237905
800526.6785596468
800529.4734313596
800532.2683030724
800536.4606106415
800536.4606106415
800540.454602231
800544.0519618613
800545.2510817382
827778.5594547592
857316.7053668941
857390.4512393147
857390.4512393147
883837.6489051306
883837.6489051306
883848.2380560422
883849.7507918867
883852.7762635758
883857.3144711093
883863.3654144874
883863.3654144874
883864.878150332
883866.3908861765
883867.903622021
883867.903622021
883869.4163578656
883870.92909371
883873.9545653991
883875.4673012437
883876.9800370882
883878.4927729327
883880.0055087772
883880.0055087772
883881.5182446217
883883.0309804663
883885.7612841856
944636.1305323977
944650.0218749699
944656.967546256
944659.2827700181
944847.5953226638
944880.5342232784
944948.2937203143
945032.1352596972
945032.1352596972
948291.5367887032
948393.0053902745
954753.7690605293
962614.0275246694
962963.3173087701
962963.3173087701
963032.9861736097
990577.6460226307
991962.7862882692
993854.1442338796
994018.8064529559
1024964.6176364144
1031162.5362154059
1031206.0135349374
1031253.8768660182
1031253.8768660182
1032419.4951782186
1039383.3561904884
1039394.2405093698
1053117.692462904
1054411.9532778827
1054422.8975527578
1054431.1576439086
1054531.256481621
1083176.4685535296
1084044.4376403217
1096609.4798369145
1105188.333947199
1105278.332505949
1105480.596357161
1105480.596357161
1105503.2597228317
1105503.2597228317
1105504.0991067456
1105504.0991067456
1105504.9384906592
1105504.9384906592
1105504.9384906592
1105509.9747941415
1105509.9747941415
1105510.8141780554
1105510.8141780554
1105510.8141780554
1105511.653561969
1105511.653561969
1105513.3323297964
1105514.1717137103
1105514.1717137103
1105514.1717137103
1105515.011097624
1105515.011097624
1105515.011097624
1105527.638752326
1105527.638752326
1105527.638752326
1105529.7556601085
1105530.461296036
1105530.461296036
1105530.461296036
1105531.1669319633
1105531.1669319633
1106539.451492334
1107711.5127678723
1107750.687091846
1107827.3754199643
1108233.4896502246
1112826.2294661931
1119182.5702289024
1119193.9618677318
1119205.353506561
1119257.6443571867
1119259.0648530407
1119442.2350262147
1120851.0901934155
1122490.9419688755
1131850.7920788908
1137322.246940547
1138154.1409670466
1138167.0268937224
1140092.9932837756
1149910.2107747837
1162813.7645125852
1168765.4299888865
1168806.3707086786
1168862.6463268946
1169425.7945290157
1169425.7945290157
1174919.3500924
1175091.0363867546
1193485.9872721625
1193573.9150431254
1193702.3084979295
1193704.0426097512
1193740.4589580086
1202515.6366641151
1204483.1571698976
