7802.396318087045
66786.3282398496
67274.88196163713
67274.88196163713
102198.34903228079
118413.12472576217
155725.84276284394
155731.91215422013
155963.94185037265
155970.51394969717
156351.51123053912
156352.6780664192
156384.18263518123
172082.76489371585
173454.16601276625
173489.03272918274
173988.09719789002
173990.33862965964
176229.43672753012
176236.47002680725
179892.33748306532
179943.36464582084
179943.36464582084
181816.64355328944
181820.7943528628
189290.46257714691
189448.9677768561
189487.61172088434
189547.36939874256
189547.36939874256
197430.8585044951
197934.14295276863
220631.89569194405
220723.19483456053
223652.99520544216
223652.99520544216
223720.1182465434
224067.13431487788
224069.03445868258
228349.4127707548
228351.47894654245
228399.00098965823
236524.80916250573
236543.1003526258
236544.49317648265
236547.27882419634
236551.4572957669
236552.85011962376
236554.2429434806
236555.63576733746
236559.814238908
236561.20706276485
236563.99271047855
236566.77835819224
236568.1711820491
236569.56400590594
236570.95682976278
236572.34965361963
236572.34965361963
236576.52812519018
236577.92094904702
236582.09942061757
265881.7726732622
284602.01710923715
303619.79085863265
303646.93247584306
344817.6296244103
344863.6850516768
345343.0424464095
345344.31074627914
352024.20172373485
352573.4908672801
353002.70199116674
407154.20848159527
416790.6402031842
416902.3658917013
419121.78458759433
419121.78458759433
435462.02972818026
448566.06247337686
448569.01415307354
448569.60448901285
448572.3071207351
448652.84185645793
548145.7642947964
563278.0206835367
564809.1215101735
565903.6873576766
566665.2299434069
566666.1615673112
568613.9565511212
572267.8777435792
595378.7180562983
606309.6089088457
611247.7183093178
618894.9854113488
620389.9604456985
637698.4810507672
691570.2052019511
695499.0753581505
704696.4631728635
706109.0632836797
758009.3513414834
758762.251040102
759077.5549996957
759079.5012634958
759166.7233985312
759216.8835053759
762453.5386527196
782447.7464937593
827823.8677381024
828832.931726393
828832.931726393
839612.1154665326
868567.3461465783
883996.550736799
884000.3510244084
884001.3010963107
884005.1013839202
884074.124568826
884074.124568826
884077.4313724863
910278.7402835739
910916.8104179945
912026.1715599768
919035.497663574
919403.046353798
919986.6764458138
920388.123332554
920388.123332554
956765.6431657533
1057692.094968757
1126474.773323426
1177352.8993142855
1184211.934189329
1187867.907721576
1187868.8670174775
1195284.464159319
1195300.3063776908
1195304.5309692565
1195309.8117087139
1203293.6487001528
