135055.3220873141
226284.3669229956
288742.29209970887
343467.80805114197
343696.3326276547
343696.3326276547
345365.87184406316
345370.9450435417
345370.9450435417
345373.48164328106
345373.48164328106
345374.7499431507
345376.30418699095
352027.7529633698
352579.0068187132
372668.1941779911
372830.39820132015
372830.39820132015
372835.89570475515
372837.2700806139
372844.3541118858
372853.20915097574
435484.6608098543
454440.14489365177
454448.21589282225
454454.67269215867
563870.9854625931
615105.5221648213
615120.4788792841
801402.9446335862
801404.07457347
801422.1536116119
801423.2835514959
801425.5434312635
801431.1931306829
801434.5829503345
801439.10270987
801440.2326497538
801442.1927495524
802587.3245598583
802679.8320463506
1025600.9767190107
1025650.1452459573
1025710.170419788
1025710.170419788
1025710.9544597075
1025713.3065794657
1025718.0108189823
1025718.7948589016
1025720.3629387405
1025721.1469786599
1025722.7150584987
1036696.2530706628
1036863.9315374292
1036882.324191539
1054550.7375676185
1055455.6118746176
