778864.047606084
779091.4975867072
779091.4975867072
782605.3385175625
782612.17350086
782626.991855337
782626.991855337
790998.3936149428
793436.6101803484
793437.7355082327
793437.7355082327
793463.6180495726
796673.841827633
797048.9588090793
799443.0754350174
799451.7459941262
800360.3329607436
821615.4706961877
840528.1600363835
840544.7770706757
840565.5126205445
840578.4723392125
841460.5864285509
841460.5864285509
842619.1207094793
842956.0964548456
842956.0964548456
844396.8804947651
848495.0848255608
848562.7151866098
854914.8129097554
854914.8129097554
855017.8265311678
855017.8265311678
855051.9829996574
855262.2901780425
856481.2416527612
856481.2416527612
856864.517261369
856865.8639652306
856929.0852547329
856931.3266865026
856932.4474023874
856933.5681182722
856934.688834157
856935.8095500418
856938.0509818115
856988.4693606294
856988.4693606294
856994.2113000393
856996.5080758033
856998.8048515673
859088.178996826
859130.9091724344
865512.3530485637
866143.4775116981
883891.8491235599
883894.2842593096
883896.7193950594
883897.9369629342
883900.372098684
883902.8072344337
883902.8072344337
883904.0248023085
883980.399514459
883980.399514459
883982.2996582637
889231.0318388105
889235.0535023973
889237.6731181281
889241.6025417242
889245.5319653203
889261.249659705
889269.1085068972
892269.9198344804
901749.0593122357
906652.1221283097
906760.0613652159
906760.0613652159
906765.1714606907
914992.3237111224
915079.3798141748
915081.2338379843
915086.7959094126
915088.6499332221
915092.357980841
915123.8763856016
915127.5844332204
915129.4384570299
915131.2924808393
915131.2924808393
915133.1465046488
915135.0005284583
915136.8545522677
915138.7085760771
915138.7085760771
915140.5625998866
919695.5670357334
925413.1965960881
925424.5282789235
925463.0384749655
925464.6665107982
925508.6234782804
925526.5318724398
925569.1974800547
925569.1974800547
925747.6818617105
926007.8539789706
926017.7974499486
926061.8328214227
926063.2533172767
926533.6957169257
926540.9273321824
926629.3808710914
926629.3808710914
929546.7841872472
929605.4811052145
929635.6159101173
929637.8481178879
929638.9642217731
929640.0803256584
929641.1964295437
931060.935915626
934270.9152577114
934373.9150431254
934373.9150431254
934460.5145582249
934460.5145582249
934561.2682998696
934561.2682998696
934790.4247203174
934790.4247203174
934872.1355159194
934872.1355159194
936221.1914972664
952009.8783905403
952011.43724638
954307.5258223932
968567.4225007928
979068.8070614837
979853.7278728113
1023343.5274750263
1028201.8954036941
1028262.5109134642
1028262.5109134642
1029844.9202348276
1049889.3250787081
1054541.5504645628
1082830.7807410585
1082846.0556834887
1082847.7528993143
1082852.844546791
1082854.5417626165
1082854.5417626165
1082857.9361942676
1082866.4222733954
1082868.119489221
1082871.513920872
1082874.908352523
1082880.0
1083041.290847423
1083042.5822072902
1083060.6612454322
1083090.463986369
1084615.4769736314
1084631.895691944
1094072.6771696415
1094075.9332413068
1094080.8173488048
1094082.4453846375
1094085.7014563028
1094087.3294921354
1103268.9673284672
1103275.4241278036
1103396.4429953655
1103396.4429953655
1103401.5623148393
1103418.0640491433
1103422.4915686883
1119873.6875818712
1119933.680471705
1119933.680471705
1139555.9259389741
1139569.48982958
1139577.4685887601
1139590.234603448
1148340.0463121617
1148347.1303434337
1162864.2382353977
1170623.752181892
1170643.251715888
1170647.9006114102
1170650.9998750917
1170654.099138773
1170658.7480342954
1170660.297666136
1170664.9465616583
1170668.0458253396
1170671.1450890212
1170672.694720862
1170675.7939845433
1170677.343616384
1170680.4428800656
1170683.542143747
1170686.6414074285
1170689.7406711099
1170692.8399347914
1170695.9391984728
1170702.137725836
1170717.634044243
1171157.9324149904
1171160.8471986908
1174909.8032533813
1181931.9322676624
1181937.0239151393
1181959.9363287843
1182069.5912295145
1182069.5912295145
1184254.9964289032
1184268.9246674716
