1031327.1845984837
1031768.7282091029
1033760.1619324278
1033897.81628228
1033897.81628228
1034997.722825234
1035086.1348561472
1035283.5745558548
1035290.6770351249
1035293.7209548119
1036406.8639364056
1036646.2451598026
1038678.9424428864
1042269.9790218077
1049765.1884994667
1051301.2610615925
1053784.0203184201
1054471.5403117582
1054475.211463381
1054478.6427910284
1054530.1127057385
1055289.9765236413
1055735.329645869
1062579.6476304252
1063904.283074282
1063943.2590822761
1063971.3000393943
1063972.6744152529
1070468.8233315933
1070824.5606910314
1072497.775671062
1072503.4023104836
1072511.8422696162
1072524.502208315
1072525.9088681706
1072527.3155280259
1074679.5143308276
1074696.8185530491
1074696.8185530491
1074699.290584795
1074701.762616541
1074709.1787117787
1074870.4649472022
1074870.4649472022
1074873.0753389338
1074929.1987611656
1081481.1113637746
1081998.7068465773
1082046.219665694
1082140.34596402
1082178.6071120878
1082272.1200144766
1082272.1200144766
1082690.9633634288
1082950.840312719
1082998.1363678582
1083971.7709757902
1085180.479199562
1086028.2615644287
1086871.7317097387
1086886.7576041943
1086924.2808323377
1086924.2808323377
1086927.4077680164
1086927.4077680164
1086928.9712358557
1086930.534703695
1086932.0981715342
1086933.6616393735
1087124.9858277098
1087373.0652822128
1087373.0652822128
1087445.6996627476
1089397.936002101
1089415.0188483454
1089440.1680817606
1089879.0275086556
1090143.5395174695
1090248.4625066859
1090248.4625066859
1090255.643389948
1090258.037017702
1090262.8242732098
1090265.2179009637
1090272.3987842258
1090277.1860397337
1090279.5796674876
1090289.1541785037
1090293.9414340116
1093997.713729346
1094001.3479849724
1096304.7050722386
1097031.9620534927
1097031.9620534927
1097061.0822184999
1102048.189501936
1106999.8720170131
1116301.23274904
1116447.1564140425
1120531.3956102731
1120878.457798603
1120885.5141578778
1120888.3367015875
1120889.7479734425
1120891.1592452975
1120898.2156045723
1120901.038148282
1120903.860691992
1120908.0945075569
1121133.2338764176
1121133.2338764176
1121369.7187641123
1121644.188079903
1121685.6038356463
1121963.001771136
1125235.8841747565
1126223.3501692668
1126930.1298726255
1126930.8954645467
1126936.254607996
1135844.2625124508
1135877.7456290096
1137198.387081277
1137246.8868682922
1137268.9091660287
1137268.9091660287
1137991.3927277734
1142877.2251136184
1152331.1784619624
1152724.6004695273
1152733.446284618
1152738.5010360985
1152738.5010360985
1152743.555787579
1152751.1379147999
1152754.92897841
1152759.9837298905
1152761.2474177608
1152765.038481371
1152765.038481371
1152770.1024568505
1152771.790448677
1152775.1664323302
1152776.8544241565
1152780.2304078096
1152781.9183996362
1153056.5168514135
1153056.5168514135
1154460.5432551107
1154915.194168383
1155255.8502893709
1160651.4931028187
1163400.8167082495
1174982.7973698792
1188990.9342181538
1189008.9809722991
1196292.4627757191
1196296.170823338
1196297.4068392108
1196298.6428550838
1196303.5869185757
1196304.8229344487
1196304.8229344487
1196306.0589503217
1196307.2949661945
1196313.4750455595
1196314.7110614325
1196315.9470773053
1196315.9470773053
1196317.1830931783
1196323.3631725432
1196324.599188416
1196327.071220162
1196328.3072360351
1202180.4273145671
