44127.458186569274
44156.669901206464
44177.794756989286
44181.31556628642
44184.83637558356
44186.596780232125
44190.11758952926
44191.877994177834
44195.39880347497
44202.440422069245
44204.20082671781
44207.72163601495
44213.002849960656
44553.86120003973
44555.56659204303
44560.68276805294
44564.09355205954
44597.15615186546
44605.628099236696
44607.74608607951
44611.98205976513
44614.100046607935
44618.33602029355
44622.571993979174
44707.060414581414
280697.1923685236
334122.6678076697
334129.79744649644
334130.9857196342
334130.9857196342
334132.173992772
334132.173992772
334133.3622659098
334134.5505390476
334134.5505390476
334138.1153584609
334139.3036315987
334139.3036315987
334139.3036315987
334140.4919047365
334141.6801778743
334146.43327042536
334149.9980898387
334149.9980898387
334151.1863629765
334151.1863629765
334151.1863629765
334152.3746361143
334152.3746361143
334153.56290925207
334155.93945552764
334155.93945552764
334157.1277286654
334157.1277286654
334157.1277286654
334158.3160018032
334158.3160018032
334159.504274941
334160.6925480788
334161.88082121656
334161.88082121656
334163.06909435434
334164.25736749213
334164.25736749213
334166.6339137677
