11940.412136400797
11954.605398879881
12063.106839141496
12063.921026291458
15199.30622941801
15868.79361853315
15869.734334767227
19232.827879186116
19279.170531559685
19280.457827458948
24562.243904675306
42922.96181969605
43374.36257917619
43469.61697445733
43473.96297343348
43482.65497138578
43489.17396985002
43506.55796575463
43528.287960635396
43541.32595756386
43556.536953980394
43558.709953468475
43563.05595244463
43569.57495090886
43576.093949373084
43583.05304899946
43595.018299345196
43599.804399483495
43602.197449552645
43606.983549690936
43705.098602526
43723.934932265685
43771.889455145596
43798.994185469026
43830.26887430375
44105.5026398429
44105.5026398429
44911.78997394541
44964.69563489941
44989.34129997937
45021.028583653606
45109.967527258
45196.51892205778
46523.13786016091
46537.92525920889
46955.86732783715
46955.86732783715
47140.04966419363
47306.47391865769
47306.47391865769
50768.68924732004
50787.78413649249
50867.24440131725
51328.7784900557
51328.7784900557
54253.542279510075
54336.6498827161
56612.72106296656
56612.72106296656
56621.10499010536
60724.03609440781
60776.925251568246
60779.22478014044
61664.526776641025
61679.35268454069
61711.12248718282
61711.12248718282
62519.19773225651
62533.76508072341
62535.6740195142
62556.67234621291
62558.5812850037
63382.79173893444
63395.279609410216
63396.5283964578
63397.77718350537
63412.762628076314
63414.01141512389
63451.475026551234
64088.521458751966
64088.521458751966
64092.28432368828
64094.792900312495
64094.792900312495
78413.97932441415
78542.01575501035
78543.03899021233
78587.03810389749
78593.507590981
78596.82485349065
90282.74849288275
90285.88421366301
90288.70636236524
90289.01993444326
90289.96065067734
90311.39907853819
90311.39907853819
90486.03672094071
97578.63553358446
97586.06774196014
97593.49995033581
97597.74692655049
97598.80867060415
97607.3026230335
97610.4878551945
97614.73483140917
97616.85831951651
97618.98180762384
97622.16703978485
97625.35227194586
97628.53750410685
97629.59924816052
97634.90796842886
97637.03145653619
97638.89088394624
97641.28393401539
97642.08161737176
97645.2723507973
97645.2723507973
97801.34872668648
97801.34872668648
97804.13786780156
97818.08357337693
101924.78854514477
104831.33214648644
104960.0562351485
104960.0562351485
106193.87434194944
106281.0198733181
106282.09812116536
106878.45169966153
107039.51222121196
107041.17910436356
107350.52070996875
107817.03344310392
107862.21532866235
107863.26607018696
111562.67392018583
112276.20993436687
112276.20993436687
120693.71129058137
120743.1071447673
120743.1071447673
138609.8940242514
138634.12159322732
138648.25434179662
138657.50196746612
138694.19540185973
149644.8475309255
149980.42466705886
150021.24404984756
150126.23018207657
150126.23018207657
150128.78276881698
150130.0590621872
150131.3353555574
150302.03409255878
150370.6843725884
150370.6843725884
151663.50354143904
151683.99025053674
151683.99025053674
151686.916923265
151688.3802596291
151705.9402959986
151705.9402959986
152311.50849257712
152321.6088142483
152324.9590843451
152326.07584104402
152327.19259774295
152328.30935444188
152345.06070492594
152346.17746162487
152966.6485838064
152979.19146692747
152980.7593273176
152982.32718770773
152983.89504809785
152988.59862926826
152990.16648965838
153001.1415123893
153001.1415123893
153470.83947768548
153477.07241039435
153477.9086026024
153477.9086026024
153486.27052468312
153487.10671689117
157118.37040319684
157188.0714247511
157415.39467752658
157416.30788743802
161850.80020476927
174595.15063531965
176456.91058152952
176461.75169431308
176542.0041412297
176542.30120951415
176552.69859946976
176553.29273603865
181752.76339214083
181774.8619717449
181775.36258681683
181815.55482544945
181817.72782493752
184060.42833456857
184064.41675135048
184065.21443470687
184066.01211806326
184066.80980141961
184067.607484776
184070.79821820153
184071.5959015579
184073.1912682707
184098.97019384315
184099.97142398704
189531.98603290063
195993.2212195998
195997.34716799489
195998.72248412657
196000.09780025826
196000.09780025826
196001.47311638994
196002.84843252166
196004.22374865334
196005.59906478503
196006.97438091674
196006.97438091674
201058.51053262939
201096.97537420059
201243.6280839554
201243.6280839554
201248.90929790112
205174.36960856974
206903.13098358028
207580.35865188457
207723.14397267706
207724.260729376
207859.88890501915
207936.3289756187
209298.24952819015
209349.19123770812
215446.77633539375
215604.45908052477
215606.48354587064
215612.5569419082
222012.9096340895
222679.184284721
223794.57667005403
223837.59105738887
224184.61632500245
224184.61632500245
224341.32534631225
224363.68248534907
224363.68248534907
233305.27280923602
233317.78818603445
233320.29126139413
233325.2974121135
233325.2974121135
233330.30356283285
233330.30356283285
233332.80663819253
233335.30971355224
233337.81278891192
233340.3158642716
233340.3158642716
233342.81893963128
233345.32201499096
233347.82509035064
233350.32816571032
233350.32816571032
233355.33431642968
233357.83739178936
233360.34046714907
233365.34661786843
233592.82390605062
233621.43048158984
233623.63098740057
233630.23250483267
233630.23250483267
233645.63604550765
233647.83655131838
233656.63857456122
233656.63857456122
233665.44059780406
233680.84413847903
234339.68658073488
234352.27347397213
234352.27347397213
234353.8468356268
234355.42019728146
234363.28700555474
234375.87389879202
234377.44726044667
234989.59496939922
234999.60727083794
235001.0375996149
235002.46792839188
235003.89825716882
235008.1892434997
235011.04990105363
235028.21384637718
235028.21384637718
235146.60105899343
236947.1649386074
236955.5543670107
236955.5543670107
236957.23225269138
236958.91013837204
236960.58802405273
236963.94379541406
236965.62168109472
236967.2995667754
236967.2995667754
236970.6553381367
236972.33322381738
236972.33322381738
236975.68899517873
236977.3668808594
236977.3668808594
236979.04476654006
236982.40053790138
236984.07842358205
236987.4341949434
236987.4341949434
236989.11208062407
236992.4678519854
236992.4678519854
236994.14573766605
236994.14573766605
236997.50150902738
236999.17939470804
237000.85728038874
237002.5351660694
237004.21305175006
237004.21305175006
237007.5688231114
239036.06109459884
239077.13903682027
239183.09889287053
239188.71018268785
239242.39702320463
239252.75590430855
239254.23574446628
239255.71558462398
239263.11478541247
239264.59462557017
239266.0744657279
239267.5543058856
239322.74849288273
239324.31635327288
239332.15565522353
239452.37478892715
240396.12772102476
240397.07393852336
240436.8150734648
241645.0467989517
242307.1019796912
242307.1019796912
242326.24638024435
242327.84174695713
242329.4371136699
242331.03248038265
242331.83016373904
242333.42553045182
242334.2232138082
242337.4139472337
242340.07105800012
242341.84246517776
242343.61387235537
242345.385279533
242375.49920155256
242438.3346449774
242457.89164037013
242465.87947646301
247278.12162378992
247299.14745681125
247299.14745681125
248322.48168155318
248385.63619832057
248386.71444616784
248389.9491897096
248392.10568540407
248393.1839332513
248395.3404289458
248396.41867679305
248398.57517248756
248400.73166818207
248400.73166818207
248406.1229074183
248412.5923945018
248415.82713804353
248416.90538589077
248417.98363373804
248419.06188158528
248425.53136866877
248426.609616516
248432.00085575227
248432.00085575227
248852.38548583043
248852.38548583043
260918.78758242345
260940.15999510998
260945.1771483584
261100.64288388513
261101.43506597698
261106.98034061995
261107.7725227118
261108.56470480366
261110.14906898738
261110.94125107923
261111.7334331711
261112.52561526294
261113.3177973548
261114.10997944666
261115.69434363037
261117.27870781408
261118.07088990594
261118.07088990594
261119.65525408965
261120.4474361815
261120.4474361815
261121.23961827336
261122.82398245708
261123.61616454893
261124.4083466408
261127.57707500822
267005.4361662299
267006.6244393677
267007.41662145953
267007.6146669825
267008.2088035514
267019.9815096387
267019.9815096387
267021.67589911295
274393.66743327805
274433.0014746445
274433.0014746445
275930.4456788331
282490.05447780015
282497.70123549236
282622.5414313985
282622.5414313985
291801.3077728284
291825.0292254678
291858.5594327585
291964.7613444479
291966.45573392214
292102.97511441866
292836.3816960704
299194.5121830088
300597.5216803307
300597.5216803307
302344.8443218545
304541.43873348663
309467.3205021432
309616.73484669044
309822.72419563105
310278.91655651404
310280.63845231093
311033.9871178722
311894.3243759503
315361.1442630216
315445.1265672873
316342.38281160465
316404.6736298413
316441.9446970102
316472.5537328372
316472.5537328372
317494.4356237441
317873.3297167613
319308.96171272703
319324.2002154662
319328.2931562741
319328.2931562741
319331.0217834794
319343.30060590315
319344.66491950577
320052.2375629398
320067.64110361476
320078.6436326683
320083.04464428977
320085.24515010044
320087.4456559112
320130.438038188
320130.438038188
320870.8807371695
320885.7066450691
320889.94261875475
320915.3584608684
320915.3584608684
321529.7671895415
321561.5644985062
321563.4349284453
321565.30535838444
321591.4913775319
321591.4913775319
329841.9028262746
331052.8136675861
331069.54851427657
331080.4905294203
331081.13417736994
340481.28240588633
340536.98270922
340542.6765180052
340543.81527976226
340544.9540415193
340546.0928032764
340546.0928032764
340548.37032679043
340549.5090885475
340567.7292766602
340567.7292766602
340571.1455619313
340669.16709326935
341022.82138463773
341980.32197678776
347765.97987454064
348597.36947867874
348946.6392622193
348960.33741089096
348960.33741089096
348961.62470679026
348962.9120026895
348963.3411013226
348964.1992985888
355274.5237967894
355335.2412533714
355344.33484363416
355344.33484363416
355346.2492836895
355346.7278937033
355347.20650371717
355347.68511373096
355347.68511373096
355348.1637237448
355348.64233375865
355349.1209437725
355349.1209437725
355349.81410310284
355350.50726243324
355351.2004217636
355351.2004217636
355351.893581094
355353.27989975474
355353.27989975474
355353.9730590851
355353.9730590851
355355.35937774583
355356.05253707623
355356.7456964066
355357.438855737
355358.1320150673
355358.82517439773
355359.5183337281
355360.2114930585
355360.9046523888
355361.5978117192
355362.2909710496
361297.97935497673
361326.1018192376
361326.1018192376
361328.7754337976
367584.64841571223
367893.1043177286
380508.26305213216
389043.4309553099
392339.03498651425
392397.29337785277
392482.1063730621
392572.6351821148
392572.6351821148
392904.71351400914
393677.66318507935
393677.66318507935
395521.76407215826
397795.76127568213
397921.3166359767
397929.29346954054
397962.675142689
397966.88911131653
398017.4567348467
398063.8103897493
398173.57712085213
398175.3430267652
399306.1884641539
399314.47886979574
399381.2422160927
399382.8705903926
400979.1285080112
401041.2157794604
401077.3920949885
401078.8994414688
401083.42148090986
401084.9288273902
401087.94352035085
401090.9582133115
401092.46555979183
401095.48025275255
405003.7601143041
405018.00838942843
405019.43321694084
405020.85804445326
405022.2828719657
405035.1063195776
405036.5311470901
405105.92409783084
405216.6755552839
405322.33284178516
405588.0549209575
405604.7787651189
405618.157840448
405618.157840448
407918.54460990685
407931.63761948055
407933.5080494197
407965.30535838444
407965.30535838444
408569.3442034245
408580.5117704139
408582.1071371266
408582.1071371266
408599.65617096703
408599.65617096703
410920.5736596398
411101.0811512924
411101.0811512924
412969.65716425097
412974.8723630223
412976.1761627152
412977.479962408
412978.78376210085
412980.0875617937
412981.3913614866
412982.6951611794
412983.99896087224
413017.44664919504
413018.4918894551
413019.5371297152
414886.80384171644
414901.8222938745
414907.18602678814
414907.18602678814
414908.2587733709
414910.4042665363
414911.47701311903
414911.47701311903
414912.54975970177
414913.62250628445
414914.6952528672
414915.7679994499
414917.91349261533
414918.8927177011
414919.87194278685
414920.8511678726
414921.8303929584
414922.8096180442
414923.78884312994
414924.7680682157
414925.74729330145
414926.7265183872
414927.705743473
415003.315123129
415011.8805919972
415058.87239358487
415059.8021072899
415062.591248405
427658.76511892665
427673.75056349754
427679.99449873547
427688.218889203
427689.2091168178
430925.6360455077
430933.76141321374
431056.1975565216
431057.1712803429
433757.0598797363
433759.43642601185
433774.0037744787
433774.0037744787
433779.4610288893
433779.4610288893
434392.0378364749
434433.6328975619
434676.38719733496
434676.86580734875
435592.34774104325
435610.83198985324
435674.8667089449
435674.8667089449
435680.4119835879
435688.0752450737
435922.5391392049
436261.49405175773
436261.653588429
438197.58708425344
438199.3199825793
438203.2808930386
438262.47449934675
438262.47449934675
439788.4867702229
442677.9269401508
442688.1592921706
444646.1308536893
445968.38178775815
445993.79212860734
445998.4296946034
446004.6131159315
446120.3487190458
446134.09637909825
446136.0603305343
446138.02428197034
446214.61838797666
446215.9276889341
447726.1018192376
454731.9456902941
454825.1866227584
455425.1270257261
455425.1270257261
455444.93707928696
455454.7183276156
455465.896897134
455468.6915395136
455472.883503083
455475.6781454626
455477.0754666524
455479.870109032
455481.26743022184
455484.0620726014
455485.4593937912
455488.25403617084
455489.6513573606
455492.4459997402
455495.24064211984
455496.6379633096
455499.4326056892
455502.22724806884
455506.4192116382
455510.61117520765
455678.38874074526
456464.56345173786
456488.98906623677
456490.2103469617
456491.43162768666
456493.87418913655
456495.09546986147
456497.53803131136
456498.7593120363
456498.7593120363
456499.98059276125
456501.20187348616
456502.42315421114
456503.64443493605
456506.08699638594
456507.3082771109
456508.52955783583
456508.52955783583
456509.7508385608
456510.9721192857
456512.1934000107
456513.4146807356
456530.20454007137
456614.0878215757
456617.05850442016
456630.92169102764
456632.9021462573
456635.87282910175
456637.85328433133
456637.85328433133
456739.1315642693
456772.8268094958
456775.5224291139
456791.69614682265
456793.0439566317
456797.0873860589
457193.53601418104
458306.2217773669
458457.12146333634
458463.01881890907
458713.8984863882
458715.02074435167
462208.1476783899
464360.11033091636
464370.8047891564
464372.5871988631
464374.3696085698
464377.9344279831
464379.7168376898
464381.4992473965
464383.28165710316
464386.43388167693
464391.9131411456
464391.9131411456
464558.9480359722
464705.6227507851
464705.6227507851
465377.8112607828
467604.87167536427
467658.83908037195
467658.83908037195
469040.3386333942
473587.82692410547
473939.3742311601
473939.3742311601
473942.443936766
475910.35628328455
476994.6225139251
481369.3160858503
481755.8569365597
481899.0548521917
482013.67369860713
482022.33819023677
482041.0369883633
482188.1683081319
482289.3475653084
482324.8527265642
482324.8527265642
482639.4480397925
482874.1539895629
482875.88138662424
483032.42536999827
483034.14726579515
483468.92320387537
483539.9280251224
483553.90123702044
483567.87444891845
483690.9377363825
483708.0026589445
483913.238334645
484217.96988057677
484219.9888446581
484262.2880676044
484271.860267881
485103.3323909871
485117.8557293378
485123.665064678
485123.665064678
485126.56973234814
485129.4744000183
485135.28373535856
485199.37896836014
485351.40091229306
485351.40091229306
485675.9810206374
485706.1884641539
485725.8774898952
485735.6477356948
485815.68013203033
486255.1321449583
486256.72201040655
486263.0814721995
486266.26120309596
486266.26120309596
486267.8510685442
486269.44093399245
486271.0307994407
486272.62066488893
486274.2105303372
486278.9801266819
486280.56999213016
486282.15985757834
486285.33958847483
486286.9294539231
486288.5193193713
486290.10918481956
486293.28891571605
486294.8787811643
486296.46864661254
486298.0585120607
486299.648377509
486301.2382429572
486353.2361952643
486660.4873203493
486817.3503770658
487214.7232176285
487305.2025153004
487318.5375805133
487319.64883594774
487329.6501348574
487389.6029156702
487398.7680223718
487407.9331290734
487417.098235775
487417.098235775
487421.620275216
487423.1276216964
487426.14231465705
487429.1570076177
487429.1570076177
487432.17170057836
487433.67904705874
487436.6937400194
487438.2010864997
487442.72312594077
487442.72312594077
487445.7378189014
487445.7378189014
487448.7525118621
487450.2598583424
487451.76720482274
487454.78189778345
487456.2892442638
487457.7965907441
487459.30393722444
487460.81128370477
487462.3186301851
487465.3333231458
487466.84066962614
487468.34801610647
487469.8553625868
487471.3627090671
487472.8700555475
487474.37740202784
487475.88474850816
487477.3920949885
487480.40678794915
487480.40678794915
487483.42148090986
487484.9288273902
487486.4361738705
487487.94352035085
487489.4508668312
487490.9582133115
487492.46555979183
487493.9729062722
487495.48025275255
487496.9875992329
487500.00229219353
487501.50963867386
487503.0169851542
487504.5243316346
487506.0316781149
487507.53902459523
487509.6350063799
487513.82696994935
487518.01893351873
487520.1149153034
487522.21089708817
487526.40286065754
487526.40286065754
487528.49884244223
487532.69080601167
487532.69080601167
487953.2734816128
487954.98987614515
487961.85545427457
487963.5718488069
487965.2882433393
487967.0046378716
487970.4374269363
487973.870216001
487973.870216001
487975.58661053336
487977.3030050657
487979.01939959807
487982.4521886628
487982.4521886628
487985.8849777275
487987.60137225984
487989.3177667922
487991.03416132455
487992.7505558569
487994.46695038927
487994.46695038927
487997.899739454
487997.899739454
488585.374277004
488695.5481016817
488718.735931662
488784.6245768992
488864.5799555314
488877.5959474018
489522.2671322367
489524.17056976294
489676.8251591164
490189.1744282887
491096.3989639285
491138.02703260264
491174.2253531888
491185.08484936465
491209.5379701862
491290.67612069164
491575.2510333973
491608.3906509066
491951.2624638024
492021.5026092803
492174.67981876386
492174.67981876386
492234.88565774495
492316.1338335409
492324.30321136315
492327.5709624921
492329.2048380565
492332.4725891854
492334.10646474984
492337.3742158788
492342.27584257215
492345.54359370103
492348.81134482997
492352.07909595885
492353.7129715233
492358.61459821666
492360.2484737811
492363.51622491004
492366.7839760389
492371.6856027323
492373.31947829673
492379.85498055455
492384.7566072479
492386.39048281236
492751.6304372741
492753.9299658463
493658.1728161126
493675.1167108551
493692.06060559757
493694.1785924404
493694.1785924404
493696.29657928314
493719.59443455405
493721.71242139686
494359.6940685671
494376.5279380191
494395.2322374101
494397.1026673492
494707.47851068544
494776.117788186
494854.87389115134
494856.2161996959
494857.55850824044
494972.53493685
495023.3886261356
495038.3520656484
495038.3520656484
495063.7899128202
495065.2862567715
495185.11480069376
495186.6441522322
495381.54295188683
495692.7494861666
495702.5307344952
495703.928055685
495705.3253768748
495730.0590621872
495730.0590621872
496083.5043055035
496083.5043055035
496536.3684013478
496544.7303234285
496546.4027078446
496546.4027078446
496548.0750922608
496548.0750922608
496549.74747667694
496549.74747667694
496553.0922455092
496554.76462992537
496554.76462992537
496556.43701434147
496556.43701434147
496558.10939875763
496561.4541675899
496563.12655200606
496563.12655200606
496564.79893642216
496564.79893642216
496566.4713208383
496568.1437052545
496569.8160896706
496574.833242919
496576.50562733517
496576.50562733517
496578.1780117513
496578.1780117513
496581.5227805836
496581.5227805836
496583.19516499975
496583.19516499975
496584.86754941585
496584.86754941585
496586.539933832
496586.539933832
496591.55708708044
496593.0699348253
496593.0699348253
496594.58278257016
496594.58278257016
496594.58278257016
496596.095630315
496597.6084780599
496600.6341735496
496602.14702129446
496602.14702129446
496603.6598690394
496603.6598690394
496605.17271678423
496605.17271678423
496606.6855645291
496609.7112600188
496609.7112600188
496611.2241077637
496611.2241077637
496612.73695550853
496612.73695550853
496614.2498032534
496614.2498032534
496615.76265099825
496618.78834648797
496618.78834648797
496620.30119423283
496620.30119423283
496626.3525852123
496626.3525852123
496627.8654329572
496627.8654329572
496629.37828070205
496629.37828070205
496630.8911284469
496633.9168239366
496635.4296716815
496635.4296716815
496635.4296716815
496636.94251942635
496636.94251942635
496638.4553671712
496642.9939104058
496642.9939104058
496644.50675815064
496646.0196058955
496647.53245364036
496647.53245364036
496649.0453013852
496653.58384461986
496653.58384461986
496655.0966923647
496655.0966923647
496656.6095401096
496656.6095401096
496656.6095401096
496658.12238785444
496658.12238785444
496661.14808334416
496662.660931089
496662.660931089
496665.68662657874
496665.68662657874
496667.1994743236
496668.71232206846
496671.7380175582
496671.7380175582
496673.2508653031
496673.2508653031
496674.76371304796
496679.30225628254
496680.8151040274
496682.32795177225
496682.32795177225
496684.0003361884
496685.6727206045
496689.01748943684
496689.01748943684
496690.68987385294
496690.68987385294
496692.3622582691
496692.3622582691
496694.03464268526
496694.03464268526
496697.3794115175
496699.0517959336
496699.0517959336
496700.7241803498
496700.7241803498
496702.39656476595
496704.06894918205
496712.4308712628
496714.1032556789
496715.77564009506
496715.77564009506
496719.1204089273
496719.1204089273
496720.7927933435
496720.7927933435
496722.46517775964
496722.46517775964
496722.46517775964
496724.13756217575
496727.482331008
496727.482331008
496729.15471542417
496729.15471542417
496730.82709984033
496730.82709984033
496735.84425308876
496735.84425308876
496737.51663750486
496742.5337907533
496744.20617516944
496744.20617516944
496745.8785595856
496745.8785595856
496747.5509440017
496747.5509440017
496749.22332841787
496754.2404816663
496755.9128660824
496755.9128660824
496757.58525049855
496757.58525049855
496759.2576349147
496759.2576349147
496764.27478816314
496764.27478816314
496765.94717257924
496765.94717257924
496767.6195569954
496769.29194141156
496774.30909466
496774.30909466
496775.9814790761
496775.9814790761
496777.65386349225
496779.3262479084
496780.9986323245
496782.67101674067
496782.67101674067
496784.3378998923
496784.3378998923
496791.00543249876
496791.00543249876
496792.6723156503
496792.6723156503
496794.33919880196
496794.33919880196
496796.0060819536
496797.6729651052
496799.3398482568
496801.0067314084
496806.00738086324
496807.6742640149
496807.6742640149
496809.3411471665
496809.3411471665
496811.0080303181
496812.6749134697
496816.00867977296
496817.67556292453
496817.67556292453
496819.34244607616
496819.34244607616
496821.0093292278
496822.6762123794
496826.0099786826
496826.0099786826
496827.67686183425
496829.3437449858
496829.3437449858
496831.01062813745
496831.01062813745
496836.0112775923
496837.6781607439
496837.6781607439
496839.34504389553
496839.34504389553
496844.34569335036
496844.34569335036
496846.012576502
496846.012576502
496847.67945965356
496851.0132259568
496851.0132259568
496852.68010910845
496854.34699226
496854.34699226
496856.01387541165
496856.01387541165
496857.6807585633
496859.3476417149
496861.0145248665
496862.6814080181
496869.34894062456
496869.34894062456
496871.0158237762
496871.0158237762
496872.68270692776
496872.68270692776
496874.3495900794
496874.3495900794
496879.3502395342
496881.01712268585
496882.6840058374
496882.6840058374
496882.6840058374
496884.13083840796
496885.5776709785
496885.5776709785
496888.4713361196
496889.9181686901
496889.9181686901
496891.36500126065
496892.8118338312
496895.7054989723
496897.15233154286
496897.15233154286
496898.5991641134
496898.5991641134
496900.04599668394
496900.04599668394
496901.4928292545
496905.8333269661
496907.28015953663
496907.28015953663
496908.7269921072
496908.7269921072
496910.1738246777
496910.1738246777
496911.62065724825
496911.62065724825
496914.5143223893
496914.5143223893
496915.9611549599
496917.40798753046
496921.7484852421
496923.1953178126
496923.1953178126
496924.64215038315
496924.64215038315
496926.0889829537
496926.0889829537
496927.5358155242
496927.5358155242
496936.21681094746
496937.66364351806
496937.66364351806
496939.1104760886
496939.1104760886
496940.55730865913
496940.55730865913
496942.00414122967
496944.89780637075
496944.89780637075
496944.89780637075
496947.7914715118
496952.13196922344
496953.578801794
496953.578801794
497288.3802596291
497487.0254204265
497525.1766899197
497537.22445923334
497891.79196051316
497893.20028423204
497905.87519770174
497907.28352142056
497908.69184513943
497910.1001688583
497911.5084925771
497912.916816296
497915.7334637337
497918.25854415144
497919.37530085037
497924.959084345
497926.075841044
497933.89313793654
497935.00989463547
498571.35216497676
498579.1914669274
498579.1914669274
498580.7593273176
498582.3271877077
498582.3271877077
498583.8950480978
498585.46290848794
498587.0307688781
498590.16648965835
498590.16648965835
498591.7343500485
498594.87007082877
498594.87007082877
498596.4379312189
498602.7093727794
498605.84509355965
498607.4129539498
498608.98081433994
498610.2571077102
498611.53340108035
498949.2890379664
498949.2890379664
499455.58141489467
499479.4569029409
499520.12225032283
500665.4855247977
504006.0513909795
504663.49101078097
504674.4440284537
504703.875793672
504709.55309866363
504714.28418615664
504715.23040365527
504716.1766211539
504820.2385409424
504820.2385409424
504821.91092535853
504821.91092535853
504861.7840906486
504909.43604397954
504961.5715278998
505057.78314320865
505058.7183581782
507593.18393325136
507756.37344417366
511466.8553396649
511507.5316895759
511581.2376317056
511583.1080616447
511598.7151491072
511603.63878085866
513276.82638161967
514003.7194660717
514136.7400423291
514136.7400423291
517870.4757829751
517883.10118506406
517990.4143521879
517990.4143521879
520223.4546413099
520228.7798653718
520331.3179348864
520331.65901328705
523194.1704933565
523199.85329961265
523202.1913370365
523216.68716906453
523220.89563642757
523226.0393187601
523226.7764882067
523228.98799654644
523230.09375071636
523231.5680896095
523237.4654451822
523238.93978407537
523240.78270769183
523242.25704658503
523244.4685549248
523245.20572437136
523247.41723271116
523248.1544021577
523248.8310576945
523253.3420946064
523254.4698538344
523259.6575462832
523262.54571015976
523263.1893581094
524047.9282390605
524054.2877008535
524099.4695864119
524169.14860290807
524169.2311218759
524791.6992030807
524905.1022700357
524946.4277691608
525038.5739499843
525043.5911032327
525090.4398719427
525090.4398719427
525099.748011522
528701.7119629582
528879.2817793535
528904.8956669901
528911.035078202
528923.1653664836
528960.0678489292
528971.6700158161
528993.212967703
529036.7499751679
529039.4180884634
529206.0018795987
529223.1768274513
529225.6303914303
529225.6303914303
529367.0844062073
529367.0844062073
529390.0576868712
529391.4935169126
531667.7297350988
531684.8936804223
532009.1822217468
532010.4255075299
532021.6150795773
539559.3597139342
539570.4942733365
539572.5187386824
539573.5309713553
539575.5554367012
539598.8367881784
539613.0080455993
539614.0202782722
539615.0325109452
539616.0447436181
539618.069208964
539619.0814416369
539621.1059069828
539622.1181396557
539658.9326018689
539658.9326018689
539663.0750540576
541982.7327531538
542095.5526860688
542095.5526860688
542167.1791502074
544779.5206259217
547387.5931203631
547818.1550898158
547997.9034069637
549323.7301629749
550644.8478365514
551073.1652900771
551084.5254013248
551141.3259575638
551141.3259575638
556164.22252615
556484.484141841
556484.484141841
556492.8680689798
556554.3502013311
556677.6335393761
556680.3291589943
556688.4160178485
557489.6256847928
557610.1088791938
557740.9179471114
557742.4858075016
558896.6676090129
558927.1226094331
558934.4392912538
558962.2426821721
559048.9536136431
559056.6828903032
559058.2287456352
559064.4121669633
559067.5038776274
559070.5955882914
559073.6872989555
559075.2331542876
559078.3248649515
559081.1360111247
559084.9318836483
559087.4624653305
559089.9930470128
559091.2583378541
559093.7889195364
559095.0542103775
559101.3806645833
559103.9112462656
559106.441827948
559110.2377004714
559114.0335729949
559203.2420785611
559203.2420785611
562412.151682088
562691.2198290023
562734.2617226598
562805.9982120891
562818.5520977392
562829.3125711535
562836.4862200965
562861.5939913967
562873.7077758845
563199.7457193285
563199.7457193285
563925.1644648875
563945.1890677649
563945.1890677649
569402.8285668442
570872.2383270044
570872.2383270044
575511.2236493248
575647.8310500538
575647.8310500538
575650.1855912714
575650.1855912714
575652.5401324888
575795.3199520168
575796.7667845873
575844.0281481369
578652.7097548117
580156.3043727413
580176.5050160836
580186.6053377547
580189.9721116452
580191.6554985903
580193.3388855355
580240.5232313817
580240.5232313817
580935.6740195142
580950.9455298405
580968.1259789577
580968.1259789577
583639.7600837415
583650.1959825488
583651.6868252355
583679.6002414444
583679.6002414444
584366.2790822057
584375.2131357972
584376.3298924961
584377.446649195
584388.1080998479
584389.4284033343
591139.947585174
591304.0888148595
591309.4360439796
591309.4360439796
591310.7728512596
591313.4464658196
591314.7832730996
591316.1200803795
591317.4568876596
591320.1305022197
591321.4673094996
591324.1409240597
591325.4777313396
591326.8145386196
591328.1513458997
591329.4881531796
591330.8249604596
591333.4985750197
591337.5089968597
591337.5089968597
592308.9057832044
592883.1277745093
596539.0756347466
597479.1592234048
598869.9284071547
600049.7736076834
603242.0418860168
604910.6304296334
604928.6745772813
604930.9300957372
604936.5688918772
604973.5483920262
604973.5483920262
606672.5204196243
606674.1707989823
606674.720925435
606710.9412510792
606710.9412510792
606714.1099794466
606714.9021615385
608298.4466568357
611936.6364351806
614505.3528831975
614723.5990495038
614724.1271708984
614796.8758930004
621596.8569442003
621833.7744023105
621837.0531559684
622144.5133291055
622144.5133291055
627176.1569082893
627213.4884893681
627214.9243194095
627324.5150100475
627338.9558294303
627390.6842197755
630864.7107633768
630889.8735473223
630895.4023181718
631156.4923326126
631158.2637397902
631172.4349972112
631181.2920330993
631669.4412396182
632017.1651678268
632031.6554985903
632038.9171677657
632043.2741692709
632046.178836941
632050.5358384462
632053.4405061164
632057.7975076216
632062.1545091268
632065.0591767969
632070.8685121372
632075.2255136424
632079.5825151476
632102.8198565088
632105.7245241788
632113.3987881936
632121.6946951
632134.1385554596
632263.2037225224
632286.1770031861
632318.8490132106
632335.1052498873
632339.4402463344
632365.450225017
632366.5339741288
632373.0364687995
632377.3714652465
632386.5090656255
632392.0873478557
632604.2711206535
632605.6574393142
632618.134307261
632866.5824158192
632907.9409225314
632909.4592715409
632970.1932319165
633102.1245577977
633213.3491240001
633235.2221517585
633235.2221517585
633247.1488932525
633248.9092979011
633605.3912392362
633644.7857945125
633645.9795689147
638808.8723171785
638963.7329136071
638963.7329136071
638966.7861154196
644272.9482957541
644292.1257038944
644296.2351484959
644314.0427417691
645854.6168598477
646328.4682798616
650139.9478907998
651242.8634081862
652352.9855821026
658419.1199504886
662169.276965747
662383.177133077
662383.177133077
662386.9840081296
662388.8874456559
662392.6943207084
662394.5977582347
662430.9996256084
666549.5708249605
666569.7714683028
666571.454855248
666571.454855248
666574.8216291384
666600.0724333163
666600.0724333163
667286.5037171739
667298.9585800625
667311.4134429512
667312.9703008123
667343.3097746774
667943.8223091558
667954.527769925
667957.5864730019
667978.99739454
667980.5267460785
668484.3655590279
668501.1334133055
668502.5307344953
668540.2694091488
668549.2034627404
668550.4797561106
668551.7560494808
668564.518983183
668564.518983183
670130.8170141886
670513.3749493808
670613.580482736
670772.9796223993
670772.9796223993
673554.7215366865
673565.7625745918
673569.4429205601
673573.1232665286
673574.350048518
673600.1124702969
673600.1124702969
682020.3919650975
682555.1808922746
682591.6872836743
682700.4472833686
682700.4472833686
682771.413595764
682811.8038799197
682818.5814378166
683122.7133459148
683123.5880469746
683125.3374490942
683129.7109543929
683132.3350575722
683829.2077415017
684120.4501868137
684127.7118559891
684177.7953682409
684417.4249497628
684418.409676113
687041.786688468
687081.3957930608
687386.9635312007
687390.0002292194
687474.5656675249
687542.6493173083
687631.0326331955
687677.13322993
689701.1749784151
693064.268522834
693071.9702931716
693157.9000450798
693157.9000450798
693159.6604497284
693160.5406520526
701144.7239052866
701319.5760970056
701323.9771086271
701342.6208941083
701526.2255976894
701526.6877039097
701689.5471389603
702458.8329678559
702466.8098014196
702515.991106289
702515.991106289
702642.8722713346
702679.114602037
702679.114602037
702852.4264396885
702882.7714148182
702883.9156778398
702998.4300002293
703123.8533301752
703441.3918199253
703458.5557652488
703467.1377379106
703467.9959351767
703633.9580834205
703668.1044323383
703670.3819558524
703671.5207176093
703692.0184292361
703693.1571909932
703698.8509997784
703810.713712666
703853.4585380389
703854.6798187639
704250.616829285
704267.0986178073
704267.0986178073
704373.5260813424
704394.2108359629
704395.5421419784
704723.7200773233
704744.9604596612
704746.5943352256
705017.6031296082
705103.7364283041
705124.6302309767
705124.6302309767
705272.6307505406
705357.663796331
705359.627747767
705636.2533332314
705650.4741020332
705650.4741020332
705818.2131587191
705886.3023097671
705886.3023097671
708268.2893359514
708278.3951588871
708308.2945315903
708308.2945315903
708327.3729169691
708337.4732386403
708369.1605223145
712902.9836719412
712922.4306420434
713023.1863018513
713052.4750341919
713180.7040090465
713180.7040090465
713380.5044353945
713436.485303219
713436.485303219
713682.309308598
713747.62032106
713768.6296502877
713769.7904171029
713809.2564888179
713902.3763934626
713902.3763934626
713994.4235515248
714014.2336050856
714014.2336050856
714188.8547436945
714202.9874922638
714202.9874922638
714368.4655292293
714427.6041228921
714428.9794390238
714605.7350682692
714640.7451157175
714640.7451157175
714792.2059306689
714870.114838897
714900.7018696659
714900.7018696659
715113.6668220265
715153.9745872142
715153.9745872142
715162.0229372169
715309.181763308
715328.2161385707
715328.2161385707
715488.8420602236
715529.2323443792
715529.2323443792
715721.9636458103
715781.696376042
715781.696376042
716019.6810794703
716171.2959298283
716172.462197908
716371.0908549117
716405.7598239596
716405.7598239596
716586.0802726182
716625.4143139847
716626.9271617295
716631.4657049641
716870.6936941756
716893.9640431239
716893.9640431239
717179.0285683724
717247.4642990853
717247.4642990853
717441.0648003117
717504.6704207703
717504.6704207703
717742.6716279923
717829.8226606254
717829.8226606254
717988.9577395915
718147.3171402593
718197.7637359699
718197.7637359699
718336.7586855034
718336.7586855034
718379.8335867481
718596.3578572575
718623.3195547032
718623.3195547032
718823.6976138265
718872.0427264877
718872.0427264877
718939.1801587726
718955.1888385456
719092.6654390696
719092.6654390696
719113.9883403755
719128.5776939004
719128.5776939004
719280.3960910459
719323.1244126253
719323.1244126253
719504.6991495962
719534.3069552793
719534.3069552793
719735.1691256809
719793.4165144905
719793.4165144905
719988.0622559768
720018.5227576616
720018.5227576616
720171.749478526
720204.8010758028
720204.8010758028
720399.5018299345
720467.4314443112
720467.4314443112
720673.6848539491
720707.572643434
720708.3703267904
720853.664224207
720906.1682928506
720906.9329686199
721103.4711451035
721404.9349399062
721404.9349399062
721648.3879002744
721788.5436166229
721790.3645351813
722008.0275674477
722044.2698981502
722044.2698981502
722386.4265466576
723141.9042015908
723141.9042015908
723332.7100604374
723388.8669687269
723388.8669687269
723623.4188830905
724778.2883426676
724807.335019369
724807.335019369
724947.848317912
724965.7109238305
724966.7616653551
725178.2027674417
725198.3373956097
725200.0152812904
725326.1592768894
725332.1831615461
725363.7329136071
725364.7506475446
725506.9638368264
725549.1310294241
725550.3358063555
725693.4787093422
725726.1342155732
725726.1342155732
725966.4954652771
726319.0825113272
726319.0825113272
726536.5199917482
726660.3809625685
726660.3809625685
727000.1940723874
727055.7458415788
727055.7458415788
727420.8757707501
727473.5723836521
727473.5723836521
732613.1012614706
732692.8475920507
732693.810313343
732693.810313343
732695.7357559273
732695.7357559273
732696.6984772194
735907.0604145813
741061.5252255901
741832.7585021278
742538.4057029776
742538.4057029776
743304.088203608
743316.0644564828
743353.3630299743
743355.3819940556
743365.4768144622
745401.5608309966
745941.3394050994
745978.4179280098
745978.4179280098
746190.2441186134
746218.2345525256
746242.0880355136
746242.0880355136
746411.0758792473
746445.117704139
746446.3334835994
746484.0886620466
746621.6202752161
746668.3480161065
746669.8553625868
746935.8635075146
746940.8256481178
746982.7342812828
746982.7342812828
747238.7411273008
747313.0907173802
747363.8068750526
747365.1381810681
747541.8387976681
747556.5161714255
747575.7430909466
747577.0248855813
747594.9700104677
747600.0971890066
747600.0971890066
747612.915135354
747612.915135354
747639.7613062446
747644.8664797256
747785.3742770039
747850.4487350913
747850.4487350913
748066.4393829415
748095.6180899916
748095.6180899916
748126.012576502
748136.7400423292
748145.6795971852
748159.9828849549
748159.9828849549
748311.2236493248
748372.5902551211
748372.5902551211
748531.6593189129
748554.8086400416
748554.8086400416
748691.7516179066
748705.1141894422
748710.8410058146
748739.398069973
748739.398069973
748781.2736955509
748859.3036315987
748860.6514414077
749107.2456238205
749134.8344654222
749134.8344654222
749319.2973662696
749336.021210431
749349.4002857602
749352.7450545924
749357.7622078408
749390.786298795
749390.786298795
749397.2337808204
749397.2337808204
749599.2072066566
749638.6017619328
749638.6017619328
749809.592065954
749849.3662084827
749849.3662084827
750010.8008160209
750190.8076926016
750192.3700517272
750501.3870827252
750738.7336394686
750740.2959985941
750964.5275407055
751011.3983144737
751011.3983144737
751278.0996187319
751332.386097082
751332.386097082
751529.2048380566
753326.3854399865
755924.1375621757
755925.8099465918
755939.189021921
757357.9981509639
757360.0116137806
757701.5906295127
757725.8842136629
757725.8842136629
757926.5373360127
757977.253493685
757978.4472680873
758152.6228042697
758210.4080868589
758210.4080868589
758344.4739033764
758373.2785244386
758374.307260905
758568.3533645582
758652.8527876893
758652.8527876893
758774.6507843123
758854.2320769565
758855.4313526234
759042.6393844696
759067.3290596658
759067.3290596658
759073.022868451
759360.8545297565
759431.2047005248
759432.8715836764
759608.0428487381
759697.0258024588
759698.5166451456
759888.6898585717
759941.2269348024
759941.2269348024
760080.1668716907
760178.848554772
760178.848554772
760349.1016893467
760423.3632591936
760423.3632591936
760429.2056021211
760595.7013730239
760698.327462771
760698.327462771
760888.3906509065
761040.3080708135
761040.3080708135
761306.574775174
761320.1628985552
761379.0814416369
761380.2917198328
762257.4903536855
762319.9297060644
764249.3662084827
764260.5887881173
764298.1239159834
764333.4805430971
766270.6903322916
766322.3196998755
766557.5537710405
766558.4229708357
766569.7225681737
766575.8069667403
768382.4992550372
768392.5995767083
768586.7281993291
768588.3565736291
768868.45345701
768906.5057037417
768908.244103332
769243.9972799304
769310.5405756462
769312.042420862
769483.489329839
769506.9687268393
769507.8434278991
771533.3815203356
779679.8960872255
781594.1160919628
781608.6064227263
781609.1015365337
781610.0917641486
781610.5868779559
781611.5771055708
781685.4315818428
781688.7598468815
781695.8344730629
781695.8344730629
781696.472619748
781696.7916930906
781696.7916930906
782966.7476065679
785094.5487052926
785138.1847355191
785138.7568670298
785139.9011300515
785941.2373260799
785945.3082618297
785945.9134009276
785947.7288182215
785950.7545137112
785991.1062890152
785991.7389344356
787216.705506613
787528.3521420549
787528.8802634495
787898.4552143583
788546.9827856264
788841.2839340154
789230.0858044453
789255.3091023006
789256.4533653221
789403.1830927804
789685.9040793404
789722.5645061469
789722.5645061469
789887.338381253
789938.8962323979
789939.7764347221
790154.7438473705
790169.7072868833
790170.4554588589
790395.9908006632
790427.5460539889
790444.6384828736
790444.6384828736
790747.1860267881
790764.7460631576
790766.0003514697
790767.2546397818
790768.508928094
790768.508928094
790769.763216406
790771.0175047182
790806.1925901022
790807.5238961177
791010.949655789
791010.949655789
791012.50651365
791014.0633715111
791032.745665844
791042.0868130105
791076.3376859542
791076.3376859542
791368.9334423399
791437.3581705239
791437.3581705239
791732.1324276623
791856.5160186125
791857.8253195699
792319.8435195868
792339.8681224643
792460.5933725043
792460.5933725043
792902.6474835535
792986.5142612642
793005.8512060759
793217.7819207053
793217.7819207053
793792.7960941022
793880.1341697292
793886.565147961
793886.565147961
794062.4845849983
794634.4950679635
794634.4950679635
794916.6164166903
794964.141840937
794965.3686229265
795228.4776014487
795302.7171662375
795302.7171662375
795585.9662741922
795654.6825693962
795655.766318508
795946.0845513796
796676.0088325859
796676.0088325859
797027.3140840012
797078.0632492608
797079.7521374705
797089.8854667288
797091.5743549386
797093.2632431482
797096.6410195677
797096.6410195677
797098.3299077775
797101.7076841969
797105.0854606163
797105.0854606163
797108.4632370358
797108.4632370358
797111.8410134552
797115.2187898747
797116.9076780843
797118.5965662941
797120.2854545038
797121.9743427135
797125.352119133
797125.352119133
797128.7298955524
797130.4187837621
797366.0324421794
797419.0646322175
797419.0646322175
797519.5947401798
797583.9815402012
797585.5879094431
797709.058290482
797749.9766960322
797751.2034780217
798035.9709349857
798084.2445312082
798086.1754750571
798324.061155724
798373.6275491103
798409.633325438
798435.3847446878
798436.2154356315
798598.3542050291
798599.5259743733
798861.6942366613
798904.4995759443
798904.4995759443
799205.9523682179
799207.9108183895
799283.3441575806
799379.9188563483
799405.87932365
799424.5176078668
799763.9841380205
800106.2233054959
800107.1860267881
800338.0410913898
800386.8043001551
800386.8043001551
800651.904736436
800655.7666241337
800738.2965945645
800739.6609081671
800952.6258605276
801027.7126200537
801042.1424369074
801047.7317216665
801129.9536212839
801131.3069323574
801194.912552816
801194.912552816
801198.9724860368
801205.5189908235
801212.3185537787
801323.8731958526
801369.2916357857
801370.3478785749
801563.1727015029
801636.3010108573
801636.3010108573
801800.5852734204
801910.4180196975
801910.4180196975
802142.7914333086
802191.9947432361
802191.9947432361
802372.8268094958
802448.0235943123
802449.0358269853
802517.9336639186
802625.0982969002
802658.3039295839
802658.3039295839
802667.2819932916
803060.7489360401
803208.936498598
803999.0061048756
803999.0061048756
804291.453327119
804318.3875182421
804318.3875182421
804698.238831287
804851.9881722813
804853.4405061164
805143.7752427815
805179.53896347
805179.53896347
805462.4965044049
805560.0009168774
805561.1231748409
805811.6947715066
805825.6129707593
805826.8782616004
805993.0384553672
806022.7232787537
806024.2856378793
806162.8074786635
806886.3777993413
806933.1165427609
806933.1165427609
807137.8406008603
807168.4386341582
807168.4386341582
807321.461808235
807546.4415223221
807546.4415223221
807873.5357085553
807948.2978934741
807949.6291994896
808197.6482094148
808252.7103660633
808252.7103660633
808513.1787376126
808608.8897378495
808610.3640767427
808926.9068376133
809056.3130830767
809056.3130830767
809307.423803666
809349.8880645481
809351.098342744
809543.2575126644
809626.299100696
809626.299100696
809936.9390047295
810079.4822698829
810079.4822698829
810512.7013501021
810834.0632186981
810834.0632186981
811063.8180303945
811266.7486762583
811266.7486762583
811489.7479351156
811551.356596551
811573.1691103997
811593.3037385677
811593.3037385677
811601.6931669711
811751.5201063578
811752.5378402952
811762.7151796697
811764.7506475446
811772.8925190442
811813.6843955104
811850.8729437114
811852.3032724884
812042.377463153
812073.6521519877
812073.6521519877
812377.5860145631
812514.3804582858
812515.9098098243
812667.5906753567
812719.0825113272
812719.0825113272
812955.9944681729
813058.62055792
813058.62055792
813253.4423398712
813303.4818420067
813305.2477479198
813310.5454656591
813312.3113715722
813312.3113715722
813314.0772774853
813317.6090893114
813319.3749952245
813321.1409011376
813322.9068070507
813324.6727129639
813324.6727129639
813328.20452479
813329.9704307031
813331.7363366162
813333.5022425293
813335.2681484424
813337.0340543555
813338.7999602685
813338.7999602685
813340.5658661817
813349.3953957472
813449.012293798
813511.6496917
813511.6496917
813521.0843603634
813770.7042382659
813770.7042382659
814254.0453395884
815174.4068949183
815176.3598438252
815557.1848806912
815731.9930622942
815731.9930622942
816182.502616921
816316.0018031922
816369.2595450759
816369.2595450759
816635.113654597
816864.406360073
817255.7553159789
817257.0316093492
818785.1948746552
818860.2981379748
818861.4313984673
819122.6919521085
819159.6494471993
819160.7331963112
819427.5775334468
819514.1069231885
819514.1069231885
820032.837659212
820047.1464482461
820128.405626571
820129.7809427028
820213.5046875358
820213.5046875358
820240.5379014204
820240.5379014204
820264.8919994804
820265.9757485922
820501.4353716028
820573.1608585028
820573.1608585028
820848.8512289978
820903.8088616203
820903.8088616203
820974.3625791762
821254.844551074
821266.8098014196
821283.5611519037
821365.6345173786
821469.3278524438
821469.3278524438
821732.5248511984
821744.3470686665
821841.1693243377
821841.1693243377
821914.5341880668
821966.543142903
821982.6838530246
821984.4772652603
823670.4938148977
823764.8955141772
823790.3113562908
823803.8664720849
824020.6823096143
824020.6823096143
824057.1226858397
824379.8158604512
824873.0262303349
825234.8168919383
825786.1921316637
826745.7391942176
826764.437992344
827263.5457178004
827264.9815478419
827279.3398482568
827282.2115083397
828020.4537015104
828301.1227164022
828305.5292292881
828317.2799303173
828567.758005486
828760.571825885
828762.1891976559
828768.6586847394
828768.6586847394
829159.4905217796
830949.7230266124
830951.4009122931
831252.8812108894
831369.8435959932
831369.8435959932
831713.0344822317
831749.359331902
831750.5311012462
832241.8215298101
833143.1707149352
833145.2666967199
833159.9385692128
833374.674928751
833666.439994193
833730.5242246656
833730.5242246656
834102.8608103668
834158.9076933657
834160.4645512267
834551.0433300989
834677.9575027315
834677.9575027315
834729.3998273214
834797.9895934412
834914.2973280664
834914.2973280664
834947.5744771889
835003.9404335303
835003.9404335303
835401.6763575517
835454.0483958466
835455.5887499141
836029.2221059146
836672.050367133
836916.7026031677
836939.6758838316
837113.7358934588
837115.2982525844
837123.1100482125
837123.1100482125
837202.8673813216
837207.0098335103
837231.8645466423
837231.8645466423
837439.735328051
837460.975710389
837464.2434615178
837483.8499682912
837509.9919773225
837509.9919773225
837831.9149749004
837860.1364619228
837939.0080914433
837939.0080914433
838137.8127889119
838291.8426943971
838317.1375086913
838374.6257229961
838374.6257229961
838586.352890838
838632.2829483721
838679.1097120241
838723.774478717
838752.9036743862
838752.9036743862
839156.993558936
839156.993558936
839185.3140687199
839188.4607920293
839190.0341536839
839232.7569739989
839232.7569739989
839379.8717899739
839403.4392072067
839413.5395288778
839418.5896897134
839484.7203905898
839563.0308911285
839563.0308911285
839913.868535059
839978.3983679581
840385.3929201781
840504.5393072991
840505.8816158436
840582.1071371267
840591.6793374033
840594.8700708288
840614.014471382
840627.8776579894
840654.8118491125
840675.7606644304
840690.7241039433
840699.702167651
840707.1838874074
840710.1765753101
840713.235278387
840716.2939814639
840720.8820360792
840737.704903002
840746.8810122327
840751.469066848
840777.4680430016
840777.4680430016
840778.99739454
840783.5854491554
840874.8844352417
840970.6284430658
840989.0356741723
841014.0114151239
841047.7286654086
841070.5699157238
841228.4727114358
841253.6244928523
841253.6244928523
841435.4137791395
841436.9596344716
841469.422596444
841478.6977284362
841478.6977284362
841486.652556942
841507.1612710977
841528.9517798884
841530.2335745231
841531.5153691578
841559.8578839997
841578.80423903
841620.7568823112
841630.2300598263
841670.9614223825
841672.2157106946
841679.7414405672
841718.6408820361
841799.1793947081
841799.1793947081
841877.3578648982
842051.4673859061
842067.3660403885
842112.9550195219
842119.6445571865
842121.3169416026
842212.7369555085
842218.788346488
842374.30909466
842454.34699226
842454.34699226
842464.3482911696
842466.0151743212
842514.5143223894
842571.1773470151
842660.3968551104
842680.2674225812
842932.2803505528
843033.0745192125
843033.0745192125
843327.2931486334
843844.7090824349
844125.8842136629
844163.5128630261
844174.487885757
844187.0307688781
844187.0307688781
844391.5787865127
844503.0784159414
844503.0784159414
844878.1876389643
844896.1767739668
844898.5753253005
844900.9738766341
844918.80897623
844924.0241750014
844935.758372237
845146.3302745284
845162.6360225858
845165.2106143843
845169.5016007152
845171.2179952476
845178.083573377
845179.7999679093
845181.5163624417
845184.9491515064
845190.450416033
845192.3428510303
845194.2352860275
845197.0739385233
845199.9125910192
845200.8588085177
845209.3747660052
845214.1058534982
845217.8907234926
845221.6755934871
845223.5680284842
845226.4066809801
845229.2453334759
845231.1377684731
845233.0302034704
845235.8688559661
845239.6537259605
845242.4923784564
845247.0364229556
845249.4349742893
845253.0328012897
845256.6306282902
845259.0291796239
845269.8226606254
845273.420487626
845293.8081739622
845293.8081739622
845299.8045522964
845302.2031036301
845316.7869558906
845319.5705957412
845323.746055517
845326.5296953676
845329.3133352181
845333.4887949938
845336.2724348444
845344.6233543961
845347.4069942466
845351.5824540225
845352.9742739478
845355.7579137983
845359.933373574
845369.676113051
845378.0270326027
845379.418852528
845380.8106724533
845383.5943123038
845386.3779521543
845389.1615920048
845393.3370517807
845399.7790325416
845401.5284346611
845405.0272389001
845408.5260431392
845411.1501463184
845412.8995484379
845416.3983526769
845417.2730537367
845420.7718579757
845423.395961155
845425.1453632745
845426.894765394
845429.5188685732
845864.5423635571
845877.8939325636
845893.5285263488
845893.5285263488
846342.4537167918
846352.2679727076
846353.4947546971
846365.7625745918
846365.7625745918
846767.7069659762
846774.5615415766
846776.5199917482
846778.4784419197
846789.249917863
846789.249917863
847734.7962621964
847745.2486647972
847746.2939050574
847748.3843855775
847750.4748660977
847751.5201063578
847752.5653466178
847754.655827138
847756.7463076581
847786.3431108122
847808.1281183383
847815.3897875136
847817.8103439055
847817.8103439055
850060.7419066466
850088.963393669
850099.3277760374
850109.6921584059
850111.4195554673
850140.2461815876
850140.2461815876
850142.0726014104
850332.2623186302
850354.3884045568
850359.2020110177
850359.2020110177
850399.3337357406
850399.3337357406
850401.8423123648
850406.0232734052
850504.0888148595
850542.8562259797
850542.8562259797
850691.153813828
850693.1452715867
850717.042764691
850718.0384935703
850756.475828819
850756.475828819
850883.3239862774
850902.1713185462
850903.1505436319
851197.6222312213
851261.5469250224
851262.702190573
851423.7242032718
851462.3430802497
851477.9611702412
851487.8964539765
851500.6703902077
851512.1735343332
851556.8327997617
851569.9038042773
851572.9294997669
851591.3257283445
851602.9443990251
851614.5630697056
851625.2135178294
851709.1408094498
852898.096104035
852926.3175910574
853078.680613391
853079.6763422703
854282.0052109201
854876.1252760183
855579.610479909
856067.3195852658
856095.8931532179
856109.921377761
856110.8565927306
856153.2713422321
856518.0656942673
856893.2189274062
856903.2037225224
856904.1114311692
856905.926848463
856906.83455711
856907.7422657569
856908.6499744038
856918.6347695199
856920.4501868137
856925.8964386953
856926.8041473422
856927.7118559891
856929.527273283
856930.4349819298
856932.2503992236
856933.1581078706
856935.8812338114
856936.7889424583
856938.7804002169
856939.8641493288
856942.0316475523
856978.8791173527
857017.0964020202
857018.2021561901
857096.3971301737
857112.5928529406
859172.6843878697
859366.3949143866
859399.3859977537
859429.852000703
859547.5405527243
859547.5405527243
859561.2056938087
859562.7240428182
859565.760740837
859568.7974388557
859571.8341368745
859573.3524858839
859576.3891839026
859577.9075329121
859580.9442309309
859582.4625799402
859583.9809289497
859587.0176269684
859588.5359759778
859590.0543249872
859593.091023006
859594.6093720153
859597.6460700341
859599.1644190436
859602.2011170624
859605.2378150811
859611.3112111187
859612.5599981663
859615.0575722614
859616.306359309
859618.8039334042
859620.0527204517
859622.5502945469
859623.7990815945
859626.2966556896
859627.5454427372
859630.0430168324
859632.5405909276
859633.7893779752
859636.2869520703
859637.5357391179
859640.033313213
859642.5308873082
859643.7796743558
859647.5260354985
859650.0236095936
859652.5211836888
859656.2675448315
859657.5163318791
859660.0139059742
859661.2626930218
859663.760267117
859666.2578412122
859667.5066282598
859670.0042023549
859672.5017764501
859674.9993505452
859676.2481375928
859706.0429862698
859707.0332138846
859709.0136691142
859711.9843519587
859713.9648071884
859715.945262418
859717.9257176477
859720.896400492
859727.8279937959
859729.8084490255
859732.7791318699
859733.7693594848
859735.7498147144
859737.7302699441
859741.6911804033
859761.0556315375
859762.595985605
859767.2170478075
859768.757401875
859773.3784640775
859773.3784640775
859776.4591722124
859777.99952628
859779.5398803474
859788.7820047524
860197.5919742663
860678.5400255197
860680.0308682065
860690.4667670138
860847.1482820009
861149.2227171663
861215.8760381726
861215.8760381726
861484.260729376
861548.9556002108
861550.5729719817
861653.7986995621
861706.5778314321
861760.413206091
861760.413206091
862124.244836834
862208.5902245585
862209.294386418
864013.8631866075
864023.7654627557
864025.0857662421
864845.0602464873
864878.3153905516
865011.952108436
865011.952108436
865015.5334316429
865020.3085292522
865603.6186095554
865635.2728856425
865655.726587153
865896.6819734258
865896.6819734258
865897.4741555176
865899.0585197014
865899.8507017932
865900.6428838851
865961.860955539
865971.103079944
865982.4576899273
865983.8660136462
865988.0909848028
865990.2034703811
867534.1058534982
867539.2055257146
867539.7721559608
867541.4720466996
867544.3051979309
867545.4384584234
867546.0050886697
867548.6016855263
867550.5491331689
867551.198282383
867551.8474315972
867553.7948792396
867554.4440284538
867555.7423268821
867555.7423268821
867557.0406253104
867557.6897745245
867558.988072953
867560.2863713813
867561.5846698096
867562.2338190237
867563.532117452
867565.4795650945
867566.1287143086
867566.7778635229
867568.0761619512
867568.7253111653
867570.0236095936
867570.0236095936
867571.3219080219
867571.9710572361
867573.2693556644
867573.9185048785
867575.216803307
867575.8659525211
867575.8659525211
867577.8134001635
867578.4625493777
867579.760847806
867579.760847806
867581.7082954485
867582.3574446626
867582.3574446626
867586.8024664003
867587.4186080273
867588.0347496544
867589.2670329083
867589.8831745354
867591.7315994164
867592.9638826703
867594.1961659243
867594.8123075513
867596.0445908053
867597.8930156863
867598.5091573133
867600.3575821943
867600.9737238213
867600.9737238213
867602.8221487023
867603.4382903293
867604.0544319563
867605.2867152103
867605.9028568373
867643.6415314908
867643.6415314908
867748.836711772
867765.0104294807
867868.4342025841
867868.7917847784
868262.7703451279
871554.7765493318
876701.0884863117
876768.1268958352
876768.1268958352
877051.7940998938
877103.5940066779
877103.5940066779
877409.3927979278
877468.5533966487
877470.1102545098
877721.0229295762
877802.0070446748
877803.0467836703
878044.8053545642
878132.1324276623
878134.0963790982
878434.9605360677
878621.0793175376
878622.4381298757
878902.4304892306
878961.3380297832
878961.3380297832
879188.0286371381
879192.5396740501
879265.6789859335
879265.6789859335
880946.1942710442
881039.8092894964
881039.8092894964
881227.6499667632
881296.3387556446
881296.3387556446
881536.2489016572
881612.804498812
881612.804498812
881858.9310737398
881938.1382803965
881938.1382803965
882208.415406597
883396.0944078119
883397.3431948595
883710.1836047036
883799.1775609532
883799.1775609532
884048.236309874
884112.1444998815
884113.1732363481
884213.0596963607
884305.6074694947
884486.1754750571
884563.110659464
884564.55199077
884795.2310149069
884875.7585250499
884876.7762589873
885603.9939180464
885690.3582698522
885690.3582698522
886332.5758907082
886459.5340734571
886717.9999847187
886971.2176896217
887024.8715225514
887024.8715225514
887416.0774455795
887474.2808242728
887482.6647514116
887502.2272480688
887566.4930202707
887578.6728199329
887578.6728199329
887589.4993085216
887592.2059306689
887645.1831080617
887657.6489734793
887692.9780942703
887692.9780942703
887929.8295372062
887966.6219943613
887967.7717586473
888127.2644198076
888139.6147586702
888140.4289458201
888147.7566301698
888147.7566301698
888183.6523812071
888183.6523812071
888358.4990716616
888423.8540942398
888423.8540942398
888608.1464558868
889248.1415658738
889249.3188364825
889595.0733119905
889680.0018337549
889680.0018337549
889998.9211409012
890035.9666562245
890041.7154776548
890042.865241941
890135.2094682875
890135.2094682875
890245.7188701014
890279.8487152255
890351.1781110797
890351.1781110797
890557.0739385234
890573.2091473804
890604.9679474935
890610.4912170784
890614.6336692671
890614.6336692671
890625.6802084368
890810.6987370013
890893.0966770834
890894.2794489567
891165.4752863332
891327.9166252798
891517.7652640989
891518.8490132106
891763.1931784321
891973.468012439
891991.4241398544
892014.3974205181
892334.3069552793
892492.9194141153
892583.9983496207
892760.3358827619
892762.0687810879
892977.6908442149
893060.0722805033
893060.0722805033
893065.4910260623
893409.9141955547
893455.9157695277
893501.191176583
893578.6379785909
893578.6379785909
893697.2727481108
893726.0498628503
893726.0498628503
893812.1226476363
893822.6850755278
893823.7413183169
893827.9662894735
893992.1900381268
894919.2081235339
894920.7154700143
895341.314649409
895400.5467645688
895400.5467645688
895698.2201881127
896131.4337670673
896132.7100604374
896164.6173946927
896304.8556300093
896342.2862338496
896342.2862338496
896434.3774020278
896475.4058328685
896475.4058328685
896713.7371159621
896785.0940181388
896785.0940181388
897071.3358139961
897780.6358544916
897781.7030998098
898109.1383644436
898155.5910421076
898199.3811077408
898199.3811077408
898436.4856088448
898880.73472444
899515.1955623133
899515.1955623133
899559.2496886437
899884.3634196471
899981.4662398093
899981.4662398093
900421.5619006869
900480.2053805423
900480.2053805423
900621.3678282994
900912.1536686558
901358.9773760496
901361.4199374996
901681.9786214748
902245.2861039586
902261.4598216674
902331.5459317386
902334.2415513566
902371.9802260103
902374.4282887247
902774.3317109697
902969.9126674256
902969.9126674256
903295.3014616554
903330.0584509355
903330.0584509355
903489.3860741601
904131.0205609762
904139.3384729407
904141.1868978217
904143.9595351432
904288.7748225459
904288.7748225459
904299.0731897401
905454.1131885176
905498.6239198039
905499.586641096
905764.1699585113
905867.5332177049
905867.5332177049
906319.7976757158
906426.4781974191
906428.0680628673
908051.4582171318
908223.5652778521
908225.3256825006
908336.0551348955
908384.4772652603
908603.5101123939
908701.7131854614
908701.7131854614
908918.2759648225
909239.8523827352
909351.8746322939
909353.3654749807
909579.516958412
909580.947287189
909611.6443432483
911352.6845406826
912732.5117092888
912794.9620641967
912849.1825273726
912849.1825273726
912868.0628672285
913887.7002422084
914398.1405725899
914400.0
914714.3422550601
914740.7813323757
914858.6074160102
914858.6074160102
915229.0790730369
915984.1441331306
915984.1441331306
916350.0332368065
916472.2383270044
916752.6817900504
916752.6817900504
916964.3044338663
916966.0208283986
917149.8070737093
918174.2305488276
918730.2158482262
918886.9633783876
918888.7952994751
918888.7952994751
919131.7971561518
919212.2916587077
919212.2916587077
919493.9729062722
919530.594824227
919532.6908060117
919622.8180227539
919624.9140045386
919853.7666088525
919972.1538214687
919972.1538214687
920287.2882586205
920434.6561327638
920434.6561327638
920644.859450332
920667.2165893689
920667.2165893689
920991.7251812742
921019.9466682966
921021.5145286868
921211.3576662414
921222.0521244814
921236.7570045615
921238.0938118414
921602.2115083397
921633.6952452265
921635.0430550356
921792.5442584372
921803.2167116192
921806.2974197542
921824.7816685642
921824.7816685642
921837.1045011041
921858.6694580491
921860.2098121166
922082.5049091146
922159.434592257
922161.1069766731
922391.7034818421
922406.7109314711
922414.2146562856
922423.5943123037
922436.7258307291
922438.6017619328
922476.1203860054
922516.2466094637
922517.5008977759
922603.4031433614
922701.2871430863
922789.0653198756
922789.0653198756
922967.5043360662
923029.8666707417
923031.4290298673
923036.116107244
923037.6784663696
923130.7873684855
923207.6510364535
923207.6510364535
923370.3069247167
923374.1358048273
923469.989837942
923507.4864569565
923507.4864569565
923797.3370823433
923883.8499682912
923885.4838438558
924064.0713941886
924104.7532453641
924199.2374636114
924452.8182519731
924454.7161882349
924962.3893825595
925125.7164250949
925125.7164250949
925630.6389871561
925632.7569739989
925917.0183146265
925917.0183146265
927847.7806217958
928597.6084780599
928597.6084780599
928609.7112600188
928911.6206572483
929033.4626639873
929033.4626639873
929423.117230419
929553.2881516515
929553.2881516515
929962.9288121088
930139.8769856127
930151.9577625134
930249.0330763529
930251.1950733119
930257.6810641891
930259.8430611481
932940.8568219501
932981.2581086347
932984.4708471184
933024.0029340077
933025.3617463459
933067.4849288274
934181.5019980287
935623.7135063685
935973.3738796904
936115.3505145974
936208.6079508554
936208.6079508554
936495.0092833838
937078.2093383964
937113.0598491736
937113.0598491736
937152.8449942314
937546.7960482583
937715.9544311923
937715.9544311923
938010.6901794787
938050.4643220074
938204.4997287571
938205.3689285524
938514.1659089694
938660.8186187241
938660.8186187241
939035.9828543923
939195.574538314
939299.9775365032
939331.3347443058
939331.9618884618
939643.5975213747
940035.7276568434
940579.4176300247
941184.7437709641
941635.4128622621
946544.4497589377
946553.559852994
946555.0782020034
946556.5965510128
946558.1149000222
946558.1149000222
946559.6332490316
946559.6332490316
946559.6332490316
946565.7066450692
946565.7066450692
946565.7066450692
946567.2249940785
946567.2249940785
946567.2249940785
946568.743343088
946568.743343088
946570.2616920973
946571.7800411067
946573.2983901161
946573.2983901161
946574.8167391255
946574.8167391255
946577.8534371443
946582.4084841724
946583.9268331819
946583.9268331819
946585.4451821912
946585.4451821912
946586.9635312007
946586.9635312007
946588.48188021
946588.48188021
946591.5185782288
946593.0369272382
946593.0369272382
946594.5552762476
946594.5552762476
946596.073625257
946596.073625257
946597.5919742663
946599.1103232758
946599.1103232758
946600.6286722851
946600.6286722851
946603.6653703039
946606.7020683227
946606.7020683227
946608.2204173321
946608.2204173321
946608.2204173321
946609.7387663415
946609.7387663415
946611.2571153509
946611.2571153509
946611.2571153509
946612.7754643603
946615.812162379
946617.3305113885
946617.3305113885
946618.8488603978
946618.8488603978
946620.3672094073
946620.3672094073
946621.8855584166
946623.403907426
946623.403907426
946624.9222564354
946630.995652473
946632.5140014823
946632.5140014823
946634.51646177
946634.51646177
946636.5189220578
946636.5189220578
946636.5189220578
946642.526302921
946642.526302921
946644.5287632088
946644.5287632088
946644.5287632088
946646.5312234965
946646.5312234965
946648.5336837843
946648.5336837843
946652.5386043597
946652.5386043597
946654.5410646475
946656.5435249353
946664.5533660862
946664.5533660862
946666.555826374
946668.5582866617
946668.5582866617
946670.5607469495
946670.5607469495
946672.5632072372
946680.5730483882
946680.5730483882
946680.5730483882
946680.5730483882
946682.575508676
946682.575508676
946684.5779689637
946684.5779689637
946686.5804292514
946686.5804292514
946686.5804292514
946690.585349827
946692.5878101147
946692.5878101147
946694.5902704024
946696.5927306901
946702.6001115534
946702.6001115534
946702.6001115534
946704.6025718412
946704.6025718412
946706.6050321289
946706.6050321289
946708.6074924166
946712.6124129922
946714.6148732799
946714.6148732799
946716.6173335677
946716.6173335677
946718.6197938554
946718.6197938554
946718.6197938554
946722.6247144309
946722.6247144309
946724.6271747187
946726.6296350064
946732.6370158696
946734.6394761574
946734.6394761574
946736.6419364451
946736.6419364451
946738.6443967329
946738.6443967329
946740.6468570206
946740.6468570206
946744.6517775961
946746.6542378839
946746.6542378839
946746.6542378839
946748.6566981716
946748.6566981716
946750.6591584593
946750.6591584593
946752.661618747
946754.9666485838
946757.2716784205
946759.5767082572
946766.4917977673
946766.4917977673
946768.7968276041
946771.1018574408
946773.4068872775
946775.7119171142
946775.7119171142
946778.0169469509
946782.6270066244
946784.9320364611
946784.9320364611
946787.2370662978
946787.2370662978
946789.5420961345
946789.5420961345
946791.8471259712
946791.8471259712
946796.4571856448
946796.4571856448
946798.7622154815
946801.0672453182
946805.6773049916
946807.9823348284
946807.9823348284
946810.2873646651
946810.2873646651
946812.5923945018
946819.5074840119
946819.5074840119
946821.8125138487
946821.8125138487
946824.1175436854
946824.1175436854
946826.4225735221
946826.4225735221
946828.7276033588
946833.3376630322
946835.642692869
946837.9477227057
946837.9477227057
946840.2527525424
946842.5577823791
946851.777901726
946851.777901726
946854.0829315627
946854.0829315627
946854.0829315627
946860.9980210728
946860.9980210728
946863.3030509095
946863.3030509095
946870.2181404197
946872.5231702564
946872.5231702564
946874.8282000931
946874.8282000931
946877.13322993
946877.13322993
946879.4382597667
946879.4382597667
946884.0483194401
946884.0483194401
946886.3533492768
946896.8387594648
946896.8387594648
946898.7972096364
946898.7972096364
946898.7972096364
946900.7556598079
946900.7556598079
946902.7141099795
946902.7141099795
946910.5479106656
946910.5479106656
946912.5063608371
946912.5063608371
946914.4648110087
946914.4648110087
946916.4232611802
946918.3817113517
946920.3401615232
946920.3401615232
946922.2986116947
946924.2570618663
946930.1324123809
946932.0908625524
946932.0908625524
946934.0493127239
946934.0493127239
946936.0077628955
946936.0077628955
946937.9662130671
946937.9662130671
946941.8831134101
946943.8415635816
946943.8415635816
946943.8415635816
946945.8000137531
946945.8000137531
946947.7584639248
946947.7584639248
946951.6753642678
946951.6753642678
946953.6338144393
946955.5922646108
946961.4676151255
946961.4676151255
946963.426065297
946963.426065297
946965.3845154685
946967.34296564
946967.34296564
946969.3014158115
946979.0936666692
946979.0936666692
946981.0521168407
946981.0521168407
946983.0105670122
946983.0105670122
946983.0105670122
946984.9690171838
946984.9690171838
946988.8859175269
946988.8859175269
946990.8443676984
946990.8443676984
947000.6366185561
947000.6366185561
947002.5950687276
947002.5950687276
947004.5535188991
947004.5535188991
947006.5119690706
947006.5119690706
947006.5119690706
947011.4521046156
947012.9429473025
947012.9429473025
947014.4337899892
947014.4337899892
947014.4337899892
947015.924632676
947015.924632676
947017.4154753627
947018.9063180494
947020.3971607363
947021.888003423
947023.3788461097
947027.85137417
947027.85137417
947029.3422168568
947029.3422168568
947029.3422168568
947030.8330595435
947030.8330595435
947032.3239022302
947032.3239022302
947036.7964302906
947036.7964302906
947038.2872729773
947038.2872729773
947039.778115664
947039.778115664
947041.2689583508
947042.7598010376
947042.7598010376
947048.7231717845
947051.7048571581
947059.1590705919
947059.1590705919
947059.1590705919
947060.6499132786
947060.6499132786
947062.1407559654
947062.1407559654
947063.6315986521
947063.6315986521
947068.1041267124
947068.1041267124
947069.5949693992
947069.5949693992
947071.0858120859
947071.0858120859
947072.5766547727
947072.5766547727
947075.5583401462
947075.5583401462
947077.0491828329
947077.0491828329
947091.9576097005
947091.9576097005
947093.4484523872
947093.4484523872
947094.9392950741
947094.9392950741
947097.9209804476
947097.9209804476
947097.9209804476
947103.2682095675
947103.2682095675
947104.6050168476
947104.6050168476
947105.9418241276
947105.9418241276
947107.2786314077
947107.2786314077
947109.9522459676
947109.9522459676
947111.2890532477
947113.9626678076
947116.6362823676
947119.3098969277
947120.6467042076
947120.6467042076
947121.9835114877
947121.9835114877
947123.3203187677
947123.3203187677
947124.6571260476
947124.6571260476
947128.6675478877
947130.0043551677
947130.0043551677
947131.3411624477
947131.3411624477
947132.6779697278
947132.6779697278
947134.0147770077
947134.0147770077
947136.6883915678
947140.6988134078
947142.0356206878
947150.0564643678
947150.0564643678
947151.3932716479
947151.3932716479
947152.7300789278
947152.7300789278
947152.7300789278
947154.0668862078
947156.7405007678
947158.0773080479
947158.0773080479
947159.4141153279
947159.4141153279
947160.7509226078
947160.7509226078
947160.7509226078
947162.0877298879
947163.4245371679
947164.7613444478
947166.0981517279
947172.782188128
947172.782188128
947172.782188128
947174.118995408
947174.118995408
947175.4558026879
947175.4558026879
947176.792609968
947176.792609968
947182.1893504687
947182.1893504687
947183.5426615423
947183.5426615423
947184.8959726159
947184.8959726159
947186.2492836894
947186.2492836894
947188.9559058367
947188.9559058367
947190.3092169103
947191.6625279838
947197.0757722781
947197.0757722781
947202.4890165725
947203.8423276461
947205.1956387197
947205.1956387197
947206.5489497933
947206.5489497933
947213.3155051612
947214.6688162348
947214.6688162348
947216.0221273084
947216.0221273084
947217.375438382
947217.375438382
947341.7590293324
949516.1063272182
949530.5086377494
949693.7201537298
949745.9711642051
949751.1368515957
949823.208918161
949824.3036698019
949829.777428006
949829.777428006
949831.9669312877
949833.0616829285
949834.1564345693
949940.1713032648
950177.611381505
950177.611381505
950180.6645833174
950223.4094086904
950245.7445426692
950245.7445426692
950245.7445426692
951115.5714820559
951352.351408553
951359.5525638185
951371.3637787574
951377.332650769
951411.952108436
952559.0262761788
952566.5960161677
952566.5960161677
952802.7763048311
952819.6376806058
952942.4644136952
952946.0402356376
952950.3312219684
952980.7972249176
952980.7972249176
952982.7281687665
952989.8082962125
952990.4519441621
953635.8492959145
953640.156786039
953642.5498361081
953643.5070561358
953644.9428861773
953645.9001062049
953647.3359362464
953647.8145462603
953648.771766288
953874.576670054
953875.7484393982
953884.8860397772
953885.353647262
953887.6916846859
956353.7325315749
956354.1121188273
956355.080341384
956355.080341384
956355.6414703658
957204.9761993903
957310.5509669236
957310.930554176
957354.1264832403
957354.396045202
958570.8301560984
958573.9988844658
958596.8456360454
958602.0058221716
958636.20168247
958636.20168247
958643.397336471
958646.9951634716
963667.7297350988
964089.2696307277
964095.3760343523
964145.0194454419
964145.0194454419
964415.4341032557
964472.6307505406
964472.6307505406
964760.8860092146
964767.2454710075
964831.0821445762
964831.0821445762
964853.0596963607
964986.5588826321
964988.0662291123
965129.8558210256
965177.0566706653
965177.0566706653
965331.7247228356
965357.1460662138
965358.5433874036
965646.3145347993
965954.3633432407
966021.0661756279
966021.0661756279
967049.3020270631
967109.6508989219
967119.6632003606
967159.4263403602
967479.3138700632
967524.0061430788
967583.5188227294
967716.6164166903
967927.0837949556
967937.5582026145
968175.8014654757
971362.5134666371
971382.9011529733
971382.9011529733
971675.5024106236
975981.210125383
975995.0733119905
975999.694374193
976795.4632905202
976811.405955119
976813.1773622965
976816.7201766517
976824.6860076864
976826.1603465796
976827.6346854728
976829.109024366
976832.0577021524
976835.0063799387
976836.4807188319
976837.9550577251
976840.9037355115
976842.3780744046
976843.8524132977
976845.326752191
976846.8010910841
976849.7497688704
976851.2241077636
979496.8372313358
979583.3281122259
979611.0544854408
979611.0544854408
980125.2851870812
980559.9566011353
980622.6050015663
980622.6050015663
980878.2817717128
980977.6181052728
980977.6181052728
981268.4314519519
981374.9799433064
981376.4542821996
981667.2951352012
981754.1215932274
981754.1215932274
982070.6093414528
982806.9811046845
982914.8113906739
982916.170203012
983210.5098602526
983224.0649760466
983230.8425339436
983302.9751144188
983304.1908938792
983388.1897019385
983574.4405137569
983588.8153179655
983677.4131831692
983677.4131831692
983851.5942206159
983943.4653382131
983943.4653382131
984208.3842327647
984249.6107091282
984250.8649974404
984528.161737177
984612.2540667334
984612.2540667334
984891.1461731829
984975.8271380436
984975.8271380436
984997.9257176477
985359.9969437419
985582.0389825717
985583.6673568715
985821.6520603
986289.4135804827
986522.7772217087
986524.7906845255
986963.2744748966
987067.0613314587
987067.0613314587
987407.9086790088
988242.7915861215
988244.2549224857
988761.1977475379
988825.8376057275
988906.6236753032
988906.6236753032
991955.3144507522
993700.8381787759
993758.7664942427
993758.7664942427
994165.6345173786
994221.928957281
994221.928957281
994591.8779941779
994680.459355588
994680.459355588
995140.9261990082
995244.7680682157
995246.9300651747
996884.9370792869
997870.8517027178
998491.0862705247
999353.6130318843
999353.6130318843
1000405.0092069774
1001392.5136958564
1002298.1428647835
1002298.1428647835
1002711.7444357002
1003101.8060957068
1003127.2439428786
1003127.2439428786
1003871.9611243973
1004338.4023410938
1004338.4023410938
1004524.7521756737
1004645.5929522688
1004645.5929522688
1005095.7449247015
1005195.1032633195
1005195.1032633195
1005537.2764156206
1006688.7625975137
1006694.6599530865
1007496.9423666134
1007496.9423666134
1007756.2554726122
1007834.483454183
1007836.3923929738
1008240.1852092391
1008280.234414994
1008280.234414994
1008544.3831325117
1009066.6731866838
1009066.6731866838
1009894.9875839516
1010236.4675769222
1010236.4675769222
1010573.3155051613
1010636.3709991672
1010669.0485104562
1010669.0485104562
1011199.4254234828
1011243.435539697
1011245.6360455076
1011368.3802596291
1011398.3346449774
1011400.3316040006
1011482.99360478
1011780.2269271618
1011830.1454014777
1011830.1454014777
1011903.0041488704
1011917.6595175696
1011934.9664957708
1011936.5398574255
1012004.1944085758
1012034.8749608417
1012128.0663819253
1012152.9375988509
1012154.6209857961
1012154.6209857961
1012174.8216291384
1012203.4392072067
1012203.4392072067
1012433.4690821293
1012456.9484791296
1012459.082969766
1012642.3245898883
1012664.7697491576
1012713.868535059
1012716.6741799677
1012740.9897691761
1012742.8601991152
1012784.0096577755
1012785.8800877145
1013105.5695718946
1013154.4758135377
1013154.4758135377
1013399.6561709672
1013415.6098380948
1013418.8005715203
1013421.8922821843
1013421.8922821843
1013448.8264733074
1013450.3228172587
1013522.4113876176
1013522.4113876176
1013790.2844612199
1013828.9968596948
1013828.9968596948
1014095.5441285463
1014369.3310615149
1014420.7568823112
1014420.7568823112
1020655.6260362626
1020660.5331642204
1020691.2027139572
1020692.4294959467
1020710.6826916465
1023238.6347695199
1023290.7207420594
1023290.7207420594
1023494.1410004661
1023557.6861070149
1023558.8963852108
1023714.9012446611
1023948.46293141
1023948.46293141
1024085.8075015855
1024183.509959581
1024184.5001871958
1024319.7982869674
1024702.7193056182
1024709.6123900702
1024709.6123900702
1024740.1389069293
1024819.4781439345
1024824.8583806417
1024975.5765248818
1025000.3047089296
1025001.2234201056
1025015.9227989211
1025016.8415100971
1025785.3681644878
1025789.6591508186
1025805.964898876
1025805.964898876
1025807.6812934084
1030362.7283215795
1030369.0657783144
1030377.9998319058
1030377.9998319058
1031953.8590606591
1031962.2980004431
1032013.1406871997
1032014.3619679246
1032194.6989203768
1032283.5718488069
1032284.5895827444
1032517.9257176477
1032594.9434210224
1032594.9434210224
1032820.1541882197
1032988.48188021
1032988.48188021
1035828.5206946874
1035859.1187279854
1035865.934794734
1035870.8034138402
1035941.824738881
1035996.3477716058
1036215.5456566752
1036307.3507590981
1036675.0387762742
1036698.8812567333
1036698.8812567333
1037722.5180510242
1037731.7766792228
1037744.1215168209
1038051.3836444349
1038057.1269646009
1038066.6991648774
1038080.1002452647
1038567.7543379763
1038580.1431856906
1038587.6469105051
1038591.7398513131
1038882.7127346633
1038884.8252202416
1038888.6981104685
1038891.1626769764
1039045.8087240887
1039050.6223305496
1039068.9525439529
1039074.33278066
1039373.2164823998
1039376.7923043423
1039380.7972249176
1039529.5789240444
1039532.9126903475
1039535.6908289336
1039539.580222954
1041494.2840333438
1041495.1917419906
1041499.7302852253
1041500.0328547743
1041504.3898562795
1045738.520618281
1045898.3763629
1045898.8714767074
1045901.3470457445
1046032.2221288366
1046059.139816166
1046059.139816166
1046219.6667150575
1046491.3576662414
1046491.8527800487
1046632.3000634174
1046716.7334713744
1046716.7334713744
1046846.8713850197
1046905.8229356887
1046906.3730621414
1046910.7740737628
1046912.9745795735
1047098.8623079333
1047124.7237524737
1047124.7237524737
1047255.7803772951
1047291.5936093644
1047291.5936093644
1047509.4766922119
1047667.3409790723
1047668.5677610618
1047835.7566912951
1047880.5644908656
1047881.8022753842
1048414.9518257321
1048554.0678030853
1048554.0678030853
1048863.1068391416
1048913.7019689942
1048913.7019689942
1049085.941060063
1049132.734816128
1049132.734816128
1049326.1812819475
1049526.8068979746
1049526.8068979746
1049749.756645451
1049828.1551662222
1049829.5139785602
1050068.5879323648
1050399.2359354824
1050399.2359354824
1050533.6318278715
1050597.8480886926
1050597.8480886926
1050880.3600272005
1051005.453281275
1051006.7625822325
1051152.9366819735
1051236.2533332314
1051249.1813048695
1051345.860527663
1051668.4491782486
1051668.4491782486
1051703.6022585747
1051731.7247228355
1051755.7487450242
1051757.146066214
1051848.3130219516
1051848.3130219516
1052078.9920460884
1052092.0575493395
1052428.0692853704
1052428.0692853704
1052450.7179914273
1052626.7089449032
1052635.4229479136
1052677.2600646398
1052704.5958480735
1052717.842893054
1052830.5307956203
1052836.5161714256
1053188.2670252677
1053188.2670252677
1054315.3000863395
1055261.726632997
1055643.5694038004
1055644.8566996998
1055961.5975060933
1056418.9671375852
1056418.9671375852
1056576.6388801872
1056619.0646322176
1056619.0646322176
1056750.4898417622
1056766.3114785412
1056869.9663047546
1056919.3071462954
1056934.028530169
1057089.9618731805
1057091.700272771
1057112.5610678566
1057124.7298649899
1057154.2826580277
1057156.021057618
1057220.5233841946
1057220.5233841946
1057295.8301943017
1057338.608027262
1057340.049358568
1057353.021340322
1057436.1784549088
1057539.4922027215
1057572.318248153
1057583.4473062905
1057583.4473062905
1057631.2312899702
1057631.2312899702
1057665.5811856752
1057665.5811856752
1057683.9003965494
1057684.918130487
1057686.953598362
1057687.9713322993
1057693.0600019866
1057739.7272289672
1057767.3105693045
1057768.5098449714
1057897.6575310018
1057908.3079791258
1057912.1808693525
1057935.0661297839
1057935.0661297839
1058153.9559440399
1058320.9468287502
1059071.616378487
1059247.0076941296
1059248.1464558868
1059439.8820284384
1059496.1269569602
1059496.1269569602
1059695.38275812
1059747.2816876657
1059756.1002147023
1059763.6589521621
1059894.63855928
1059894.63855928
1059957.4630001758
1060008.3496970483
1060008.3496970483
1060028.9794390239
1060044.0088937108
1060080.8453609822
1060088.008007396
1060151.4815975062
1060190.2215023036
1060204.4422711052
1060204.4422711052
1060348.899976314
1060422.5178982113
1060470.114838897
1060485.2543188746
1060485.2543188746
1060532.3231381658
1060660.5246066977
1060669.7667311027
1060677.853589957
1060688.2509799127
1060694.027307666
1060703.269432071
1060807.7054378472
1060807.7054378472
1060876.8233253616
1060933.1012614705
1060946.12825587
1060946.94244302
1060951.0133787699
1060963.2261860191
1060964.0403731691
1060989.2966786115
1061019.399598102
1061020.3403143361
1061065.296648049
1061065.296648049
1061243.8016794138
1061317.0785229104
1061317.0785229104
1061488.4759205068
1061566.0877604503
1061566.0877604503
1061765.46458943
1061884.1158627435
1061894.2161844147
1061934.6174710994
1062099.8754574836
1062101.3057862606
1062266.4757524126
1062266.4757524126
1062555.4681805333
1062650.1559455679
1062651.7843198678
1062684.3518058665
1062780.2718541555
1062918.6231557394
1062978.9665263335
1062980.099786826
1063236.480718832
1063517.2652602787
1063522.9095576832
1063524.04831944
1063525.1870811973
1063527.4646047114
1063528.6033664683
1063532.0196517394
1063532.0196517394
1063534.2971752535
1063535.4359370107
1063536.5746987676
1063536.5746987676
1063537.7134605248
1063539.9909840387
1063539.9909840387
1063542.2685075528
1063542.2685075528
1063544.546031067
1063545.684792824
1063546.823554581
1063912.1020178944
1064342.6914936698
1064343.7752427815
1064605.657439314
1064735.3112416812
1064735.3112416812
1065091.8261906037
1065102.1245577978
1065346.3256901412
1065346.3256901412
1065593.2609509549
1066295.6073930883
1066295.6073930883
1066374.104936621
1066499.6988057673
1066500.5074916526
1066621.6288327386
1066761.6910275903
1067053.9402043107
1067053.9402043107
1067161.610953629
1067162.9422596444
1067295.588749914
1067303.4555581873
1067426.3868153028
1067723.730162975
1067801.5180433835
1067801.5180433835
1067946.025259973
1068076.273198909
1068085.2512626166
1068134.9111775
1068218.5744084232
1068218.5744084232
1068427.5069338854
1068428.6787032296
1068429.850472574
1068429.850472574
1068431.1652747958
1068432.4800770178
1068436.4244836834
1068437.7392859054
1068439.054088127
1068440.368890349
1068441.683692571
1068441.683692571
1068441.683692571
1068444.3132970147
1068444.3132970147
1068445.6280992366
1068450.8873081242
1068452.2021103462
1068453.5169125681
1068458.7761214557
1068461.4057258994
1068487.7017703375
1068495.5905836688
1068660.0783930195
1068660.0783930195
1068790.5958939174
1068999.0773156886
1069000.3536090588
1069343.3464497742
1069450.4450675815
1069452.067940617
1070238.2591554031
1070253.8167314848
1070268.2630521322
1070268.2630521322
1070350.5289618655
1070351.7062324742
1070444.5675776862
1070467.8049190473
1070468.8611618364
1070606.2497421282
1070644.59355588
1070644.59355588
1070837.836474912
1070950.5023724202
1070950.5023724202
1071231.4354480093
1071879.9135078967
1071948.8718587398
1071950.43971913
1072115.422642288
1072159.2402142438
1072260.3809625686
1072260.3809625686
1072471.4314748736
1072528.20452479
1072538.7999602687
1072605.2442332231
1072677.6298718664
1072824.1175436855
1072870.427188472
1072902.6425935407
1072902.6425935407
1072960.251835665
1073045.961536992
1073048.0520175123
1073118.6222388619
1073132.8485089282
1073132.8485089282
1073547.016710091
1073639.1518883854
1073639.1518883854
1074194.7631017962
1074217.4833242919
1074249.2916357857
1074301.5481475254
1074303.820169775
1074831.892052965
1074982.2966251269
1074999.0644794046
1075099.198496321
1075099.198496321
1075523.6100520326
1075541.3626326607
1075554.0430473948
1075566.723462129
1075576.8677939165
1075607.3007892787
1075619.9812040129
1075703.83147793
1076622.3336058499
1076846.0150215086
1078009.2243981082
1078009.2243981082
1078130.477769543
1078183.240397619
1078184.5386960476
1078290.9221494664
1078296.6984772196
1078318.8410669398
1078319.803788232
1078449.353066573
1078469.0861024305
1078469.0861024305
1078685.340810978
1078753.1879063868
1078753.1879063868
1078969.041022624
1079058.8656698172
1079196.9804170264
1079196.9804170264
1079450.9352913762
1079565.4881226171
1079717.9941778283
1079717.9941778283
1079885.7937484242
1080421.3418501057
1080481.1681018344
1080481.1681018344
1080702.8965685861
1080704.7614972608
1080725.2757126812
1080740.1951420777
1080740.1951420777
1080743.9249994268
1080747.6548567761
1080883.5470931164
1081294.1724799243
1081294.1724799243
1081703.1419861093
1081821.0285836537
1081887.8689476538
1081887.8689476538
1081908.2676365192
1081909.967527258
1082309.430848341
1082387.4387793306
1082387.4387793306
1082567.495167292
1082571.621115687
1082606.0040189794
1082641.5641928804
1082963.2011247028
1082963.2011247028
1083887.8536663635
1084224.6410806929
1084226.951611794
1084232.7279395473
1084237.3490017497
1084247.7463917052
1084295.0792716937
1084340.8277874985
1084448.8451164817
1084520.416567975
1084554.7169522995
1084557.0824960459
1084590.9812880598
1084637.7200314794
1084766.4936315222
1084766.4936315222
1084928.6709097717
1085500.7419066466
1085500.7419066466
1085827.2694626334
1086242.2298458882
1086741.634639629
1086832.240466385
1086832.240466385
1086930.074954729
1086930.074954729
1087449.4823462893
1087920.137531613
1088148.0329158993
1088161.51101399
1088263.1963875028
1088314.7377348542
1088377.655697247
1088384.642303196
1088439.7429686962
1088441.2943252928
1088654.743388932
1088751.681171158
1088751.681171158
1088941.2492454862
1088951.344065893
1089036.1405573087
1089512.280503366
1089512.280503366
1089592.4724363724
1089602.209674585
1089683.6338908456
1089762.588039334
1089778.0355901252
1090059.1171998563
1090266.4598598706
1090705.4057564621
1090705.4057564621
1090937.6416384599
1091304.5924861897
1091307.0790577556
1092024.4494533117
1092030.528350614
1092032.9599095348
1092034.1756889953
1092035.3914684555
1092037.8230273766
1092039.0388068368
1092040.2545862973
1092041.4703657576
1092042.686145218
1092043.9019246786
1092046.3334835994
1092047.5492630599
1092048.7650425201
1092051.1966014411
1092052.4123809014
1092053.628160362
1092054.8439398224
1092057.2754987432
1092058.4912782034
1092059.707057664
1092099.6462381282
1092328.4988424422
1092372.5144599208
1092372.5144599208
1092403.9541866914
1092406.050168476
1092414.434095615
1092418.6260591843
1092618.1954324222
1092619.8073029285
1092635.810481437
1092713.6203669037
1092741.2587198864
1093201.3789836415
1093568.2033022868
1093824.650249467
1093824.650249467
1099277.1625700074
1099421.5762651
1099673.6662107748
1099673.6662107748
1100266.1634028377
1100796.3972829867
1100800.4572162074
1100816.6969490903
1100868.4528457583
1100869.7071340703
1103605.9040793404
1103649.1055096693
1104154.0115679367
1104155.3153676298
1104325.667524966
1104344.613879996
1104344.613879996
1104716.2958152187
1104728.7231717845
1104742.2397787268
1104743.7416239427
1105222.2526150108
1105229.679322122
1105230.9171066405
1105255.672797011
1105256.9105815296
1105735.7956585854
1105742.8812872958
1105742.8812872958
1105743.8935199687
1105754.7530161447
1105754.7530161447
1106176.6669977612
1106182.37731034
1106196.6530917871
1106197.60481055
1106203.315123129
1106832.8413267217
1106960.9272686986
1106970.6094942656
1107072.800984115
1107072.800984115
1107094.8830599256
1107266.9076016778
1107628.9128125978
1107647.8976764798
1107822.1502303653
1107822.1502303653
1109519.9614911482
1109529.4236661342
1109542.8357490506
1109552.4629619725
1109555.351125849
1109556.313847141
1109562.0901748943
1109562.0901748943
1109567.8665026475
1109580.3818794459
1109584.2327646145
1109589.0463710756
1109592.644198076
1109597.6613513245
1109598.4975435324
1109601.8423123648
1109603.5146967808
1109606.0232734052
1109611.0404266536
1109611.8766188617
1109622.7471175666
1109622.7471175666
1109625.2556941907
1109627.764270815
1109631.9452318554
1109640.307153936
1109644.0920239305
1109645.5663628236
1109649.2522100566
1109650.7265489497
1109655.1495656292
1109657.3610739692
1109660.3097517553
1109662.521260095
1109663.9955989884
1109666.207107328
1109668.4186156678
1109669.1557851145
1109674.3159712406
1109684.636343493
1109688.0471274995
1110123.7142704332
1110148.1948975772
1111833.9858953692
1111899.3904293277
1112209.3976879409
1112210.255885207
1112231.7108168614
1112245.8215603726
1112259.7617646835
1112269.719053477
1112277.6848845119
1112896.9622322908
1113051.9548590682
1113061.697598545
1113109.0194760046
1113109.0194760046
1113191.6044590804
1113196.5555971547
1113709.2404434632
1113745.7138272757
1114120.6029997172
1114599.9281779353
1114599.9281779353
1116238.105731248
1119243.5125574004
1119342.9314099282
1119573.4068872775
1119575.7119171142
1121374.6804300155
1121383.240397619
1121487.2363022333
1121494.8610548675
1121527.9016496153
1121527.9016496153
1121534.2556101438
1121535.5264022492
1122095.1535387647
1122116.7900121487
1122505.5203661397
1122505.5203661397
1123852.890074038
1123856.3558706897
1123857.3460983045
1123873.9049045302
1123873.9049045302
1123876.9416025488
1124254.9224856547
1124270.4360516202
1124288.5352119133
1124321.6803306872
1124321.6803306872
1124463.8275047946
1124508.321732287
1124536.3561763153
1124542.941189954
1125115.6943436305
1125310.9012140986
1125310.9012140986
1126459.279181534
1126466.3208001284
1126536.5389405482
1126536.8360088326
1126541.5891013837
1126541.8861696683
1128067.0512458072
1128109.3284636955
1128170.414505001
1128170.9426263953
1128171.1516744473
1129111.6808655323
1131997.4571932852
1132003.0684831026
1132007.2769504655
1132032.6102736115
1132032.6102736115
1132752.5387571726
1132760.9776969566
1133915.4620680169
1135056.2978017863
1140674.7117566606
1140721.8465911262
1140721.8465911262
1140727.0837949556
1140728.393095913
1140729.7023968706
1140731.0116978278
1140732.3209987853
1140733.6302997426
1140734.9396007
1140736.2489016573
1140737.5582026148
1144268.6108543004
1144683.2191566257
1144697.1923685237
1144911.8407078295
1144934.5334240024
1145176.759602381
1145178.0744046029
1145207.0000534847
1145210.9444601503
1145277.223695169
1154370.8139579305
1154376.4912629223
1154433.2643128387
1154433.2643128387
1154733.3197839225
1159397.8804850283
1159410.4233681492
1159471.201338641
1159473.5723836522
1163006.0608653796
1163381.3296250736
1163413.0774226575
1163666.174099741
1163667.499904492
1163763.7060185361
1171431.1154577893
1171564.086522666
1172060.801198053
1172068.0628672284
1172069.5152010634
1172069.5152010634
1172070.9675348985
1172073.8722025687
1172073.8722025687
1172075.3245364036
1172078.2292040738
1172079.681537909
1172081.133871744
1172082.586205579
1172084.038539414
1172086.9432070842
1172088.3955409194
1172089.8478747543
1172091.3002085895
1172091.3002085895
1172092.7525424245
1172094.2048762597
1173045.285492707
1173270.5182649624
1173424.960765287
1173605.5782822303
1173618.5942741006
1173633.4696933809
1174439.5919895477
1174551.8838010682
1174880.0782402065
1175047.195654001
1175117.0122021104
1175273.292124787
1175275.0030180549
1176251.6645145516
1176261.2367148283
1177286.083787315
1177331.7827917389
1177848.0434599896
1177868.7832272556
1177870.8572039823
1177870.8572039823
1177872.9311807088
1177875.0051574355
1177875.0051574355
1177877.079134162
1177879.1531108886
1177881.2270876153
1177881.2270876153
1177883.3010643418
1177887.449017795
1177887.449017795
1177889.5229945215
1177891.5969712483
1177893.6709479748
1177895.7449247013
1177897.818901428
1177899.8928781545
1177901.9668548813
1177926.5079959352
1177945.0472573906
1177961.7325927003
1177978.41792801
1178059.4845620764
1178092.45914165
1178151.757271984
1178305.4626028622
1178306.870926581
1178713.8269699493
1179926.4652083223
1179940.3779063104
1180079.455374812
1180081.314802222
1180174.2861727246
1180252.8717364895
1180343.681110033
1180343.681110033
1180525.8719886309
1180525.8719886309
1180569.2769657471
1180576.5111285998
1180841.782104081
1182775.2510333972
1182784.9167551708
1182827.7220944536
1182854.117161653
1182854.117161653
1182884.8142177125
1183430.4296334782
1183440.8270234338
1183451.2244133893
1183452.7097548116
1184190.3468088845
1184204.3255220472
1184206.3224810704
1184226.2920713027
1184228.2890303258
1184701.348268248
1184813.6950924136
1184902.6505398115
1184928.0663819253
1184942.8372771798
1184944.520664125
1184946.2040510701
1184946.2040510701
1184947.8874380153
1184961.3545335769
1184963.037920522
1184998.3890463712
1185222.7966289474
1185337.2119285753
1185359.5580650829
1186010.1266054907
1186044.135422795
1186274.2643204792
1186278.753352333
1186410.5196402783
1186411.9499690554
1186447.7081884795
1186449.1385172564
1186502.5557958113
1186502.5557958113
1186538.0719595964
1186541.0316399117
1187219.4035712376
1188695.0572666356
1189397.1451493364
1189405.7931371727
1189405.7931371727
1189410.1171310907
1189410.1171310907
1189412.2791280497
1189414.4411250087
1189416.6031219678
1189416.6031219678
1189418.7651189268
1189420.9271158858
1189423.0891128448
1189425.2511098038
1189425.2511098038
1189429.5751037218
1189429.5751037218
1189433.8990976398
1189436.0610945988
1189438.2230915579
1189440.3850885169
1189442.547085476
1189444.7090824351
1189449.0330763531
1189449.0330763531
1189451.1950733121
1189453.3570702712
1189455.5190672302
1189457.6810641892
1189459.8430611482
1189462.0050581072
1189464.1670550662
1189466.3290520252
1189468.4910489842
1189468.4910489842
1189470.6530459432
1189477.1390368203
1189477.1390368203
1189479.3010337793
1189481.4630307385
1189483.6250276975
1189485.7870246565
1189487.9490216156
1190635.2157336164
1190735.173710068
1190958.5415536487
1191389.5326217345
1191609.346648431
1191610.6504481237
1191815.3139923133
1191815.3139923133
1191836.5268683287
1191839.1784778305
1191840.5042825816
1191841.8300873325
1191843.1558920834
1191845.8075015855
1191847.1333063364
1191848.4591110873
1191849.7849158382
1191851.110720589
1191853.762330091
1191855.088134842
1191860.3913538458
1191861.7171585967
1191863.0429633479
1191865.4855247978
1191866.7068055228
1191869.1493669725
1192183.6676624974
1192189.289954844
1192218.5676846553
1192218.5676846553
1192236.2322450508
1192292.8457582959
1192294.8702236416
1192541.4148946737
1192889.116817824
1193919.239602992
1193946.1847966444
1194404.2805950535
1194406.8221792646
1194556.352050367
1194556.352050367
1194557.8924044345
1194560.9731125694
1194564.0538207046
1194564.0538207046
1194566.9584883747
1194566.9584883747
1194569.8631560449
1194578.5771590553
1194580.0294928902
1194580.0294928902
1194582.9341605604
1194584.3864943956
1194585.8388282305
1194585.8388282305
1194590.1958297358
1194591.6481635708
1194593.100497406
1194774.2351332146
1194774.7742571384
1194775.8525049856
1194878.6161263457
1194883.6662871814
1194884.507980654
1194885.3496741266
1194886.1913675992
1194887.8747545443
1194888.716448017
1194890.399834962
1194891.2415284347
1194892.0832219073
1194892.0832219073
1194892.9249153798
1194892.9249153798
1194893.7666088524
1194894.6083023252
1194895.4499957976
1194896.4072158253
1194896.4072158253
1194897.364435853
1194898.3216558807
1194898.3216558807
1194899.278875908
1194934.6960169317
1195068.2612183774
1195068.9048663268
1195069.5485142765
1195094.5407590219
1195095.1734044424
1195116.0507033216
1195116.0507033216
1195119.2139304243
1195143.5075145746
1195200.1100252904
1195381.431704093
1195445.1638536358
1195665.7865662177
1195665.7865662177
1195748.4650707904
1196110.7728512597
1196968.6565453587
1197208.7537343653
1197209.721956922
1199999.512221212
1200078.4388633776
1200078.4388633776
1201535.8338618113
1201855.4298244943
1201856.6621077482
1202354.8346182352
1202360.6109459882
1202394.465727886
1202404.5880546153
1202415.7226140175
1202436.6934343935
1202471.3514009123
1202483.2341322901
1202495.942053347
1202501.3883052284
1202505.019139816
1202694.3726648279
1202770.015052071
1202776.561556858
1202898.5520977392
1202904.6585013638
1202914.8358407384
1203019.546909741
1203019.546909741
1203125.7598239596
1203126.8160667487
1203687.0538436268
1204337.5343638018
1207425.5701831463
1207546.6200077934
1207552.1267735849
1207556.0601777213
1207559.2069010306
1207559.993581858
1208300.54630613
1208744.9109482805
1208758.471565339
1208793.822691188
1208842.6409125987
1208857.411807853
1209237.1145867556
1209270.650295311
1209305.1597276875
1209334.272419563
1209402.036996004
1209443.4340115678
