41247.83227255709
41263.697919452316
64959.36613207619
64960.812964646735
64966.6002949289
200995.24599057145
201118.85940448812
201118.85940448812
221932.14006830734
221944.03930347878
221945.73919421755
221954.2386479114
221962.7381016053
221966.13788308285
221969.5376645604
221979.73700899302
221981.4368997318
221983.13679047057
221984.83668120936
284537.0640056847
284693.20089548366
284693.20089548366
439662.85439222486
589033.144813148
589061.6083558096
589061.6083558096
663236.7258307291
717705.7746468112
798926.7246846324
798935.8017711015
799068.5197778101
799068.5197778101
799072.7227439085
799073.7734854331
799077.9764515316
799493.8665484914
799501.78836941
799501.78836941
799504.9570977774
799575.444800159
808535.7889348177
808626.5818045676
808626.5818045676
815704.0466384982
815715.2252080166
863411.1666501119
863451.6724608226
863451.6724608226
885520.9468287502
894243.3887789486
937271.5237738675
937366.250047754
937366.250047754
950615.6825770368
998644.7916014028
998698.252890074
998744.1664438145
998879.5415612893
998881.500011461
998897.1676128332
998952.0042176361
1022565.7531001918
1022573.0697820124
1022575.1602625326
1022578.2959833129
1022580.386463833
1022586.6579053935
1022589.7936261739
1022590.838866434
1022601.2912690347
1022607.5627105953
1022757.4171563047
1022757.4171563047
1066144.801228616
1066149.8733945093
1066151.050665118
1066154.5824769442
1066155.759747553
1070095.6608776045
1070134.692349422
1079633.8138280394
1112285.6507155464
1162518.4727878424
1162530.0584509356
1162531.9893947847
1162539.3500867214
1162544.0536678918
1174251.366223764
1174258.2538069515
1174261.6975985453
1174265.141390139
1174268.5851817327
1174272.0289733266
1174275.4727649202
1174278.916556514
1174282.3603481078
1174285.8041397016
1174287.5260354984
1174290.9698270923
1174292.6917228892
1174297.8574102798
1174303.0230976704
1174304.7449934673
1174306.466889264
1174308.188785061
1174309.910680858
1174311.632576655
1174315.0763682486
1174316.7982640455
1174389.6845177605
1174389.6845177605
1174429.079073037
1174435.0864539002
1176512.8095416375
1177307.1756355106
1177378.9836413786
1202826.2874869155
1202860.3128080135
1202860.9509546987
1202871.7994483453
1202968.1155876801
1202968.1155876801
