1097074.989876145
1097207.2677816916
1139952.6927925795
1140261.8583577198
1140285.744848295
1140347.5735603115
1140672.8413267215
1140736.2489016573
1140814.2293263243
1140863.0640515285
1141205.9138593662
1141703.0631346512
1141743.112340406
1142079.019552411
1142154.722453564
1142187.746544518
1142207.848165099
1142363.0608424575
1142387.9375606475
1143467.1646329816
1143477.9856203059
1143543.8522604848
1143550.8058588468
1143607.0067772523
1143612.799608799
1143718.4293889776
1143721.3120515898
1143724.1947142018
1143907.2272862722
1144314.117314466
1144478.264045416
1144655.9108795146
1145677.7542615698
1145681.1705468409
1146769.199642418
1147480.6011659626
1147669.4485746375
1147669.4485746375
1147788.5619541714
1147790.8504802147
1147822.999870109
1147824.9803253387
1147826.9607805682
1148142.1392278364
1148145.6380320755
1148149.1368363146
1148150.303104394
1148151.469372474
1148152.6356405537
1148153.8019086332
1148154.968176713
1149912.7762284249
1149942.2685075528
1149960.4886956655
1150369.7827764575
1150421.4891617447
1151078.0760855447
1151143.1670474254
1151245.0944765776
1152208.052323138
1153238.0650830157
1153334.573766609
1157319.1506658823
1166719.5959626832
1166721.7689621712
1166864.4167513503
1166866.8098014195
1166988.5692891907
1171900.7419066466
1172002.82887247
1172004.4022341245
1175885.885436166
1175960.1635098069
1175978.1196372223
1175979.6159811735
1177717.0253440202
1178176.248901657
1178586.9843137555
1178955.3324826749
1198815.8271380435
1206517.2563971302
