279009.78399896086
279332.8017481796
280113.4146807356
280155.3178126361
280160.1149153034
280591.7771376615
280591.7771376615
283605.33133657806
292663.8180303945
298339.2085819727
300562.4676227661
309708.7379946363
312124.8273596222
312381.0927650731
312397.8551180862
312397.8551180862
312403.95051918185
314645.7378189014
315463.69883632974
318837.3878162272
334652.79166252795
348030.13409332285
348045.87871239847
348254.8497467126
348465.8727526953
354439.76191749633
354451.65565140324
364439.70751610264
364446.14399559895
364447.43129149824
365223.4066580582
365397.8517562023
365401.82917045517
365558.27963233215
365566.3114785413
365567.9178477831
365569.5242170249
365571.1305862667
366582.90115297335
373067.5112126468
378865.49194293964
380679.9135078966
388031.2477937637
391215.275177836
391327.2699210721
405925.9370869276
409429.2303578114
415179.92771949666
415191.617906616
415191.617906616
415192.6796506697
415194.80313877703
415194.80313877703
418307.66066366644
419295.0496259904
419468.7355496298
420869.5830499928
420883.03364176076
423645.69166940456
424069.212020263
424079.99449873547
424081.8649286746
424083.7353586137
424085.6057885528
424087.4762184919
424089.34664843103
424090.28186340054
424683.6482552586
426191.75941136474
433947.3486197174
441796.6518692839
445973.6850067619
445976.33661626384
445978.98822576576
445978.98822576576
445980.3140305167
445982.96564001864
445982.96564001864
446032.43851190794
446032.43851190794
446532.2944093399
446554.904606545
446706.9705605941
460430.5350743817
460435.2221517585
460436.78451088414
460438.34687000973
460438.34687000973
460440.1072746583
460443.62808395544
461860.7098159368
462479.8551333674
462494.0153882594
491569.7277638124
492272.0191933007
492274.98987614515
492276.47521756735
492277.9605589896
492280.93124183407
492282.4165832563
492286.87260752294
492306.3305801542
492306.3305801542
492314.49995797646
499032.33062599803
499050.6223305496
500214.5358690088
500339.31555100513
500340.43230770406
508628.5439222488
511679.4572085667
511692.44569411443
512141.0573124795
512194.573613796
512575.84425308876
512606.42028132855
514345.76058802404
514373.8335409042
514453.0682538834
514453.0682538834
514457.67281229224
514459.0921385402
514460.51146478805
514463.3501172839
514464.7694435318
514466.1887697797
514467.60809602763
514469.0274222755
528018.355885971
530711.7915020745
543631.6597773515
543735.6336769077
543735.6336769077
556958.6381314038
563948.0497253189
563953.7710404267
563956.6316979806
563966.6439994194
563969.5046569733
563970.9349857502
563973.7956433041
563978.0866296351
563980.947287189
563982.3776159659
563986.2285011347
563987.4387793305
579217.0294699684
579607.2726717044
580109.00450034
601144.6517775961
605023.329334729
605024.0940104983
605025.6233620367
605026.3880378059
605030.211416652
605030.9760924212
607689.8637672965
612973.2947226063
621592.3459072885
664474.5818656927
667294.2880064793
680655.891319463
684456.4839279029
684661.5765707257
701474.8657920675
731353.2016595482
733384.9341758417
740806.3105616638
748743.2049450255
774277.0491828329
779994.0512992917
806559.8667471481
806564.8178852223
806566.7983404519
806568.7787956815
806572.7397061408
806573.7299337556
806574.7201613705
807020.3776006846
845050.1241604841
845063.0851397092
845073.9996485303
845075.363962133
845076.0461189343
848876.2536388573
849275.2493524553
856109.921377761
1031345.5622368753
1031959.7014035865
1052750.0142880066
1115570.7363289755
1115592.7138807601
1115595.2994750876
1115596.5922722514
1115599.177866579
1115606.9346495618
1115610.3839424201
1115613.8332352783
1115616.1327638505
1115617.2825281366
