7926.634525019293
7926.992107213533
7941.515445564223
8216.072555566592
8216.446641554412
8225.05061927429
8227.295135201217
8601.282100260547
9033.37342125169
9036.850220432612
9039.457819818306
44264.318645466425
44264.318645466425
44323.501249245484
44334.26172265986
58821.005661718074
58857.45153920796
58873.48772530352
64971.17734701518
65019.995568425795
65041.87959871331
65078.63904828124
66046.20145325072
70779.59947737987
70809.00923754001
70823.01545702518
75710.4708929622
75714.15674019515
75738.54934710688
75743.50048518096
76540.551196143
76559.91014601273
76575.23666898432
78199.99113685159
78228.00357582195
78244.22130364687
78257.41333598208
78266.10533393439
78275.66653168194
79283.23413229013
79304.11143116925
79308.64997440384
79317.72706087302
79327.71185598912
79333.15810787064
80367.79743121508
80405.20602999716
80426.33638704453
80435.67753421099
80446.57553923855
93465.62611266895
93471.41344295113
93474.05404992399
93626.16401408934
93631.80831149382
93633.06259980593
93634.31688811803
93771.36989127363
93778.5160338939
93783.467171968
94002.14243690738
94013.58506712306
94121.10728229891
94140.77430298214
94144.50966159583
94151.44675616409
95438.15402012545
95448.53490628749
95455.79657546282
103138.1474491706
103149.70010467684
103544.20678642104
104210.34390543938
150754.67813782193
150792.77439466986
157578.8372466171
157579.87148434814
157601.73901084208
157616.98851611032
157623.34247663873
158237.9052407185
158264.39933067947
158268.90486632692
159527.4291521176
159557.68610701486
159564.9477761902
159579.4711145409
162140.52980233653
162159.3441270181
162165.28549270701
162812.64679589545
162854.7314695253
164585.2477479198
181969.24365253403
181970.9600470664
181978.683822462
181980.11415123893
181981.5444800159
182230.33916823936
182234.60814951215
182237.969422138
182707.49134696933
182708.10748859635
183162.97954599286
183173.98757631096
183175.88551257268
183179.64837750897
183183.70831072974
183827.58731347276
183845.9065243469
217252.626930218
217265.18081586808
217273.70777588457
225685.3502853781
347991.3666822026
350228.23035017075
358361.42635564145
358374.8274360287
358457.7865050925
358457.7865050925
358471.5836765257
358473.17904323846
358474.7744099512
358476.36977666395
358476.36977666395
358492.3234437916
358493.9188105044
358495.51417721715
358497.1095439299
358498.7049106427
365580.7688017176
419496.41241146397
446047.89706522814
446054.0804865563
446055.6263418883
446057.1721972203
446058.7180525523
446060.26390788436
446060.26390788436
446061.80976321636
446063.3556185484
446066.44732921245
446067.9931845445
451272.7340520633
529433.5286791617
529517.6980264214
529519.8600233804
529523.5568731424
529535.5716348689
719098.276728887
783456.3821545091
783459.0392652756
783459.8919612772
879799.4776854957
953544.715347764
953551.5479183063
