58090.86683119523
123947.06561022013
123966.59509929019
124149.52314733455
124149.52314733455
135734.98819520322
162853.49368500675
162943.07627656078
162943.07627656078
186883.45173786476
220632.52683776617
297197.74020278273
297253.7430756653
297273.3055723225
297298.45735373895
297724.1672078791
297724.1672078791
297750.68330289813
297753.3349124
298065.70771475945
314280.1127759228
314287.15439451707
334659.7617646834
334665.73613795947
334667.72759571817
334669.7190534769
348003.4474591034
391407.37933511107
420847.16539704613
446112.49291330157
446124.27662191796
446126.240573354
446126.240573354
446132.13242766215
446132.13242766215
446134.09637909825
446136.0603305343
446138.02428197034
446139.9882334064
446141.9521848425
446143.91613627854
446145.8800877146
446145.8800877146
446368.8353364558
446370.425201904
451226.3913996898
451232.8278791861
451244.4135422795
451245.70083817875
451246.98813407804
451248.2754299773
451250.8500217758
605029.4467408828
640912.7099076246
640918.750296075
640920.7637588918
640922.7772217087
640924.7906845255
640926.8041473422
640930.9851083825
640933.0755889027
640933.0755889027
640935.166069423
640937.2565499431
640939.3470304633
640939.3470304633
640941.4375109834
640943.5279915036
640945.6184720238
640949.7994330642
640951.8899135843
640951.8899135843
640956.0708746247
640958.1613551448
640958.1613551448
719143.1670474255
719209.7928621093
719219.0019789271
719222.071684533
719223.606537336
719225.141390139
719228.2110957449
719332.2345066817
719333.7528556911
719342.8629497475
719344.3812987568
719353.4913928132
719355.0097418226
719355.0097418226
719356.5280908319
719358.0464398414
719362.6014868695
719365.6381848883
719365.6381848883
719367.1565338977
719368.6748829071
719370.1932319165
719376.2666279541
719377.7849769634
719379.3033259729
719380.8216749822
719383.858373001
719383.858373001
719389.9317690386
719391.450118048
719391.450118048
719392.7154088891
719393.9806997303
719393.9806997303
719401.5724447772
719402.8377356185
719402.8377356185
719404.1030264596
719404.1030264596
719405.3683173008
719420.5518073946
719421.8170982358
719423.0823890769
719424.3476799182
719425.6129707593
719429.4088432827
719430.674134124
719431.9394249651
719433.2047158063
719435.7352974885
719437.0005883297
719442.0617516943
719442.0617516943
719443.3270425355
719445.8576242179
719447.122915059
719448.3882059001
719450.9187875824
719452.1840784237
719453.4493692648
719454.7146601059
719458.5105326294
719459.7758234706
719459.7758234706
719461.0411143118
719462.3064051529
719464.8369868352
719466.1022776763
719467.3675685175
719468.6548644167
719469.9421603159
719476.3786398123
719477.6659357116
719477.6659357116
719478.9532316108
719486.6770070065
719487.9643029057
719487.9643029057
719489.251598805
719494.400782402
719496.9753742006
719496.9753742006
719500.8372618983
719500.8372618983
719507.2737413947
719508.561037294
719508.561037294
719508.561037294
719509.8483331932
719511.1356290925
719517.5721085888
719517.5721085888
719518.8594044881
719518.8594044881
719520.1467003874
719520.1467003874
719527.8704757829
719529.1577716823
719529.1577716823
719530.4450675815
719530.4450675815
719531.7323634807
719539.4561388764
719539.4561388764
719540.7434347756
719542.0307306749
719542.0307306749
719542.0307306749
719549.2923998502
719552.4171181015
719552.4171181015
719552.4171181015
719552.4171181015
719553.9794772271
719566.4783502319
719566.4783502319
719568.0407093575
719574.2901458599
719574.2901458599
719574.2901458599
719582.101941488
719583.6643006136
719583.6643006136
719585.2266597392
719586.7890188647
719586.7890188647
719593.0384553672
719594.6008144928
719594.6008144928
719596.1631736184
719597.725532744
719597.725532744
719607.0996874976
719607.0996874976
719608.6620466232
719610.2244057489
719611.7867648745
719621.1609196281
719622.7232787537
719622.7232787537
719622.7232787537
719625.8479970049
719625.8479970049
719635.2221517585
719636.7845108841
719636.7845108841
719638.3468700097
719640.1072746583
719641.8676793068
719654.1905118468
719655.9509164954
719659.4717257925
719661.2321304411
719664.7529397382
719675.3153676296
719677.0757722781
719677.0757722781
719678.8361769267
719678.8361769267
719682.3569862238
719692.9194141153
719694.6798187639
719694.6798187639
719696.4402234125
719698.200628061
719698.200628061
719710.523460601
719712.2838652496
719712.2838652496
719714.0442698981
719715.8046745467
719715.8046745467
719726.3671024381
719728.1275070866
719728.1275070866
719728.1275070866
719729.8879117352
719731.6483163838
719742.2107442752
719743.9711489239
719743.9711489239
719743.9711489239
719745.1484195326
733426.6722698064
774436.3217934122
774456.621459516
789029.2401378371
791957.7062783182
832002.995132909
867996.6906837613
868056.3023861735
979985.437541546
1128932.44966725
1128939.9753971226
1128948.6013799005
1178330.4273412847
