75412.25241729629
75422.46338424682
75425.867039897
75427.0015917804
75427.0015917804
75428.13614366378
75429.27069554718
75430.40524743058
75478.34698250322
75478.34698250322
75484.22728189886
82681.7460261539
82685.99367771733
82685.99367771733
82688.82544542628
82688.82544542628
82690.24132928076
82691.65721313524
82693.07309698971
82695.90486469868
111851.39317616237
112693.65497759657
112715.07310339526
112733.33662151817
112735.7717572679
112739.42446089248
112749.16500389138
112754.03527539082
113039.55494204574
113039.55494204574
113046.69431731198
126544.02454608637
126548.60426161566
126553.02716916108
126554.47533701225
126557.37167271457
126560.2680084169
126561.71617626805
245164.70769851617
245357.42932270866
245357.42932270866
271553.9048582931
271560.95660556835
357909.70806683553
358294.3073193073
358322.6296083964
499493.3846631799
499500.16430248314
499502.8761582044
499504.23208606505
499505.5880139257
499508.29986964696
499509.6557975076
499511.01172536827
499511.01172536827
499513.7235810895
509431.7547697363
616928.6179054476
616942.6752800028
