36229.5622764061
36385.355620394
39081.55360328478
74855.21972654686
94007.26261814244
94009.21349394193
94009.64702189738
94010.51407780827
94010.73084178599
94011.16436974144
112627.44972440101
112656.02106146449
112707.7676961461
112712.63796764554
221935.46352196625
252006.60899532074
252011.9958107671
252013.3425146287
252014.68921849027
252016.03592235188
252018.72933007506
305411.5895704755
305428.3772487501
305429.6686086174
305430.9599684847
305436.1254079538
305452.91308622836
305454.2044460957
305456.7871658302
357839.9054540098
383275.2211998245
383288.0056625105
383289.4261583645
383290.8466542185
383292.26715007256
383293.68764592655
383308.13242844195
383308.13242844195
383309.3361603182
429755.6211626723
429767.7599454247
441965.0320758161
441969.41347536584
519207.9162409642
850038.8133068997
866166.4821653338
866841.4298479642
880745.8566628981
1034861.1153992743
1187271.7329908498
