4.409071546845424
4.409071546845424
1054.9257115770797
1056.447671420656
1058.7306111860205
1059.4915911078087
1060.252571029597
1061.013550951385
1061.7745308731733
1076.9710693113066
1077.685929237835
1520.0366397740122
1536.6398380675723
1537.2901300007368
1538.5907138670655
1539.24100580023
1541.1918815997233
1541.1918815997233
1542.4924654660522
1543.793049332381
2557.077017189307
2586.0772702087256
2615.146703221033
2615.6125151731576
5887.092870937677
5887.660146879373
5888.038330840504
5888.4165148016355
5888.605606782201
5888.7946987627665
5889.1728827238985
5892.6687783645975
5892.6687783645975
5990.77984428096
6011.865906113781
6012.059610093873
6015.407921749741
6543.283551495857
6951.915933497528
6952.782989408414
6954.083573274744
6965.203104131903
6965.63202008782
6966.346880014348
6966.489851999654
6976.991374920331
6977.0974509094285
7081.623808166441
7082.163412110982
7082.343280092496
7082.703016055522
7083.06275201855
7083.242620000064
7083.422487981577
7087.739319537903
7087.739319537903
7146.754465472458
7147.238725422686
7147.400145406096
7147.663029379078
7147.925913352059
7148.1887973250405
7148.714565271003
7153.4464767846675
7153.709360757649
9970.727895230742
9972.04231509565
9975.109294780432
9975.547434735401
9975.547434735401
9976.42371464534
9976.861854600309
10004.653763743918
10005.257935681822
13538.09569258461
13583.772935890003
13584.690723795675
13587.444087512691
13589.279663324034
13591.115239135377
13614.48885273309
13740.396439792588
13740.396439792588
15277.617389800434
15498.347687114263
15513.936245512106
15521.984184684956
15546.912042122925
15547.995862011534
18228.250162540957
18280.26890519458
18280.26890519458
18409.819971879617
19934.46399918009
20316.26376793956
24878.439863049236
25664.338418276326
25682.532756406352
25712.699845305844
25713.672977205828
25980.131249819842
26362.55825051485
27175.4231669704
27679.514715160985
30847.303485582703
30847.303485582703
34545.62900947702
34947.933728129035
34950.424207873075
35077.106610852934
36698.21522023899
36763.46578953268
36764.68335740754
39040.92649946033
39086.97270272781
39088.056522616425
39094.55944194807
39094.55944194807
39095.643261836674
39096.72708172528
39097.81090161389
39097.81090161389
39099.9785413911
39101.06236127971
39101.06236127971
39103.23000105692
39104.313820945536
39104.313820945536
39106.481460722745
39106.481460722745
39108.64910049996
39109.73292038857
39110.81674027718
39995.22299337985
40155.923504863415
40157.37167271457
40161.716176268055
40166.06067982154
42672.525614212645
42737.06593557934
42737.06593557934
44295.20230343754
44357.22447306305
44357.22447306305
48241.00772189642
51707.89388557758
51759.60823626249
51821.44592590695
51823.37835370834
51916.63298412383
54443.298476438766
54448.03038795243
54463.80342633132
54466.95803400709
54470.11264168287
54550.26919344456
54551.72658529477
55669.41699842104
55676.88843765314
55678.756297461165
55704.90633477352
55740.395671126
55768.31671625634
55778.39393522063
55890.30871571827
55891.992095545254
56281.17106354631
56285.34953511685
56286.7423589737
56286.7423589737
56318.81420367743
56324.92971504889
56333.08373021084
56408.50837045886
56462.441092915775
56464.212100733756
57070.80072638992
57077.220629730095
57081.50056529021
57083.64053307027
57087.92046863039
57152.28553401509
57159.55404526805
57165.005428707766
57168.639684334245
57184.9938346534
57233.604309657334
57235.23234549
57272.67716964151
57274.305205474186
57636.471692251514
57724.43174721118
57724.43174721118
57866.76727658226
57872.10797203335
57875.72377966173
57877.531683475914
57881.14749110429
57881.14749110429
57893.802817803604
58109.607499623664
58109.607499623664
58624.3712147174
58627.55349439033
58629.1446342268
58632.326913899735
58633.9180537362
58633.9180537362
58637.10033340913
58705.51934637718
58707.11048621364
59939.99019950101
61324.1250492427
61329.03221673835
61329.03221673835
61390.533230417415
61403.12398912336
61815.505926739665
62510.19296734129
62515.61667878385
62517.42458259804
62519.23248641223
62524.65619785479
62526.46410166898
62528.272005483166
62557.19846651016
62559.00637032435
62766.06670104315
62850.03276441331
62850.03276441331
62938.29721134167
62939.593183208475
62942.18512694208
62944.777070675686
62947.36901440929
62952.5529018765
62953.84887374331
63014.75955148304
63014.75955148304
63408.877970976435
63411.85732267022
63413.34699851712
63416.326350210904
63419.3057019047
63420.795377751594
63428.24375698606
63552.122064254116
63552.122064254116
65740.95859129036
65743.735015005
65746.51143871965
65747.89965057698
65749.2878624343
65752.06428614895
65932.85466756772
65934.31667141746
66483.49512697411
66488.3377264764
66493.1803259787
66493.1803259787
66496.40872564688
66496.40872564688
66553.7819997502
66555.48843957481
66865.11963975159
66867.90528746528
66869.29811132213
66870.69093517898
66872.08375903583
66872.08375903583
66874.86940674952
66912.47565088444
66913.86847474129
67127.6023687742
67134.32666408308
67135.4473799679
67135.4473799679
67136.56809585272
67136.56809585272
67137.68881173753
67181.39673124533
67181.39673124533
68829.499373857
68886.23158002619
68886.23158002619
69005.24422779435
69039.2392763004
69040.11094421081
69075.23132060122
69086.84894740718
69087.90509529864
71061.68869643754
71382.0520195113
71388.88700280883
71432.4657863299
71433.48965022467
71707.16570209686
71710.70771773282
71716.90624509576
73767.56265433383
73934.63233716278
73934.63233716278
75017.40068987827
75029.41033664394
75032.84166429128
75032.84166429128
75034.55732811494
75036.27299193862
75037.98865576228
75367.05020994207
75368.34618180887
75382.6018723437
75951.24757789956
82399.65768714629
82420.71146498244
82486.05427426664
82521.05012666984
82521.05012666984
86603.0847871274
86677.36565149298
86678.3111113958
86708.56582828629
86842.33687453759
88574.20265254028
88609.80267688139
88609.80267688139
89137.2862866678
89138.4577345474
89144.9006978852
89146.0721457648
89147.24359364441
89150.04307735669
89150.78099728085
89152.25683712916
89181.77363409549
89182.51155401964
89350.96944870592
89352.71278452674
89352.71278452674
89925.82751762329
89953.13977881618
89953.85925074224
92207.84488308261
92432.64296397836
92490.21916606081
92498.87127717157
92512.31986778934
92512.31986778934
92666.33297996022
92680.84233046898
92685.1222660291
92685.1222660291
92688.29532170299
92691.36691338729
92704.61718802546
92727.14680570991
92727.14680570991
92729.30522148807
93546.91588545588
93547.40014540609
93553.44647678467
93553.44647678467
93555.8124325415
93562.91029981199
93563.17318378498
93564.07252369255
93564.97186360012
94123.76633816847
94125.38515000208
94383.62022746124
95797.4379061522
95799.08438998299
96375.10929478044
96386.52860560679
97257.71686806799
97283.94992137181
97284.63249730166
97538.31091922916
97628.63231794613
98855.79315182126
99031.48266176428
102947.17172331848
103751.86417661396
104761.20027287664
107901.39545013435
108062.82004554349
108062.82004554349
108492.56616137514
108867.5862908314
108883.71906517333
108887.95288073817
108913.35577412733
108926.0572208219
108927.46849267685
108930.29103638676
109354.84404075214
109703.30827693777
110239.10270987
110424.9755147664
110831.46792898802
111039.67203558926
111123.92404293003
111153.6437678755
111217.35392932751
111235.36839947602
111253.38286962453
111334.21277331702
111742.90511131253
111742.90511131253
112101.99539440603
112131.18935140553
112132.16248330551
112592.76748796557
115700.89543251909
115746.84939579603
115746.84939579603
120122.73760605196
120351.12382257893
120351.12382257893
121005.40052333384
122007.82784430656
122064.0158345317
122065.42249438714
122224.0845020802
122291.5903391421
122328.02974739694
122328.02974739694
122337.05081846978
123968.46724679641
127142.58829256732
127173.71928936776
127173.71928936776
127567.6024968853
130590.24241822507
130657.65140329693
130771.94597555
130771.94597555
133033.33386712958
133079.89200234445
133079.89200234445
135843.42517831462
136844.1137754661
140675.0527337307
140679.05133731972
140913.83439718926
140916.7491808897
143843.54252808035
143907.67699348877
143907.67699348877
145316.40763670256
145461.84242975508
145461.84242975508
145468.55288906538
146047.34960557794
146050.50421325373
146053.6588209295
146118.6603422488
146155.72237043965
146156.8661463221
146902.95392164082
148473.19678825478
148490.15049851232
149145.86614311932
149148.89622680788
150008.64673044463
153791.98062960198
154903.81841532976
155333.50457516755
155336.34095487604
156075.13715894424
156076.00421485511
156390.0168145816
156441.42216129828
158265.78158979467
158361.85876392006
158833.34808746146
160086.13780270252
160329.90964964815
160329.90964964815
162467.58987794214
162525.14763202652
162525.14763202652
164306.79072091318
164400.5065512813
164401.89937513813
164408.86349442237
165645.66340730683
171041.37078874803
171182.17052227692
173614.3269203053
173655.29531209465
173655.29531209465
176096.23295722052
176191.11101146915
176350.261891112
176350.98136303804
176365.37080155913
176779.63443498203
176789.96992591975
176789.96992591975
179704.73056634713
179725.35081622784
179914.26292881186
179926.03736360173
179931.51641903858
179931.51641903858
181071.29830989434
181247.5781557767
181993.9657110646
184582.9024209795
184663.53862069186
184663.53862069186
184673.38985167939
190359.63475525976
190748.87829125416
190846.47742522313
190846.47742522313
192705.24237018343
196064.31843294506
196151.67892796634
196152.9518398355
196606.33445323783
196900.97204295566
196902.08353484143
196955.43514535806
197046.9602759513
197046.9602759513
197914.0715308315
202791.2149095696
204475.20352049297
204480.71947192607
204480.71947192607
204482.09845978432
204483.4774476426
204484.85643550087
204486.23542335915
204554.7236163201
204555.62756822718
204619.77125763462
204875.82947131753
205002.53954629455
205124.35167777498
205125.334033674
205304.5194392577
205364.1295331311
205364.1295331311
205747.65880171282
205930.2524749463
206078.85109967363
206078.85109967363
206661.0237998392
207087.32014002543
207137.16663090233
207191.77270529003
207191.77270529003
207196.200224835
207703.381812708
207704.5717085857
207706.9515003411
207708.14139621882
207710.57653196855
207723.0289306887
207724.27417056073
207725.51941043275
207731.74560979282
207735.48132940888
207737.97180915292
207740.46228889696
207745.443248385
208831.80896073073
208919.66293970132
208956.9232838718
208958.9986836585
209002.58207917906
209002.58207917906
209236.0876151799
209291.43160949176
209334.06493310997
209376.15404078417
209395.24771882177
209418.5337044285
209454.14756476818
209473.58714277024
209694.40968007455
209758.6732814697
209764.02320091985
209764.02320091985
209765.36068078238
209765.36068078238
209766.6981606449
209769.37312036997
209769.37312036997
209770.71060023253
209772.04808009506
209773.3855599576
209776.06051968268
209776.06051968268
209777.3979995452
209780.07295927027
209781.41043913283
209785.42287872042
209785.42287872042
209786.76035858298
209788.0978384455
209789.43531830804
209799.48025327563
209843.00830480192
209920.3238648556
209921.7074647134
210281.8631196974
210663.44612447915
210679.5143308277
210679.5143308277
211048.96316485657
212299.2116683588
213614.75686115
214219.49607499625
214267.11035810254
214282.38530053262
214282.38530053262
214282.38530053262
214381.8799663068
214483.82360382922
214859.1296772561
214860.32879713288
215057.63013685468
216204.24701100794
218315.2329860455
219495.8034007091
220941.98809207344
221081.9991736834
221143.84608732694
221143.84608732694
221152.04622248415
221166.25579302368
221698.5773903129
221698.5773903129
221703.8904137668
221709.3002892108
221712.90687284013
221721.92333191342
221741.75954187472
221743.56283368936
221757.98916820667
221761.595751836
221765.20233546532
221768.80891909465
221845.0360472602
221949.52089652146
221954.79241197967
222142.1595047225
222214.3465213033
222356.1747307265
222356.1747307265
224835.62257189435
225299.58972420884
225338.99464815887
225338.99464815887
225341.61426388964
225342.92407175503
225505.52933904284
225556.17831783724
225681.46328496074
225681.46328496074
225698.73061118604
228033.92894317952
228119.6152823729
228121.34017019562
228136.8641606001
228147.2134875364
228347.34659496718
228691.99209554525
228854.4082708525
228857.35072655007
228858.82195439885
230446.7933471907
230586.65684481582
230588.43707663286
231933.60514237947
232015.54192595818
235430.9535629298
235457.68932418193
235457.68932418193
238399.900585788
240417.98244237402
241327.14590893223
241503.25972283166
241938.369594112
241954.073452498
241955.1203763904
243000.88204490938
243052.25510762935
243075.30588126022
243075.30588126022
244178.63452786257
244322.90709703456
244358.48406137803
244358.48406137803
246795.10487494754
246821.91904019166
246823.01669607885
248786.91678223354
250002.04952134492
250113.18026192315
250113.18026192315
251068.2930797588
251693.27897152412
252708.3154992009
253720.52025916878
254533.1868596447
256884.10288602277
264544.0160907539
272775.51284473896
272791.1152391354
272791.1152391354
273058.2975956749
273108.0149505651
273109.14489044895
280328.04025250697
280362.03530101303
280384.69866668375
280416.599867405
280416.599867405
280443.0635206852
282048.1777157151
282188.41939730133
282305.8132332359
282349.5626607394
282371.8939624443
287676.4682332519
287677.5105451448
287698.679622969
287698.679622969
287756.94762498036
287756.94762498036
287912.4642489967
287952.8469168463
287970.188035064
287976.2574264402
287989.3001610997
289052.6842798075
289137.58657908137
289139.1638829193
292542.34910914744
292569.7443863318
292596.22648761
292597.8868074394
293387.6087102735
293480.93252068193
293480.93252068193
294318.78063856973
297545.59377892513
297569.57617646025
297604.2491888966
297605.1346928056
298045.1840155783
298061.1323099392
298072.5239487684
298148.8894369197
298148.8894369197
303192.1570385839
303835.5263604598
303850.28937094245
305361.6508396081
305361.6508396081
305960.8372060251
306163.0226532449
306674.2443527027
308438.3064993963
308565.66225430695
308627.51377995
308705.4796319368
308727.700245653
308767.0221536116
308852.14121686324
308902.29671170836
308966.38966912107
309026.9544468963
309055.3828119745
309089.99125641753
309176.1803035593
309197.169513402
309260.03567894077
309260.03567894077
310268.2556713182
312845.6254864218
313864.09334174596
313923.4774476426
314029.20292477636
314058.7197217427
314082.3423833148
314201.4611070721
314267.64330026996
315107.14251398813
315304.43001771136
315305.90124556015
315325.0272075944
315326.4984354432
315327.969663292
315329.4408911408
315343.9917496453
320779.46379099955
320792.66333364294
320882.94322436413
320884.33143622143
320905.1546140813
320923.2013682265
321209.2744748246
321227.7409209267
322118.746945351
322118.746945351
324433.2373994728
324507.0893478825
324507.0893478825
327280.7135788156
327716.7781339978
327724.55396519863
328639.2333831899
328759.9985907779
328759.9985907779
331364.5561430873
331375.7633019354
331395.75170788105
331518.88287122594
339434.95575362956
342139.7505036367
342354.77575753693
342354.77575753693
343155.45577124483
343196.1889510584
343196.1889510584
347228.5846606177
356936.74681083433
356961.44868029555
356962.3987521979
356964.29889600264
356964.29889600264
356965.24896790495
356966.1990398073
357161.99686768366
357168.68426699634
357168.68426699634
357172.30929862376
357669.1692315576
357676.4654148077
357684.49029398296
357686.1875098085
357717.58600258146
357734.4198008513
357840.90625790687
357862.923943644
357863.9247475411
357865.9263553354
357866.9271592325
357868.9287670268
357871.9311787182
357873.9327865125
357877.93600210105
357879.9376098953
357880.93841379246
357908.67959094123
357911.76501862414
357914.85044630704
357915.87892220134
357917.9358739899
357923.0782534614
357927.19215703855
357928.22063293285
357929.24910882715
357931.30606061575
357932.33453651005
357944.2888392814
357945.57097514963
357946.8531110179
357948.1352468861
357948.7763148202
357950.05845068843
357951.34058655665
358242.7590006053
358243.51075652806
358245.0142683735
358266.8151901329
358267.56694605557
358269.0704579011
358271.43641365797
358272.2250655769
358273.01371749584
358278.53428092843
358282.47754052316
358284.84349627997
358285.63214819896
358289.5754077936
358290.3640597126
358291.15271163156
358291.9413635505
358292.7300154694
358293.51866738836
358294.3073193073
358300.6165346589
358302.19383849675
358303.7711423346
358304.5597942536
358305.34844617255
358306.9257500104
358312.446313443
358313.234965362
358314.02361728094
358314.02361728094
358315.6009211188
358316.38957303774
358316.95684897946
358318.6586768045
358321.495056513
358323.7641602798
359116.92661476036
359131.74496923736
363656.87748415425
363684.5771533073
369649.0040322968
378235.63397378207
378374.390591521
378374.390591521
382604.5027207594
382664.772330565
382666.446486393
382674.8172655326
382684.86220050027
385961.95997168747
388877.57383202715
394027.3417267455
394848.3514343639
394933.7656655852
395353.5590864397
395354.87350630463
402371.9154851087
413923.5722498551
419772.998920664
419807.9947730672
419807.9947730672
429495.65658539085
429530.5648098031
429916.8474421018
429951.8294585064
429953.1577143699
429965.11201714125
430232.97694961075
430360.3096445237
430464.44398182107
430612.80278257304
436051.3187436144
436059.7218067508
436067.3408299677
436111.09948147036
436111.64369741443
436116.541640911
437913.05381626944
437933.82626213453
437991.3332842241
437991.3332842241
465500.3100929126
473867.814712919
473906.76766091556
473999.1736834183
473999.1736834183
477133.1657213135
477183.2059161705
477183.2059161705
477443.62708140496
486395.9793613021
489873.9158758475
490092.2387094088
490092.2387094088
493765.0322039272
493799.73288836074
496075.35802247707
496132.8558205676
496134.14256843535
496231.09602247074
496252.2005323016
500602.01710923715
500608.9489445247
500614.34037197055
500669.3338543184
500669.3338543184
500678.0782054197
500682.27512498834
520150.95023204124
520175.40766552754
520176.02567346406
529478.387209388
529553.4198296763
529568.5287401235
529578.9887550484
529601.8366007
529620.2108068116
529620.976398733
529657.258999004
529657.258999004
540885.1303370283
540935.9361238066
540937.3473956615
540941.5812112264
541058.2186792386
541095.4098434162
544358.7269600197
544385.6656492511
544385.6656492511
572393.4163706767
572687.6711644338
572689.2115722755
572698.4540193256
587060.9907471759
589799.7021416973
596079.5021602734
596131.0274189777
596131.0274189777
596191.310864782
596217.6961140701
596239.5569918234
603960.7083262606
603994.8002267567
604061.8679238636
604061.8679238636
604063.6850516768
604064.5936155835
604065.50217949
604065.50217949
604067.3193073033
604068.22787121
604069.1364351165
604070.9535629298
604071.8621268364
604073.6792546497
604074.5878185562
604076.4049463695
607573.6565149297
607579.559874323
608941.2342863731
608951.8003772872
608957.9942926506
608990.9009092685
608990.9009092685
608991.8002491761
609220.0204337201
609221.4317055751
609222.3725534783
609222.84297743
609223.7838253333
609224.254249285
609224.7246732366
609225.6655211399
609226.1359450916
609226.6063690432
609227.0767929949
609228.0176408981
609228.4880648499
609229.8993367048
609230.8401846081
609231.4305205474
609232.0208564867
609232.6111924261
609233.2015283654
609236.153208062
609236.7435440014
609237.3338799407
609237.92421588
609238.5145518194
609239.695223698
609242.0565674553
609243.237239334
609243.237239334
609243.8275752733
609244.4179112127
609245.008247152
609247.9599268486
609248.550262788
609249.1405987273
609250.3212706059
609250.9116065452
609251.5019424845
609277.4674998159
609277.4674998159
609277.8410717774
609487.6732142114
609488.6509581109
609489.1398300607
609489.1398300607
609489.6287020104
609490.60644591
609491.0953178597
609491.0953178597
609491.5841898094
609492.0730617591
609492.561933709
609492.561933709
609493.0508056587
609493.5396776084
609494.0285495581
609494.0285495581
609495.0062934577
609495.0062934577
610499.4306102252
610504.3885097157
610519.6772881444
610519.6772881444
614372.4079441691
614409.285492379
614409.7466923316
622991.8660982804
629212.7063149163
629234.484176678
633617.3411182177
636698.119905582
636772.6682659202
636772.6682659202
636799.952855116
636800.8937030192
636806.538790439
636817.8289652787
641396.617482681
647799.4656486105
647855.5060548508
647855.5060548508
648136.9072059289
648138.8211857323
648176.8840178202
648191.3703083314
648250.9250582105
648926.0433848234
664017.4928017576
664023.5068491396
664025.6191449225
664027.7314407054
664029.8437364883
664031.9560322711
664034.0683280542
664036.180623837
664040.4052154028
664040.4052154028
664042.5175111857
664044.6298069686
664048.8543985344
664050.9666943173
664053.0789901002
664055.1912858831
664057.3035816661
664059.415877449
664061.5281732319
664063.6404690148
664069.9773563634
664069.9773563634
664072.0896521463
664074.2019479292
664076.3142437121
664078.4265394951
664080.538835278
664084.7634268438
664084.7634268438
664086.8757226267
664088.9880184096
664091.1003141925
664093.2126099754
664095.3249057583
664097.4372015411
664099.549497324
664103.77408889
664105.8863846728
664110.1109762386
664116.4478635873
664118.5601593702
664122.784750936
664124.897046719
664124.897046719
664127.0093425019
664129.1216382848
664131.2339340677
664133.3462298505
664135.4585256334
664137.5708214163
664137.5708214163
664139.6831171992
664141.7954129821
664143.907708765
664146.020004548
664148.1323003308
664150.0647281322
664151.9971559335
664153.929583735
664159.7268671391
664161.6592949405
664163.591722742
664165.5241505433
664167.4565783447
664169.3890061461
664169.3890061461
664173.2538617488
664175.1862895503
664177.1187173516
664179.051145153
664180.9835729544
664182.9160007559
664184.8484285572
664186.7808563586
664188.71328416
664188.71328416
664190.6457119613
664192.5781397627
664198.3754231669
664200.3078509683
664202.2402787698
664204.1727065711
664206.1051343725
664208.0375621739
664209.9699899752
664211.9024177766
664213.8348455781
664213.8348455781
664215.7672733794
664217.6997011808
664219.6321289822
664221.5645567835
664225.4294123864
664227.3618401878
664229.2942679891
664231.2266957905
664233.159123592
664235.0915513933
666938.1337415806
666949.4239164203
666953.6577319852
667018.7145972989
667018.7145972989
667047.4934743409
667058.2025372402
669919.1273072008
671548.6205317251
671550.6129155203
671555.5938750084
671557.5862588036
671565.5557939846
671567.5481777798
671568.5443696774
671569.540561575
671573.5253291655
671583.4503521454
671594.0026070608
671599.7583824693
671681.8335260338
671691.5832930318
671694.3689407455
671698.547412316
671936.5680958527
677876.3945693705
684308.8425482578
684318.988947215
684393.3712755702
684393.3712755702
684405.8651822861
685217.8676548303
685454.652322494
685454.652322494
685469.7012769473
685475.4893363524
685476.6469482335
685478.9621719954
685481.2773957575
685595.1615000528
685596.9740158665
685605.1095830303
685608.7253906587
686933.9188864583
687000.387023627
687181.4310650196
687182.5702289025
689661.0679981681
691546.4718523903
691623.8058604422
691639.9386347841
691653.1289534285
691653.7285133668
694810.6514129052
694831.6313987491
694831.6313987491
694840.0990298787
696790.9194853777
697212.6407220341
697234.8659477499
697235.6499876693
697475.1418990549
697478.7761546813
697478.7761546813
697485.4727779931
697485.5281219874
697487.2437858111
726403.8535818262
726517.5116981446
726517.5116981446
726519.250421966
726522.7278696086
726522.7278696086
726524.4665934298
726526.2053172512
726705.1924068552
729751.796277732
738064.6487033556
738187.3832347412
738187.3832347412
741779.8910415112
741793.5425601081
753114.9867565152
753125.0962594762
753144.051577528
753147.8426411384
753152.8973926188
753161.7432077097
753171.8527106707
753175.643774281
754133.2286238626
755151.129203245
755186.5124636085
755212.8008609066
755216.95166048
759302.5560085707
759476.7789026644
762157.0147551957
762161.7651147074
762163.6652585121
762163.6652585121
762165.5654023169
762167.4655461216
762171.2658337309
762173.1659775357
762175.0661213404
762176.0161932427
762176.9662651451
762177.9163370475
762183.6167684615
762185.5169122663
762185.5169122663
762187.417056071
762190.2672717781
762191.2173436804
766312.8644680667
771632.8105332946
773846.3166457952
775277.046526748
775279.8690704579
775295.3930608623
776239.1096278693
776248.9793068549
776557.4436711516
776558.6935230232
776562.8350985976
776568.5816500069
776575.149137332
776579.2538169101
776580.0747528257
776580.8956887414
776582.5375605726
776583.3584964882
776584.1794324039
776585.0003683195
776587.4631760663
776589.1050478976
776589.9259838132
776592.3887915601
776594.0306633913
776595.6725352226
776597.3144070539
776598.9562788851
776599.7772148007
776600.5981507164
776607.986573957
776623.2522923879
776631.2541115655
776632.854475401
776634.4548392366
776636.055203072
776644.0570222497
776645.6573860851
776647.2577499207
776650.4584775917
776652.0588414272
776653.6592052628
776655.2595690982
776656.8599329338
776658.4602967693
776660.0606606049
776663.2613882759
776663.2613882759
776666.4621159469
776668.0624797824
776668.0624797824
776672.863571289
776672.863571289
776674.4639351245
776676.06429896
776679.2650266311
776679.2650266311
776682.4657543021
776682.4657543021
776685.6664819731
776687.2668458086
776688.8672096442
776690.4675734796
776690.4675734796
776693.6683011507
776695.2686649862
776696.8690288217
776698.4693926573
776700.0697564927
776701.6701203283
776703.2704841638
776703.2704841638
776708.0208436757
776709.5704755164
776711.1201073572
776712.6697391978
776714.2193710386
776715.7690028793
776717.31863472
776718.8682665608
776720.4178984015
776721.9675302423
776723.517162083
776725.0667939237
776726.6164257644
776728.1660576052
776729.715689446
776732.8149531274
776734.3645849681
776735.9142168089
776739.0134804903
776740.5631123311
776742.1127441718
776745.2120078532
776746.761639694
776748.3112715347
776751.4105352162
776752.9601670569
776752.9601670569
776756.0594307383
776756.0594307383
776760.7083262606
776760.7083262606
776763.807589942
776765.3572217828
776766.9068536235
776768.4564854642
776770.0061173049
776771.5557491457
776774.6550128271
776777.7542765086
776779.3039083494
776780.85354019
785278.3473668365
785285.8003580705
785367.252881699
785367.252881699
790570.925826877
793371.3411630566
793433.2341966954
793434.3595245797
797987.0579606635
797999.1321754225
798434.7263066531
798444.7251216255
806783.8059885532
806792.2551716849
806794.3674674678
806795.4236153592
815587.4766277316
815593.9564870655
815926.1080809277
815927.6069807737
819608.7666424323
833825.4581092724
834321.0497423365
834321.0497423365
834333.4560210614
834369.4342293637
842880.5565146095
842909.2200916634
842909.2200916634
842935.8543889261
842936.9197608165
842951.8349672835
842965.6848018601
848901.3281918078
848934.2071364287
849023.251011277
849023.251011277
849029.3941946456
849105.602874813
849109.7352263883
849110.7683142822
849111.801402176
849112.8344900698
849113.8675779636
849683.4080114275
849725.6539270856
849726.710074977
849734.6703861589
849793.0260161612
849838.2466715135
849838.2466715135
852505.6242693664
853439.0007334361
853464.0900108574
853492.9426798921
853604.7928923962
853624.0526024168
853842.6198719529
853844.5615237533
853903.3599057102
856076.40033437
861101.3306259188
861143.5027495845
861143.5027495845
862100.5664432195
862594.4009044643
862641.0835636664
862643.0574994636
862790.4985123099
862791.7483641815
865940.4157845684
866019.317872459
866019.317872459
866021.6238722219
870703.9563909823
870734.3125718624
870734.3125718624
870738.4818194337
870738.6847474129
870738.6847474129
870739.0906033712
870739.2935313503
870739.4964593295
870739.9023152877
870740.1052432669
870740.3081712461
870740.5110992253
870740.9169551835
870741.3228111417
870741.5257391209
870741.7286671001
870741.9315950793
870742.3374510375
870742.7433069958
870742.9462349749
870743.1491629541
870743.5550189123
870747.410650516
874443.7068946189
874443.7068946189
874444.3249025554
875746.2231887493
878233.6451770975
880572.3071207351
880663.689279343
880663.689279343
880675.7404341045
884928.5620490089
884980.2072197009
884980.2072197009
891639.321139292
892416.0833234581
892527.3109160265
892636.4953928046
892637.5377046975
893406.464101669
893548.6105390595
893548.6105390595
895835.179948051
895838.7357996856
895841.106367442
895853.9000541269
895857.6634457401
895860.48598945
895864.2493810633
895865.1902289665
895867.0719247732
895887.7705786458
895888.7114265491
895900.9424492919
895979.2542012433
897803.1708777853
897807.3032293605
897809.3694051482
897811.4355809358
897815.5679325111
897817.6341082988
897821.766459874
897825.8988114493
897827.964987237
897832.0973388123
897834.1635145999
897842.4282177505
897905.2989952887
897905.2989952887
898311.5930935306
898314.1481412681
898315.4256651368
898347.4975098405
898351.9250293855
898354.8767090822
898375.5384669586
898377.0143068068
898842.697122945
899254.0321366689
899379.8474837379
899395.2054421594
899448.1050767225
899589.0616182353
899590.5051740869
899968.6245672246
899995.6877804432
899995.6877804432
900021.5933817807
901091.2682678419
901098.1862671309
901099.5698669887
901100.9534668465
901100.9534668465
901102.3370667043
901103.7206665621
901105.1042664199
901106.4878662777
901107.8714661355
901109.2550659933
901110.6386658511
901117.55666514
901120.3238648556
901120.3238648556
901123.0910645712
901124.474664429
901125.8582642868
901130.0090638602
901150.7630617272
901150.7630617272
901152.146661585
901519.7829798001
901528.4765989066
901561.5123515113
901561.5123515113
901570.2059706177
901571.9446944391
901577.1608659029
901577.1608659029
901578.8995897243
901582.3770373669
901585.8544850094
901585.8544850094
901587.5932088307
901587.5932088307
903947.419618293
904364.3858834382
904365.5988393135
908369.4923918021
909042.1248506706
909053.747089476
909055.1998693267
909058.105429028
909059.5582088787
909061.0109887294
909062.4637685801
909063.9165484308
909065.3693282815
909066.8221081322
909068.2748879829
909069.7276678336
909205.6940258592
909205.6940258592
909212.6812051411
909230.847871274
909236.4376146995
915217.7305759555
915547.8390540277
915565.7705081847
915658.2503226799
915658.2503226799
915660.1596904836
915662.0690582874
915665.887793895
915665.887793895
915667.7971616987
915669.7065295024
915671.6158973062
915673.52526511
915675.4346329137
915677.3440007175
915677.3440007175
915681.162736325
915681.162736325
915683.0721041288
915684.9814719325
915686.8908397363
915686.8908397363
919982.5533182375
920242.1719955546
920382.0078211825
920382.0078211825
920611.0489416423
920612.8522334569
920642.5488984047
920682.9500142524
924483.2606836648
924529.6804588939
924658.5397256501
924660.1308654866
924751.6191000836
935449.871472541
935508.7021384945
935509.7352263883
935603.6170887393
935603.6170887393
935615.626735505
935631.067709918
935665.6023623686
935690.175095843
937861.5874886701
950581.2608053705
950619.3144134593
950619.3144134593
960464.0286456415
960465.4399174964
960466.3807653998
960466.8511893514
960467.7920372547
960467.7920372547
960468.2624612064
960468.732885158
960469.2033091097
960469.6737330613
960470.1441570129
960470.1441570129
960471.0850049163
960471.5554288679
960472.0258528196
960472.0258528196
960475.3188204811
960475.3188204811
960484.2568755625
960484.2568755625
960527.4113551272
960530.6074707987
960539.1304459227
961042.096666229
961096.3337806546
961097.8096205029
961098.5475404271
961099.2854603512
961100.0233802754
961100.7613001995
961101.4992201236
961102.2371400478
961102.2371400478
961103.7129798961
961103.7129798961
961105.1888197445
961105.1888197445
961106.6646595928
961106.6646595928
961107.402579517
961107.402579517
961108.8784193653
961108.8784193653
961109.6163392895
961110.3542592135
961111.0921791377
961111.0921791377
961111.830099062
961112.568018986
961173.9860166737
961182.8087717668
961189.8190110463
961189.8190110463
961190.6952909563
962089.7630905522
962100.1124174885
962766.7262169754
962768.6494207777
962804.7060330719
962804.7060330719
962815.5119479613
963798.3936149428
963800.4044467362
963810.4586057029
963810.4586057029
970225.5470183743
970275.4673012437
970275.4673012437
982938.7635357382
986210.7050914553
986214.2055990956
986233.9634050649
986233.9634050649
986894.8906091362
993577.6871462932
1003390.0850977969
1003514.9595969624
1003523.5148560832
1003525.2259079074
1003526.9369597315
1003528.6480115555
1003530.3590633797
1003532.0701152039
1003533.781167028
1003535.4922188522
1003537.0049546966
1003538.5176905412
1003541.5431622303
1003541.5431622303
1007817.3602067713
1008437.6510830192
1009072.1054098114
1009301.7553142085
1009301.7553142085
1009353.852460854
1009353.852460854
1009374.6064587211
1009399.2114761922
1009435.0005925138
1016033.3837023467
1016178.440311438
1016179.8285232953
1021941.3089751432
1023004.6100778596
1023006.6670296482
1023054.6733327141
1027683.7926009436
1027691.9558401045
1027693.5884879368
1027695.2211357689
1027695.2211357689
1027698.4864314334
1027700.1190792655
1027703.3843749299
1027703.3843749299
1027706.6496705944
1027706.6496705944
1027708.2823184265
1027708.2823184265
1027711.547614091
1027711.547614091
1027714.8129097554
1027714.8129097554
1027718.0782054197
1027719.710853252
1027719.710853252
1027721.3435010841
1027722.9761489164
1027727.874092413
1027727.874092413
1027727.874092413
1027729.5067402452
1027731.1393880773
1027732.7720359096
1027734.4046837417
1027736.0373315739
1027736.0373315739
1027737.6699794062
1027739.3026272383
1027739.3026272383
1027740.9352750706
1027742.5679229028
1027745.8332185672
1027745.8332185672
1027747.4658663993
1027750.7311620638
1027750.7311620638
1027752.3638098959
1027756.5422814665
1027757.9351053233
1027757.9351053233
1027760.720753037
1027762.1135768939
1027763.5064007507
1027764.8992246076
1027764.8992246076
1027767.6848723213
1027767.6848723213
1027769.0776961781
1027770.470520035
1027771.8633438918
1027776.0418154624
1027776.0418154624
1027778.8274631761
1027780.2202870329
1027781.6131108898
1027783.0059347466
1027784.3987586035
1027882.4775405232
1027946.6904099236
1030422.0289595138
1035573.0005861083
1035575.5002898515
1035577.9999935945
1035579.249845466
1035580.4996973376
1035582.9994010807
1035584.2492529522
1035585.4991048238
1035586.7489566953
1035587.9988085668
1035590.4985123099
1035591.7483641815
1035592.998216053
1035596.7477716677
1035597.9976235392
1035601.7471791538
1035602.9970310254
1035604.2468828969
1035604.2468828969
1035606.74658664
1035609.246290383
1035610.4961422546
1035629.4791323035
1035686.2021144737
1035686.2021144737
1035688.7018182167
1035689.9516700883
1035689.9516700883
1035691.2015219599
1035692.4513738314
1035696.200929446
1040213.0641292129
1042163.8107927195
1043376.3977080925
1043387.7017189306
1043395.5282821263
1043395.5282821263
1043412.352856397
1043412.4819923838
1043413.2568083042
1043428.7254547144
1043445.4301169974
1050847.989136179
1050850.1936719525
1050851.2959398392
1050851.2959398392
1050852.398207726
1050854.6857594906
1050855.871043369
1050855.871043369
1050857.056327247
1050858.2416111252
1050860.6121788817
1050860.6121788817
1050861.7974627598
1050864.168030516
1050864.168030516
1050865.3533143944
1050866.5385982725
1050867.7238821506
1050867.7238821506
1050868.9091660287
1050870.094449907
1050871.2797337852
1050872.4650176633
1050873.6503015414
1050881.9472886887
1050951.2933135615
1050952.4048054472
1050953.516297333
1076148.19635588
1076148.19635588
1076168.120193832
1077028.3318974215
1077032.676400975
1077106.3853773994
1077106.3853773994
1088648.4999151265
1090673.3014550216
1092752.5937693168
1092911.7861569552
1092913.257384804
1105445.2315447957
1105488.1508123847
1105488.1508123847
1105501.5809550043
1107090.0827277417
1107104.4168222684
1107235.886480756
1107238.349288503
1107279.7650442463
1107279.7650442463
1107314.447280682
1110986.299927297
1111134.5111440641
1111136.0054319105
1126061.229161929
1126062.6957777785
1126105.2091894092
1126105.2091894092
1127612.9640744454
1129235.0227557337
1129256.4408815324
1129256.4408815324
1130529.1821067228
1130546.0297409913
1130546.3618049573
1130555.8440759827
1130556.249931941
1130558.6850676907
1130565.5846189817
1132778.219063572
1132779.3812874525
1132792.1657501385
1132792.7468620788
1133064.5504421436
1133078.128168748
1133080.6739924864
1133088.8418436467
1133089.3722235924
1133089.9026035378
1133090.4329834832
1133090.9633634288
1133090.9633634288
1133092.0241233197
1133092.5545032653
1133093.0848832107
1133093.0848832107
1133093.6152631561
1133094.1456431018
1133094.1456431018
1133095.2064029926
1133096.2671628837
1133096.797542829
1133097.3279227747
1133097.8583027201
1133097.8583027201
1133098.9190626112
1133098.9190626112
1133099.4494425566
1133099.979822502
1133100.5102024477
1133101.040582393
1133101.5709623385
1133102.1013422841
1133102.6317222295
1133103.162102175
1133103.162102175
1133104.222862066
1133104.222862066
1133105.283621957
1133105.283621957
1133105.8140019025
1133106.344381848
1133106.8747617933
1133107.405141739
1133107.9355216844
1133108.4659016298
1133108.9962815754
1133108.9962815754
1133110.0570414662
1133110.0570414662
1133110.5874214119
1133111.1178013573
1133111.6481813027
1133112.1785612484
1133418.4383897716
1133419.8773336238
1133420.5968055497
1133421.3162774758
1133421.3162774758
1133422.035749402
1133422.755221328
1133423.474693254
1133424.19416518
1133424.913637106
1133425.6331090322
1133426.3525809583
1133427.0720528844
1133427.7915248103
1133427.7915248103
1133428.5109967364
1133429.2304686625
1133429.9499405886
1133430.6694125144
1133431.3888844405
1133432.1083563666
1133432.1083563666
1133433.5473002188
1133434.2667721447
1133434.2667721447
1133434.9862440708
1133435.705715997
1133436.425187923
1133437.1446598491
1133437.864131775
1133437.864131775
1133438.583603701
1133440.7420194794
1133440.7420194794
1133441.4614914053
1133442.1809633314
1133445.0588510355
1133445.7783229616
1133446.4977948877
1133447.93673874
1133448.6562106658
1133449.375682592
1133450.095154518
1133450.8146264441
1133450.8146264441
1133451.53409837
1133452.253570296
1133452.9730422222
1133453.6925141483
1133455.1314580003
1133455.8509299264
1133456.5704018525
1133457.2898737786
1133458.0093457047
1133469.419432532
1133488.596126561
1133488.596126561
1133489.3063744882
1144735.1552866646
1144752.0352049298
1144754.7332246522
1144820.5925778835
1144820.5925778835
1145961.6566046076
1145974.8930432473
1156947.384131519
1157001.1047019977
1163082.1690489992
1163096.669175509
1163223.2270545017
1163224.4446223765
1163506.3853773994
1163633.1692443686
1163662.4185453625
1163662.4185453625
1164031.5260914266
1164035.2525870437
1164118.1763385208
1164118.1763385208
1166195.6007930078
1166214.9250710215
1167731.659519135
1167949.1337447835
1168080.6402992674
1168080.6402992674
1171620.7788514202
1175879.8773976793
1178778.3392317817
1178786.6039349323
1178854.4741199568
1178854.4741199568
1179831.775267512
1179842.5488984047
1179842.5488984047
1179865.4428640518
1180967.0742948283
1180972.4149902796
1180991.997540267
1180993.7777720839
1183935.2741737636
1183945.4897527136
1184092.0913816462
1184124.8688622774
1192176.5391427446
1192243.5976158525
1192243.5976158525
1192247.9559554046
1193163.17958934
1193193.517322222
1193193.517322222
1195232.5145966583
1196191.810498064
1196195.8229376515
1196303.5869185757
1196303.5869185757
1196501.6953582144
1196504.5824699178
1196554.6088287763
1196555.927860641
1200045.375926003
1200208.202569268
1200208.202569268
1200211.5370449251
1202944.1098680776
