3398.001338760974
8153.26801802523
17133.35225107213
24388.170477438034
24976.523256968445
25288.755624877893
25536.410775424447
25651.609299584597
25658.398162886853
37207.75353986977
51122.02236179215
54869.78852060506
59527.66821787854
61004.99313004237
72141.39468146776
74118.15302230095
74248.28520092623
81753.032293605
82213.21299430868
84062.93380819846
85571.55574914566
95705.76980357367
102203.9756717025
105668.14997966235
109216.1519910066
109252.31006729035
109253.34315518416
109254.37624307799
109254.37624307799
111527.05892149672
112596.0189476314
115973.4784405036
116227.14763843206
117037.72961512224
123478.16557718854
128804.6929657399
132665.82668490114
132698.51653754135
136189.87397070738
158708.64423227825
158785.07428842294
175692.35093473058
178213.20991964234
184878.55003859347
185386.36347040153
199571.3889484961
212557.59894180234
212896.7008189502
213191.0709126955
227112.3176899007
243843.38828231842
250196.9341733151
258732.12187208745
258743.5596309119
258991.84662539355
258998.06360075457
259150.7807410586
259155.06067661874
259157.2006443988
260406.77579597026
265734.53920039453
265746.97315111663
270748.4006930811
270859.57755365456
279810.38020171097
279915.69982288644
279923.28195010714
300195.08604261617
301722.4695976351
317746.2531667462
319711.3938807734
324600.5515182767
337060.32482568885
348312.6858811962
384571.02703464444
386973.25155574916
387197.8190366686
394441.462388183
394442.7906440465
398458.77224729286
408425.6352869208
429385.1991967434
429405.82405862364
429416.9297534822
429459.7660050796
429489.6379260094
429512.5088316588
431746.8473460185
460940.7582255332
465997.2345938398
466003.79285716574
466059.1737474738
466227.8991381326
466505.98426155164
467004.55063431006
467051.86974944675
472988.0942513347
475786.23125974846
479759.653331369
484069.44697641797
488650.6291215742
490264.1832757367
490424.9299072155
490476.14616195165
490600.1305452088
490680.0611089937
491661.545340119
493653.79077536036
494726.6756130917
494736.77589205356
495936.4999407486
496329.2485963828
496809.40847903304
497602.1327935585
499157.8616976642
499216.5447796329
499451.03728353226
499546.2658497449
501561.3130106428
501665.59954392444
503268.1217952208
503295.10199244786
504166.7975748569
504949.14489044895
504978.168203466
504980.0406752736
504981.9131470811
504982.8493829849
504985.12309875124
504986.46057861374
504987.7980584763
504989.1355383388
504991.8104980639
504993.1479779264
504994.485457789
504997.16041751404
504998.4978973766
504999.8353772391
505002.5103369642
505005.1852966893
505621.03020539414
506087.71382542944
506654.93903513125
506711.0993533592
510958.4373008273
512360.50821672555
514381.43106501957
515734.2181539832
515741.2745132579
515847.07378238405
522682.42603986175
523109.6724519503
523163.6420704035
523422.0155078484
523717.8383814444
523804.8483645017
539545.6673146953
539555.73992166
555904.1344654084
556021.2423573723
556409.5081494672
562559.7478773593
569702.8726992047
569949.8314378229
571304.0436346399
573066.1410695355
573109.1433531159
574761.6227832776
580760.1830707589
602120.1054354337
612272.3247360111
618781.5994030022
626778.797357068
628957.6166211339
629185.7168936902
629804.4212421011
633439.6223284833
655189.355505094
668015.1786028844
671411.8655217804
679971.0171700899
681968.5617927867
684360.0541909945
685180.3490386864
685697.8615054975
692591.1128050245
700500.9733240666
700530.6976610116
701241.6097159457
701254.7031826
743926.3848008994
747088.6253358913
753975.1569521088
759118.426539495
777251.3697318315
816649.0390066266
836286.4256683396
862322.1637964442
881599.6669111454
894377.3499578835
896320.4222541788
911320.3603765186
916902.7153787764
917333.0472185479
944216.6922355066
944447.7534117587
945294.654884716
945469.7632827188
979853.7278728113
980066.3179909617
982624.8708479994
983560.553311832
984907.4001454061
984920.1431000964
991231.5260914265
992813.2574488596
992934.2209724273
996908.2103199895
1006865.9831085518
1015516.3601074852
1018597.4386748188
1020245.4121814438
1023939.4116497828
1024056.6394537343
1025725.5791102044
1027004.1591267948
1030608.0401243959
1030852.7343712468
1033142.6290318965
1033457.010591585
1039772.4705904961
1039921.179903212
1039921.179903212
1039924.8695028329
1041797.6687623507
1042469.7431692764
1042500.4314141223
1046426.3498906252
1053109.3216837642
1053215.3054328714
1054210.1506266235
1056136.5828286288
1057181.8832971954
1057272.850375846
1057562.7975620457
1059001.3540061943
1059053.681752816
1059723.8836879341
1065894.13026977
1067666.632375596
1068184.8597023338
1071592.6154200921
1071667.684936377
1072788.1702212158
1077093.1028187645
1077294.1444901018
1077877.9728980972
1083119.9900073344
1083176.4685535296
1083195.5161115718
1083205.0398905932
1083537.1730364573
1083574.9914325704
1083617.4541122061
1090447.4103302383
1095200.311053746
1096202.2402787698
1096248.618546003
1096455.2361247675
1096458.3907324432
1096551.1472669097
1096876.3070694907
1097314.2072004844
1099670.879002271
1099679.217497414
1099702.0930150626
1100950.870290716
1102136.9197608165
1103005.391555557
1103285.1093268082
1104122.6715007254
1104128.0029721775
1104247.5229398936
1105896.3542784303
1108937.6589618516
1109479.2552901877
1111422.714994443
1112094.4896214
1112551.0406784762
1119171.1785900733
1124389.5914857364
1125680.4624810636
1125777.3698151037
1125934.3576669688
1129815.8395280386
1135555.1869941612
1135994.770504982
1148734.372271634
1148945.93391389
1149051.7793030117
1157824.272825394
1160079.6328335933
1161737.4483472067
1174655.0548475638
1179518.8142036775
1181923.0218845783
1184946.1045578725
1186121.6432810533
