46534.84922925161
68285.8091977363
75822.69270311213
75825.20163085427
75921.50018095692
75922.69007683464
75934.58903561169
75934.58903561169
78301.07056038996
78315.01724695656
78316.1794708371
78655.51194796126
90748.03634511848
97959.52483593773
134956.0165135205
135201.3656643041
135202.63396417373
135208.97546352196
152491.65042324705
152495.39997886168
152496.64983073322
152499.1495344763
159050.89149310283
159163.19368156066
159163.19368156066
159168.75114098948
162477.38576493534
162478.4741968235
162479.5626287116
162480.65106059975
162910.72001639823
165084.02794103045
165089.3086804877
165093.5332720535
165095.64556783641
165099.87015940223
166831.56529342243
185222.38843925452
185224.35315105258
185224.35315105258
185226.31786285067
185227.3002187497
185328.9117923063
193713.30555457692
194755.82959942863
194792.5780116517
195275.2514340436
195275.2514340436
195282.30779331835
195292.18669630302
195293.59796815796
200770.40274926415
200773.01314099587
200782.14951205684
200783.4547079227
200784.75990378857
200786.0650996544
202459.5660236557
213601.7141264905
213607.30386991598
213609.1671177245
215265.1701155242
261217.011872696
276157.8702811078
277572.82251168217
296463.86312610295
296484.33579199883
300494.2987358637
317000.89869935205
317079.3395872901
317079.3395872901
324501.76248842996
324515.6123230065
329065.0039554301
329065.0039554301
331475.43783569115
331483.40737087204
331611.48720970826
331612.58025359595
331614.7663413712
331640.9993946751
331730.37994548876
331730.37994548876
331731.5560053679
331736.26024488435
331803.58160196524
331803.58160196524
331817.98026448535
331939.8523519596
331939.8523519596
331942.07533573115
331943.18682761694
331948.74428704573
332032.728798414
332032.728798414
332038.24013784755
358544.14394562965
358545.7028014694
358546.4822293893
358548.0410852291
358548.82051314897
358549.5999410689
358550.3793689888
395032.2871994594
395032.2871994594
395033.87833929586
395033.87833929586
395033.87833929586
402292.37694128347
413842.3226542057
438656.6464998446
571215.8806517011
