450242.2614171009
466124.75638073334
470852.01899887586
504993.1479779264
506737.9135186033
523214.11579321587
529992.2469725746
556548.5599351758
558027.9602471263
560319.8841875674
582709.1956224438
606326.8854590701
606547.9293723517
606547.9293723517
609536.4958411935
619879.6150261506
636164.6038004158
648075.6598522238
648079.4878118304
648087.1437310436
655437.6978435699
686884.0539475833
688435.8718760909
688463.2394812781
688510.226532449
734110.209621784
798313.1724471461
798315.6998228864
798319.4908864967
801427.8033110313
802545.7519961311
842747.5003282847
842791.1482917987
842886.137034036
842887.2531379212
893420.8673761886
895966.9217145108
914886.5567259928
914902.4542883589
915489.5526040182
915489.5526040182
927132.7206633593
945135.4209890817
984778.4901466552
984839.5161243831
985310.5765319685
985310.5765319685
986637.8638755529
987285.7898529605
989217.2260744517
990440.2730047497
991727.9063764097
995971.6331282489
996077.3124853873
996156.4728452513
996183.63291046
997698.5686787582
997698.5686787582
997790.2321693372
997863.3969298175
1003925.0585948133
1004052.7648616881
1004095.6011132855
1004157.1574709589
1004180.0007046111
1004192.3009073469
1004247.9908016232
1004262.4540321367
1004267.8777435792
1004323.8904778224
1004387.2362913119
1004405.7765294063
1013714.4518926813
1024730.0282805249
1025309.7012769474
1025309.7012769474
1025493.0282581055
1025495.3619298657
1027906.5521780489
1027932.2317914095
1028106.4915814995
1028134.7077945995
1028135.9345864734
1028144.2684696169
1028250.4874307
1028360.1146594327
1049005.449205551
1049009.0235051839
1049009.0235051839
1049012.5978048164
1049020.4612640082
1049035.9022384211
1049042.907865701
1049051.9151007754
1049055.9183163638
1056758.5478607046
1062374.1876635419
1062467.7328499274
1062506.861053906
1062515.619241006
1062764.4688994298
1062823.299565383
1062824.4064452692
1062850.0307146357
1072251.517956372
1077491.5749658104
1077528.890653975
1087564.2787825603
1117806.469482335
1141867.381697408
