90293.46844783796
90745.85948134222
96945.98259610734
97877.44046837417
97949.01870101753
97957.0528041918
101226.21332419473
101233.17744347898
102864.0219838644
102866.73383958568
102868.08976744632
103962.56798695828
104115.24361926662
104118.67494691396
105126.58132332358
115427.8235525848
134932.68901991806
136414.71355959887
136458.57367509103
136458.57367509103
147215.48606951948
162948.8889244753
163001.8531270318
163026.06612454323
163026.06612454323
165191.41834999312
166803.4966643073
171914.21937103855
172040.86026602268
185204.70603307188
185210.6001684661
185211.58252436513
185212.56488026417
185213.5472361632
185214.52959206223
185215.51194796126
185309.54139429715
185325.03771270448
193700.17519192645
210637.19001117768
223616.6065291821
223635.33124725762
223730.7166214541
223732.48301727258
223770.10309740607
235860.02632683062
264071.01864336757
264081.8383942555
275999.5449493801
279866.4159959517
279884.10762613337
310230.70477117755
316165.6563611964
323381.7522395421
323470.63008240744
323471.6723943003
323540.7416992015
323540.7416992015
352139.1004679258
352141.1758677125
352142.6932155565
352148.2276149877
352148.2276149877
352148.5965749498
352148.67036694224
352148.81795092707
362587.5069900618
380480.77379103156
380501.0020209525
380505.7616044634
380614.0144573374
380614.0144573374
380621.90097652684
380758.8773624487
380758.8773624487
380766.30268168554
380785.0366237601
380797.5812624708
380805.421661665
380805.421661665
385115.9947346339
385119.029430322
385120.546778166
385122.0641260101
385123.58147385414
385125.09882169816
395060.9277165158
395060.9277165158
395064.10999618866
395068.8834156981
457001.3127544206
473116.9350700928
558298.4816913226
560189.1524490038
648140.7351655356
648144.5631251421
648154.1330241585
648156.0470039619
648163.702923175
648167.2264908128
648168.8360786474
648170.445666482
687700.0596357161
687722.9582133626
825234.2392282588
973703.3082769378
973708.3999244145
1014965.4844361029
1025932.445736943
1029794.2113000393
1031602.009038238
1031602.009038238
1036052.980600777
1046787.1327775447
1046794.3828407995
1046857.7839982833
1046858.5542022042
1046859.7948300766
1073542.5457596828
1075055.8627161474
1075133.6025801576
1076553.3512902388
1076792.78785763
1076794.0054255049
1096238.9564069961
1096244.7536904002
1096246.6861182016
1096248.618546003
1096254.4158294073
1100543.1003526258
1101630.5498848602
1103064.9370814369
1103078.9391119978
1103214.084534108
1103214.084534108
1103218.9271336102
1103231.840732283
1135079.136403089
1135205.864926064
1135205.864926064
1135210.9381255426
1138162.3411022038
1147786.237409081
1147795.2123601586
1147948.6904803845
1147950.3415762149
1147953.6437678756
1147958.5970553665
1150140.4325671222
1190631.1226695792
1190633.4655653383
1190634.637013218
1190635.8084610975
1190636.9799089772
1190638.1513568568
1190640.494252616
1199022.692703112
1199030.2194863386
