67588.13358144183
68827.1749260959
75312.5225395463
75969.04067207081
81275.49202668555
83969.62383378866
85750.31685077297
85814.34524019228
90742.07764173091
140343.97573575802
140529.3781167028
140529.3781167028
150792.23928590873
151045.8439158438
152346.01270221538
152464.1536820731
152470.40294143083
152470.40294143083
152471.65279330238
152471.65279330238
152474.15249704546
152475.402348917
153011.86552178048
179880.36473229586
189911.32995333552
200825.00882365185
200833.04753882566
200835.3443145896
200842.23464188143
200844.53141764537
200845.67980552732
200847.9765812913
200849.12496917325
200850.27335705524
237958.41231916318
237964.6477425223
356106.181040198
359355.96655019233
376631.64510663645
407620.6384416566
628305.0094642073
628335.8914130334
628341.0384045044
628357.81685878
628374.6045370545
628384.9354159929
628392.6835751964
628399.1403745329
628414.6366929401
628423.8975879883
628429.5057794119
628442.124210115
687912.557513876
993245.272668458
1149321.0370593378
