657407.1046571587
657411.0479167535
657483.8483292711
657483.8483292711
662031.9762738247
672117.3400292734
672200.6650247094
672991.5998834189
672991.5998834189
684652.2658689616
684795.6529342246
696728.8465837574
698303.4939099187
698304.1949338467
698304.8959577746
698305.4217257206
698385.9287894462
698399.9769400024
701376.4184620903
702554.7981769791
702554.7981769791
737192.7317449691
754317.611752912
754321.407428522
754325.5213320992
754326.5498079936
776210.1739428432
776427.1639085414
795653.6813684828
803615.5514061794
803871.3098398931
803871.3098398931
858166.4109355633
864608.2766174828
864822.9836434156
865792.711887749
865792.711887749
889483.8478168268
889566.9883322817
903265.5493243741
903272.3750836726
904028.097326001
904028.097326001
904036.6203011251
904039.0554368749
915352.5716060968
915479.203277082
916323.595822297
916323.595822297
916346.8402999081
919834.8263614206
919834.8263614206
974470.855686051
1043074.0442431676
1044897.8225597239
1044972.5369520448
1075730.0724788536
1082570.4610398137
1082576.6780151748
1082580.1554628175
1082581.8941866388
1082583.63291046
1082588.849081924
1082588.849081924
1082595.8039772091
1082597.5427010304
1082599.2814248516
1082601.020148673
1095241.4593135167
1108394.180937709
1125291.7124290185
