14607.991954623049
14629.022672461557
14693.705965813551
14798.356847057767
14799.749670914616
14810.892261769404
14812.285085626254
14813.677909483102
14815.070733339951
14817.856381053647
14820.642028767345
14823.427676481042
14824.820500337892
14827.60614805159
14830.391795765287
14833.177443478984
14834.570267335832
14837.35591504953
14838.748738906377
14841.534386620075
14842.927210476924
14844.320034333772
14847.10568204747
14848.49850590432
14849.891329761167
14852.354137508044
14855.564089178133
14857.704056958191
14858.77404084822
14860.91400862828
14861.98399251831
14864.123960298368
14865.193944188397
14867.333911968457
14869.473879748515
14870.543863638544
161607.53037033716
161632.80412773957
211246.74876452857
211260.64010710086
211264.11294274393
211266.42816650597
211269.90100214904
211272.2162259111
211274.53144967314
211278.00428531622
211280.31950907825
211281.4771209593
211286.10756848336
211288.42279224543
213390.91807615565
213397.3287554968
213399.89302723322
213402.45729896968
213405.02157070613
213407.58584244258
213410.15011417904
213412.7143859155
213471.60961986237
213471.60961986237
213565.00261026362
213565.00261026362
221727.3332073574
282821.0934922765
301834.6334261071
307435.4179784709
309160.9607051235
309211.78955189936
315569.7767984396
315680.15117109555
315860.05604860536
315861.4027524669
315869.48297563643
315877.563198806
319107.91374279774
319120.98876145395
319120.98876145395
319135.2398399893
319137.61501974514
319142.3653792569
319144.7405590128
319149.49091852456
319151.8660982805
319156.61645779223
319158.9916375481
319163.7419970599
319166.11717681575
375219.05421981943
375348.706750494
375351.64920619165
375359.6833093659
375362.2291331042
408944.7066095718
425932.3980796146
425947.281002085
425949.48553785845
425950.58780574513
425951.6900736319
425952.79234151857
425954.996877292
425957.2014130654
425960.50821672555
425960.50821672555
425962.712752499
425963.8150203857
425964.9172882724
425966.0195561591
425967.12182404584
425968.2240919325
425970.42862770596
425970.42862770596
425972.6331634794
425973.7354313661
425974.8376992528
425975.9399671395
430770.50088236516
457184.7642595659
457191.7744988454
457198.78473812493
457428.96041046793
486419.6389188705
486613.49509494635
486713.23880869494
487102.3947166983
487102.3947166983
487170.2787377214
487171.9344455512
487175.24586121086
487178.55727687053
487180.21298470034
487185.1801081898
487186.8358160197
487193.45864733896
487209.9465456444
487215.94214502815
487226.4344439498
487226.4344439498
487230.9311434876
487232.43004333356
487235.4278430255
487239.9245425633
487242.9223422552
487245.9201419471
487248.91794163897
487251.9157413309
513560.48131339496
513563.6497570693
513569.98664441804
540163.8412831607
540182.510657242
540268.0032924552
544198.4830364892
547750.7373113965
560261.5054975675
561986.0843163191
562001.3546467497
562012.2620256286
562261.7758119842
562333.6077046014
562335.3279804246
562352.5307386565
563628.0529995613
563644.8222298378
565315.472938132
565325.8407130664
565327.1228489346
565329.687120671
565330.9692565392
565605.3094363433
566138.3089975627
574280.2084367564
575360.1634697609
575391.6219185278
576366.1189703711
576378.7742970703
595610.3787924888
596227.5335090591
597714.5159482303
599060.4403818991
599406.4694823351
643869.6315845101
650449.2023482765
650462.6463268948
650484.9776285995
650486.5318724398
650488.08611628
650491.1946039605
650492.7488478008
650495.8573354813
650497.4115793216
650498.9658231618
650500.520067002
650502.0743108423
650503.6285546826
650506.7370423632
650508.2912862033
650509.8455300436
650512.9540177241
650514.5082615644
650516.0625054047
650517.6167492449
650519.1709930851
650523.833724606
650523.833724606
650528.4964561267
650530.050699967
650531.6049438072
650534.7134314878
656886.5436586607
657284.8682217218
657284.8682217218
657291.1774370734
657293.2805088573
657295.3835806411
657299.5897242088
657301.6927959927
657301.6927959927
657303.7958677765
657308.0020113442
657310.1050831281
657316.4142984797
657316.4142984797
657318.5173702635
657318.5173702635
657322.7235138312
657324.826585615
657324.826585615
657329.0327291827
657331.1358009666
657331.1358009666
657332.4456088321
657336.3750324282
657336.3750324282
657365.1908054665
670484.7198690705
670487.2195728136
670487.2195728136
670488.4694246851
670490.9691284281
670492.2189802998
670492.2189802998
670494.7186840428
670495.9685359143
670497.218387786
670497.218387786
670498.4682396575
670500.9679434005
670502.217795272
670502.217795272
670503.4676471436
670505.9673508867
670505.9673508867
670507.2172027582
688079.4473287235
717126.5720993245
748711.4496091009
748735.9716105807
748737.8579183868
749491.6984649088
749523.5581576343
749532.2471647413
749540.9361718482
749545.2806754017
749731.5593362564
749733.1919840886
749754.4164059071
765541.9825832963
765552.4425982212
765553.9368860676
765556.9254617605
765556.9254617605
765559.9140374532
765561.4083252997
765564.3969009926
765565.891188839
765567.3854766854
765567.3854766854
765570.2080203953
765570.2080203953
765571.6192922503
765574.4418359601
765575.853107815
765575.853107815
765578.675651525
765580.0869233799
765580.0869233799
765582.9094670898
765582.9094670898
765584.3207389448
765589.9658263646
765589.9658263646
765592.7883700745
765592.7883700745
765595.6109137844
765598.4334574944
765599.8447293492
765602.6672730591
765604.0785449141
765604.0785449141
765606.901088624
765608.312360479
765609.7236323339
765611.1349041889
765612.5461760438
765613.9574478988
765615.3687197537
765616.7799916087
781869.2910652118
797953.8469520769
803961.3406826401
804001.5065865119
804017.4179848764
804034.9205230776
808622.1536116119
808918.8343171198
808920.6007129382
857529.9688369754
929567.3813771303
960432.3672688956
960436.2182884999
960440.069308104
960447.0011433916
1008295.6107216177
1008315.4976635738
1008320.9213750163
1008335.3846055298
1048768.3232499224
1048838.9421866643
1048843.1114342357
1048869.1692315575
1048869.1692315575
1048881.9444702445
1048891.279157285
1116380.8773688541
1117214.1319352142
1117216.6224149582
1117226.5843339344
1117229.0748136784
1117235.3010130385
1151861.5108782335
1164582.0005188498
1180957.1215998514
1205307.5198011717
