296925.6366567593
297108.6417225071
297376.7073403678
297421.02552739554
297431.808005868
396317.2799303173
396540.9393409179
396547.1282635106
396863.6215130005
396871.1307390796
396890.65472688514
396901.1676433958
396930.7039326401
1078831.5314145125
1079813.5181350715
1153123.8533301752
1159644.1170852466
1161466.8510609036
1162257.3222594918
1162265.398115817
1162277.511900305
1162707.1936674332
1162874.9877367644
1162879.0311661917
1163799.4862430184
1164160.8753123113
1164171.1736795055
1164262.1645947786
1164444.4324910797
1164566.362518051
1164574.152308621
1164701.5120836804
1165053.8350690333
1165111.3672934542
1165128.6302615392
1165137.839378357
1165145.5136423719
1165156.2576119925
1167666.8862078714
1167668.5915998747
1167919.5372825281
1167964.0975251952
1167965.8799349018
1169567.3090411755
1169573.7455206718
1169642.8634081862
1169642.8634081862
1171054.7409439252
1171113.6704895361
1171227.4146348918
1172761.4092405962
1172770.9594358148
1172985.4317346558
1174878.52688361
1174880.0782402065
1174887.8350231892
1174894.0404495755
1174911.1053721376
1175492.600035147
1175542.0564032428
1176288.8090526364
1182650.7794222143
1194616.337838767
1194705.4143139848
1194705.4143139848
1196725.1265672874
1200063.7779934136
1200286.3866624897
1200286.3866624897
1200310.647239053
1200348.8315161332
1202781.2376317058
1202784.0432766143
1202946.330580154
1202946.330580154
1203926.5238884771
1203950.4433866395
1203962.9037507926
1203964.5651326799
1203966.226514567
1203970.3799692846
1204148.4889096036
1204148.4889096036
1205543.0869734641
1205552.4446244242
1205683.2206847547
1205683.2206847547
1205687.4786634985
1205688.8979897464
1205690.3173159943
1205693.15596849
1205695.9946209858
1206641.309912209
1206860.7003415367
1206860.7003415367
1206867.103813446
1209416.2852711284
1209427.260293859
1209428.0304708928
1209428.0304708928
1209428.8006479267
1209430.3410019942
1209431.8813560617
1209431.8813560617
