55127.68771155036
55163.302898096714
55166.04252783104
55170.15197243255
55187.95956570572
55189.32938057289
78636.6320036064
99451.79409989378
107351.71998563559
128155.12587962928
128274.38229204074
128308.62766371993
128314.10692318859
128319.58618265727
128453.0963714576
176427.6108466599
176592.3847217659
176612.50834740486
177071.0662520343
177079.76375125116
177080.64395357543
188925.13054042283
200309.15028384997
200323.18400965777
201949.5558492959
201953.29120790958
214768.5364344165
224455.25653466178
224467.6673874342
224518.2515147579
224518.2515147579
224521.98137210705
224523.84630078165
224523.84630078165
224525.7112294562
224531.30601547996
224531.30601547996
224548.09037355115
224548.09037355115
224549.95530222572
224549.95530222572
224553.68515957487
224555.55008824944
224555.55008824944
224557.41501692403
224559.2799455986
224561.1448742732
224563.00980294775
224564.87473162235
224564.87473162235
224566.7396602969
224740.86018383392
224748.58946049405
224748.58946049405
224750.13531582608
224750.13531582608
224751.6811711581
224751.6811711581
224753.22702649012
224754.77288182214
224756.3187371542
224756.3187371542
224757.8645924862
224759.41044781823
224762.50215848227
224762.50215848227
224764.0480138143
224765.5938691463
224767.13972447833
224768.68557981038
224770.2314351424
224770.2314351424
224811.96952910704
224813.51538443906
227898.42098426793
235461.66397970647
235475.026551242
242353.3566118323
249811.78401424215
254936.74004232915
271660.3641531491
275798.3328112226
280730.7280770788
280746.09861016663
289821.12210515054
292301.4167284285
292905.8186569274
310894.0404495756
312010.3240397619
312050.8958656469
312052.51873868227
316668.8443524171
328440.8902879759
331487.6061094599
337069.519174199
352702.1875167139
352708.4479557454
352708.7615278234
352708.7615278234
352709.0750999014
352709.3886719795
352709.7022440575
352710.0158161355
352710.0158161355
352710.3293882135
352710.6429602916
352710.9565323696
352710.9565323696
352711.2701044476
352711.5836765256
352711.5836765256
352711.8972486037
352712.2108206817
352712.2108206817
352712.5243927597
352712.83796483773
352713.1515369158
352726.0079921149
352726.2610502831
352726.76716661954
367068.5197778101
367090.2057625746
367091.6030837644
367093.0004049542
367094.397726144
367097.1923685236
367097.1923685236
367099.9870109032
367099.9870109032
367102.7816532828
367102.7816532828
367104.1789744726
367105.57629566244
367106.9736168522
367108.370938042
367108.370938042
367111.1655804216
367111.1655804216
367112.56290161144
367115.357543991
367116.7548651808
367118.15218637063
389818.28406390635
391739.4796720635
391929.97746009676
391937.70123549236
391940.2758272909
391942.8504190894
391947.99960268644
391949.28689858573
391951.86149038427
391953.1487862835
391954.4360821828
391957.01067398133
391958.2979698806
391959.58526577987
391962.1598575784
391963.44715347764
391966.0217452762
391968.5963370747
391969.883632974
391976.3201124703
391979.48884083773
391982.65756920516
391984.24193338887
391987.4106617563
391988.99502594
391990.5793901237
391992.16375430743
391993.74811849114
391996.91684685857
391998.5012110423
392003.2543035934
392006.42303196085
392008.00739614456
392011.176124512
392012.7604886957
392014.3448528794
392015.9292170631
392017.51358124684
392020.6823096142
392023.8510379816
392025.43540216534
392027.01976634905
392028.60413053277
392030.1884947165
392031.7728589002
392033.3572230839
392034.9415872676
392036.52595145133
392039.69467981876
392041.27904400247
392042.8634081862
392044.4477723699
392046.0321365536
392047.6165007373
392050.78522910475
392057.1226858396
392058.7070500233
392061.87577839073
392063.46014257445
392065.04450675816
392066.6288709419
392068.2132351256
392069.7975993093
392071.381963493
392072.614246747
392073.846530001
392076.311096509
392077.543379763
392083.704796033
392110.81502762093
392113.27959412895
392114.51187738293
392115.7441606369
392116.97644389095
392118.2087271449
392119.4410103989
392120.67329365294
392121.9055769069
392123.1378601609
392125.6024266689
392126.8347099229
392128.06699317694
392130.5315596849
392131.76384293893
392134.2284094469
392134.2284094469
392136.6929759549
392137.9252592089
392139.1575424629
392140.3898257169
392141.6221089709
392142.85439222486
392144.0866754789
392145.3189587329
392146.68877360004
392148.0585884672
392152.1680330687
392154.9076628031
392156.2774776702
392157.6472925374
392159.01710740454
392160.38692227175
392161.7567371389
392163.12655200606
392164.4963668732
392167.2359966076
392168.6058114747
392169.9756263419
392171.34544120904
392174.0850709434
392175.45488581056
392178.1945155449
392179.5643304121
392180.9341452792
392182.3039601464
392185.04358988075
392186.4134047479
392187.78321961506
392189.1530344822
392190.5228493494
392191.8926642166
392194.6322939509
392196.0021088181
392198.7417385524
392201.48136828677
392202.8511831539
392204.2209980211
392206.96062775544
392208.3304426226
392209.70025748975
392211.0700723569
392212.43988722406
392215.1795169584
392217.91914669273
392219.28896155994
392220.6587764271
392222.02859129425
392223.3984061614
392226.13803589577
392227.5078507629
392229.3342705858
392232.9871102316
392234.81353005447
392236.6399498774
392238.46636970027
392243.94562916894
396616.92830782634
396672.02897332655
396677.19466071716
396678.91655651404
397469.8388587932
397535.88153943716
397645.9178325018
427701.09184819565
446488.0697438092
446495.5624660946
446526.7821422841
446579.02215023036
451345.36724761035
459377.6920667181
459447.40959206596
459448.84542210744
461554.8395082481
461609.85215351585
461610.8478823952
461616.82225567126
464933.13304655446
470098.45735373895
470304.58973555727
470304.58973555727
481546.67685419356
506930.9857196342
522437.62009184057
535218.9555238044
539811.4441583448
539872.7227439085
540548.7346327524
560100.8614063371
560123.4716035422
560123.4716035422
597437.7897141635
604427.5423864791
607179.2859053018
607181.2993681186
641833.8526425171
641864.1205999434
641866.2825969025
659556.1708142635
659563.5865188456
692718.260989158
692725.7647139725
692725.7647139725
692727.1290275751
692729.175497979
692729.8576547804
692730.5398115817
692730.5398115817
692731.2219683831
692732.4652541662
692733.7085399491
692734.3301828407
692734.3301828407
692735.5734686238
692735.5734686238
692736.1951115152
692736.1951115152
692736.8167544068
692737.4383972983
692738.0600401899
692738.0600401899
692738.6816830813
692739.3033259729
692740.546611756
692740.546611756
692741.789897539
692741.789897539
692742.4115404305
692743.033183322
692743.6548262136
692744.2764691052
692744.8981119966
692744.8981119966
692745.5197548881
692746.1413977797
692746.7630406712
692746.7630406712
692748.0063264542
692748.0063264542
692748.6279693458
692748.6279693458
692749.2496122373
692749.8712551289
697084.922714874
709211.3326049251
709224.3375942665
709236.258834496
709241.6775800548
709259.0175658433
709262.9399674508
709264.832402448
709271.4559249383
709278.0794474286
713067.1194003621
731232.0968222556
731262.4638024435
731262.4638024435
733438.5329961262
786796.1173297473
786845.0730827712
808499.6126192895
812655.2678428167
828436.1512542119
851358.6992565653
851374.5979110476
851389.4513252699
851390.4415528848
851391.4317804995
851392.4220081144
851393.4122357292
851393.4122357292
851394.402463344
851395.3926909588
851396.3829185737
860557.5507147823
860629.3422168568
860629.3422168568
864171.3808938026
865995.132603397
869275.2065648423
939395.6665316819
943347.4503931112
953783.9378357108
954975.9078232566
957170.8573567952
968731.4786940609
968774.4435700151
968774.4435700151
975226.7667081809
999419.8977681675
999471.4996294287
999471.4996294287
1021188.8416017848
1025417.3445701755
1029179.7859091221
1033472.5766547727
1033741.7590293324
1033833.2560609418
1033833.2560609418
1037648.4600279648
1050949.8079905869
1050983.1951649997
1050987.123067872
1075366.5929599095
1075387.8058359248
1075393.1090549286
1075395.7606644304
1077315.41591852
1078854.636725525
1078937.2547161882
1101858.7134681651
1108632.4039761918
1112641.0379052407
1112662.0802420557
1112663.318026574
1112692.3647032755
1112693.3329258321
1113383.598591065
1117391.7594113646
1128034.885352119
1128075.050084429
1131035.451065488
1135226.5344325677
1135232.4207856113
1135245.3707623072
1135246.548032916
1146384.9693228095
1163619.7709334577
1163940.6046806592
1164210.7827840983
1164256.7733555422
1164451.2320540347
1164704.4002475569
1165088.0804407124
1165105.8880339856
1167618.5520977392
1171083.0724562383
1171212.8087775733
1203242.111568701
1203376.4194408576
1203560.3157114587
1203609.695061851
1203662.1441178494
1203719.4177828375
1203725.2051131197
1203777.291085659
1203864.2165664467
1203864.2165664467
1203872.457460708
1203875.0320525065
1203876.3193484058
