74795.72062744979
86310.80249696285
104017.07898134919
177117.30988164642
177120.67115427228
228435.03633126782
228447.20512840105
229275.49752061063
229285.70786757235
229807.40378517564
229816.8109475164
230064.3128385761
230073.73100344595
230778.65203737805
230788.38927559042
260882.13265688156
260885.30138524898
277641.0583821698
277664.15819191776
277738.49127820355
277812.6098151728
299139.8846262578
323548.58273672627
368895.4127094492
370180.5521130204
371374.1064647499
376076.7084100581
376087.7219416407
376089.29530329537
376095.588749914
376097.1621115687
376101.8821965326
376105.028919842
376106.6022814966
376112.0650371717
376113.8859557301
376119.3487114052
376126.6323856386
376130.27422275534
376133.9160598721
376141.19973410555
376143.0206526639
376148.483408339
376152.1252454557
376157.5880011308
376163.05075680587
376164.87167536427
376166.6925939226
376173.9762681561
376183.0808609479
376190.3645351813
376192.1854537397
376197.6482094148
376203.1109650899
376204.9318836482
376212.2155578817
376214.03647644003
376215.8573949984
376224.63191191864
376226.38681530266
376228.14171868673
376235.16133222287
376238.67113899096
376245.69075252715
376247.4456559112
376249.20055929525
376250.95546267927
376256.2201728314
376257.97507621546
376261.4848829835
376266.7495931356
376268.5044965197
376270.2593999037
376273.7692066718
376279.0339168239
376280.788820208
376284.29862697603
376289.5633371282
376291.3182405122
376293.07314389624
376298.3378540484
376300.09275743243
376301.84766081645
376317.64179127285
376322.53241543716
376323.9132328334
376329.43650241825
376330.81731981447
376337.7214067956
376339.1022241918
376346.0063111729
376357.0528503427
376359.81448513514
376362.5761199276
376363.9569373238
376414.73911017046
376425.4775785267
376437.5583554275
376440.24297251663
376442.9275896057
376450.9814408729
376450.9814408729
376453.66605796193
376453.66605796193
376460.3776006846
376461.71990922914
376464.4045263182
376465.74683486274
376471.1160690409
376472.4583775854
376473.80068612995
376479.16992030805
376480.5122288526
376486.04650096653
376489.0611939272
376490.5685404076
376492.0758868879
376493.58323336823
376501.11996576993
376502.62731225026
376504.1346587306
376511.6713911323
376513.1787376126
376514.68608409294
376522.22281649464
376523.73016297497
376526.7448559356
376532.774241857
376534.2815883373
376537.296281298
376543.32566721935
376544.8330136997
376546.34036018
376556.89178554236
376558.3991320227
376559.906478503
376561.4138249834
376562.92117146373
376570.4579038654
376571.96525034576
376573.4725968261
376574.9799433064
376583.8259766655
376585.3003155587
376588.248993345
376589.72333223815
376597.0950267041
376597.0950267041
376598.5693655972
376601.5180433836
376607.4153989563
376610.36407674267
376610.36407674267
376617.73577120854
376619.2101101017
376620.68444899487
376629.53048235393
376631.00482124713
376632.47916014027
376641.32519349933
376642.7995323925
376644.2738712857
376645.74821017886
387603.8380488849
387608.4426072938
398036.41959367046
405591.3996897898
426289.1923073984
426291.76689919695
426444.8890960352
426444.8890960352
426449.2460975404
426459.4124343859
426463.7694358911
426473.9357727366
426482.64977574704
426489.95545503864
426492.8821277669
426495.8088004952
426497.27213685925
426498.7354732234
426501.66214595165
426504.58881867985
426506.052155044
426507.5154914081
426510.4421641364
426511.9055005005
426513.3688368646
426514.83217322873
426517.758845957
426520.6855186852
446592.5882685534
446604.64704039606
446612.18377279775
446767.04436922655
446767.04436922655
446779.91732821916
452710.03293118067
466460.05302607757
466470.1533477487
466482.98229662515
466500.47631782026
466500.47631782026
467362.4859603145
467368.9774524561
467372.36073014006
467389.96477662574
467409.32922776
467444.5373207314
467446.29772537993
469236.8493035552
469249.06211080466
469258.8323566042
469290.58565545274
469293.02821690263
473563.9844436464
473589.994422329
473616.85159574874
473633.10233116086
529808.7864363266
529814.3647185568
529825.5212830171
529843.879002743
529843.879002743
530046.6611144645
530049.5437770765
530057.5976283437
530098.7910971201
530098.7910971201
531616.8430382261
531622.168262288
531624.830874319
531632.8187104119
531658.113524706
531659.4448307215
537901.7076841969
537928.7298955524
537970.1324123809
537973.0920926963
545176.4313602641
545180.9864072922
545184.4026925634
545201.5446328288
545201.5446328288
550092.9609792251
582098.3387709259
595099.026123366
595100.0273535098
616481.6271517967
616491.9255189907
616505.6566752496
616505.6566752496
617103.4075749357
617106.2022173152
617109.6955202897
617159.1408858564
617159.1408858564
617983.5603878391
617987.5543058856
617996.8734479939
618051.4569946285
618052.788300644
619394.0956150338
619400.1250009551
619419.7205051995
619522.7041771407
619524.1345059178
623056.8265344326
623064.9408996096
623076.3010108573
623134.7244401318
623134.7244401318
623243.4899410906
623249.5688383927
623255.6477356948
623290.9053400469
623290.9053400469
630759.1359958434
630766.5957105418
630771.568853674
630780.2718541553
630808.8674271656
630808.8674271656
631717.9348864218
631721.4832020416
631737.2278211172
631770.3784411555
631771.8197724615
636903.5423559165
636908.8895850366
636911.5631995966
636940.3678206587
636941.644114029
639435.3233139006
639461.3663001704
639520.8459722339
639522.5953743535
641120.9932838728
641128.106418906
641142.3326889722
641205.7732714951
641205.7732714951
641922.356986224
641938.3326584097
642010.2231832456
642012.8857952766
647816.4007976833
647832.2554420495
647867.8376210087
647867.8376210087
648979.5551616378
648988.3571848806
648995.398803475
649048.210942932
649049.9713475805
649515.9724631148
649524.8845116481
649530.2317407682
649535.5789698882
649558.750296075
649651.2540590928
649651.2540590928
663219.8424498965
663231.0980371183
663249.8573491545
663249.8573491545
664469.4656896828
664477.9926496993
664481.4034337059
664498.457353739
664558.2781042032
664558.2781042032
665121.0354602343
665140.6419670078
665174.9533538612
665174.9533538612
683093.9197273818
683103.4809251294
685160.3157114587
685166.3010872637
685178.271838874
685241.9049656553
685241.9049656553
685868.1084054738
685874.1818015113
685879.242964876
685879.242964876
688815.3338579909
688823.4317193744
688857.8476302539
688857.8476302539
689788.3205097839
689843.5807119553
690410.65656064
690411.4982541127
690415.7067214756
690486.4584845544
690519.7136286187
690543.8421748333
690561.0061201567
690586.8180533164
690610.0718984711
690646.1987026185
690671.9611243973
690711.6692517516
690722.03363412
690729.8069208964
690916.5968566386
690917.6365956342
703165.2503457392
703167.6158894857
703204.1662910016
703206.520832219
703210.0526440452
703213.5844558714
703325.5186851978
703328.4728642487
703354.0757493563
703406.8658837553
703406.8658837553
705713.0454847608
705716.7918459035
705724.284568189
705757.9192995057
705759.4266459859
711985.4112577266
711988.6845101201
711993.2670634709
712027.0778352524
712027.9085261959
716695.1098342744
716712.2902833915
716782.7504794504
716782.7504794504
881399.2399086178
881405.3573147716
881419.8861543868
881442.9144476961
881443.8496626655
892950.9546986148
913463.156656148
974798.2071990159
974802.4816815533
974840.952024389
975461.6707034742
975475.1377990358
975486.3603786704
975497.582958305
1075885.5877566303
1075887.6067207116
1075887.6067207116
1075891.6446488742
1082702.463191192
1084117.0363465492
1084117.0363465492
1084344.4751258797
1084344.4751258797
1084346.9066848005
1084346.9066848005
1084348.122464261
1084349.3382437213
1084350.5540231818
1084350.5540231818
1084352.9855821026
1084352.9855821026
1084354.201361563
1084355.4171410236
1084356.6329204838
1084356.6329204838
1084357.8486999443
1084359.0644794048
1084360.280258865
1084361.4960383256
1084361.4960383256
1084362.711817786
1091160.6078897303
1091188.2517439774
1091264.8073411318
1091267.293912698
1142335.2574515392
1142351.3541515444
1142474.0213479628
1142514.6206801704
1142515.9574874502
1148258.3039295839
1148291.9716684876
1151458.5105326292
1151467.3675685176
1151574.2901458598
1151574.2901458598
1153726.6323856385
1153741.1997341055
1153786.7226980645
1153786.7226980645
1154638.791555559
1154645.5306046042
1154668.4433713583
1154692.1098113523
1154693.3585984
1155387.5906753568
1156640.4816662718
1156649.3717097472
1156699.90632569
1156702.2608669074
1156714.0335729949
1156719.9199260385
1156738.7562557783
1156738.7562557783
1169761.7567371388
1169769.9756263418
1169769.9756263418
1169774.0850709432
1169775.4548858104
1169778.1945155447
1169780.9341452792
1169783.6737750135
1169785.0435898807
1169787.783219615
1169791.8926642165
1169793.2624790836
1169796.002108818
1179876.9978376974
1179897.0939570137
1180138.5279533004
1180142.1037752428
1180149.2554191276
1180210.5395059558
1180212.107366346
1184111.651219829
1184126.4441201417
1184132.4349972112
1184164.3863415828
1184222.298153256
1184222.298153256
1203454.4823844926
1203470.4250490912
1203593.2352783869
1203643.4618235165
