1176.4564215802384
14322.729238456895
25275.559868275275
36728.42243599049
50689.619572276686
61847.32279433675
61860.92192024695
73944.85104562229
85966.1922844765
91738.09702091245
91748.43939822279
94051.15870384095
94109.89570519334
94116.10113157955
94225.13069323574
94242.23962591402
94764.06757386593
95010.02911085813
97348.4186156679
98812.23909106886
98881.76957342277
98881.76957342277
104014.2293263243
107316.467882548
107428.82020797835
108431.9812957006
114639.531170012
116655.44755079118
127039.67848165099
127907.28841143346
128100.86140633716
128170.38638742657
140393.2169408385
150299.4705032893
150747.05888645235
152511.68850617748
159119.01527364968
159514.05557805303
167928.5257375133
167964.24544808565
172664.9989685129
177002.59201246954
187857.62116153087
188387.1288747622
190384.30794856316
198952.9015350056
200719.59963019277
201369.8711023159
201380.46653779445
212358.18488833198
212585.00202477098
212596.48866510286
219064.62243751864
221013.22534554818
223482.93003461213
223637.87865127332
224785.68998846263
225238.52657798424
225456.83875946482
225894.6183879767
230815.62053499796
231056.87298955524
231246.10548674728
240926.04252783104
246486.96276713605
246630.16068276804
248496.46467347702
256736.01662604391
256745.72085666916
256758.42877772602
257662.4570786757
257682.9547903025
257748.54636725527
257765.84784419197
257804.1091389757
258146.5298481804
258402.239625914
258658.24097066757
258668.24777084176
259069.6200307154
259189.107496237
259481.72525768075
259749.30126299866
259757.3441117368
259921.41382498338
260137.94909802184
261224.61938126056
261370.9090075566
262361.0375996149
262459.9393332773
262495.1474262487
263279.0776213143
263397.04673782655
263400.47952689126
263545.77342430793
263844.49758937646
263867.1903055494
263872.0919322428
263962.0045996684
264201.8707355649
264251.31610113155
264325.2640989005
264383.8415635816
264485.0428258162
264704.6037943444
264824.22879147914
264941.20768037654
265302.1126383912
265348.06470098335
265410.70760014973
265614.54045339586
265683.05870307685
265763.421175284
265803.7179379427
265864.05030600785
265864.84798936424
266503.1762161997
266575.237280236
266697.3323451432
266784.0432766143
266844.4031510021
266849.17824861134
266851.158703841
266914.7533217705
266992.4201743595
268699.7211164511
275591.28721949283
275776.1682164442
275811.3983144737
276270.1267583035
276321.7616271518
276361.5027620932
276594.65185400256
276615.29809977155
276993.7465903621
277002.7191528053
277286.595404916
278236.56476592884
278631.060445144
279774.6413099122
279786.1719603603
279801.17390872486
280094.077735924
280343.1639911674
283181.56893008045
286757.86398123455
287826.18204601196
288125.0437426936
288152.9351538444
288160.856974763
288325.3337815845
288329.6082641218
288520.1335584777
288760.50581071066
288850.67703756905
288864.11662680795
288974.8790867901
289000.4489643105
289481.0724409569
289715.70687428844
289795.8272908564
292230.3623958007
295800.24297251663
296014.81429411896
297439.89486472233
297442.5904843405
297526.1546925022
299644.96122372575
301867.059497704
305569.883632974
306100.62913072377
307511.3569021768
322677.9141038669
323694.5587909443
328016.19816777325
330381.9399598102
332678.4538390422
332691.78890425514
332693.4557874067
332695.12267055834
332696.78955370997
332698.45643686154
332700.12332001317
332700.12332001317
338670.0790806776
343917.73531276983
345567.322488711
360244.1791272855
360289.01993444323
373571.22349651204
379875.1885329197
386121.26926397666
388128.4056265711
388157.28726533666
391676.7872615164
392710.57388885913
396887.6510364535
396893.65841731674
405979.85498055455
406305.63986583025
413400.6537336012
418746.79360325186
424849.5663933863
424860.4588971493
424863.42957999377
424865.4100352234
424867.390490453
424868.3807180678
424872.3416285271
424873.3318561419
424874.32208375674
424876.3025389864
424878.282994216
424880.26344944566
424883.2341322901
424885.0495495839
425019.30791036
436033.85722690425
444390.50909618806
457062.79296143766
466223.6966969491
474835.8382933855
491911.62585288705
507107.15821483964
507181.71135170653
507181.71135170653
511424.8366812094
516296.01387541165
517700.98182290513
520576.4542821996
520993.67018391035
529120.6772667884
529385.7501967467
529406.0498628505
529902.7920445603
549624.7483553512
591514.055578053
600115.425698546
600556.434569335
600567.2170478075
600570.2977559424
600571.83811001
600571.83811001
600573.3784640775
600574.918818145
600576.4591722124
600576.4591722124
600579.5398803474
600579.5398803474
600582.6205884825
600584.1609425499
600584.1609425499
600585.7012966174
600587.241650685
600588.7820047524
600590.3223588199
600593.4030669549
600593.4030669549
600594.9434210224
605625.717800411
606758.7802474041
664139.6758838316
668770.6843725884
675622.2782875786
688265.4714660106
694468.7413565201
711209.6834480703
747314.5485524798
812622.9204073992
854646.243935238
862385.9289878437
865860.967764118
892741.2740011766
948530.0761772324
948553.621589407
980706.6973311227
1035240.6390635625
1039053.5104944262
1055397.041236562
1077002.5480023534
1077041.7940234875
1077064.745299093
1077091.0633485892
1077105.9387678695
1077127.6797652794
1077287.3869757561
1077332.9759548896
1077511.5029913126
1077529.2170630887
1077548.1964257061
1089402.3762406497
1089438.6845865264
1089451.3925075834
1090699.7394539996
1090747.7324857311
1096358.6812246426
1096375.2510333972
1096389.0592073593
1121425.0059979064
1143827.8440391507
1143837.8453380603
1143881.1843000024
1147055.8485318501
1147062.835137799
1147081.319386609
1147090.561511014
1154869.2945392309
1155907.2456238205
1155926.7201002452
1155936.4573384577
1156618.8396916236
1156626.0353456247
1156632.702878231
1162289.6256847929
1162293.6636129555
1164581.9420991908
1164587.1352929042
1171742.2119667786
1171765.7133688368
1171775.9952322373
1173501.2082916282
1174921.981372107
1174931.30601548
1174963.0098029478
1174970.4695176461
1175502.1722354237
1175518.1259025512
1175532.484202966
1179247.4881378983
1189232.9984183866
1189260.7247916015
1189273.432712658
1208481.0427952537
