46315.81720520481
46320.96638880188
46329.977460096736
46414.344852879374
46414.344852879374
48338.307597093495
163349.36116565682
163360.30318080058
248125.0633027453
248136.6929759549
248136.6929759549
248138.43137554536
248149.73097288335
248149.73097288335
248150.6001726786
248151.46937247383
248151.46937247383
248151.46937247383
248152.33857226904
248152.33857226904
248153.20777206428
248156.6845712452
248156.6845712452
248157.55377104043
248157.55377104043
248157.55377104043
248158.42297083567
248158.42297083567
248159.29217063088
248162.76896981182
248174.0685671498
248174.93776694505
248174.93776694505
248175.8069667403
248175.8069667403
248176.6761665355
248176.6761665355
248177.54536633074
248180.15296571644
248180.15296571644
248181.02216551168
248181.02216551168
248181.8913653069
248181.8913653069
248182.76056510213
248183.62976489734
248185.3681644878
248195.66653168193
248195.66653168193
248196.5247289481
248196.5247289481
248196.5247289481
248197.38292621428
248197.38292621428
248198.24112348046
248198.24112348046
248199.95751801282
248200.815715279
248200.815715279
248201.67391254517
248201.67391254517
248202.53210981135
248205.10670160988
248205.10670160988
248205.96489887606
248206.8230961422
248206.8230961422
248206.8230961422
248206.8230961422
248207.6812934084
248208.53949067456
248210.25588520692
248217.97966060252
248218.8378578687
248218.8378578687
248219.69605513487
248220.55425240105
250013.61440720054
314960.1680941939
322034.86029080296
322052.1892740623
322057.55850824044
322061.585433874
322065.6123595076
322073.6662107748
322095.14314748737
322100.51238166547
322107.2239243882
322824.15972004674
322824.15972004674
325329.8096715287
358588.749608417
405919.4015846698
406240.4388786589
425097.4093628466
459270.86851213715
459288.296518158
473535.20732890686
476647.9878360929
476656.4597834641
476783.7040319685
476783.7040319685
506976.58020003204
512015.4194332169
512035.658585411
512037.809579841
597355.7988676564
597358.4064670422
597953.1811826191
597978.4319867969
604561.3056334477
604581.6823172548
604642.6638345341
604642.6638345341
604664.2287914791
604696.7137585097
609653.1165427609
609653.7931982977
609657.8531315185
609658.0786833641
625276.5207558125
625282.3135873593
625288.106418906
625290.0373627549
625291.9683066037
625291.9683066037
625295.8301943016
625299.6920819994
625299.6920819994
625301.1334133054
625302.5747446114
625304.0160759174
625306.8987385294
625309.7814011415
625378.9653038302
625378.9653038302
626592.0216383071
681051.9548590683
681057.5221387694
681057.5221387694
681060.3057786198
681061.6975985451
681063.0894184704
681064.4812383957
681064.4812383957
681067.2648782462
681070.0485180968
681071.4403380221
681072.8321579474
681075.6157977979
681075.6157977979
681078.3994376485
681079.7912575738
681081.183077499
681082.5748974243
681085.3585372749
681086.7503572002
681088.1421771253
681089.5339970506
681090.9258169759
681122.9376752573
681122.9376752573
681125.7213151079
681153.5577136134
681154.9495335387
681154.9495335387
681157.7331733892
681157.7331733892
681160.5168132398
681161.9086331651
681163.3004530903
681164.6922730156
681166.0840929409
687474.5656675249
687522.6247144309
687522.6247144309
689472.789981586
689478.3462587581
689513.9229364527
689513.9229364527
869380.1926970714
869381.2269348024
1037529.2036155532
1037542.3846453595
1037606.5733998579
1037608.0092298994
1037608.966449927
1041410.417255633
1041423.9228600464
1041441.1968306603
1041441.1968306603
1059814.5731553573
1059819.7223389542
1059821.0096348536
1059822.296930753
1059826.1588184505
1059827.4461143499
1059876.9024824456
1059878.2667960483
1064550.3862346136
1076085.646742411
1078161.1693243377
1078174.152308621
1078176.7489054776
1078180.6438007625
1078184.5386960476
1078188.4335913325
1078193.6267850457
1078196.2233819023
1078201.4165756158
1078225.9247090826
1078231.9650975328
1078239.0122173917
1078241.0256802086
1083719.1518883854
1083852.1504595848
1083852.1504595848
1135174.7125207253
1135204.1662910017
1135205.3435616104
1137023.8415635817
1137029.0402585594
1137052.9542554573
1137052.9542554573
1204567.7292766601
