562328.4468771318
562335.3279804246
562471.4742064319
563732.6669848092
563752.6323307572
564391.3988771061
564496.9721582556
564577.8666299415
567443.3019354384
567443.3019354384
567445.0360472602
567446.770159082
800736.6951820619
801190.1008554619
804348.6656268316
804373.1368963165
814545.2984828443
822058.9282866102
822740.3143205788
822746.033199991
822844.8222298378
822912.7016388612
823271.2015860154
823564.741519846
823576.7373306131
823618.0562343664
823790.0284726915
823825.7945290155
823867.1180447683
824386.0002754388
824575.8440119271
824593.7939140822
826632.8972645078
826672.7818364085
826923.6930586204
828490.0895176297
828664.5476236992
828813.930288346
829334.6250348303
829336.534402634
829434.9729205166
829436.905348318
830556.5005172485
831811.0750763061
833673.5342328867
836193.59995388
839950.2442117804
841735.4293163031
842845.9572941655
844033.4549321171
848762.7606660496
848795.136902722
852862.067264732
857400.5884142729
861278.7081276883
870517.391786157
888226.1693820881
915066.4016475087
919992.1739492487
953731.4132896047
953740.148416707
953781.8870124172
957093.3026720772
957102.5727911245
963205.0229799283
975905.8332185672
975909.9102261482
976838.1028027505
988263.4461244792
988274.5702673359
988687.7731408677
1020263.9155235421
1020322.9860134708
1020393.5173222218
1020393.5173222218
1026562.855340151
1026564.2020440126
1040211.0994174147
1050478.775514126
1056501.816295091
1056596.8050373283
1056619.4960749962
1056657.3144711093
1056660.3399427985
1057013.6144944897
1059230.4596946472
1061108.8809815873
1065392.921221283
1078413.7581070303
1079031.7568195139
1081323.0719760177
1090000.5398601668
1095638.1373927472
1101508.843829369
1109246.4646141133
1113921.8791335847
1114468.461033408
1114597.1911641774
1134070.83339472
1136375.7216658287
1137085.4161528877
1137205.0006885973
1140861.444644796
1143438.61614392
1158677.2990337221
1160435.2133850476
1184084.9658423786
1196565.1610836918
1196598.1368803026
1196602.093975896
1199759.8654833473
