980723.693955398
980876.6324716795
980957.6053473572
980957.6053473572
980973.0739937675
980974.2638896451
981008.5494941212
981030.0506359114
981465.0544312027
981465.0544312027
981476.3169340452
982714.5281187847
982720.4222541788
988028.3448366423
988153.8742397408
996542.7324175525
996686.4884427775
996790.0739521312
1026809.9109307592
1027151.3695396648
1027157.069971079
1036636.919696761
1052292.3520877305
1053761.3569527494
1053959.9588763376
1053959.9588763376
1054120.5717598302
1054609.2315576067
1060778.8370715084
1060782.2130551615
1060784.4637109302
1060785.5890388144
1060786.7143666989
1060810.34625227
1060810.34625227
1061631.5081558728
1061635.368399476
1061636.6551473439
1061639.2286430793
1061640.515390947
1061643.0888866826
1061809.083973622
1061809.083973622
1061912.890858953
1061914.0715308315
1062024.0215995312
1062025.4236473872
1062095.3046642048
1062096.6144720702
1065343.7573063362
1065343.7573063362
1065618.2173981275
1065967.9637701814
1066422.4302034725
1066427.494178952
1066434.246146258
1066435.9341380845
1066437.622129911
1066440.998113564
1066444.374097217
1066447.75008087
1066451.1260645231
1066452.8140563497
1066494.2713200888
1066494.2713200888
1066500.156231484
1067357.6053473572
1067368.3144102565
1067369.5043061343
1067371.8840978895
1067374.263889645
1067382.4409648047
1067385.512556489
1067388.5841481735
1068764.9385547147
1068766.9217145108
1068774.5499617269
1069321.0073375632
1071002.957444696
1071010.6318119073
1071012.55040371
1071016.3875873156
1071020.2247709213
1071022.143362724
1071100.0953787123
1071100.0953787123
1077427.0715404397
1078942.0857127302
1081432.8421767356
1088812.479558273
1088835.6225718944
1088856.9853536987
1088869.4469764181
1090122.5549196263
1090130.9487587637
1091913.984671507
1117114.8263614208
1139689.7846132165
1143959.9750183357
1147609.0259392946
1171630.3487504364
1171637.8663096637
1172910.1832308979
1172916.7553302224
1172918.0697500873
1172919.3841699522
1172922.013009682
1200384.2010831793
1200390.1505625679
1200394.9101460788
1200403.2394172228
1200404.4293131004
1200405.619208978
1200407.9990007335
