835015.2894189842
836139.7225754174
836784.3279131663
838333.2310579735
839584.4895893718
839614.9564582406
840246.6804813134
841948.9510583578
841950.5929301891
842298.3192464506
846039.8499819043
847091.0445858649
849734.6703861589
849900.6746970973
849900.6746970973
850946.4455896153
852158.6589330267
856437.5106732559
856439.3001290719
856477.2292131736
856484.4516044314
856486.0565802664
856525.1847842449
856525.1847842449
856528.1733599377
857437.9225504358
857442.2255459935
857446.5285415512
857452.2658689616
857715.4819059088
857779.833135295
857848.1460722738
857937.083871133
857967.1218240458
858828.472691518
858828.472691518
863618.5691912025
864246.045562712
864246.045562712
866922.6056516211
867626.0093713268
867627.3975831842
867627.8680071358
867628.1032191117
867628.5736430633
867630.45533887
867772.9107802286
870382.1356760582
870382.6752800028
870385.193431744
870385.3133437317
870508.7166150486
883280.7407383684
883938.1167028047
883941.7694064293
883947.8572458036
883952.727517303
883952.727517303
883957.5977888025
889424.2746189495
889438.3319935048
892107.9694711253
892171.1723126295
892171.1723126295
892316.7454656678
907020.7223544257
907055.5060548508
908696.9305221487
908698.5124379862
917123.5148560832
917130.3590633797
917135.4922188522
917138.5176905412
917141.5431622303
917146.0813697638
917147.5941056084
917150.6195772974
917202.0525960112
922353.9696825086
925662.1200465043
934717.8641317751
945082.0786025642
956559.0947669819
974863.6412376813
974865.6520694747
974873.695396648
974878.8239401209
974888.329271144
974891.4977148183
974984.955273213
974984.955273213
974991.365952554
982727.2987454721
982734.1752367653
988162.3003628748
1012512.7308481915
1012606.6311585407
1013015.2266445461
1013015.2266445461
1019494.2419826473
1021893.2058200872
1035630.6367441845
1053713.761117641
1054056.3635024293
1060655.4753081873
1060819.3488753447
1060864.2051827344
1066064.3822322718
1066237.9548344326
1066237.9548344326
1066519.2821935182
1085308.531366401
1085327.505132451
1089131.343981501
1089424.2843553931
1089424.2843553931
1089493.6119322677
1091583.0829295164
1100816.9516604801
1105771.0877593048
1105807.8592315256
1105809.6025673465
1117415.1966665492
1118028.472691518
1118066.5493596045
1119251.9623737705
1119251.9623737705
1119274.6903074346
1119908.33292231
1119909.3890702017
1127174.6903714903
1130008.7410202126
1130014.2292996487
1145780.349679242
1145818.1219553596
1145819.5747352103
1145821.027515061
1145822.4802949117
1145825.385854613
1145826.8386344637
1145828.2914143144
1145831.1969740158
1145834.1025337172
1145837.0080934186
1145841.3664329706
1145980.187618703
1145980.187618703
1150208.4226641345
1150210.082983964
1150211.7433037932
1150213.4036236226
1150215.063943452
1150218.3845831107
1150220.04490294
1150220.04490294
1150223.3655425985
1150223.3655425985
1150226.6861822573
1150230.006821916
1150230.006821916
1150231.6671417453
1150321.6057445018
1150325.9364120567
1160263.098174737
1184417.3757082142
1184814.6625713818
1185710.1929673413
1185710.1929673413
1185710.1929673413
1186064.6251309137
1186066.7097546994
1192505.868192897
1192509.4240445313
1192510.6093284097
1192511.7946122878
1192514.165180044
1192515.3504639224
1192516.5357478005
1192517.7210316786
1192518.9063155567
1192521.5074832893
1192524.108651022
1192524.9757069328
1192526.7098187548
1192528.4439305766
1192529.3109864874
1192531.0450983092
1192532.779210131
1192532.779210131
1192534.5133219527
1197386.299927297
1199164.3364325543
1199167.1589762643
1199169.981519974
1199169.981519974
1199172.804063684
1199172.804063684
1199177.5083032006
1199179.389999007
1199182.212542717
1199184.0942385236
1199186.9167822336
1199187.857630137
