299833.2147238085
299947.5692520554
381176.06961557065
381177.5131714223
381219.37629111967
381220.8198469713
384567.7063949857
455040.7609799218
458967.0115203905
459231.7725771789
460973.9646221203
461182.7498406618
461681.0302694497
461731.05201630853
461745.76429479645
468246.16547469964
470170.6421889062
470388.3101185348
470509.59648206923
470518.03644120175
473820.49559778237
473839.423243837
474007.5675225556
474599.69291769824
474601.3716855257
474627.3464668561
474628.80385870626
475794.9479388526
475796.4007187033
476265.5840424816
476267.14289832144
476329.4971319128
482412.3186507339
482772.7187416928
483611.59533547494
484457.5282885318
484556.0221504088
484575.6692683895
484665.3173151757
484795.1266538342
484795.1266538342
485053.3617312934
485108.1153896659
486143.49083525233
490287.3539613553
490290.2502970576
490310.5246469738
490465.5892950367
490906.6394217065
491141.40864557744
491141.40864557744
492999.4402826131
493073.10313904216
493192.6784507525
493192.6784507525
493204.300689558
493204.300689558
493204.300689558
494984.95219854655
503679.93645689543
505896.8508370459
508400.94520368066
508426.3480970698
509178.5652197586
509249.6453564531
509298.48643143335
509722.43987586035
510243.139234344
510277.826082779
510346.3419477371
510347.7255475949
512130.03737641283
512173.42245595384
517264.2074887342
517807.5194808938
517807.5194808938
520694.46515217994
523794.609725554
528298.3886826655
528301.5709623385
528308.9962815754
528314.8304609758
528332.3099391793
528812.1884898584
528812.1884898584
528812.8064977948
528814.0425136678
528814.0425136678
528814.6605216042
528962.770274382
528963.4159543156
528963.4159543156
528964.7073141829
528964.7073141829
528986.8080159114
528986.8080159114
529013.2532211934
529081.0865102217
532942.2340653815
533563.9085414872
533834.6098536651
533916.3344852657
533916.3344852657
537672.9925791647
538559.7509520255
547090.0914392961
548135.4656998549
549431.6451066365
555127.7689132015
560291.4742704873
563479.8971267884
585965.627023755
604932.0599944273
618924.6175083031
618950.1818216757
618957.962264876
618962.408232419
618963.5197243049
624349.4358307524
624808.9016715295
645440.8937030192
661476.2164949444
683289.360053038
683294.7791524811
683327.2937491393
683327.2937491393
686355.2005739377
697674.6108785538
712244.7890490633
712274.3842500217
712340.631011213
712340.631011213
712349.444542307
712351.9626940483
712351.9626940483
712356.9989975307
712360.7762251424
712362.035301013
712363.2943768837
712365.8125286248
753479.6206630389
779067.2430812
779075.5539043458
785295.1165971131
785302.666440337
792791.7604066246
795861.2766911467
798291.6897533542
798309.3813835358
815808.4974810155
815844.6509452998
815896.1300840088
815897.6289838548
831108.3032005355
833480.2084367564
833621.0358422825
833622.4102181412
838944.9805110992
852851.2290658458
866209.2215649411
878501.2610615926
881289.2793430462
917592.0801719251
945141.2551684822
968529.0045447412
972695.2312565456
975531.7816090113
984507.2676785308
989053.2787153019
989343.3550374885
989540.7393932018
989540.7393932018
1011100.5412053333
1019534.1818985424
1034823.6659631233
1049726.2171034722
1055007.5100006724
1055019.2429274668
1055028.250162541
1055033.2541820267
1055037.2573976154
1055039.2590054094
1055045.2638287924
1055047.2654365867
1055061.2766911467
1059342.9924830813
1060025.3009169553
1064315.5673560111
1065312.1005415895
1066341.0284118387
1068789.6035281797
1074838.0195305368
1076945.5511179296
1077192.2838685708
1077819.5388641031
1078770.892902325
1078830.3508002139
1082280.0618776605
1085926.6776628692
1085946.0065528825
1085954.7924119795
1085956.549583799
1085960.0639274379
1085965.335442896
1087253.153294537
1088737.1102620193
1089820.6165346587
1091076.3856015939
1091224.370830384
1092169.6370292318
1092730.7098315659
1093228.791944374
1097187.2711375304
1099516.690634118
1102191.5857911983
1104065.990026551
1105318.0741058646
1105380.4513994537
1106410.845885552
1107059.9386988396
1107319.6496161472
1108054.3411406372
1110170.4372111496
1112592.2904022366
1113419.148125254
1114854.8728016936
1119180.2919011367
1122218.4512008813
1123271.532112648
1126053.1627747582
1130618.1706375768
1131963.8137392749
1133142.9636580844
1133158.0218365365
1133170.7278952305
1133172.0423150954
1135093.747217587
1136305.0151010957
1136832.683190863
1145730.2910363867
1147918.970755439
1148209.083973622
1148923.4042962058
1151030.3501596586
1151049.8589176533
1151242.2346418814
1151243.3830297634
1159737.3025567774
1161967.5963475525
1170431.3949056622
1170695.9391984728
1170769.4498589176
1184243.8630620474
1188724.7157695151
1191813.5701680498
1198476.1569232838
1199736.8147097162
1204288.9689298559
1204596.7045982277
