26001.161967658354
26091.271214397126
26092.48417027246
26114.644827994838
26130.625406352392
45679.75684513609
54440.14386876299
65883.1465366766
72148.11897677665
73469.48451296963
73506.67567714723
87108.61066717056
87134.48398451136
87141.33280380747
87361.86017314215
87361.86017314215
87374.86601180544
90427.25794208738
90454.77774325895
90455.1236432234
107475.67099788936
107507.83969458313
107507.83969458313
110918.95755999604
112007.0988921593
112019.44060289084
112026.63993415091
112032.9399255034
112055.8523391485
112056.70094706128
131688.12890538675
151734.78901703557
151813.50201294565
151819.47916433134
151883.6781977331
151883.6781977331
162291.68821602094
164876.40033436997
164886.11320537172
164919.707009919
164940.29958780252
164952.22160657722
164976.98804403178
164976.98804403178
165468.08297755814
166194.7957428682
166214.9732407944
166225.0135637625
166225.0135637625
166226.44789561507
166227.88222746766
166229.31655932026
166230.75089117282
166233.619554878
166235.05388673057
166236.48821858317
166237.92255043573
166239.35688228832
166240.79121414092
166245.09420969867
166255.13453266674
166259.4375282245
166279.51817416065
166279.51817416065
166470.6025385214
167137.16099401403
168517.78611211642
168536.85211815688
169678.35889683533
169699.79547063212
169711.83278939495
169717.85144877638
178912.47667577324
203623.6162560172
204471.06655691817
204472.44554477645
223134.18676676412
223936.85455226773
224242.98063280477
241130.2827091654
243470.54501663844
271871.43641365797
370441.80213881476
464119.4405388353
470272.24915046326
470284.3233652223
470284.3233652223
470286.048253045
470286.9106969564
470288.63558477914
470288.63558477914
470291.63338447106
470296.13008400885
470297.62898385484
470299.12788370077
470300.6267835467
470302.12568339263
470305.12348308455
470306.6223829305
470308.12128277647
470309.6201826224
470311.1190824683
470314.11688216025
470315.6157820062
470320.112481544
470323.1102812359
470324.6091810819
470326.1080809278
470327.60698077374
470329.10588061967
470330.60478046566
470330.60478046566
470333.6025801575
470335.1014800035
470335.1014800035
470339.5981795413
470339.5981795413
470342.5959792332
470342.5959792332
470345.59377892513
470345.59377892513
470351.5893783089
470351.5893783089
564197.5427010304
614209.6043609018
617338.5969913108
880386.2452238582
947121.0066970076
1092772.9326872265
1092788.0508216727
1092789.4251975312
1092790.79957339
1092792.1739492489
1092793.5483251074
1092793.5483251074
1092794.9227009662
1092796.297076825
1092799.0458285424
1092800.4202044012
1092801.79458026
1092844.400231881
1092845.7746077399
1092852.9370430037
