195632.68139730775
195986.78149691413
195988.02212478663
196090.33011027164
197093.0618232131
197233.47876078135
197356.748284112
197358.0304199802
198359.85356901505
198488.37154780625
198589.56342940597
200540.14867292918
200935.7521562699
200941.54021567502
200946.76561113796
200949.47746685924
200956.25710616246
200965.74860118693
201454.21469498347
201745.18574507814
201791.2872923399
202056.4957130824
202338.50103609852
202563.5020449734
203403.94210659483
203541.52266445462
203609.79870543734
204282.5234042962
204285.3828440023
205365.39783300078
205802.60616406548
205804.14195990763
205841.00106011934
205842.5368559615
206970.34138404825
207006.79462830166
211469.9557055879
211859.8772055126
212453.19710853253
212624.6896989069
212641.4773771815
212852.44868349834
213380.66098920986
213691.15002129847
213765.37092967023
213822.67963578014
213846.75888530532
213859.32197201412
213891.3661447207
213891.3661447207
214124.54422875517
214166.01071649336
214230.74474184014
214231.9945937117
214372.74820724534
214450.949271208
214532.43407883318
214703.85287721513
215185.26722373645
215471.06822236246
215553.67374587242
215622.544734794
215623.96523064803
215653.7956435821
215658.05713114413
215708.42016596792
215710.20962178402
215710.20962178402
216037.7261561226
216100.54158966657
216129.25128671582
216131.16526651912
216146.4771049454
216146.4771049454
216148.3910847487
216148.3910847487
216152.21904435527
216449.34711381712
216451.5285895929
216482.069250454
216539.6039445407
216562.9176021446
216618.19241646357
216671.94527093897
216673.39805078966
217160.9048486848
217254.92968302112
217474.783700425
217476.36561626242
218362.94873314135
218384.03940697372
218528.49645612674
218572.01528365398
218995.43373613598
219030.95996848468
219034.83404808652
219045.1649270247
219054.20444609565
219055.49580596294
219055.49580596294
219056.78716583023
219060.66124543204
219061.95260529933
219064.53532503388
219078.74028357392
219220.00582905495
219220.00582905495
221137.98884792894
221272.4470821096
222594.81803419924
222609.6502246748
222643.0226532449
222808.8655441999
222823.4855826973
222830.795601946
222907.08268610536
222908.6461539447
222916.46349314123
222930.534703695
223019.62008653907
223616.6065291821
223633.56485143915
223644.1632263499
223683.02393435588
223983.52798747073
223983.52798747073
224040.53230161197
224065.23417107316
224479.25336852117
225019.49376899647
225065.65066025255
225065.65066025255
225069.49706785724
225073.3434754619
225073.3434754619
225075.26667926426
225077.18988306657
225079.11308686892
225081.03629067127
225082.9594944736
225084.88269827593
225086.80590207828
226126.75183919494
226262.82427320973
226305.9095727815
226619.06434059617
226619.06434059617
226635.33547492386
227416.3637586515
227419.23242235667
227426.40408161958
227877.09789929827
227890.33433793785
231182.9330395319
232450.50421325373
233222.38690192133
233229.46632119373
233237.9616243206
234149.88767859488
234982.46428102453
235004.2144707891
235787.54414228018
235797.9119172146
235803.09580468183
235805.68774841542
235808.27969214902
235809.57566401584
235809.57566401584
235810.87163588265
235812.16760774943
235814.75955148306
235816.05552334985
235817.10244724224
235858.97940293822
235858.97940293822
237809.33865848463
244723.44080786858
244734.4173667404
244758.5657962585
244758.5657962585
246650.74928978411
246924.24086167527
246931.34334094528
247037.43777804112
247038.98740988184
247552.62579709123
247578.0379144794
247592.75019296733
247594.08767282986
247597.42214848715
247597.42214848715
247599.64513225868
247601.8681160302
247602.97960791597
247605.2025916875
247607.42557545903
247612.98303488785
247612.98303488785
247614.0945267736
247619.65198620243
247619.65198620243
247620.7634780882
247923.36599098737
247942.03536506856
247954.8705597494
247956.0373956295
247958.84610334082
247959.78233924462
247961.65481105217
247963.52728285972
247965.39975466728
247966.33599057104
247967.27222647483
247968.2084623786
247970.08093418615
247971.0171700899
247971.9534059937
247972.88964189746
247972.88964189746
247974.76211370502
247975.6983496088
248011.27531395227
248011.27531395227
249086.4661514465
249181.51946167718
249181.51946167718
249191.9794766021
249956.3353820433
249969.67328467246
249994.91014607868
250060.93553129275
250098.48643143335
250101.75172709776
250105.01702276216
250109.91496625874
250114.81290975536
250118.07820541976
250122.97614891635
250126.24144458075
250131.13938807734
250137.66997940614
250140.93527507054
250145.83321856716
250150.73116206375
250156.54228146648
250159.32792918017
250163.50640075072
250166.2920484644
250169.0776961781
250938.525249096
253729.85033420986
253758.5600312591
253787.64791226952
253791.0700159178
253792.78106774195
253794.49211956607
253806.4694823351
253809.89158598337
253811.6026378075
253816.73579327992
253821.86894875235
253830.42420787306
253833.84631152137
253838.43986304925
253843.03341457713
253847.62696610502
253851.07212975094
253855.66568127883
253860.2592328067
253874.03988739036
254781.7597980969
254802.7259479421
254867.0079973353
255090.08580240785
255091.62159825
265201.90859913715
265202.72031105374
265203.5689189665
265208.6421184451
265208.74358243466
265964.5303927566
265970.1754801764
265988.743390268
266218.31027867366
266218.31027867366
266234.5537410042
270843.03892335435
270848.296602814
270893.2128661976
270893.2128661976
270898.3875296657
270898.3875296657
270900.9748613998
270901.8373053112
270902.69974922255
270903.56219313387
270904.42463704525
271775.4468675235
273292.6148435924
273309.2088178869
273311.57938564324
273318.6910889123
273336.8439190466
273342.4013784754
273343.51287036116
273346.8473460185
273352.40480544727
273353.51629733306
273355.7392811046
273356.8507729903
273364.6312161907
273371.3001675053
273374.63464316254
306344.80000256223
308078.6535523606
320581.78426731663
320610.67844434694
334796.8015783287
335506.4314973945
355877.2321597289
355921.1291712173
355921.1291712173
361877.6833670159
361891.9805655465
361900.5588846648
361901.27374459134
361901.9886045179
361902.7034644444
361904.1331842974
361904.84804422397
361905.5629041505
361906.277764077
361907.0387439988
361907.7997239206
361908.5607038424
361909.32168376417
361910.08266368596
361911.60462352954
361911.60462352954
361913.1265833731
361913.8875632949
361914.6485432167
361916.1705030603
361916.93148298207
361916.93148298207
367424.6827809076
367440.90779524005
367574.2038055401
367574.2038055401
367851.551009035
367854.74712470657
367855.81249659706
367856.87786848756
367860.0739841591
367861.1393560496
367862.2047279401
367863.2700998306
367864.3354717211
367866.4662155021
367866.4662155021
367867.5315873926
367868.5969592831
367869.6623311736
367870.7277030641
367871.7930749546
367872.8584468451
367873.92381873564
367874.98919062613
367876.0545625166
367876.0545625166
367877.1199344071
367878.1853062976
367883.51216575014
367883.51216575014
367884.57753764064
370444.3756345503
370474.59345544456
370476.5166592469
370478.43986304925
370482.2862706539
370486.1326782586
370488.0558820609
370491.9022896656
370507.2879200843
370516.90393909597
370522.673550503
370524.59675430536
370526.5199581077
370530.3663657123
370532.2895695147
370534.212773317
370536.1359771193
370539.982384724
370541.90558852634
370543.8287923287
370545.75199613103
370547.67519993335
370875.6575462241
370895.30466420477
371523.1269356786
371543.7979175541
371757.259703615
371758.32507550553
371760.4558192865
371760.4558192865
371762.5865630675
371762.5865630675
371763.651934958
371764.7173068485
371764.7173068485
371766.84805062955
371766.84805062955
371767.91342252004
371768.97879441053
371768.97879441053
371770.044166301
371771.1095381915
371772.174910082
371773.2587299706
371773.2587299706
371775.42636974785
371775.42636974785
371776.51018963644
371777.594009525
371778.6778294137
371779.76164930227
371780.84546919086
380009.2798554907
380024.3979899369
380025.7723657956
380027.1467416544
380027.1467416544
380029.8954933719
380268.30819686834
380269.67334872804
380275.1339561668
380279.2294117459
380280.59456360555
380281.95971546526
380283.32486732496
380286.05517104437
380287.420322904
380288.7854747637
380290.1506266234
380291.5157784831
380294.2460822025
380296.9763859219
380298.3415377816
380299.7066896413
380301.071841501
380302.43699336064
391705.45823738346
391712.2471006857
391713.9443165113
391715.6415323369
391717.33874816244
391719.035963988
391722.4303956391
391722.4303956391
391724.1276114647
391725.82482729026
391729.21925894136
391729.21925894136
391730.57057480246
391731.92189066357
391733.2732065247
391734.6245223858
391737.32715410803
391738.6784699692
391740.0297858303
391741.3811016914
391742.7324175525
415928.98955574277
415986.89320979157
416007.564191667
416017.41542265454
416019.87823040143
416037.1178846296
416040.8120962499
416050.6633272374
416067.90298146557
416084.9673797117
416093.6379388206
416105.77672157297
416117.91550432536
416121.3837279689
416131.78839889955
416135.2566225431
416136.99073436484
416142.1930698302
416152.59774076083
416154.3318525826
416157.8000762261
416161.26829986967
416183.33210560196
416325.33557100716
416326.5808108792
428446.86944518285
428458.8421959523
428478.68762991263
428486.3204891281
428524.4847852057
428526.0113570488
428601.1316053281
428606.83203674224
428626.7835466917
428635.1220418347
428651.7990321207
428660.13752726367
429104.8449695576
429132.959718668
429200.70076770574
429203.38495142985
429207.41122701607
432704.04478763987
432769.9456488667
432778.3994439978
433054.9257115771
433055.6866914989
433067.67789026647
436378.2633900118
436398.96204388444
436456.81496593845
436555.71007177426
436556.111315733
456185.43620227464
456192.92608950485
456197.2060250649
456212.18579952535
458896.6554676215
460083.65962162387
467580.4002831255
476381.7603105413
478856.62382418034
478856.62382418034
478859.2987839054
478861.97374363046
479981.2506845937
480797.5607646951
481771.3337326129
483531.89998366585
485253.5409587194
488167.97414718044
488187.16006520856
488205.1468633599
488457.12806946185
496445.30495245475
496485.43857232993
496710.3473412143
503137.32548866374
504870.9530504854
504979.1044393698
504980.0406752736
505566.52098299644
528615.0255101224
529044.4026659919
529217.7216081786
529480.8500171348
555865.6657773621
555907.611913051
555930.2153227279
556110.5398921946
556110.5398921946
556129.7996022151
588583.7115706741
588904.0426097511
589981.7931069824
602826.3409228483
615833.231122029
619040.2311124207
619434.515563897
619896.3381364319
620433.6637532067
620778.6413177507
623050.267848278
623508.6498691665
623519.8570280147
623522.0984597844
623523.2191756691
623524.339891554
623525.4606074388
623526.5813233237
623527.7020392085
623528.8227550932
623529.9434709781
623532.1849027477
623533.3056186325
623534.4263345173
623537.7884821718
623537.7884821718
623540.0299139414
623541.1506298262
623543.3920615958
623543.3920615958
623546.7542092503
623546.7542092503
623547.8749251352
623548.9956410199
623567.655791102
623567.655791102
623569.7404148878
623569.7404148878
623579.1212219236
623580.1635338165
623581.2058457093
623583.2904694951
623583.2904694951
623585.3750932808
623585.3750932808
639043.8843284897
653308.531366401
653738.1529582454
653738.1529582454
690051.4737580429
690063.0498768531
690064.2074887342
692250.3598320463
692370.9128876561
692371.6600315793
702005.5920494252
702018.2842721208
702018.2842721208
713750.0488423562
713786.1607986445
713786.1607986445
723184.8992886631
723494.8810008039
724036.5741811299
724692.1929737469
725701.7366099883
730884.7431852904
730913.7065423134
730917.9541938769
730919.3700777314
730923.6177292948
730932.1130324217
730936.3606839852
730940.6083355485
730943.4401032575
730947.687754821
730951.9354063844
730954.7671740934
730959.0148256568
730963.2624772203
731043.1561450089
731046.5136806638
731061.622591111
731068.3376624208
731076.7315015581
731082.1690489992
731098.4816913226
731100.2942071364
731105.7317545775
731143.7945866655
731147.419618293
731149.2321341067
731152.857165734
731154.6696815478
731156.4821973615
731160.1072289889
731161.9197448026
731163.7322606164
731167.3572922437
731169.1698080575
731172.794839685
731172.794839685
731176.4198713123
731178.2323871261
731180.0449029398
764725.1421232494
773068.8027057063
773451.690906354
773491.62159825
773493.1573940922
773500.836373303
773502.372169145
773503.9079649872
773505.4437608294
773506.9795566716
773508.5153525138
773516.1943317244
773516.1943317244
773519.2659234088
773520.801719251
773520.801719251
773522.337515093
773523.8733109352
773526.9449026196
773528.4806984618
773530.0164943038
773531.552290146
773540.767065199
773546.1169846491
773595.1010316146
773596.2401954975
773598.5185232634
774858.4798977673
775086.0267303805
775087.2304622568
788418.2842721208
788788.2865460928
792161.2078314314
792169.0205586284
792172.2397342976
792173.2912701895
792175.3943419734
792177.4974137571
792178.5489496491
792181.703557325
792183.8066291087
792184.8581650007
792188.0127726764
792190.1158444603
792191.1673803523
792193.270452136
792195.37352392
792197.4765957037
792198.5281315957
792200.6312033796
792202.7342751634
792205.8888828392
792206.9404187311
799246.8717511826
844708.0059827882
850666.5064423869
851078.948335997
851579.4240765593
857300.6556085437
861840.9154819059
861855.1527244427
861899.4463678902
861899.4463678902
862094.9213557998
862106.2115306393
883611.0521444196
940816.9245009273
952331.1318295226
952376.0711529038
952376.6568768437
953565.2337226843
1025845.1544219147
1026032.7890106301
1026032.7890106301
1026060.3872157936
1026062.1121036164
1026065.5618792617
1026072.4614305526
1026074.1863183753
1026075.911206198
1026077.6360940208
1026079.3609818436
1026081.0858696662
1026082.810757489
1026086.2605331343
1026087.9854209571
1026089.7103087798
1026091.4351966025
1026094.884972248
1026098.3347478934
1026100.0596357161
1026124.0697052485
1043594.8589016395
1087768.0830416137
1087866.4016475086
1087866.4016475086
1142402.2306704374
1142409.932709646
1161170.2323615039
1207390.5201630853
1207405.693641526
1207408.728337214
1207411.763032902
1207420.8671199663
1207428.4538591867
1207429.9712070306
1207431.4885548747
1207433.0059027188
1207434.5878185562
1207437.751650231
1207442.4973977432
1207444.0793135806
1207445.6612294181
1207448.8250610929
1207450.4069769303
1207453.570808605
1207455.1527244425
1207456.73464028
1207459.8984719547
1207667.802798587
1207667.802798587
1207670.4777583121
1207811.1529678537
1207819.5468069909
1207824.5831104734
1207826.261878301
1207827.9406461283
1207827.9406461283
1207829.6194139558
1207831.2981817832
1207834.655717438
1207836.3344852657
1207838.013253093
1207839.6920209206
1207841.370788748
1207843.0495565755
1207844.7283244028
1207846.4070922304
1207853.1221635402
1207854.8009313676
1207856.4796991951
1207858.1584670225
1207859.83723485
