37807.38265824122
37815.158489442045
37815.158489442045
37816.454461308844
37819.04640504245
37819.04640504245
37820.342376909255
37859.73807686025
37859.73807686025
37859.73807686025
37873.33425146287
37873.33425146287
37873.33425146287
37874.57026733583
37874.57026733583
37875.806283208796
37878.27831495473
37878.27831495473
37879.5143308277
37879.5143308277
37880.75034670066
37881.986362573625
37881.986362573625
37888.16644193845
37888.16644193845
37889.40245781142
37889.40245781142
37890.63847368438
37890.63847368438
37890.63847368438
37894.346521303276
37895.58253717624
37895.58253717624
37896.818553049205
37896.818553049205
37898.05456892217
37898.05456892217
37899.29058479513
37902.99863241403
37907.94269590589
37909.178711778855
37909.178711778855
37910.41472765182
37910.41472765182
37915.358791143684
37915.358791143684
37916.59480701665
37916.59480701665
37917.830822889606
37917.830822889606
37918.96998677253
37921.24831453837
37921.24831453837
37922.38747842128
37922.38747842128
37923.526642304205
37923.526642304205
37925.80497007004
37926.94413395296
37928.08329783588
37928.08329783588
37929.2224617188
37931.500789484635
37941.75326443091
37947.44908384551
37947.44908384551
37948.588247728425
37948.588247728425
37949.72741161135
37949.72741161135
37950.86657549426
37953.1449032601
37953.1449032601
37954.284067143024
37954.284067143024
37954.284067143024
37955.42323102594
37955.42323102594
37957.70155879178
37958.8407226747
37958.8407226747
37959.979886557616
37959.979886557616
37962.258214323454
37963.39737820638
37963.39737820638
37969.093197620976
37969.093197620976
37970.23236150389
37970.23236150389
559261.3380563625
804209.2125971643
