473126.4633745674
474647.8160743893
474677.89698882174
478525.6024266689
480863.7058657233
480866.61053339345
482714.34225506
507723.7399430008
508282.5748974243
534412.574668205
534432.7753115473
534549.5561549217
534550.3703420716
535299.9396389031
535301.3699676801
595832.3226797271
640419.2629833664
678161.3154134735
678169.539803941
695956.98744642
739083.0724562382
739121.5042902222
739122.4615102499
751116.5274795804
764854.6153317186
764958.6992565653
764959.7169905027
766182.2134949075
766183.6218186263
766184.3259804858
823923.5409806004
830446.0272465406
833525.8111690951
836673.6127262586
836687.349383782
836701.8287120165
836701.8287120165
840111.4134429512
847609.3234208697
855511.8018933518
865513.4858915487
865516.214518754
953195.7976451531
953202.1240993589
991698.7079669008
1000931.3811994285
1056527.0174741554
1056532.067634991
1056532.067634991
1056533.7510219363
1056533.7510219363
1056595.2001467005
1056595.2001467005
1094823.1847737222
1163700.7825548789
1163703.7092276071
1163703.7092276071
1163719.8059276124
1163721.2692639765
1163725.659273069
1163730.0492821613
1164006.9884397038
1164006.9884397038
1164009.486013799
1175252.761405573
1175275.0030180549
