10279.83343393516
26588.398138738834
50731.968306603805
52283.02783487038
52295.7907685725
52321.31663597675
52338.86566981716
52346.84250338099
52379.53101719909
52417.45673484669
52427.99165641546
52487.04773111041
52504.70679024136
59130.78736848539
75242.68186645681
75268.68634387488
75283.93034787857
75338.43137554536
75578.08846338984
75579.16671123709
75592.10568540407
75762.31480986254
75786.08027261822
75797.71544709236
75798.95323161088
75800.19101612939
75802.66658516644
75803.90436968497
75811.33107679612
75812.56886131465
75813.80664583317
75817.51999938875
75822.47113746284
75823.70892198136
75823.70892198136
75827.42227553694
75834.8489826481
75836.08676716662
75838.56233620367
75842.27568975925
75844.75125879628
75845.98904331481
75847.22682783334
75855.89131946301
75866.2226942443
77777.78008695056
77831.69798057748
78205.8884924243
78205.8884924243
78214.73452578335
78219.15754246288
78220.63188135606
78223.58055914241
78226.52923692876
78228.00357582195
78232.42659250146
78233.90093139464
81924.76531758343
82098.12116535119
82098.12116535119
82936.0077628955
83051.70485715814
83053.1956998449
84492.75559868276
84499.75320716081
84506.75081563888
84509.08335179824
84511.41588795758
84513.74842411694
84514.91469219662
84517.24722835598
84519.57976451532
84520.746032595
84521.91230067468
84526.57737299339
84528.90990915273
84530.07617723242
84532.40871339176
84534.74124955112
84536.1935833862
84536.91975030373
84538.3720841388
84539.09825105633
84540.5505848914
84542.00291872647
84719.0061048755
84720.27689698117
92181.38891648011
92198.1127606415
92198.1127606415
97611.54959924817
97646.86771751006
97650.85613429197
97656.43991778664
103212.15596084934
126378.98761451416
126400.90465238884
126439.68856730261
126461.19851160231
126483.97374674317
126518.08158680919
126556.89850931014
126773.7253493685
126773.7253493685
126784.46931898929
160666.21291421846
160823.06496840593
160823.06496840593
161224.10165114343
161241.19958129266
161254.02302890457
161258.29751144187
161259.7223389543
161261.14716646675
161263.9968214916
161279.6699241284
161302.46716432736
161335.7388121853
161335.7388121853
161342.868451012
161482.3255067658
173305.40117207498
173314.80833441578
173314.80833441578
173316.89881493594
173317.94405519604
173318.98929545612
173321.0797759763
173322.1250162364
173327.35121753684
173328.39645779692
173329.441698057
173330.48693831707
173333.62265909734
173333.62265909734
173336.7583798776
173337.8036201377
173339.89410065787
173343.02982143813
173632.0277508233
173632.59438106956
173633.1610113158
173633.1610113158
173634.29427180832
173634.86090205458
173634.86090205458
173635.9941625471
173636.56079279335
173637.1274230396
173637.69405328587
173638.8273137784
173639.39394402463
173639.9605742709
173640.52720451716
192493.34973525166
215163.4227034131
215183.55733158108
215269.40456452142
215270.99442996967
217164.74973066724
224667.95192506054
224745.49774983
224989.70438343813
224989.70438343813
225034.12159322732
225040.17848547132
225059.0973341789
225068.6695344555
247703.65543746515
255247.75953361503
255353.559852994
255376.33508813483
255405.18371931327
255442.526302921
261322.78394547635
261324.56635518302
263754.1228157306
276047.7986537183
276057.40386158205
317696.17799647
317711.2294562153
326831.1377684732
366342.2978476302
370076.7762589873
371822.44852115307
371856.5783662772
377018.57440842304
401164.1305327822
401178.8024052751
404597.057129104
404598.61948822957
404598.61948822957
404601.74420648074
406162.8435425087
446820.48915410414
446856.58295066433
446857.91975794436
446859.2565652244
446860.59337250434
446861.93017978437
446863.2669870644
446864.6037943444
446865.9406016244
446867.2774089044
446868.4491782486
446870.792716937
446870.792716937
446873.1362556254
446966.9273145424
446966.9273145424
453318.30774990644
453321.0693846989
453329.7503801221
453340.3403143362
453341.85316208104
453344.87885757076
453350.9302485502
453355.4687917848
453356.98163952964
453360.0073350194
453363.03303050913
453366.05872599885
453369.0844214886
453370.59726923343
453372.1101169783
453373.62296472315
453376.6486602129
453379.6743557026
453381.18720344745
453382.7000511923
508286.75035720016
536538.1972661772
557950.395097762
557955.5882914753
587233.7582041427
625051.7060796614
625070.2563436456
625076.4397649737
625077.9856203058
625081.2698752283
625089.9618731806
625091.7002727711
625095.1770719519
625098.6538711329
625102.1306703138
625103.8690699043
625107.3458690852
625109.0842686757
625112.5610678566
625135.1602625325
625274.5898119637
625274.5898119637
625282.3135873593
678182.6988286892
751134.538619641
849142.9549431155
862359.6714522573
862369.0951183917
862673.5901099489
862673.5901099489
914387.7761902215
953190.103836368
990167.772064273
991593.2047158062
1001846.0159383857
1002927.6635671116
1002927.6635671116
1002987.8529022991
1003002.3762406498
1003009.6379098252
1011094.1422229693
1011126.33562298
1011459.6902482446
1011461.6321946225
1056345.6187776497
1056350.6854422789
1056353.8541706463
1056356.8138509616
1056358.2936911194
1056359.773531277
1128583.7795215428
1164029.4666065602
1164036.7942909098
1164038.0100703703
1164039.2258498305
1164040.441629291
1164041.6574087515
1164042.8731882118
1164044.0889676723
1164045.3047471328
1164046.520526593
1164050.1678649744
1164051.3836444349
1164052.5994238954
1164053.8152033556
1164055.0309828161
1164056.2467622764
1164057.462541737
1164058.6783211974
1164061.1098801182
1164063.541439039
1164064.7572184994
1164065.97299796
