16793.094079264054
64496.23117536045
64559.78178317377
64670.22516981333
64670.22516981333
75763.30503747736
75879.77781003827
86069.85811321907
86076.98775204578
86080.94866250506
86081.74084459692
86083.32520878063
86084.11739087249
86397.8214992474
86397.8214992474
161255.447856417
176640.8288571887
182522.79739301186
190967.37597322717
214306.32569014127
258785.83179883708
258803.61188578766
258808.39798592596
258812.2268660366
258817.01296617487
267032.15030677186
285241.71547765494
324975.4567195654
324985.62305641087
344746.96842121345
344785.4057564621
352990.06868940016
360305.54023181717
360352.7410814569
361229.05401172076
361229.05401172076
361968.13239709963
362014.44204188604
362060.4271120654
362061.45584853186
362062.48458499834
362063.5133214649
362064.54205793136
366239.5122212119
377579.23578266945
377611.69324337743
377611.69324337743
377613.31611641287
377614.93898944824
377616.5618624836
377619.80760855443
443982.97542004444
478671.34192651225
508295.1012767518
529805.9972952115
529916.9853070393
538502.885871683
573798.7680223718
581193.1221968383
590026.8987385294
590143.3109971805
622109.1456994629
632941.344600738
633000.3071539361
633007.898898983
633010.4294806654
633012.9600623477
633014.2253531888
633016.7559348712
633037.0005883297
634073.3948150581
634457.6471397245
634457.6471397245
634476.2469150895
651369.9756263419
695988.3611580163
751127.9646085316
765176.8023899938
769935.8308055532
778776.4564215803
831016.9484791296
835061.208597254
837604.7787651189
837634.6121226477
837634.6121226477
859450.9438488986
880683.1348039028
880699.6385974832
880852.0676349911
886494.8356879255
890788.9577395915
890824.4298932601
890854.180731821
890957.4064594014
890974.7024350736
891030.9033534792
891074.4733685313
898371.1305862666
898772.0407399201
898780.3586518846
900846.1054867473
901156.9709426265
902145.9662741922
902145.9662741922
902171.1180556087
902173.9126979882
902245.2861039586
902304.5897355573
902860.6245463367
902898.7483095073
903805.1036453518
903813.7186256008
903986.2932938057
917249.6660273994
917316.165312999
917375.1388687261
953194.532354312
972845.8689323727
972872.0604527846
972878.8930233269
972888.0031173832
972890.2806408973
972892.5581644115
972894.8356879255
972897.1132114396
992034.263097976
992106.8907922585
992106.8907922585
995623.9042168721
1000045.0284614033
1003178.1196372221
1003178.1196372221
1003182.73519816
1003184.3580711954
1003185.9809442309
1003187.6038172663
1003189.2266903017
1003190.849563337
1003192.4724363724
1003192.4724363724
1003194.0953094079
1003195.7181824433
1013791.5332482675
1013870.5699157238
1036492.039211791
1082257.6309415568
1095115.6925098754
1157235.6909817464
1157352.5378402951
1157353.5555742327
1157387.1407941687
