539280.8471947372
539493.7846407751
550111.1591622797
561958.7099534684
562038.0932005899
575517.7151414665
595829.0659311273
605292.8582889539
618093.4756530841
618108.9232038753
631005.0315176614
631058.1297228738
656818.1529504352
656830.5197930913
657663.87884993
678138.4026467195
678152.1117979202
680961.398543693
681251.0181159696
686652.1156182428
695965.1733280359
695968.6061171006
695985.7700624241
738141.8941159392
738192.197678772
738192.197678772
750815.2947378876
750826.3412770574
750869.4656896828
750869.4656896828
751116.5274795804
751118.1613551448
755937.5166375049
766175.1718763132
766176.5802000321
943958.503350423
953204.0220356206
967291.3576662414
972702.1263915525
990194.5742250476
991697.7452456086
1001012.6898891343
1009387.6829743503
1009390.8076926016
1056604.4807799573
1056607.132389459
1056608.45819421
1056608.45819421
1056693.2766906838
1056693.2766906838
1065968.3096600678
1071397.9257176474
1071431.923532423
1071435.3233139005
1071437.0232046393
1086446.7118483484
1086450.0786222387
1089754.0060666723
1094912.607828605
1146066.6661572903
1163683.4095615034
1163695.341804262
1163696.667609013
1163697.9934137638
1163697.9934137638
