10792.009710821225
14740.983572954467
15339.556543434466
15342.2776231548
23313.491571891147
23896.116248010272
23896.116248010272
23929.488676580328
48098.59840053294
58887.10299171441
59557.69694679225
59570.061717521436
60714.84301586336
60714.84301586336
62948.66498627609
75995.38441336327
106944.88980844189
107673.17987758985
107673.17987758985
111477.47070259329
121708.81807903814
178076.06288973798
193446.2246620269
195660.99907439732
198219.58882743114
198230.13185834754
203242.93720314256
203407.01369827916
203815.82594826233
203817.40786409975
204466.92959334335
204570.99475064778
211348.42029407903
228018.93994472004
228789.4251975313
248726.25976446774
249190.4851887557
250285.68749219322
250287.2924680283
250608.95176296885
250612.23089463182
250615.5100262948
250615.5100262948
250852.39154594863
250852.39154594863
250854.87280169362
252360.05419099441
252539.7653645241
253006.75798852765
253006.75798852765
254241.3026336439
255128.4806984617
255130.01649430385
255159.7869512441
257053.57080860523
257055.15272444263
257085.20912535352
257572.33312728797
257572.33312728797
259294.19547831878
259615.63800928165
275697.9201803804
281593.333098463
283113.4204702318
283114.65648610477
283145.5568829289
283148.0289146748
288460.0008327222
289129.70005989197
289131.27736372984
301360.08634688
308735.83581281686
308997.2900659452
309004.70616118296
309038.078589753
309040.55062149896
309104.82344689313
309107.295478639
309108.531494512
309111.1511102428
309149.8919062611
309219.09957114805
309319.5904288199
309355.550189124
309430.9471573749
311230.2818764433
312284.1606641279
313080.5330702785
313082.3409740927
313201.1414698827
318103.3833500412
318683.50832241715
319015.1987163268
319580.8512341903
322318.99535276985
325677.03832763777
325926.70430997765
326143.7081116744
326144.8242155597
332783.17952528433
332880.8432272467
333297.8602243866
333297.8602243866
339269.3895826461
351348.69137716223
354687.62222599436
355152.58095820696
355231.3308501132
355701.42273779825
355703.5903775754
363818.2651835672
363831.25257423235
364816.09434101253
364816.86454493337
365669.71549727925
367163.77274372336
367232.0626207047
374639.64410736994
391744.0837334136
392729.681868116
392729.681868116
392855.6171271727
400043.2984764388
400592.0065080438
400593.8974278494
400627.9339843512
403283.5694314109
403293.785010361
403304.00058931106
403306.04370510107
407970.12192973745
416659.40114467265
416695.9097329204
416746.4387997271
417407.96556373686
417407.96556373686
417417.11577079643
417421.6908743262
417437.8882166615
419316.1619196167
422793.72025020095
457998.9482078859
458099.7619055245
467007.70524198585
484649.4335888082
496370.54444013844
496535.4326471916
496734.40353074187
496734.40353074187
496735.90704258735
524114.3227566946
524136.17441044876
524233.82888841204
524233.97647239687
526116.8345028808
526150.206931451
560952.6874185294
605852.6427718117
606265.7764653508
606266.2653373006
614405.1346928057
614497.1394713495
614500.4186030126
631478.7477140176
635978.2605715677
656454.4315870723
675863.9762482024
710793.9508501772
711453.8541903539
711453.8541903539
723978.4399271047
724044.562164309
725113.7850744165
725130.7572326722
725137.5460959744
725147.7293909278
725159.6099017067
725163.0043333578
725171.4904124857
725176.4667599743
725183.0250233002
725188.4902427385
725191.7693744014
725195.0485060645
725199.420681615
725202.699813278
725205.978944941
725208.1650327164
725216.9093838176
725222.3746032559
725226.7467788066
725228.9328665818
725232.2119982449
725233.3050421325
725235.4911299078
725237.6772176832
725241.6850452712
725243.1424371215
725250.4293963725
725257.7163556236
725263.5459230244
725266.4607067249
725272.2902741258
725276.6624496763
725282.4920170772
725285.4068007777
725289.7789763282
725297.0659355794
725301.4381111299
725305.8102866806
725305.8102866806
725310.1824622313
725316.0120296321
725320.3842051827
725323.2989888832
725324.7563807333
725328.1323643865
725333.8881397949
725335.8067315976
725341.5625070061
725347.3182824146
725349.2368742174
725351.1554660202
725353.074057823
725360.7484250342
725362.667016837
725366.5042004427
725368.4227922455
725370.3413840483
725374.1785676539
725378.0157512595
725379.9343430623
725383.771526668
725391.4458938793
725393.364485682
725397.2016692876
725399.1202610905
725433.654913541
725433.654913541
748191.6219185278
758924.0030874775
758945.9469812221
760480.977231455
760480.977231455
768218.2059962399
772562.5112337419
790574.6384864955
794769.9023473156
794809.7085152244
803658.5214057631
803670.6509645164
808032.5694282082
829077.4783892592
843527.0066521688
899026.6328880405
899028.2101918784
925347.4340948471
946103.1199536237
957359.7194366956
996134.7134314878
1045412.9275627824
1150195.1401054997
1177205.7765294062
1199696.6303578462
