55277.39703871198
193470.20705956206
195523.2709325527
198382.4154706962
198387.55785016768
203519.80475868672
203807.91636907525
203807.91636907525
205415.308891871
205446.57824865723
205454.39558785377
246489.91964231382
247289.64958411935
248124.28313833757
248205.44510599592
248293.63576093188
248543.10803929166
259224.24989350766
327732.32979639946
353908.62783405767
390261.026105839
390282.69327961205
393939.1602958085
396035.28179637383
401250.7384003408
420828.4688481851
442745.47924760357
521562.3742829782
521588.50587229244
560182.5572896816
560225.227509296
879727.1812675953
879839.9861640014
891102.8395184304
962862.7295991083
962904.6987947949
963769.8914578722
968585.9996348834
968587.9551226824
968703.7347587828
968703.7347587828
971044.988646154
983609.4543428061
998910.0348782465
1027631.7969182875
1037173.6642015956
1045221.0868304993
1045364.0219198088
1131018.538316428
1131048.6270013354
1131066.281735521
1131067.351719411
1131273.1483622596
1131274.1353301583
1131291.9007523323
1172058.7297144083
1176340.0304263858
1176362.7214640537
1176365.7469357427
1192278.3997642756
