200870.9443389307
217501.67626966105
313006.40901389683
313008.216917711
433431.3617248878
751483.9623481483
797816.8475061574
891820.5957806611
903056.6257458468
903356.4979550266
903358.1582748559
903923.8569127147
904495.2559819876
905386.9999263361
905659.7489663035
905705.4907776023
905725.9542194991
905736.3911744265
905797.0666401904
905797.0666401904
905799.7047039192
905799.7047039192
905801.0237357838
905806.2998632414
905807.8771670792
905848.8870668644
905850.4643707023
905852.0416745401
905852.0416745401
905855.1962822159
906685.6421408646
906692.9291001157
906695.843883816
906697.3012756662
907966.292945242
908696.9305221487
908766.4102950079
909488.003740844
909533.3858161798
909556.7455937789
909702.0743108423
909702.0743108423
909778.4167389962
910904.7730992317
910923.2764413299
910927.1228489346
910929.687120671
911471.1450890212
911613.9925503397
912439.3698215092
912536.5769355184
913465.7011360251
916707.0190148897
919241.4234424093
920243.5648194115
922385.8293752342
922391.6220466387
922393.0702144899
922394.5183823411
922395.9665501923
922398.8628858946
922400.3110537458
922401.7592215969
922403.2073894481
922442.9674373617
922456.5405519666
922516.8655057666
922516.8655057666
925042.4748501901
925050.8179573327
925141.8311559785
926928.8841203091
931569.003007408
932020.190309036
932026.8039163563
932033.4175236765
932067.5878281646
932067.5878281646
932071.1575157978
933078.3997642755
935151.3459672227
935156.9541586464
935168.156705495
935169.9553853101
935173.5527449404
935201.4322820749
935205.9289816128
935207.7276614279
935208.6270013355
935210.4256811506
935213.1237008733
947616.8058700506
959672.9554269463
959693.5018848346
959706.3001835191
959769.9965089726
963009.4096320329
963026.2203703051
963164.5665200861
964236.367537929
967471.0395254765
971345.5803272598
971521.744873154
991285.560277873
991414.304244641
998937.8729073852
1001841.255744982
1017763.9904044787
1050251.634537471
