366854.20611153997
371619.9789257244
371634.3683642455
374465.3612572823
379481.5379737308
381769.3756825919
383496.8185530492
383511.6507435248
383753.2918466894
383753.2918466894
383756.4464543652
384931.59315758623
385803.7130439517
386280.8243949153
386280.8243949153
386293.1107616525
387335.0721425621
390366.4102950078
390409.2280986071
392593.7939140823
392604.4107369911
392619.5796034321
392621.9132751922
393963.8852252673
393972.18221241457
395181.9373600786
395341.7293076556
395341.7293076556
395344.3581473854
395370.0977167399
395382.4578754696
395836.6106927928
395966.3923594541
396028.2162131
397819.4937689965
398318.93642166484
398366.6060487655
398505.37189050345
399698.6714238588
399710.56115863676
399710.56115863676
399831.0680942513
411093.38184473576
411104.11857963225
411124.7157695153
411126.1869973641
411133.5431366081
417422.83465020865
417425.1222019735
417429.75264949765
417432.07709725876
417795.75170788105
417808.4716025737
418347.63279516
433036.66219345416
434224.91158732853
435756.1599979502
435762.9488612525
440715.55377623474
440717.3247840527
440741.52855756506
440742.70922944375
465759.7811862447
465774.2444167582
465794.90617463464
465803.1708777852
465821.766459874
465836.2296903875
476452.2639472951
480587.1198383238
496402.18275688676
521419.7758696342
521592.0571119274
530891.3424441676
532123.6548815132
532452.3982077257
532453.5004756125
532455.8710433688
532457.0563272471
532459.4268950034
532460.6121788815
536749.5780340711
543440.168850427
543446.385825788
543451.0485573089
543455.7112888297
552601.0388528933
558194.4718780125
558228.0472345618
558243.1561450089
561087.0995327148
566285.0074784853
575956.9700444225
579257.5751771937
595489.1754449459
635741.678831883
639171.1109474136
694377.24336945
728470.0939374625
728506.7224376979
728509.8217013794
747846.5890099895
779577.8283247232
790248.0212920645
798114.2476835912
798120.8336189142
798122.7153147209
798126.2204343607
798127.0321462773
798129.467282027
798130.2789939435
818026.2051250845
846686.8489474072
875801.8023950369
883018.1150373605
889301.8537035318
890874.7669178712
890913.8536138539
892713.5296208872
892723.1179679018
894457.1928936774
894458.4888655442
894880.70358615
900566.4411697824
900577.2332486733
901224.6519061329
902375.571775844
926116.9646637564
973695.5324457369
973703.3082769378
973968.1477377182
973968.1477377182
974165.5920494252
974197.294934167
974216.5039121927
974308.4764067399
978058.4609373248
978068.0308363412
978168.1020020562
978178.4005969977
978188.6991919392
982525.6390661983
983254.5471432827
987037.7103984575
1046778.674370414
1046788.9452933583
1049734.011382671
1126418.6683491925
1131300.7834634194
1131310.459438425
1131314.6563579936
1131319.692661476
1131322.2108132173
1131324.7289649583
1131327.2471166996
1131328.9258845272
1131330.6046523545
1131333.1228040957
1147157.9170416584
1147802.905175368
1147823.3040492716
1147847.2264908128
1176560.3271957443
