48118.0056945383
48125.384893779876
48131.841693116265
59116.04726018403
59125.801639181496
59125.801639181496
59127.752514980995
59129.70339078049
59131.65426657998
59131.65426657998
59135.55601817896
59137.50689397846
59137.50689397846
59141.408645577445
59141.408645577445
59143.35952137694
59145.31039717643
59147.26127297593
59149.21214877542
59188.229664765284
59190.180540564776
59782.02921573589
59787.74809514812
59788.89187103056
59790.035646913006
59791.17942279545
59792.3231986779
59792.3231986779
59794.610750442786
59794.610750442786
59795.75452632523
59796.89830220768
59796.89830220768
59799.18585397257
59812.91116456191
59812.91116456191
60416.72336650343
60423.80278577582
60423.80278577582
60425.2186696303
60426.63455348478
60428.05043733926
60428.05043733926
60430.88220504822
60432.298088902695
60432.298088902695
60433.71397275717
60435.12985661165
60436.54574046613
60459.199882137786
60459.199882137786
60950.520803640924
60957.64634290857
60959.0714507621
60960.49655861563
60961.92166646916
60961.92166646916
60963.346774322694
60964.73498618002
60966.12319803734
60967.511409894665
60967.511409894665
60968.89962175198
60970.287833609305
60988.3345877545
60989.72279961182
121910.42241431768
121915.65242178016
121919.1390934218
121924.36910088427
148355.4247683591
148363.00689557986
148364.27058344998
148364.27058344998
148366.7979591902
148366.7979591902
148368.06164706033
148370.5890228006
148370.5890228006
148371.8527106707
148373.11639854082
148374.38008641094
148375.64377428105
148407.85397897055
148409.27447482458
148643.92378670783
148649.2783181575
148651.06316197407
148654.63284960718
148658.2025372403
148659.98738105685
148663.55706868996
148667.1267563231
148668.91160013963
148672.48128777277
148674.2661315893
148677.83581922244
148679.62066303898
148681.40550685555
148883.07441012847
148892.1139291994
148893.9218330136
148895.72973682778
148897.53764064197
148899.34554445616
148901.15344827034
148902.96135208453
148904.76925589872
148906.5771597129
148948.15894743922
148949.9668512534
149348.6649862761
149356.44081747692
149357.73678934373
149359.03276121052
149360.32873307733
149360.32873307733
149362.92067681093
149362.92067681093
149364.21664867774
149365.51262054453
149368.10456427815
149368.10456427815
149370.69650801175
149371.99247987857
149397.9119172146
149397.9119172146
149849.23757882835
149861.37636158077
149861.37636158077
149862.8937094248
149864.41105726885
149865.9284051129
149865.9284051129
149867.44575295696
149868.96310080102
149870.48044864507
149871.9977964891
149873.51514433316
149875.0324921772
149876.54984002127
149931.17436240707
149932.69171025112
203219.88181751216
203224.28166505994
203225.7482809092
203228.68151260773
203229.97748447454
227189.67014595057
231841.71105182412
231855.13197044475
231857.36879021485
231857.36879021485
231861.84242975508
231861.84242975508
231864.07924952518
231866.31606929528
231868.55288906538
231868.55288906538
231870.78970883548
231873.0265286056
231875.2633483757
231877.5001681458
232034.06832805407
232034.06832805407
232704.58387913997
232777.99307559515
232777.99307559515
234919.78720746632
234926.8435667411
234926.8435667411
234928.25483859604
234929.66611045098
234945.19010085546
234946.60137271043
235429.38087109142
235440.38971395994
235441.96240579832
235441.96240579832
235482.14675766826
235483.13372556682
249094.1451306573
249097.2167223416
249097.2167223416
249100.2883140259
249101.82410986806
249103.3599057102
249103.3599057102
249104.89570155236
249104.89570155236
249106.43149739451
249107.96729323667
249109.50308907882
249109.50308907882
249111.038884921
249111.038884921
249112.57468076315
249114.1104766053
249115.64627244745
249115.64627244745
249117.1820682896
249117.1820682896
249118.71786413176
249118.71786413176
249123.3252516582
249123.3252516582
249124.86104750037
249124.86104750037
249126.39684334252
249127.93263918467
249129.46843502685
249129.46843502685
249131.004230869
249132.54002671115
249134.0758225533
249134.0758225533
249135.61161839546
249135.61161839546
249137.1474142376
249138.68321007976
249140.2190059219
249140.2190059219
249141.75480176407
249143.29059760622
249144.82639344837
249146.36218929052
249147.8979851327
249147.8979851327
249149.43378097485
249150.969576817
249152.50537265916
249152.50537265916
249154.0411685013
249155.57696434346
249158.64855602777
249160.18435186992
249161.72014771207
252491.29324950595
309050.4387484827
309052.91078022856
309056.6188278475
309059.0908595934
309188.6327022794
309191.399901995
309192.78350185277
309194.2455057025
309314.9000253019
309322.7173644985
309325.84430017706
309336.7885750523
309472.4090331135
309476.3522927082
309482.9243920327
309501.3262701414
309502.6406900063
309503.9551098712
309506.58394960104
309507.89836946595
309510.5272091958
309511.8416290607
309514.4704687905
309517.0993085203
309518.41372838523
309521.04256811505
309522.35698797996
309523.6714078449
309526.30024757463
309527.61466743954
309528.92908730445
309531.5579270343
309532.8723468992
309534.1867667641
309535.501186629
309538.1300263589
309541.66281799576
309543.42921381426
309548.7284012696
309550.49479708803
309552.26119290653
309555.7939845434
309557.56038036186
309561.0931719988
309566.3923594541
309568.15875527257
309571.6915469095
309573.45794272795
309576.99073436484
309580.5235260018
309580.5235260018
309584.05631763866
309585.8227134571
309589.35550509405
309591.1219009125
309594.6546925494
309598.1874841863
309605.25306746014
309607.0194632786
309608.785859097
309612.3186507339
309617.6178381893
309619.38423400774
309622.9170256447
309624.6834214631
309629.98260891845
309631.74900473695
309635.28179637383
309638.8145880107
309640.5809838292
309645.9216792803
309647.7295830945
309651.34539072285
309656.7691021654
309673.0402364931
309674.8481403073
309676.6560441215
309691.119274635
309700.1587937059
309701.9666975201
309703.7746013343
309705.5825051485
309709.19831277686
309711.00621659105
309712.81412040524
309716.4299280336
309718.2378318478
309720.045735662
309721.8536394762
309723.66154329036
309725.46944710455
309727.27735091874
309729.0852547329
309732.7010623613
309734.5089661755
309738.12477380387
309741.74058143224
318627.3618401878
318672.90994750644
326063.7268158947
326070.69093517895
326072.0837590358
326072.0837590358
326073.47658289265
326094.3689407454
326095.76176460227
326460.4325671222
326469.3245022083
326491.5543399236
326492.66583180934
326835.0283926221
326864.85880555614
326864.85880555614
327299.82570485125
327318.9378308869
327318.9378308869
327320.3029827466
327356.56713501946
327356.56713501946
408979.08445403853
409026.75408113917
409026.75408113917
410155.4302771363
410165.48443610297
410166.7481239731
410166.7481239731
410188.2308177652
410188.2308177652
417420.5470984437
417420.5470984437
491469.37715586956
491479.97553078027
491479.97553078027
491481.7419265987
491483.50832241715
491513.5370513309
491513.5370513309
491975.61789583927
491987.4937946187
492032.6222099805
492032.6222099805
496288.34938458627
496303.9840629794
496307.110998658
496308.1533105509
496310.23793433665
496312.3225581224
496313.36487001524
496315.449493801
496317.53411758674
496319.39736539527
496321.86017314217
496323.5020449734
496325.14391680463
561308.4201659679
578656.9221949275
578671.482277431
578671.482277431
578673.5622892173
578675.6423010034
578698.5224306518
578698.5224306518
579123.0154790235
579133.2310579735
579135.2741737635
579135.2741737635
579137.3172895536
579139.3604053436
579190.544376083
579192.1032319228
583670.5115796418
583671.6276835272
610815.1312017782
636102.9367547537
636110.0023380275
636113.5351296643
663737.5721025273
663747.3403175233
663747.3403175233
663748.968353356
663750.5963891887
663752.2244250213
663779.0800982612
663781.3169180313
673408.1787406038
673412.029760208
682526.1202514821
724006.6192442087
750766.5289258845
754815.7123137185
754824.5442928107
754826.3106886292
754826.3106886292
754862.4364809162
754862.4364809162
781323.2395453337
781346.9728948944
781346.9728948944
781351.5664464224
781353.8632221862
781355.3944060289
781357.6911817929
781360.7535494781
781366.2695009111
781366.9336288429
781392.8346181809
781393.4987461126
781402.9256731438
781404.1155690216
825333.5816980485
828956.7131816711
828964.9963328198
828969.1379083941
828973.2794839685
925336.3929679819
926463.1874681724
926470.4190834292
926475.8427948717
926479.4586025
926479.4586025
926519.2324864122
926519.2324864122
957732.4796863841
957733.0792463224
957734.07543822
957735.0716301176
957736.0678220153
957736.731949947
957737.7281418446
957738.3922697763
957739.056397708
957739.7205256398
957740.3846535715
957742.3770373667
957743.3732292644
957743.7052932302
957753.0030842747
957753.4089402329
957753.8147961913
957754.6265081079
957755.8440759827
957757.0616438576
957757.8733557742
957759.090923649
957759.9026355656
957793.0490761588
957804.2885190037
1013037.2443302833
1013048.2531731518
1013073.2640465812
1013074.2510144798
1046201.4134497435
1083538.7641762937
1083549.8283631566
1083549.8283631566
1083552.9737468334
1100429.8434802662
1100436.90906354
1100440.1605232058
1100444.615714748
1100446.1007785953
1100465.406608611
1100465.406608611
1126907.4157749598
1131371.854376115
1131375.949831694
1131376.6324076238
1131380.7278632028
1131381.4104391327
1131384.823318782
1131386.1884706416
1172070.6840171798
1176373.3106149654
1176379.3615583435
1187326.4220812288
1187334.1425684353
1187334.1425684353
1187354.7305343193
1187354.7305343193
1193111.640494637
1193117.313254054
1197367.9626171815
