909538.1361756915
910803.2998856608
912648.5701200081
912705.4314621639
912721.6149685007
914808.1665700495
915159.1028379811
915159.1028379811
915204.4295693225
915221.5308635648
915379.49184733
916093.3509699611
916108.6674203869
916112.0710760371
917232.6762728639
917324.6533794106
918372.3935957262
918901.3161493647
918904.7659250101
919885.2585762374
924772.0502579837
925178.1506522456
925178.1506522456
936009.6759750055
936016.7415582793
936156.3375599319
936156.3375599319
936191.208888348
938972.8948944525
939417.9251767133
946642.2350262149
946654.4798849563
946739.7972641875
946739.7972641875
953818.3033606743
962916.3210336004
962920.1951132021
962929.8803122067
962930.8488321071
962936.6599515099
968380.6780279859
971692.6609635876
989812.9488292247
990144.855987112
990144.855987112
999439.8337117949
999441.5678236167
999450.2383827255
999458.9089418344
999464.1112772997
999484.920619161
999486.6547309827
999488.3888428045
999491.8570664481
1000178.7498278507
1000265.2709389583
1000266.5069548312
1000267.7429707042
1000333.2887079676
1000334.6723078254
1000564.9309961599
1000860.3849097937
1001093.7105778131
1001428.6847153852
1006841.1889991001
1022436.019716298
1032478.1874841863
1032570.4597587028
1044094.4306902946
1044378.1286171369
1050049.6981382256
1067190.5495005269
1067197.8825797732
1067215.4819699645
1067236.4573438086
1067255.8969218107
1083443.15742612
1094563.2509472214
1094567.0742948283
1094577.7556857306
1094588.4370766329
1094602.678931169
1094604.4591629861
1131505.4547783837
1131507.0413062207
1131509.8177299353
1131513.9454695112
1131516.8833132093
1131519.8211569074
1131520.660540821
1131522.3393086484
1131524.018076476
1131524.4377684328
1131524.8574603896
1144343.1491629542
1147754.1840123755
1171328.1520934955
1176225.1962501882
1176950.1287836812
