545439.9687408921
547631.0835956942
547652.9905934427
552476.6624496763
552485.4068007777
552585.6901184708
552585.6901184708
552587.6087102736
554380.6526619885
554472.671276531
554725.0537265918
554725.0537265918
560904.1046155225
561875.5116276835
561990.4472678707
562844.266740117
562844.266740117
574837.6469834641
575389.4819507477
575391.6219185278
579605.7534694087
580801.9262784687
583669.3954757566
583672.7437874124
583674.975995183
583677.2082029536
586707.9744674582
586714.5419547833
586720.2885061926
586734.5303607289
589412.5063334923
589415.9376611398
589428.5191958466
589454.8260411428
589471.9826793795
589479.527910604
589480.8930624637
628550.7829189473
628555.3395744789
628567.870377191
628570.1487049569
628572.4270327227
628574.6961364895
636050.802712112
646170.751852006
646225.7453343539
646226.9951862254
646244.1979444574
646246.1073122612
646247.0619961631
646249.9260478687
646251.8354156725
650341.8580593091
650998.1363678583
657440.1680817605
657467.9646029036
657471.9355344955
657479.8773976793
677261.9332605235
677264.1562442951
681431.8311239507
681434.1371237136
681435.2901235952
681437.5961233581
681438.7491232397
681439.9021231212
681441.0551230026
681449.1261221732
681453.7381216991
709628.9966659087
724068.526113846
748075.9391344173
748088.7558811001
753995.5834980095
790241.2554887598
793307.7186295956
793322.3156080953
793343.207965948
793346.583949601
793348.8346053697
796169.432051475
884756.2116267226
908119.6234814832
1150226.6861822573
1177248.783424986
