1148962.7907721575
1148971.7149912403
1149562.5582505148
1149562.5582505148
1150875.6867555545
1158682.5290411846
1160335.5434632914
1160335.5434632914
1160352.1466615847
1160376.0691031264
1160978.8712771717
1162620.6508684333
1166234.2493490356
1168208.7431981014
1168540.34596402
1171083.347158656
1171093.309077632
1171144.8158883385
1171147.7306720389
1171384.2709037277
1171384.2709037277
1171398.900166224
1171460.5718238857
1171998.8290645648
1172041.462388183
1172044.11889991
1172045.4471557734
1172046.775411637
1175984.0578549718
1175995.1266538342
1176211.4571036
1176268.7611977106
1176670.0051564719
1176670.0051564719
1176727.4522225675
1176868.828456037
1176884.892050386
1176943.1000964036
1177876.3797084831
1178910.5099141975
1178910.5099141975
1180169.31828882
1183086.2696290223
1184594.3104580292
1184613.1965960881
1184619.491975441
1185394.5477197827
1186883.2273747795
1187031.6230715276
1187291.0664928625
1187326.4220812288
1187326.4220812288
1187994.2857325873
1190706.9439417864
1190732.7065711385
1190886.1662433662
1190894.6892184902
1190994.898744191
1193427.009022224
1196214.547655727
1196309.7669979406
1196599.4559121672
1196642.1445797796
1196651.608402807
1197115.7415871045
1197124.006290255
1197135.8130090416
1197141.7163684347
1197158.245774736
1197165.3113580097
1197166.8794378485
1197168.4475176875
1197170.0155975262
1197173.151757204
1197174.7198370427
1199924.5415384222
1200400.8596254673
1200403.2394172228
1203600.189860647
1203612.8866953421
1204079.2013554154
1204097.8615054975
1204104.5258448126
1204565.6197214224
1206877.5182318105
1206908.815260594
1206913.0490761588
1206993.1318359282
1206993.1318359282
1207240.4641465077
1207296.8043327173
1207354.1038148282
1208549.9445599222
