38545.380083894284
38579.85100741907
45814.25591576953
74385.37030386845
74391.26215817663
81574.6318355122
81578.94482690119
81850.9438488986
81850.9438488986
81857.97446496383
81861.18170218295
101723.8273519816
149163.75094552984
157907.3507590981
157917.20902513008
157921.16993558937
158284.3524171181
158284.99606506774
160180.53927673656
160861.6233314741
160863.41674370982
161298.19268179007
197025.04389550653
197362.2439046753
197362.2439046753
200113.39878819368
201935.30757417154
208299.94605704505
218953.0347878575
227110.77743564665
228721.10208666022
228998.65188456513
235980.52674607842
235992.76155838597
235994.29090992443
235997.3496130013
236000.4083160782
236003.36799639362
262491.62661695154
306178.224466874
521818.1777061255
795386.0558225536
795389.9012064579
795392.4647957273
795393.746590362
795395.0283849968
795396.3101796316
929591.7529932228
929639.2839187342
929888.9753130755
1068708.071424751
1068710.7780468983
1069058.4029523453
1069059.6352355992
1069367.4199833432
1069549.5118391798
1072265.6621765143
1078427.298497085
1081236.4862200965
1081249.0401057466
1083794.9923211515
1083796.3896423413
1085572.9350010315
1085574.508362686
1085853.8075627107
1085858.2305793902
1086292.802970683
1086407.9939486089
1151134.1889837177
1151144.289305389
1152717.942527067
1152722.7286272054
1153011.0664048472
1167955.1854766617
1168199.903727871
1194009.7464069866
