20164.698079905866
20168.37842587428
20169.60520786375
20170.831989853225
20172.058771842694
20173.285553832164
20174.512335821637
20175.739117811107
20175.739117811107
24971.295929828313
37503.820169775136
37607.60702633731
81098.47538566157
92807.52083985972
92807.7628954989
92808.48906241644
92808.73111805561
92808.97317369479
92809.21522933398
92809.45728497315
92809.94139625151
92810.18345189068
106032.28569900442
192169.42977865052
192206.0847041924
192214.82621352546
192426.36633837363
192426.36633837363
192436.72521947755
194442.66230640514
194446.8707737681
198444.3646421504
200321.0165114342
200326.43525699308
203482.543723592
203722.2228164946
205860.55333552364
208050.4307031686
210545.84830263068
226941.15694649259
227953.71419402654
229465.819268179
240803.81543257512
241187.1820536526
241187.1820536526
241265.57507315915
245030.50298367196
245031.63074289993
245033.88626135592
245035.0140205839
245036.1417798119
245037.2695390399
245038.39729826787
245039.52505749586
245039.52505749586
245042.90833517985
245044.0360944078
246918.09686809953
246923.8401882655
273465.6811253142
273469.60902818636
273482.98260225094
273502.0609876298
273502.0609876298
273505.24071852624
273506.8305839745
273508.42044942273
273510.010314871
273513.19004576746
273522.7292384569
279522.99146539933
299735.9026276179
343142.4861131274
399129.0642501853
399391.0124618923
399391.0124618923
400287.4490177951
400309.8226606255
419236.1310829086
440119.30531254056
440124.6745467187
440158.2652679192
440158.47431597125
440159.3105081793
441254.30970591155
441256.31766746385
743487.8139350087
754375.9386914632
833632.9097869024
872769.9618731806
882992.0540346428
899221.1199657698
899222.7483400698
978702.1245577977
1020635.997524431
1021347.8611541959
1021348.9669083658
1029676.3025389863
1049046.5410035225
1089938.1884030288
1101288.0342912155
1101326.334094851
1102003.9798592592
1102003.9798592592
1107634.072998724
1126488.3698683516
1126504.3015304212
1137051.9145164618
1148177.1272702268
1156110.2697911812
1167983.7040319685
1167997.963309622
1168008.0141199122
1185304.7324628092
1199003.904369685
1203987.824479099
1203993.639315704
