10374.74675081564
18676.440987476984
18682.668418921294
19389.850472573904
37492.460058527344
92800.74328196273
92801.46944888026
92802.43767143699
92803.16383835452
92803.4058939937
92803.89000527206
92804.3741165504
92804.61617218958
92804.85822782876
92805.10028346794
92805.34233910711
92805.5843947463
106103.45005692281
106130.38424804591
106172.66146593419
167387.92197373146
191954.2808242728
191974.76753337053
194437.05101658782
205823.89290871721
205829.28414795344
227067.85106854423
227156.92204249726
227239.94162547088
227659.48456207642
227694.29106273732
227804.2393355695
227860.39624385885
228041.4703657577
228616.58356191596
228665.73736046272
245048.5471313198
245049.67489054776
245051.93040900375
245053.05816823174
245054.18592745974
245055.3136866877
245057.5692051437
245057.5692051437
245058.6969643717
245059.82472359968
245063.20800128364
245063.20800128364
245082.37990815946
245082.37990815946
245084.63542661542
246910.76918374986
246914.84011949968
280190.0968069744
298055.54137791396
298070.7908831822
311043.42178653565
405045.08011216467
419191.07572643436
432819.4958702313
440109.90915272885
440113.93607836246
440298.60252599727
441263.2162531804
514241.786688468
514257.87788720883
780959.9083122578
858469.5787712315
858503.1254823158
858510.4421641363
