625988.7144614491
628058.3341865387
628923.4575447551
628924.4092635182
629342.7914333086
629342.7914333086
629350.8012744596
629367.9652197831
630361.1855225055
630364.2662306405
630378.129417248
631410.4912170784
633019.2865165535
633039.5311700121
633043.3270425355
641689.7415169737
646440.0669320518
646484.2805950535
646535.530375385
646552.1111866686
646811.5123128997
646811.5123128997
660014.7232176285
660088.5336837843
660357.8425874282
660362.0345509975
660789.3177667923
663317.5008977759
663318.7551860879
663366.2696078056
664906.1560678184
674725.5831722431
674770.7155464208
674846.9410677038
677980.6813927368
683644.876871003
683651.7754567196
683652.9252210056
683660.9735710083
685424.5524492088
685458.5502639844
685478.8939402044
685481.4685320029
685493.0541950963
688449.4942656958
688575.0716310486
688615.1758494488
688842.66414016
699379.2800984115
699388.7862835138
699535.9451096051
701743.0359339543
701760.7775120531
709756.9755270134
713833.632591936
713838.3196693128
713839.8820284385
713841.4443875641
713843.0067466897
714285.0883640616
716378.1049671834
717431.7566607324
720769.5718946507
723251.4068719962
738890.9297901115
738997.4727802015
739052.4744229403
739593.7988523751
739593.7988523751
739615.3087966748
750169.2097280695
750179.4420800892
756245.2463726037
757275.446175475
757311.6885061775
757323.7692830783
757327.7962087119
757399.3071462954
759486.827986155
759489.0614995529
759494.6452830477
759509.1631201338
759511.3966335317
759512.5133902306
773120.2102705552
773205.2378150811
773222.5502945469
780658.4280136614
780936.8360088327
780966.3447917541
780967.6320876534
781056.2244515927
781056.2244515927
781057.0826488589
781057.6547803697
781445.9780407858
781610.0917641486
792854.7864821706
792874.1509333048
792893.9829919239
793269.4277920828
793269.4277920828
796398.5140473262
798860.3134192651
802682.9936047801
802687.4826366339
802695.3384423781
802799.8734709158
803931.6926321259
803965.3493685008
804046.8010910841
804051.2241077636
804052.6984466568
804074.8135300545
804077.7622078408
804104.300307918
804107.2489857044
804108.7233245976
811623.8907693366
818839.8994491094
820029.6579283155
820795.1918948035
830065.917374063
830083.5159192842
830117.0681316331
831306.1884641539
836701.8287120165
836909.0448429465
836974.1358048273
837009.4594243538
837062.1780423139
848452.7112829407
855241.7668227905
857997.7243102407
858023.2226713224
858110.4067115427
860873.4883365552
863187.9308368798
863195.5060781331
863270.1197289099
863691.2470296992
863691.2470296992
863720.7558126207
863759.2261554565
863779.6468493799
872464.1575806661
872465.5218942688
872472.0023838814
872971.3576662414
872974.361356673
878009.2506819277
878047.8970652282
878139.9882334064
878185.1591164358
878300.4711221815
878343.397489284
878451.766899197
882681.1115610602
885613.786168904
885690.3582698522
885710.3278600845
885742.0976627267
898388.459569526
899958.8230350171
905700.8614063371
909315.6102965334
909694.1082985047
917786.1273389925
918147.0157932136
936554.8575401707
936563.0764293737
936571.2953185767
936576.0264060698
936578.9310737399
936593.4544120906
936617.6874823311
936624.6575844865
936641.5849754354
940354.9495335387
961667.6074847761
961702.9751144187
961703.9763445625
963573.5260813424
972123.9434897882
975057.294753169
975062.0918558362
978548.936345785
992457.7174336601
995882.133573759
997922.3105311012
997926.6675326064
997936.4707859932
998739.4793664378
1000426.0515437924
1002125.7112294562
1024135.2913760039
1024154.6283208154
1024155.6460547529
1027905.3354625264
1046004.594778383
1071360.5281213946
1085590.2419792328
1100307.2908564399
1105736.8078912583
1122258.1450041642
1145199.1112401532
1172695.6801320303
1201979.785909122
