2522.522329785527
2633.015227805836
3077.4513863950674
3077.4513863950674
3096.771827413107
4168.115587680223
4168.363144583928
4170.838713620978
4171.333827428388
4171.581384332093
4171.828941235798
4172.076498139502
4172.5716119469125
4172.819168850618
4173.12173839959
4173.424307948563
4174.029447046509
4174.332016595481
4177.962851183153
4183.10653351569
9361.309300957373
10460.104371213107
10461.017581124552
20152.430260011155
20154.883823990098
20156.110605979567
20158.56416995851
31305.451905958937
79000.711191253
144708.10076482856
191888.19963477718
202567.5734074985
217507.0604145814
227026.51456689002
227029.6942977865
227061.49160675128
227074.21053033718
227077.39026123364
227082.15985757837
227361.78363220993
254270.3663689362
296362.2961666883
296364.9587787193
451152.81748790864
550320.2512244134
561869.6169744573
561871.7899739454
561978.2669488612
561978.2669488612
571143.7037263426
580861.5939913967
586712.5133902306
587012.6623828117
587012.6623828117
608336.3723744833
620009.4560624699
620103.6102048458
620104.572926138
620331.1260018796
620384.9393714805
620386.0341231213
696457.668533531
696459.098862308
696459.098862308
696459.8140266965
696460.1716088906
696460.5291910849
696460.8867732792
696461.2443554734
696461.9595198618
696462.3171020561
696462.6746842504
696463.0322664446
696463.3898486388
696464.1050130273
696464.1050130273
696464.4625952216
696464.8201774159
696465.17775961
696465.5353418043
696465.8929239985
696466.2505061928
696466.6080883871
699546.5185400256
740889.3906585472
741025.4369302944
741416.4888179158
741416.4888179158
750428.407307513
750437.8419761765
757269.4057870246
757433.8990976398
757433.8990976398
799154.4825373054
803995.4632905202
804002.5489192308
804121.0681621956
804121.0681621956
804122.0968986622
810485.9542019729
811529.5440827024
817463.3290291033
817606.3839118575
817673.8514200139
817673.8514200139
817677.6472925374
828237.7756553763
848385.7608936499
848405.3233903071
848412.695084773
848419.3296097923
848425.9641348115
854091.0123090794
1096567.6522589566
1096572.3393363336
