575.6523200819078
10346.096165160185
10354.62862644122
10355.008213693565
10355.387800945913
10355.767388198261
10356.146975450609
10356.906149955304
73540.12851565187
140401.38081739622
202546.69610861942
217483.99361242063
227047.1828177171
227048.77268316536
227190.09466759374
227217.73852184077
296233.85264251713
296238.17663643515
507827.4222755369
550301.3048693832
561760.9945063761
561765.4505306428
561805.554749043
561807.7827611763
571139.2146944888
572639.2334904759
572702.8281084055
586223.395961155
586394.8043612803
586396.3062064961
594954.8599851772
601622.7886826763
601762.5318041855
601762.5318041855
608331.8393325132
608338.072265222
624941.389222106
625013.0596963607
625389.5057266636
625579.5194034185
625587.3752091627
625635.3847446878
625636.2154356315
630436.6628718129
647250.3261791426
660579.51054027
660584.3461517891
660587.5698928018
660595.6292453335
660606.9123388779
660610.1360798907
660611.747950397
660614.9716914097
660616.583561916
683120.9639437954
683123.5880469746
683124.4627480344
683125.3374490942
683126.2121501539
683127.0868512137
683127.9615522735
696442.8591294249
696446.0498628505
696446.6880095355
696447.9643029057
696448.6024495908
696449.8787429611
696450.5168896462
696450.8744718404
696451.2320540347
696451.5896362289
696451.5896362289
696451.9472184231
696452.3048006174
696452.6623828117
696453.0199650059
696453.3775472001
696453.3775472001
696453.7351293943
696454.4502937829
696454.4502937829
696455.1654581713
696455.1654581713
740828.1945919513
750556.2676976443
750580.9628741051
750583.81252913
750586.6621841548
750589.5118391797
750592.3614942046
750595.2111492294
750599.4856317667
757401.4691432544
757412.2791280495
776063.5958404327
832878.5323848745
832921.8713468165
877973.685006762
884886.9535983618
899318.6683883588
903791.7025649645
984615.1147242874
1029653.5273038455
1158759.2496886437
1185111.91864241
1185113.618533149
