198344.74224283497
200483.19929094813
200511.96540315863
207939.46469639897
210386.12458836025
210602.80839554092
227685.13145730025
323311.09864836984
393864.68417393166
526326.9921072135
537121.5733616546
600397.6460700341
600415.0575722614
600474.9993505452
600476.2481375928
600477.4969246404
600478.745711688
600481.2432857831
600481.2432857831
600483.7408598782
600483.7408598782
600484.9896469258
600486.2384339734
770191.8816616875
779096.4319715156
783056.0441323665
831423.6899731812
858942.6765180052
889876.2099343668
889890.8653030661
889895.7504259659
889899.0071745658
889899.0071745658
889902.2639231656
889910.4057946652
889912.0341689652
889915.290917565
889961.6225674096
889962.8658531926
889965.3524247587
890253.4756530841
890253.4756530841
890255.0270096806
900854.5224214733
939079.9984718709
939130.4835764333
939353.2077720643
980928.4533041969
980995.8272908564
982026.3351645413
996590.3113562908
996640.3728634847
1018086.6125199612
1018263.9127743947
1018265.0515361517
1023068.4696551778
1031943.4726732326
1053122.394883824
1072848.279097487
1082552.3666898434
1085468.9721040044
1088916.0644564827
1089930.9267338533
1096542.654512947
1096553.5910268263
1096555.1533859519
1096556.7157450775
1155538.7214144361
1167949.8382475418
1172899.4414688377
1199027.422275537
