89266.7309499614
89282.56909053402
92506.4696398964
105889.88546672881
167144.54603106686
198379.6697713155
227864.62121501542
257868.77650348796
334153.56290925207
351549.1774845468
520905.12733135186
565004.2209980211
650747.2709907624
694518.2692410547
756221.6789553709
883012.1556552235
889821.5493700288
889824.9381489774
889828.3269279258
889830.0213174
889831.7157068743
889831.7157068743
889835.1044858227
889835.1044858227
889836.7988752971
889838.4932647713
889840.1876542455
889841.8820437198
889843.576433194
889845.2708226682
964900.5576142849
964945.8605276629
964983.5441896714
978691.8261906035
1071268.4699608034
1072050.4307031685
1072050.4307031685
1082510.6891097883
1085383.3394203805
1085399.4966342957
1085402.4343095531
1085403.9031471817
1085406.840822439
1085408.3096600675
1085411.247335325
1085415.6538482108
1085415.6538482108
1085424.4668739827
1085427.4045492401
1085427.4045492401
1085431.811062126
1158771.1104149634
1158799.4749348634
1203973.7027330587
1203982.8403334378
