879491.7149428098
879495.2137470488
879556.475828819
879556.475828819
883231.5405832868
883259.8610930707
887628.184200674
887630.4507216589
887679.2469380115
888961.9657851908
888972.462197908
888973.6284659876
890192.5656522437
890220.8971645565
890222.4485211531
892884.4884206022
892888.757401875
892888.757401875
893475.7753344693
924547.8250903506
924659.6492943864
928846.0125765019
967105.8000137531
977894.791983435
978724.0085880852
988642.5904843406
988661.4598216674
988664.1554412855
990661.3125100284
995747.4021042336
1005527.6877115504
1005811.8610319456
1023079.2741387082
1023219.4023487343
1023282.424835153
1023282.424835153
1023283.1620045997
1024069.6337838767
1024679.250911147
1046637.6803001246
1046639.2866693664
1055920.2004905294
1055923.2481910773
1055926.295891625
1055926.295891625
1055992.32756974
1055992.32756974
1068327.0758486846
1068458.7761214557
1068460.0909236777
1068585.72880294
1068585.72880294
1068863.4381375164
1068863.4381375164
1071084.0730751306
1084817.6773966795
1097153.7129715232
1097178.22110499
1097183.1227316833
1097184.7566072477
1097192.0842915976
1101794.744764248
1125606.1320761926
1125606.803230465
1125607.4743847372
1125611.5013103709
1125620.5123816654
1125639.7558049802
1125640.6305060398
