86584.38588314397
103325.66355183032
103327.00586037486
103328.34816891939
103329.69047746393
106958.78666554605
106961.66932815808
106963.11065946409
106964.55199077011
172543.63007052316
172545.70954851428
172546.74928750983
172546.74928750983
172584.73551906724
172584.73551906724
172588.80645481707
172590.84192269197
173014.15322549836
173016.447252806
183194.53479931844
183218.30576333863
183218.30576333863
188900.11078935507
188901.87119400364
188902.75139632792
188903.6315986522
355066.8510609036
355067.7587695505
355067.7587695505
420357.761902215
420366.87199627137
420366.87199627137
420432.65061621804
445459.2122494824
445533.52333071
445538.4249574034
450189.0509554627
496106.0814951214
496128.70819612005
496130.38608180074
514005.2378150811
514057.5163318791
605694.5551234346
1038224.5084390925
1125400.5608233558
1125401.523544648
1125556.6537030388
1143196.832494136
1143201.6516018612
1143203.257971103
1143204.864340345
1143206.4707095867
1143228.9598789723
1143230.566248214
