10534.519976466814
15863.149321128676
24710.062882509796
27194.191887162953
57338.8934817656
65130.74702587887
70369.546222083
73538.46163250026
75150.3101337877
82530.05845093561
83816.66119087095
93919.88752970302
101839.03483370136
101869.5338442378
107671.3599584349
110686.48751900611
110725.05138333881
113960.03147945812
134724.24636496304
134774.8194897577
179515.4486204815
195973.96679375606
196030.35475515554
198697.3788002659
209135.21955393913
223763.6320570909
223778.07287647369
230027.39935360142
237154.67813782193
247723.85608080745
256801.86676242945
280245.22497879725
280886.1498024893
280887.5526249436
283654.7932059383
287025.06590056466
287036.1564498506
301808.305992558
330392.2823371205
330432.2380213785
339022.0389825717
339074.86212455784
343003.2931180709
345021.0194148794
345052.7672124634
364727.819741899
407445.62290359795
407666.83975274867
408275.026551242
408288.38912277756
420264.43294951826
420270.45683417504
690311.9913813522
709223.2538451547
716629.9528572193
811634.6182351639
850027.5912866083
877184.8916938546
877200.8673660404
920540.2253990327
978153.5879705683
1042794.2713498728
1081722.5999587404
1083445.7720489919
