720.1155265550624
852.9930699348254
853.5597001810834
862.0591538749533
58112.607828605054
58115.95259743733
58125.98690393417
58268.156083099646
58518.75518608791
58520.009474400016
58757.71911460203
74104.25568655017
87147.02771262005
87291.17184575066
87291.84850128746
87293.87846789784
87297.93840111859
87903.25353952887
87904.61785313151
87917.5788323566
87927.8111843764
87931.84361127453
103351.01337876971
104382.54998892106
104385.9662741922
104385.9662741922
104387.10503594924
104388.24379770628
132602.17208261066
132607.2552510334
132619.11597735313
147508.23890769333
200208.80171761705
200219.17160125
276074.9088853063
279305.9720810825
296116.95627258765
296821.27766868635
362689.41969299887
362691.4606621383
362693.7051780652
362695.94969399215
392397.29337785277
401164.1305327822
416869.09099244344
802092.6529084117
808505.6420052109
808541.818320739
896844.3976497375
960979.5918367347
1069314.8113906737
1069367.4199833432
1069713.9171295625
1069713.9171295625
1069723.9569373238
1069723.9569373238
1069730.0743434776
1069733.1330465544
1111770.198733181
