116339.66396442516
116371.85736443585
132580.14501944545
132987.78321961508
133020.6587764271
133603.82032258803
133603.82032258803
146455.65445946256
146475.29397382317
146856.61412449667
146856.61412449667
162365.17944055193
165561.4361356673
189142.52401072744
198019.8870712643
198022.24161248177
198023.4188830905
198025.77342430796
198543.60745421343
198543.60745421343
198563.9401279044
199115.74996752726
199119.2927818825
200067.96384446704
200072.32084597225
200111.3248114671
200132.06457873303
201901.1117138731
209014.60432918955
209161.30104906057
209890.40564185238
209890.40564185238
226581.2422160927
226624.6912033252
276091.35766624135
288040.0106969032
296585.6750127981
296774.40689491824
347253.83415215585
362671.04546947946
362673.80160300736
379457.1364390009
379464.66216887353
379468.42503380985
395875.79244951444
401657.69298359554
406182.8681453862
406187.8742961056
406190.37737146526
406195.3835221846
406197.8865975443
406200.389672904
406862.147785359
406862.147785359
406870.92780354375
416996.0051650762
419690.4145050008
419697.7421893505
420573.76355259435
420573.76355259435
429655.82316490804
429658.8598629268
429659.87209559977
429662.90879361855
429664.9332589644
429665.94549163734
429667.9699569832
429668.9821896561
499381.3913614866
499383.99896087224
499554.05404992396
499554.91224719014
499556.6286417225
506306.65821101936
506323.3985589744
506628.7847553847
506629.7034665607
507054.62113860896
507315.02899624844
507316.28328456054
508020.32411616837
508210.189258781
511432.5769603985
558428.3009497322
563551.8376515714
563606.6082412
563621.02155426
563651.1354762797
563688.2084979255
563717.2221670398
563733.9845200529
606983.8479817236
607008.2625936934
607052.547773134
615574.1055478725
801989.6582339413
802032.4030593144
808766.5559791869
808776.4912629223
834010.3515460845
834176.0331298375
834188.4879927261
834191.6017084483
834194.5558874991
834198.7478510686
834201.5424934481
834205.7344570176
834208.5290993971
834211.3237417768
834214.1183841564
834216.913026536
834219.7076689156
834306.3690890059
834306.3690890059
835241.7821040809
835244.4777236991
835244.4777236991
835245.8255335081
835248.5211531263
835251.2167727443
835256.6080119805
835256.6080119805
835259.3036315987
835260.6514414077
835263.3470610259
835266.042680644
835266.042680644
839680.3728634845
839883.0064410638
840431.7685801389
849692.465254166
868500.6120156787
868502.014838133
906852.0340161524
906908.0588940929
907123.2023472062
907389.9586641096
907403.3267369096
922873.4877253035
