302588.15113266226
306580.03042638575
307357.66889046185
307502.8454115409
307513.3884424573
307540.33174368815
307628.8452385909
307719.72930125
310268.2556713182
365425.5470183743
365434.6234334415
365452.77626357577
885588.3085812016
885832.8829160648
885940.5177610023
886070.0964996845
886122.5257102959
886219.8757962905
886225.6638556956
886231.4519151008
886236.0823626248
886308.0941232237
886369.8580208757
886380.4194997902
886451.4442924904
886589.0663583459
886599.2358173007
886609.4052762556
886622.4802949118
886639.9136531199
886642.8192128213
886825.449782051
887060.1267659314
887074.9312844098
887137.9819299296
887137.9819299296
887141.8421735328
887175.6158460617
887181.8189854241
887186.7814969141
887192.9846362766
887233.1044201531
887233.1044201531
887292.9312780042
887292.9312780042
887332.5852499288
887340.2227211437
887345.3143686205
887354.2247517047
887355.4976635738
887356.770575443
887358.0434873122
887493.4287333976
887493.4287333976
887857.1356280167
887860.4562676754
887864.6070672488
887889.5118646891
887889.5118646891
887934.4327400723
887954.2089940397
888047.1038884921
888050.9041761014
888060.4048951251
888086.0568364885
888088.9070521956
888093.1915997553
888114.3099455847
888116.5329293563
888116.5329293563
888118.7559131278
888119.8674050136
888120.9788968994
888130.9823238712
888132.093815757
888134.3167995285
888137.6512751859
888137.6512751859
888138.7627670716
888150.989177815
888152.1006697008
888153.2121615865
888158.6866050239
888158.6866050239
888160.8265728039
888211.1158156353
888258.7116507435
888262.3274583719
888330.3498393807
888331.4797792647
888524.2382994533
888530.575186802
888532.6874825848
888535.8559262593
888540.0805178251
888542.6447895615
888545.2090612979
888743.7371928938
888743.7371928938
888780.0613011604
890300.7113368714
890316.2906712702
891120.16218865
891147.589749831
895479.6639645902
899819.145050588
899894.8833068036
899919.0086763242
899922.015700015
899925.022723706
899929.5332592424
899934.0437947789
899937.0508184697
904158.8198405657
904334.0619865548
904364.3858834382
904382.5802215681
905114.499934343
905176.4160279795
905177.6751038501
907572.9954616643
909576.5956397387
909673.6459457641
909682.2012048849
909694.303091641
909783.63291046
911870.0646000211
911881.6868388266
912856.0732026814
912981.4319617973
912988.645129056
912988.645129056
912990.4484208706
912995.8582963146
913004.8747553879
913010.2846308319
913038.0995999732
913053.7066063691
913064.1112772997
913076.2500600521
913076.2500600521
913079.7182836956
913081.4523955174
913083.1865073392
913084.920619161
913086.6547309827
913088.3888428045
913090.1229546263
913091.8570664481
913093.5911782698
913095.3252900916
913102.2617373787
913140.7350374245
913160.0639274379
913489.5682335722
913489.5682335722
916219.4937689964
916225.2633804034
918506.5474379382
918513.8343971892
918600.586108273
918698.9047141682
918741.9069977484
918756.2410922752
918758.2888200647
918770.1693308437
918772.0141306542
918777.5485300854
925386.7560028057
925396.8286097704
925404.3830649939
925639.5950408194
925639.5950408194
929020.5181453357
929034.4925038994
929070.7013121779
929393.5781749933
929393.5781749933
929420.4753562289
929424.4601238193
929429.0951833429
929430.3081392183
929435.1599627197
929436.372918595
929437.5858744703
929438.7988303456
929440.011786221
929442.4376979717
929442.4376979717
929444.8636097223
929446.0765655977
931481.1813124341
931520.5032203927
932012.4744338291
935034.2380752588
935923.4408078686
935936.6126785149
936142.8889693142
936148.1189767766
936152.6018403159
936154.0961281623
936154.8432720855
936155.5904160087
936156.3375599319
936157.0847038552
936157.8318477784
936158.5789917016
936158.5789917016
936160.073279548
936160.073279548
936161.5675673945
936161.5675673945
940701.9611887429
944744.4110572689
944775.223826102
944786.0989209842
946427.8139442524
946433.4959276685
946695.9048646986
946707.2319355345
946728.4701933517
946875.6344862265
946875.6344862265
946887.8470609713
951605.2815081239
951777.5489144186
951777.5489144186
952422.5462721272
952484.5592177536
952484.5592177536
952496.2644725506
952958.091657085
953010.0227717477
953010.0227717477
953472.366500229
965076.9782435328
965852.7811317976
965931.7385636824
974477.5061893674
974478.4562612697
976518.9063155568
976541.2791252574
978937.7617069524
986750.6779959581
990475.3288131468
990564.6125119703
990792.2838685708
990792.2838685708
990803.9199433749
990805.3127672318
990809.4912388023
990810.8840626592
990816.4553580866
990816.4553580866
990819.2410058003
990824.8123012277
990826.2051250845
990827.5979489414
990831.7764205119
990833.1692443688
990834.5620682256
990840.133363653
990842.9190113667
990845.7046590804
995309.4560723058
995322.5541509597
995325.1737666904
995327.7933824211
995330.412998152
995333.0326138827
995336.9620374788
995344.8208846712
995411.8424617829
995412.8755496767
995430.502611865
995436.3137312678
995439.2192909692
995442.1248506706
995446.4831902225
995447.9359700732
995453.747089476
995458.105429028
995461.0109887294
995463.9165484308
995468.2748879829
995469.7276678336
995474.0860073856
995475.5387872363
995478.4443469377
995481.3499066391
995607.0914617156
997507.6918543761
997543.4256267034
997669.5130817445
997672.4186414459
1003629.4663211938
1011547.6422753813
1011778.1038916949
1011793.0513821585
1022255.3215748697
1022263.4571420336
1022269.2682614364
1022280.8905002418
1022290.1882912862
1022291.3505151668
1022293.6749629278
1022294.8371868085
1022298.1947224634
1022299.2923783505
1022301.4876901249
1022302.5853460121
1022304.7806577865
1022306.9759695608
1022309.1712813352
1022310.2689372224
1022311.3665931096
1022312.4642489968
1022314.6595607712
1022315.7572166583
1022317.9525284327
1022320.1478402071
1022321.2454960942
1022323.4408078686
1027381.3653440262
1034083.4677111992
1034115.8716198688
1034149.7421443877
1034283.6192666279
1034283.6192666279
1035236.3107847126
1048202.1910841082
1048205.7192637456
1050828.1483142183
1050835.8641894253
1050842.4777967455
1050843.5800646322
1050844.682332519
1050846.8868682922
1050849.0914040657
1050851.2959398392
1050852.398207726
1050853.5004756125
1050855.871043369
1050857.056327247
1050859.4268950033
1050861.7974627598
1050864.168030516
1050865.3533143944
1050867.7238821506
1050868.9091660287
1050870.094449907
1050872.4650176633
1050873.6503015414
1050874.8355854198
1050877.206153176
1050878.3914370541
1050879.5767209325
1050911.5793856434
1051017.6507627415
1051017.6507627415
1051218.641702084
1051219.614833984
1051220.587965884
1052417.8538188317
1052625.3569015048
1052625.3569015048
1052648.988787076
1070092.3919302819
1070102.62595723
1070251.0170419787
1070255.9980014667
1074080.7753283647
1074095.875014813
1074120.6691242647
1074134.6158108313
1074148.562497398
1074150.1121292387
1074153.21139292
1074154.7610247608
1074156.3106566016
1074159.409920283
1074160.9595521237
1074162.5091839645
1074165.6084476458
1074170.2573431681
1074171.806975009
1074173.3566068495
1074178.0055023718
1074181.1047660531
1074182.654397894
1074186.7037334777
1074188.7284012698
1074190.7530690616
1074192.7777368536
1074196.8270724374
1074198.8517402292
1074202.901075813
1074208.9750791888
1074210.9997469806
1074221.1230859403
1074373.6834182604
1074373.6834182604
1074389.331932652
1077875.5377623476
1077881.625601722
1077898.6715519698
1077898.6715519698
1125798.0500209783
1125801.3153166426
1125802.9479644748
1125806.2132601393
1125807.3016920274
1125807.8459079715
1125808.3901239156
1125809.4785558037
1125810.9543956518
1125811.886019556
1125812.8176434604
1171861.2946267005
1171884.834272281
1171965.853267954
1175568.1477377182
1175570.084777519
1175956.1783178372
1175957.667993684
1176118.6544491383
1176119.9827050017
1179468.6356488348
