10822.222919715978
15794.973048627768
59795.75452632523
59799.18585397257
59799.18585397257
59800.32962985501
59801.47340573746
59801.47340573746
59802.617181619906
59811.767388679466
59812.91116456191
59812.91116456191
84806.21748780544
151864.27090372774
153536.5680958527
153538.80952762236
154289.23258249552
154298.96390149536
234624.91901777222
234679.8756041239
512130.03737641283
535879.8471634601
605667.8030548092
605674.0569261664
605675.0992380593
605678.2261737379
605679.2684856307
605680.3107975237
605681.3531094164
605682.3769733112
605684.4247011008
605685.4485649955
605687.496292785
605689.5440205745
605690.5678844694
605691.5917483642
605694.6633400484
605696.711067838
605697.7349317328
605698.7587956275
605699.7826595223
605700.806523417
605702.8542512066
605703.8781151014
605705.9258428909
605706.9497067857
605708.9974345752
605710.02129847
653128.6172648921
886628.2914143145
919447.4875812305
981425.3174432868
981433.2270224739
981436.3908541487
981437.9727699861
981439.5546858235
981442.7185174983
981444.3004333358
995661.5914601142
995678.9141303338
