11195.259889376068
11450.188163175106
12404.70603307188
59866.2904470757
59871.28524256234
59872.950174391226
59874.61510622011
59874.61510622011
59876.28003804899
59879.60990170675
59889.59949268005
59891.264424508925
59892.92935633781
74721.86376025289
84812.7757511314
150730.89046821403
150759.62322526093
151692.83365734766
152017.75824795262
152043.4286373143
152293.38056362479
191011.4209762706
246242.1445797796
279527.9275147408
279531.81543034123
279540.8872334088
279540.8872334088
279542.1832052756
279542.1832052756
279543.47917714244
279544.77514900925
279546.07112087606
279555.14292394364
329681.49915606814
329688.43560335523
329690.16971517703
362037.58139058197
362040.4869502833
362041.45547018375
362042.4239900842
362043.39250998467
362044.3610298851
453174.62605971895
530125.6905668596
587410.4742352568
587416.5759106297
587417.4475785401
587418.3192464506
841972.3523439526
981360.4588939528
981374.6961364895
981404.7525374005
981411.08020075
981414.2440324249
981418.9897799372
981420.5716957746
981627.1154825464
981635.9981936335
981637.4786454813
981640.4395491771
981641.9200010248
981643.4004528727
981644.8809047205
981649.3222602641
981655.2440676554
981658.7768592923
1021609.5263412431
1035279.0732443176
1035285.6038356462
1035286.6184755419
1035287.6331154377
1035289.6623952291
1035290.6770351249
1035292.7063149163
1035294.7355947077
1035296.7648744991
1035298.7941542906
1035300.823434082
1035302.8527138734
1035303.8673537691
1035304.8819936649
1035307.925913352
1035311.9844729349
1035335.3211905364
1035336.3358304321
1035343.4383097021
1206986.7857245805
