771536.3742082381
771593.2352783869
771594.7316223382
772349.3290749472
772480.391201033
772484.8472252997
772494.6504786864
772499.1065029531
772502.6713223665
772505.3449369265
772508.0185514865
774930.18131251
774938.9228218431
775212.2971599721
775213.309392645
775218.3705560097
775225.4561847202
775225.4561847202
775225.4561847202
775225.4561847202
775225.4561847202
775225.4561847202
775225.4561847202
775225.4561847202
775226.4684173932
775226.4684173932
775227.480650066
775228.4928827389
775229.505115412
775230.5173480848
775233.5540461036
775240.6396748141
775242.66414016
775244.6886055057
775245.7008381787
775249.7497688704
775251.7742342163
775252.7864668892
775252.7864668892
775254.8109322351
775620.9971041954
797567.9178477831
797572.7369555085
797572.7369555085
797574.3433247503
797575.9496939922
797575.9496939922
797579.1624324757
809494.5383140153
809498.598247236
809498.598247236
855360.3960910459
1011591.9076398811
1011813.5865952522
1018815.8656468953
1018815.8656468953
1018832.154891159
1018842.0571673072
1018845.7705208628
1018845.7705208628
1018847.0083053814
1018849.4838744184
1018856.9105815296
1018858.1483660481
1018859.3861505666
1018863.0995041222
1018866.8128576777
1018869.2884267148
1018874.2395647889
1018874.2395647889
1018877.9529183445
1018881.6662719001
1018886.6174099741
1018889.0929790112
1022387.2370662979
1022393.1784319868
1022395.1588872165
1022402.0904805202
1022409.022073824
1022411.0025290536
1022412.9829842832
1022413.973211898
1022415.9536671276
1022424.8657156611
1022425.8559432758
1022429.8168537351
1022431.7202912613
1022449.0712795788
1032215.7907685725
1032399.1644190436
1047342.3262708304
1047345.8745864502
1056817.7152942796
1056822.534402005
1156013.8986392012
