5010.590239839853
5030.257260523079
5030.257260523079
6011.3417736993715
6017.448177324092
6017.596711466315
6018.33938217743
10604.127476524118
10941.239465460465
10942.675295501953
10982.878536663637
11273.191268270693
11273.988951627076
11277.977368408989
11304.977574706409
11455.959779643792
11455.959779643792
11509.415567050482
11787.339450943236
11788.92381512695
11829.462633424764
12183.458003193788
12184.47573713124
12313.370364993618
12317.77137661504
12318.651578939323
12319.531781263608
12320.411983587892
12321.292185912176
12322.17238823646
12324.812995209313
12325.693197533597
12326.573399857882
12327.453602182166
12329.214006830734
12330.094209155019
12331.854613803587
12331.854613803587
12332.734816127871
12411.369891273618
12517.071187891104
12518.209949648148
12547.262127614056
12666.89262601334
12668.113906738285
12696.203363412005
12988.749608416934
12988.749608416934
13032.231603236576
13331.929492126315
13333.062752618831
13380.659693304502
13612.912079095959
13655.073770429175
13656.295051154118
13658.737612604007
13688.048350002673
13690.490911452562
13691.712192177507
13719.80164885123
13719.80164885123
13752.990777741272
13948.49471649386
13949.820521244812
13951.146325995765
13952.472130746719
14112.4929133016
14114.456864737658
14165.5196020752
14499.308827237372
14500.55761428495
14548.875220623631
14990.68177476906
14990.68177476906
15024.52555413779
15396.691600638758
15396.691600638758
15451.511701648084
15737.687482331005
15738.578687184343
17155.42936605567
17702.717166237515
17702.717166237515
17755.29275131992
17938.138280396393
17938.138280396393
18024.337594266457
18339.593059237926
18886.446259522152
18887.931600944383
19620.446977742802
19985.587909443075
19987.194278684892
23143.753848975008
26581.49405175773
26582.87486915395
26628.44184322924
26831.295471389603
26831.295471389603
27285.391850487853
27807.04375797492
27808.43007663567
27840.315405832866
28095.744619075635
28101.867526493937
28101.867526493937
29121.059299047214
29268.273137783748
29269.114831256345
29375.77334790149
30134.57376660885
30581.25994238953
30603.110965089887
31257.19481353005
31283.006746689687
31284.12900465315
31286.373520580073
31287.495778543536
31287.495778543536
31288.618036507
31290.862552433926
31291.984810397385
31293.10706836085
31295.351584287775
31298.71835817816
31300.962874105087
31302.085132068547
31365.32766906837
31370.130273000246
31414.530978995866
31417.226598613986
31463.052132122037
31468.443371358277
31476.530230212637
31476.530230212637
31709.948884083766
31719.631109650894
31794.47581353769
32104.87916319654
32106.215970476547
32558.948035972164
32575.891930714635
32601.307772828346
32608.085330725335
32613.168499148076
32616.55727809657
32625.029225467806
32630.112393890548
32631.806783364795
32643.667509684525
32648.750678107266
32650.44506758151
32681.279655254093
32686.14827436029
32691.016893466487
32699.131258643483
32705.622750785078
32708.868496855877
32726.720100245268
32742.94883059926
32744.571703634658
32759.678176025187
32761.372565499434
32805.42669182986
32812.20424972685
32818.98180762384
32824.06497604658
32830.84253394357
32837.62009184056
32841.00887078905
32855.559715462376
32856.77549492279
32857.99127438321
34696.354342560684
35007.516866724225
35007.516866724225
35044.48536434417
35581.485799860944
35583.284713361194
54320.31662833609
56271.07053079562
56278.442225261504
56288.762597513734
56857.14224589124
57788.00571520259
59224.63344004768
59226.52037378036
59717.21666577525
67212.1284545267
73971.96127721024
74709.00969597873
86386.92899548438
86403.30075871607
86615.6825770368
86616.44725280601
95400.55287708493
96957.9388595573
97784.61387999603
98951.00298749226
99279.56051008948
99279.56051008948
100635.56720329465
101141.29845124122
101142.7287800182
102295.13367308734
102478.98593357223
102478.98593357223
102754.23070164045
104551.6643617387
105350.31594067803
105351.80128210026
105990.85017458875
107261.5102499255
107262.52798386295
110435.05772507431
110648.81485952674
110906.08699638597
110906.08699638597
116010.84788239519
116194.05649493042
116572.80755506994
116574.41392431177
117619.07105035949
117875.18242040358
117876.53023021265
118722.67972707616
119055.31368668772
119055.31368668772
119307.83823226033
119342.30915578511
119363.72007732333
119448.69260920392
119448.69260920392
119461.6315833709
120148.89905943658
120714.19249841456
120714.19249841456
128855.09577548727
128866.22483362495
128867.81469907318
128869.40456452142
128870.99442996965
128872.5842954179
128874.17416086614
128875.76402631437
128877.35389176261
128878.94375721084
128880.53362265909
128882.12348810732
128885.3032190038
128886.89308445204
128888.48294990028
128890.07281534851
128891.66268079676
128893.252546245
128894.84241169323
128898.0221425897
128899.61200803795
128901.20187348619
128902.79173893442
128904.38160438267
128905.9714698309
128907.56133527914
128910.52651685908
128913.27714912247
128913.27714912247
128914.65246525416
128916.02778138586
128917.40309751756
128920.15372978094
128921.52904591263
128922.90436204433
128924.27967817603
128925.65499430771
128928.4056265711
128931.1562588345
128931.1562588345
138541.24924548628
138676.6463680193
138915.30222571993
138917.06813163304
142639.84535334163
142812.91513535404
144243.26591737408
144514.28021302118
144808.58686267468
144812.33872508194
145600.1033015228
145820.85804445329
145822.28287196573
147923.9529641883
147972.7271754827
148480.3728634846
148523.6788178394
148542.6251728696
148674.5895063379
148675.99232879223
156945.13558324866
156999.20201101783
157011.2167727443
157594.35081258262
157594.35081258262
160496.9280022005
171705.50141733966
173000.6421198206
173013.38854972913
173014.9179012676
173015.6825770368
173016.447252806
173017.21192857524
173064.79786673185
173066.78932449056
173080.7295288014
173083.71671543946
173084.7124443188
173085.70817319813
173086.70390207748
173087.69963095683
173088.6953598362
173090.68681759486
173092.67827535357
173093.67400423292
173094.66973311227
173095.6654619916
173096.66119087095
173097.6569197503
173098.65264862965
173099.648377509
175550.56624821402
176986.73736810335
177009.29255266316
177009.29255266316
177010.28278027798
177429.5946637734
177493.37632469684
177493.67889424582
183119.52505749586
183265.12702572608
183265.12702572608
184448.1024457705
185620.9720428793
186116.0638452311
186117.1971057236
186117.1971057236
186118.33036621613
186119.46362670866
186122.86340818618
186123.9966686787
186125.12992917123
186125.12992917123
186126.26318966373
186130.7962316338
186130.7962316338
186131.92949212634
186133.06275261883
186134.19601311136
186136.46253409638
186136.46253409638
186137.5957945889
186138.7290550814
186139.86231557393
186215.62022937217
186918.3847676098
187382.03684319102
187382.03684319102
187427.87337922814
187762.73535097303
187762.73535097303
188184.4787933893
188403.5501493746
188403.5501493746
190977.47629489834
191296.984237349
191298.20001680942
191406.3823837285
191425.0646780614
191803.5406749746
191804.9765050161
192645.4376943589
192673.47213838735
192961.01773393745
192962.24451592693
199995.62771720445
200329.68650432842
200329.68650432842
200880.39609104593
202053.12265527702
202053.12265527702
203738.80362777834
203955.2013692036
203983.58789416176
203985.00722040967
204405.24331634562
204736.49095729642
205600.3435234071
205600.3435234071
205731.603695016
206141.95401859735
206142.86172724425
212397.0458209491
212431.50574194483
212526.6116030838
212545.75600363695
212563.9431841625
212585.95924479864
213091.06334858917
213091.06334858917
213184.4693189893
213190.60873020117
217711.78997394542
221057.22445923332
221342.2119667785
221344.17041695002
221350.04576746462
221350.04576746462
221353.9626678077
221355.92111797922
221357.87956815076
221361.79646849382
221363.75491866536
221365.71336883685
221367.18220646548
221370.11988172279
221371.58871935145
221371.58871935145
221374.52639460875
221375.9952322374
221378.9329074947
221381.870582752
221381.870582752
221384.8082580093
221384.8082580093
222359.14271961123
222781.49130112547
223135.0960811131
223136.55941747723
223183.38618112914
223583.37762360653
223584.84646123517
260822.32290894643
260834.40368584724
260834.40368584724
260835.27288564245
260835.70748554007
260836.1420854377
260836.5766853353
260837.01128523293
260837.44588513055
260837.88048502814
260838.31508492577
260838.7496848234
260839.184284721
260839.61888461863
260840.05348451622
260840.48808441384
260840.92268431146
260841.35728420908
260841.7918841067
260842.22648400432
260842.6610839019
260843.09568379953
264968.2408942611
264983.13831859967
264984.3045866793
264984.88772071915
264985.470854759
264986.6371228387
264987.5503327501
264988.5405603649
264989.5307879797
264991.84131908097
264992.8315466958
264993.8217743106
264994.8120019254
273521.1393730086
273522.7292384569
273524.3191039051
284274.0155410723
293974.8133772416
310134.7504183253
324903.25262265146
327158.7600761008
327319.8260989158
327321.0693846989
329351.52010635776
329393.60477998765
329426.2822912767
329426.2822912767
330018.5924403456
331424.864187532
331480.1243897035
331557.4171563047
331573.095760206
331574.66362059617
331576.2314809863
331577.7993413764
331579.3672017665
331582.5029225468
331582.5029225468
331584.07078293693
331585.63864332705
331587.2065037172
331588.77436410735
331591.9100848876
331593.4779452777
331595.0458056679
331596.613666058
331598.1815264481
331599.74938683823
331602.8851076185
331602.8851076185
331604.45296800864
331606.02082839876
331776.02640606975
331776.02640606975
332587.6334629696
332660.1181243745
340985.47329976544
341041.569694145
341071.3590415575
341095.7846560564
341120.2102705552
341161.2056938088
341200.6827680529
341247.5260354984
341256.26754483144
341773.2983901161
341773.2983901161
341794.5552762475
341814.2938133696
341815.812162379
356240.4853337816
356655.8088004951
356657.0465850136
356687.99119797675
356897.9689636993
356917.99356657674
356918.9947967206
356920.9972570084
356929.00709815935
356930.0083283032
356931.0095584471
356932.010788591
356932.010788591
356933.0120187349
356934.0132488787
356936.0157091665
356936.0157091665
356937.01693931036
356938.01816945424
356938.01816945424
356939.0193995981
356940.02062974195
356941.02185988583
356942.0230900297
356943.0243201736
356943.0243201736
357049.91939119337
357050.9261226018
357052.93958541856
357181.0310286601
357368.3270807387
357429.4626334248
357430.9534761115
357748.16739125457
359791.05097074393
360347.01976634905
360818.4781362938
361119.5073311991
361120.5635739882
365759.790951948
366638.194362732
366639.3661320762
370070.66985536256
370262.09185583633
370263.2911315032
372263.3968780324
372508.47271143575
372526.2142895346
372527.39706140786
372797.0635472459
372797.0635472459
372808.55018757784
372809.9860176193
372811.42184766085
372814.2935077438
372820.03682790976
372821.48916174483
372822.9414955799
372824.39382941497
372825.84616325004
372827.2984970851
372830.20316475525
372830.20316475525
373242.29188792704
373448.6333177973
373450.0196364581
373487.05414925236
373826.8782616004
373944.60532247345
373946.16768159904
374416.135208857
374493.02638314775
374494.09362846595
378315.35998899746
379111.6790317775
379116.3881142124
383523.03303050913
383610.5471466011
383612.6816372375
383614.81612787384
383623.3540904194
383625.4885810558
383634.02654360136
383638.2955248741
383642.5645061469
384569.91266742564
384862.4754162241
384864.406360073
384868.2682477708
392069.7975993093
392089.866212303
396789.68451776064
396817.0643113104
396821.56984695786
396838.09014433174
396841.0938347634
396851.6067512741
396854.6104417057
396860.6178225689
396866.62520343217
396869.62889386376
396887.6510364535
396893.65841731674
396904.1713338274
396913.3749493807
396934.5548178088
396942.25658814627
396944.18203073065
396957.66012882127
396967.2873417431
396971.1382269119
396976.914554665
396986.54176758684
396994.2435379243
397003.87075084617
397013.497963768
397026.9265504779
397032.6533668503
397044.10699959507
397049.83381596743
397051.7427547582
397074.65002024773
397078.4678978293
397080.3768366201
397093.7394081556
397099.46622452803
397103.2841021096
397107.1019796912
397110.91985727276
397166.47712772863
397167.87444891845
397170.669091298
397177.6556972471
408391.57634150627
442574.1455848532
443368.0330687123
444777.06094942655
445102.4167360692
445103.594006678
445811.3646956349
446542.84583470225
446544.3531811826
447604.64490101545
447666.47361303185
447796.20993436687
447796.20993436687
449912.579405405
450501.8473551907
451054.67492875096
451056.1987790249
451133.7941151751
452209.9679856967
452651.1804032732
452652.84728642483
456666.88895850367
456890.00924518064
456970.12966174865
457748.6906226362
457750.3850121104
458077.35817052395
460023.606537336
460244.5923333766
460245.85762421775
460713.54762796167
463284.12900465314
463285.2512626166
463724.4722224344
463975.99003659864
463977.6129096341
464608.08533072536
464718.60573506827
464720.22860810364
464764.7613444479
467735.26814844244
468441.8615667907
468444.1170852467
473643.54923249723
481150.8388664339
487061.8045675777
488075.1870047907
488219.77674034797
488245.1265672873
490550.1123938905
490835.58401271404
490837.04184781364
492040.22341246495
492269.0485104562
515678.30988928705
515801.80777664867
515803.2931180709
515807.7491423376
515809.23448375985
515816.661190871
515818.1465322932
515821.11721513764
515822.6025565599
515822.6025565599
515830.029263671
515831.5146050933
515832.9999465155
515837.4559707822
515841.91199504887
515841.91199504887
518651.85339130036
518658.82349345577
518712.93393134116
518714.1001994208
518718.7652717395
518719.9315398192
518721.0978078989
518722.26407597854
518723.43034405826
518724.5966121379
518725.7628802176
518726.92914829723
518728.09541637695
518729.2616844566
518730.42795253627
518731.594220616
518732.76048869564
518733.9267567753
518738.59182909405
518739.7580971737
518740.92436525336
518742.0906333331
518751.42077797046
518752.5870460502
522673.31076796126
522674.15246143384
534932.2681255206
535439.8092894964
535658.9851695078
535660.052414826
536156.5745459546
537754.7248985705
537970.1324123809
538018.9671375852
538281.019873318
538537.7088761375
538542.6160040954
538660.9812116536
538660.9812116536
540696.4875954125
540889.1418791403
540905.0845437389
543601.0507415246
543628.1279655254
543638.723401004
545525.9652045019
545771.4701365383
545878.9978529786
545967.6177232405
545992.0873478557
546010.6816219562
546593.9806997303
546838.3468700097
546838.3468700097
547409.1360722499
547662.3812834756
547662.3812834756
548267.0472726717
548353.2190802192
548361.6910275904
548363.3854170647
548366.7741960131
548368.4685854873
548370.1629749616
548373.5517539101
548375.2461433844
548376.9405328586
548378.6349223328
548380.329311807
548382.0237012813
548385.4124802299
548387.1068697041
548390.4956486525
548415.9114907663
548417.6058802406
548420.994659189
548422.6890486632
548426.0778276117
548426.0778276117
548429.4666065603
548432.8553855087
548432.8553855087
548434.549774983
548438.0650830156
548439.8860015739
548441.7069201323
548445.348757249
548447.1696758074
548448.9905943658
548450.8115129241
548459.9161057159
548463.5579428326
548465.378861391
548469.0206985078
548474.4834541829
548476.3043727411
548478.1252912995
548479.9462098579
548483.5880469746
548485.408965533
548487.2298840914
548489.0508026497
548490.8717212081
548492.6926397665
548496.3344768832
548498.1553954416
548498.1553954416
548501.7972325583
548503.6181511167
548509.0809067917
548510.9018253501
548512.7227439084
548514.5436624668
548516.3645810252
548520.0064181419
548521.8273367003
548521.8273367003
548525.469173817
548527.2900923754
548529.1110109338
548532.7528480504
548534.5737666088
548538.2156037255
548540.0365222839
548541.8574408422
548543.6783594006
548545.499277959
548548.7120164427
548550.3183856844
548551.9247549262
548559.9566011353
548563.169339619
548563.169339619
548564.7757088608
548564.7757088608
548569.5948165862
548571.2011858281
548574.4139243118
548576.0202935536
548577.6266627953
548580.839401279
548582.4457705208
548584.0521397627
548587.2648782462
548588.8712474881
548592.0839859718
548593.6903552136
548595.2967244554
548596.9030936972
548600.1158321808
548600.1158321808
548603.3285706645
548604.9349399062
548606.5413091481
548608.1476783899
548612.9667861154
548614.5731553572
548616.179524599
548617.7858938408
548619.3922630827
548620.9986323245
548624.2113708081
548624.2113708081
548627.4241092918
548629.0304785336
549784.5380847959
549972.433774708
549973.6055440521
550160.7805683112
550193.0179784382
550194.4758135377
551415.2669259392
552550.5023724203
552720.2163830714
552721.4211600027
554055.2412533715
554336.179830225
554338.0667639576
564996.002108818
565012.4398872241
565026.1380358958
566427.4146348918
566512.5632072372
566512.5632072372
567516.8410516584
578500.5447780011
578522.8359018636
578589.687268393
578666.0778276117
580971.9438565393
582936.3684013479
583342.0041412297
583342.0041412297
585329.6495236057
585346.9785068651
585350.4002934009
594071.1918642409
594131.6177538031
594132.6079814179
612802.8215374505
613070.381038975
613175.565216727
613175.565216727
613274.7310110865
613278.3123342935
613278.8239518944
613279.8471870964
613280.3588046974
613281.3820398994
613281.8936575004
613282.4052751014
613282.9168927023
613283.9401279043
613284.4517455053
613284.9633631064
613285.9865983083
613286.4982159093
613287.0098335103
613288.0330687122
613288.5446863133
613288.5446863133
613289.0563039143
613290.5911567173
613291.1027743182
613291.6143919192
613293.1492447222
613293.6608623231
613294.1724799242
613294.6840975252
613295.1957151261
613295.7073327272
613296.2189503281
613297.2421855301
613297.753803131
613298.2654207321
613298.777038333
613299.288655934
613299.8002735351
613300.311891136
613300.823508737
613301.846743939
613302.35836154
613302.8699791409
613303.893214343
613304.404831944
613304.404831944
613305.0924900098
613306.4678061416
613307.1554642074
613308.5307803391
613308.5307803391
613309.9060964708
613310.5937545367
613311.2814126025
613311.9690706683
613312.6567287341
613313.3443868001
613314.0320448659
613314.7197029317
613316.0950190634
613316.7826771293
613318.157993261
613318.157993261
613319.5333093926
613320.2209674586
613320.9086255244
613321.5962835902
613322.283941656
613322.9715997219
613324.3469158536
613325.0345739195
613325.7222319853
613326.4098900511
613327.0975481169
613328.4728642487
613329.1605223145
613329.8481803804
613330.5358384462
613331.911154578
613331.911154578
613333.2864707096
613333.9741287754
613335.3494449072
613335.3494449072
613336.7247610389
613337.4124191047
613338.1000771705
613339.4753933023
613340.1630513681
613341.5383674998
613342.2260255656
613343.6013416973
613344.2889997632
613344.976657829
613345.6643158948
613346.0879132634
613346.511510632
613346.9351080005
613347.358705369
613347.7823027376
613348.2059001062
613348.6294974748
613349.0530948433
615170.5712910398
615431.9473712359
615542.4072616692
615542.4072616692
615781.4427066222
616199.4892992764
616475.9058366888
616496.5025710771
616497.6468340986
616837.129868046
616854.9649676419
616913.7019689943
616914.6866953446
616927.4881378984
617748.1612787384
618144.3953575441
618144.3953575441
618416.6419364451
618512.4739645016
618512.4739645016
619727.0376454588
620043.8939784075
620043.8939784075
622703.4693113486
622727.8894245831
622773.4398948648
622773.4398948648
622777.9949418929
622779.13370365
622782.5499889211
622783.6887506781
623110.3813446008
627939.6609081671
627961.5889485708
627962.9642647025
628331.3069323574
628475.8141489468
628476.6723462129
628700.9589009696
632386.5090656255
632601.498483332
632602.8848019927
639309.8064624576
639447.3710832143
639449.1204853338
640082.9651815799
640448.0455993705
640449.8445128708
655965.4239411976
656134.5548178088
656134.5548178088
657198.4938760229
660031.7441300744
663718.0479679705
664092.5630544244
664092.5630544244
674817.3112569626
677401.4422481834
677429.6362288832
677429.6362288832
696412.2280885398
698615.099442997
698982.6939386762
698997.7123908342
698998.900663972
699001.6733012935
699055.7177240046
699056.2898555154
699064.8718281771
699116.2646413863
699116.2646413863
699117.337387969
699764.3026001116
702570.7837009757
702572.4340803338
702572.4340803338
704419.5056502571
704638.9730972883
704642.0868130105
704643.6436708715
704646.7573865937
704648.3142444547
704648.3142444547
704652.984818038
704652.984818038
704654.5416758991
704654.5416758991
704656.0985337602
704657.6553916213
704657.6553916213
704659.2122494823
704660.7691073434
704662.3259652045
704662.3259652045
704663.8828230655
704665.4396809266
704668.5533966487
704668.5533966487
704676.3376859542
704676.3376859542
704677.9715615186
704679.605437083
704681.2393126475
704681.2393126475
704684.5070637765
704684.5070637765
704687.7748149054
704689.4086904698
704689.4086904698
704691.0425660342
704695.9441927276
704697.5780682921
704700.845819421
704702.4796949854
704702.4796949854
704704.1135705499
704705.7474461143
704710.6490728076
704710.6490728076
704713.9168239366
704713.9168239366
704715.5506995011
704717.1845750655
704718.81845063
704722.0862017588
704723.7200773233
704725.3539528877
704726.9878284523
704728.6217040167
704728.6217040167
704730.2555795811
704731.8894551456
704731.8894551456
704735.1572062745
704735.1572062745
704738.4249574033
704740.0588329679
704741.6927085323
704746.5943352256
704749.8620863545
704751.495961919
704754.763713048
704754.763713048
704758.0314641768
704758.0314641768
704762.9330908702
704764.5669664346
704766.200841999
704767.8347175635
704771.1024686925
704771.1024686925
704772.7363442569
704774.3702198213
704775.6135056044
704775.6135056044
704776.8567913874
704778.1000771705
704779.3433629535
705147.168911743
707184.0396091046
707396.3169033993
707396.3169033993
710409.8876061095
710784.9308139579
710784.9308139579
714029.9727228967
714452.1947753269
714456.2877161348
714700.829926879
714700.829926879
714718.9951023464
714721.789744726
714762.43308705
714765.1397091971
717192.7047119859
717334.1037141177
717335.2094682875
717892.5755850824
718226.94244302
718228.9228982496
720323.9089540722
720705.1795933648
720705.9772767213
722236.9021768199
723129.7244019285
723137.8442683701
723139.1975794437
723139.1975794437
723140.5508905172
723141.9042015908
723143.2575126644
723143.2575126644
723145.9641348115
723147.3174458852
723148.6707569588
723150.0240680323
723150.0240680323
723151.6469410677
723153.269814103
723154.8926871385
723154.8926871385
723156.5155601739
723158.1384332093
723159.7613062446
723159.7613062446
723381.2092085056
723382.4855018758
724064.0701716853
724096.8962171166
724098.111996577
724163.7200773234
724381.0750387763
724382.1807929461
724643.8154325751
724928.934970469
724947.848317912
724948.8990594366
725376.963454794
725656.6862521871
725656.6862521871
725945.3376019072
726229.0818236691
726229.0818236691
727630.5839745108
728279.7551937286
728325.0195982549
730999.3603251858
731037.1430099558
731038.4523109131
731042.3802137853
756664.9378433515
757632.0381421007
757954.5717800411
757955.7655544435
758393.6552082457
759127.2213265689
770576.711619129
770704.4949915571
770761.598117345
770761.598117345
770945.3403525393
770946.3305801542
770966.1351324506
770970.0960429099
770972.0764981395
770973.0667257543
770975.0471809839
771381.865692739
774272.5766547727
774591.0943696086
775307.5405527243
775307.5405527243
775313.3168804774
775410.2601639683
775508.8153179655
775581.2339641959
775582.0206450232
776507.3828498079
776518.6714446167
776561.6198167773
776561.6198167773
776563.9413504075
776566.2628840379
776567.423650853
776568.5844176682
776569.7451844834
776570.9059512985
776572.0667181136
776576.7097853742
776577.8705521894
776579.0313190045
776580.1920858197
776581.3528526349
776583.6743862651
786254.0612321304
786279.7411349415
786279.7411349415
786282.9098633089
786283.4379847035
786283.966106098
786284.4942274926
786285.0223488872
786285.5504702817
786286.0785916763
786286.6067130709
786287.1348344655
786287.66295586
786288.1910772546
786289.7754414383
786290.3035628329
786290.8316842275
786291.359805622
786291.8879270166
786292.4160484112
786292.9441698057
786294.0004125949
786294.0004125949
786295.056655384
786296.1128981732
786296.6410195677
786297.1691409623
786297.6972623569
786298.2253837514
786298.753505146
786299.2816265406
786299.8097479352
786300.3983832395
786300.9870185439
786302.1642891526
786302.1642891526
786302.752924457
786303.3415597613
786304.51883037
786304.51883037
786305.6961009788
786306.2847362831
786306.8733715875
786308.0506421963
786309.227912805
786309.8165481094
786309.8165481094
786310.4051834138
786311.5824540225
786312.7597246312
786313.3483599356
786314.5256305443
786315.1142658486
786315.702901153
786316.8801717617
786317.4688070661
786318.0574423705
786318.6460776748
786319.2347129792
786319.8233482835
786320.4119835879
786321.5892541966
786322.177889501
786322.7665248053
786323.3551601098
786325.7097013273
786326.2983366316
786326.886971936
786327.4756072403
786328.6528778491
786329.2415131534
786329.8301484578
786330.4187837621
786331.0074190665
786331.5960543709
786332.1846896752
786332.7733249796
786333.9505955883
786334.5392308927
786335.127866197
786336.0520786375
786336.5141848577
786336.976291078
786338.3626097387
786338.824715959
788541.2394654605
788845.2723507973
788845.2723507973
788861.226017925
789077.1011392203
789078.1078706286
789099.0071745658
789396.8456360456
789396.8456360456
789432.4443187983
789714.6866953446
789715.6714216949
789744.2284858534
789917.771376615
789918.6515789393
790203.5895751037
790354.7258154479
790355.8425721468
792654.5184483378
793234.9623698224
793235.9470961728
793239.886001574
795211.3796712995
796660.7703298467
796754.2808242729
796870.1594602648
796870.1594602648
796909.2734510503
797113.5299016649
797113.5299016649
797321.96731332
797377.964684938
797377.964684938
797905.6074694947
800449.1171234499
800557.3600042787
800653.1920323352
807045.4633669268
807048.599087707
807127.5147273436
807129.1100940563
807144.6401638153
807148.039945293
811013.8665484914
811723.1555864577
811770.8570511694
812138.9631644496
812140.1294325293
815472.058313404
815540.1089556002
816298.2492225643
816300.7853055111
832647.7213303891
832950.3238869491
837080.9263518212
837493.653221678
837495.2870972424
859530.8387136209
859590.0543249872
860067.6080960276
860067.6080960276
860071.8660747714
860073.2854010193
860077.543379763
860078.9627060109
860081.8013585067
860081.8013585067
860084.6400110025
860084.6400110025
860086.0593372504
860086.0593372504
860086.0593372504
860087.4786634983
860091.7366422421
860091.7366422421
860093.1559684899
860093.1559684899
860094.5752947379
860094.5752947379
860095.9946209858
860097.4139472337
860103.0912522253
860104.5105784732
860104.5105784732
860105.9299047211
860107.3492309691
860107.3492309691
860108.768557217
860108.768557217
860113.0265359607
860113.0265359607
860114.4458622086
860115.8651884565
860115.8651884565
860118.7038409524
860121.5424934481
860121.5424934481
860122.961819696
860122.961819696
860124.381145944
860124.381145944
860125.8004721919
860130.0584509356
860131.4777771835
860131.4777771835
860132.8971034314
860132.8971034314
860134.3164296793
860134.3164296793
860135.7357559273
860137.1550821752
860138.574408423
860138.574408423
860139.9937346709
860139.9937346709
860141.4130609189
860144.4497589377
860144.4497589377
860144.4497589377
860145.968107947
860145.968107947
860147.4864569565
860149.0048059658
860150.5231549753
860153.559852994
860155.0782020034
860155.0782020034
860155.0782020034
860156.5965510128
860156.5965510128
860158.1149000222
860161.151598041
860161.151598041
860162.6699470504
860162.6699470504
860164.1882960597
860164.1882960597
860168.743343088
860168.743343088
860170.2616920973
860170.2616920973
860171.7800411067
860171.7800411067
860173.2983901161
860179.3717861536
860179.3717861536
860180.8901351631
860180.8901351631
860182.4084841724
860183.9268331819
860183.9268331819
860183.9268331819
860185.4451821912
860190.0002292194
860190.0002292194
860190.0002292194
860191.5185782288
860191.5185782288
860193.0369272382
860196.073625257
860196.073625257
860197.5919742663
860197.5919742663
860199.1103232758
860199.1103232758
860205.1837193134
860205.1837193134
860206.7020683227
860206.7020683227
860208.2204173321
860208.2204173321
860209.7387663415
860209.7387663415
860211.2571153509
860215.812162379
860215.812162379
860217.3305113885
860217.3305113885
860218.8488603978
860218.8488603978
860220.3672094073
860220.3672094073
860223.403907426
860223.403907426
860224.9222564354
860224.9222564354
860230.995652473
860232.5140014823
860234.51646177
860234.51646177
860234.51646177
860236.5189220578
860236.5189220578
860238.5213823455
860242.526302921
860244.5287632088
860244.5287632088
860246.5312234965
860246.5312234965
860248.5336837843
860248.5336837843
860250.536144072
860254.5410646475
860256.5435249353
860256.5435249353
860258.545985223
860268.5582866617
860270.5607469495
860270.5607469495
860272.5632072372
860274.5656675249
860274.5656675249
860276.5681278127
860276.5681278127
860278.5705881005
860282.575508676
860282.575508676
860284.5779689637
860284.5779689637
860286.5804292514
860286.5804292514
860288.5828895392
860288.5828895392
860292.5878101147
860292.5878101147
860294.5902704024
860294.5902704024
860296.5927306901
860304.6025718412
860304.6025718412
860306.6050321289
860306.6050321289
860308.6074924166
860308.6074924166
860310.6099527044
860310.6099527044
860314.6148732799
860316.6173335677
860316.6173335677
860318.6197938554
860320.6222541431
860320.6222541431
860322.6247144309
860322.6247144309
860322.6247144309
860326.6296350064
860328.6320952941
860328.6320952941
860330.6345555818
860342.6493173083
860342.6493173083
860344.6517775961
860344.6517775961
860346.6542378839
860348.6566981716
860348.6566981716
860357.2716784205
860357.2716784205
860359.5767082572
860361.8817380939
860364.1867679306
860364.1867679306
860366.4917977673
860366.4917977673
860371.1018574408
860371.1018574408
860373.4068872775
860373.4068872775
860375.7119171142
860378.0169469509
860387.2370662978
860387.2370662978
860389.5420961345
860391.8471259712
860391.8471259712
860394.152155808
860394.152155808
860396.4571856448
860401.0672453182
860401.0672453182
860403.3722751549
860403.3722751549
860405.6773049916
860405.6773049916
860407.9823348284
860407.9823348284
860410.2873646651
860412.5923945018
860414.8974243385
860414.8974243385
860417.2024541752
860431.0326331955
860433.3376630322
860433.3376630322
860435.642692869
860435.642692869
860437.9477227057
860437.9477227057
860440.2527525424
860440.2527525424
860444.8628122158
860447.1678420525
860449.4728718892
860456.3879613994
860456.3879613994
860458.6929912361
860458.6929912361
860460.9980210728
860460.9980210728
860463.3030509095
860463.3030509095
860465.6080807463
860474.8282000931
860477.13322993
860477.13322993
860479.4382597667
860479.4382597667
860479.4382597667
860481.7432896034
860484.0483194401
860484.0483194401
860490.9634089503
860490.9634089503
860494.8803092933
860494.8803092933
860496.8387594648
860498.7972096364
860498.7972096364
860500.7556598079
860502.7141099795
860504.672560151
860504.672560151
860506.6310103225
860514.4648110087
860518.3817113517
860518.3817113517
860520.3401615232
860520.3401615232
860522.2986116947
860522.2986116947
860522.2986116947
860530.1324123809
860532.0908625524
860532.0908625524
860534.0493127239
860536.0077628955
860537.9662130671
860537.9662130671
860539.9246632386
860543.8415635816
860545.8000137531
860545.8000137531
860547.7584639248
860549.7169140963
860557.5507147823
860559.5091649538
860559.5091649538
860561.4676151255
860563.426065297
860565.3845154685
860565.3845154685
860567.34296564
860567.34296564
860571.259865983
860573.2183161547
860573.2183161547
860575.1767663262
860575.1767663262
860577.1352164977
860577.1352164977
860579.0936666692
860581.0521168407
860583.0105670122
860584.9690171838
860584.9690171838
860592.8028178699
860594.7612680414
860594.7612680414
860596.719718213
860596.719718213
860598.6781683846
860598.6781683846
860600.6366185561
860604.5535188991
860604.5535188991
860606.5119690706
860608.4704192422
860609.9612619289
860611.4521046156
860611.4521046156
860612.9429473025
860615.924632676
860615.924632676
860617.4154753627
860617.4154753627
860618.9063180494
860624.8696887965
860624.8696887965
860626.3605314832
860626.3605314832
860627.85137417
860627.85137417
860629.3422168568
860629.3422168568
860630.8330595435
860633.814744917
860635.3055876038
860635.3055876038
860636.7964302906
860638.2872729773
860638.2872729773
860639.778115664
860639.778115664
860642.7598010376
860642.7598010376
860644.2506437243
860645.7414864111
860653.1956998449
860653.1956998449
860654.6865425316
860654.6865425316
860656.1773852183
860657.6682279052
860657.6682279052
860657.6682279052
860659.1590705919
860662.1407559654
860663.6315986521
860665.122441339
860665.122441339
860666.6132840257
860666.6132840257
860668.1041267124
860671.0858120859
860671.0858120859
860672.5766547727
860672.5766547727
860674.0674974595
860684.5033962667
860685.9942389535
860685.9942389535
860687.4850816403
860687.4850816403
860688.975924327
860688.975924327
860691.9576097005
860691.9576097005
860693.4484523872
860693.4484523872
860694.9392950741
860694.9392950741
860696.4301377608
860696.4301377608
860699.2577877275
860699.2577877275
860700.5945950076
860700.5945950076
860701.9314022876
860703.2682095675
860705.9418241276
860708.6154386876
860709.9522459676
860709.9522459676
860711.2890532477
860711.2890532477
860712.6258605276
860712.6258605276
860713.9626678076
860716.6362823676
860716.6362823676
860717.9730896477
860717.9730896477
860719.3098969277
860719.3098969277
860720.6467042076
860720.6467042076
860723.3203187677
860723.3203187677
860724.6571260476
860725.9939333277
860731.3411624477
860731.3411624477
860732.6779697278
860732.6779697278
860734.0147770077
860734.0147770077
860734.0147770077
860735.3515842877
860738.0251988478
860738.0251988478
860739.3620061277
860739.3620061277
860740.6988134078
860740.6988134078
860742.0356206878
860744.7092352478
860744.7092352478
860746.0460425278
860746.0460425278
860747.3828498079
860748.7196570878
860754.0668862078
860755.4036934879
860755.4036934879
860755.4036934879
860756.7405007678
860756.7405007678
860758.0773080479
860758.0773080479
860759.4141153279
860762.0877298879
860763.4245371679
860763.4245371679
860764.7613444478
860764.7613444478
860766.0981517279
860768.7717662879
860768.7717662879
860770.1085735679
860770.1085735679
860771.4453808479
860771.4453808479
860779.4827283216
860779.4827283216
860779.4827283216
860780.8360393951
860780.8360393951
860782.1893504687
860782.1893504687
860783.5426615423
860786.2492836894
860787.602594763
860787.602594763
860788.9559058367
860788.9559058367
860790.3092169103
860791.6625279838
860791.6625279838
860795.7224612046
860795.7224612046
860797.0757722781
860797.0757722781
860798.4290833517
860805.1956387197
860805.1956387197
860806.5489497933
860806.5489497933
860807.9022608668
860809.2555719404
860809.2555719404
860810.6088830141
860813.3155051612
860814.6688162348
860814.6688162348
860816.0221273084
860816.0221273084
860817.375438382
860817.375438382
860820.0820605292
860820.0820605292
860821.4353716028
860821.4353716028
860822.7886826763
860824.1419937499
860829.5552380442
860830.9085491179
860832.2618601915
860833.615171265
860833.615171265
860834.9684823386
860834.9684823386
860837.6751044858
860839.0284155593
860839.0284155593
860840.381726633
860840.381726633
860841.7350377066
860844.4416598537
860844.4416598537
860845.7949709273
860845.7949709273
860847.1482820009
860848.5015930745
860848.5015930745
860849.854904148
860856.621459516
860857.9747705896
860857.9747705896
860859.3280816632
860860.6153775625
860860.6153775625
860861.9026734617
860861.9026734617
860865.7645611595
860865.7645611595
860867.0518570588
860867.0518570588
860868.3391529581
860868.3391529581
860869.6264488574
860872.2010406558
860872.2010406558
860874.7756324544
870247.2800067238
874487.0440636007
875171.6159200483
875496.16852207
875683.9156778398
875685.0599408613
876551.7511594679
876756.9593288457
876756.9593288457
878253.8974166978
878495.5624660946
878496.8112531422
879034.8679314482
879269.3098205213
879310.349253891
879311.3119751832
882364.3212432858
882376.9741516974
882510.7649049886
882543.1123404059
882670.2135560327
882670.2135560327
882673.3272717549
882676.440987477
882752.6169973793
882752.6169973793
882859.0169545917
882859.0169545917
882880.5048938332
882895.3583080556
882948.8305992557
883054.674928751
883056.1987790249
883396.0944078119
884033.7789866976
884033.7789866976
884887.9713322993
885642.6623064051
890209.5645596315
890321.0641890601
890356.4923326126
891934.1889837178
891934.1889837178
891947.6560792794
892309.8483331932
892322.7212921858
892329.1577716823
892338.168842977
892342.0307306749
892361.7912728551
892371.1654276088
892396.1631736184
892399.2878918697
892411.7867648745
892416.4738422512
892432.0974335073
892441.8676793068
892454.1905118468
899012.1379289267
902746.4347985543
904010.0367515032
904162.4657890112
904170.1510555551
904487.3869757563
904488.7127805072
904521.2692639767
904531.5126185255
904547.6093185309
905105.6685946562
905116.5610984191
905136.3656507155
905138.3461059452
905142.3070164045
905150.228837323
905156.170203012
905161.1653512022
905178.1862636481
905320.8505566211
905320.8505566211
905427.9381718992
911952.1353311073
919718.4795116099
920173.126017161
921086.5559791868
921104.7321571833
921284.3264389245
921284.3264389245
921727.491805408
930097.5942664599
935516.5488733869
935572.0786375201
935622.6517623148
935622.6517623148
935627.9604825831
935633.2692028515
950165.3985742555
950237.2725952979
950316.2212425217
950316.2212425217
951848.8680384172
951870.6530459431
951927.8111843765
951944.2764691052
952046.1378830828
952046.1378830828
952147.9497856799
952240.7616195111
975502.0719901589
975530.4090037362
975531.8118261906
975705.5967725915
975705.5967725915
975721.3303891381
975728.4820330229
975729.9123617999
977460.6101819238
978315.1105983389
978538.3079027192
981070.2593999037
981070.2593999037
981089.5633371281
981382.3516377723
981382.3516377723
981603.4584616325
981771.7311409776
985277.6760213632
985666.7144461678
985668.3428204677
985731.6513726419
986144.0976780079
996920.6732936528
996960.3869222717
996969.9756263419
1001409.0174894368
1001487.5260354985
1001683.145500806
1001684.6473460218
1001689.1528816693
1004578.9836413787
1005252.1568777268
1005555.0840088937
1005555.0840088937
1005593.4388251745
1005594.8086400416
1005596.1784549088
1005601.349643564
1005607.428540866
1005618.3705560098
1005622.017894391
1005842.7231259408
1006289.6788636832
1006448.9459729979
1006937.1116833106
1006938.6685411716
1009637.8419761765
1009819.4332169408
1009820.8580444533
1012242.2231221204
1012277.9208276346
1012448.4105165841
1012450.5450072205
1012512.8523292507
1012688.6177308812
1012690.0205533355
1012711.0628901505
1012713.868535059
1012713.868535059
1012716.6741799677
1012718.5446099069
1012720.415039846
1012724.1558997241
1012724.1558997241
1012726.0263296632
1012727.8967596024
1012729.7671895415
1012733.5080494196
1012735.3784793587
1012737.2489092979
1012739.119339237
1012740.9897691761
1012742.8601991152
1012744.7306290542
1017066.4140159995
1017133.892526685
1017178.4472680873
1017207.0978537428
1019077.6983320472
1019102.1239465461
1020328.5538550875
1020385.359912591
1020948.6563925458
1021012.0749700106
1021016.3659563414
1021017.2241536076
1021030.0971126002
1021095.5456566752
1021095.5456566752
1021105.3324062683
1021439.0171074045
1021439.8202920255
1025444.6363434929
1025453.2898325934
1025656.1324582248
1025657.0291643427
1025663.3061071677
1025826.5616332643
1025859.7617646834
1026065.3385187845
1026065.3385187845
1026107.5222151758
1026144.4907127958
1026202.6665851665
1026294.3011483889
1026309.7927092963
1026316.5702671933
1026587.287494556
1026588.2832234354
1026591.2704100733
1026592.2661389527
1026593.261867832
1026594.2575967114
1026595.2533255907
1026597.2447833495
1026597.2447833495
1026599.2362411082
1026599.2362411082
1026601.2276988669
1026602.2234277462
1026603.2191566256
1026604.2148855049
1026605.2106143843
1026606.2063432636
1026607.202072143
1026608.1978010223
1026609.1935299017
1026610.1892587809
1026612.1807165396
1026625.5102804881
1027044.80566019
1029562.2613253463
1030925.2051131198
1030925.2051131198
1030968.6100902361
1031006.4202813286
1031100.7779704919
1031181.1789515506
1031210.0330839936
1031211.4854178287
1031233.2704253547
1031562.5981249857
1031830.5977276722
1031884.1580391049
1034293.9649600012
1034311.7560494808
1034314.9907930226
1034318.2255365642
1034323.0776518768
1034326.3123954186
1034327.9297671895
1034331.1645107312
1034332.7818825021
1034336.0166260438
1034337.6339978147
1034340.8687413565
1034344.1034848982
1034345.7208566691
1034348.9556002108
1034350.5729719817
1034353.8077155235
1034354.731927964
1034356.580352845
1034357.5045652855
1034358.428777726
1034360.277202607
1034402.79097487
1034403.7151873105
1034954.3477563245
1035194.3459225696
1035610.5165840203
1035611.8093811842
1035887.3567188013
1038671.4201667189
1038684.799242048
1038766.2619671605
1038766.2619671605
1040314.8404251254
1040317.6735763567
1040490.5783204334
1040490.5783204334
1040496.6572177354
1041191.9565400103
1041349.8318293996
1041353.6937170974
1041638.2026146287
1041662.7602594763
1041719.0546993788
1041986.6472084903
1041986.8122464261
1044516.293675838
1045131.0599867053
1045133.5025481551
1045134.7238288801
1045135.1309224551
1048397.0507109619
1048792.3935849143
1048889.9750150903
1048889.9750150903
1048909.763063593
1049049.115595321
1049049.115595321
1049067.1377379107
1049157.380481208
1049158.2606835323
1049356.2401913218
1050108.9232038753
1050119.4636267086
1050224.9613765387
1050226.5182343998
1050445.2375094553
1050491.7121921775
1050491.7121921775
1050514.9165259514
1050629.0402585594
1050630.0799975551
1050892.853398941
1051038.1858052094
1051038.1858052094
1051094.1116603888
1051103.650853078
1051280.5770215236
1051363.948685427
1051365.4560319073
1053366.1669175343
1053563.1672002384
1053624.621826267
1053625.1884565135
1053766.273886567
1053791.1726098151
1053791.9757944362
1053795.5791227012
1053797.0204540072
1053797.0204540072
1053797.7411196602
1053799.1824509662
1054046.134215573
1054789.3825594634
1054812.416354037
1054835.1750853842
1054836.258834496
1054852.5150711727
1054857.9338167314
1054867.6710549437
1054926.9746865425
1055415.7235308948
1055426.6215359224
1055428.1783937835
1055428.1783937835
1055431.2921095057
1055432.8489673666
1055434.4058252277
1055435.9626830888
1055437.51954095
1055439.076398811
1055588.2156801322
1055924.7720413513
1056376.0517730117
1056377.5316131695
1056449.5816746766
1056451.2650616218
1056452.948448567
1056454.6318355121
1056456.3152224573
1056456.3152224573
1056457.9986094024
1056457.9986094024
1056459.6819963476
1056461.3653832928
1056461.3653832928
1056463.0487702382
1056464.7321571833
1056464.7321571833
1056466.4155441285
1056468.0989310737
1056469.7823180188
1056471.465704964
1056473.1490919092
1056474.8324788543
1056824.1407712467
1056934.028530169
1056934.028530169
1057824.1331306016
1058008.9591149075
1058036.2893970767
1060905.3748882555
1060916.7955134131
1060992.1188273139
1060992.1188273139
1068462.7205281213
1069723.9569373238
1069815.2669259394
1069933.8081739622
1069933.8081739622
1071461.3663001705
1071485.8579298437
1071522.5953743535
1071524.344776473
1071584.5176078668
1071637.9128813639
1071639.4422329022
1071867.5906753566
1071869.131029424
1071872.2117375592
1071875.292445694
1071876.8327997616
1071967.6861834214
1076365.9746789017
1076409.808754651
1076524.6971630284
1076524.6971630284
1077863.2428426258
1078043.2992305872
1078044.4324910797
1079079.1983435082
1079731.2412228088
1079749.455909657
1079968.4447466745
1079976.3115549479
1080075.587374598
1080077.07271602
1080085.9847645536
1080088.955447398
1080091.9261302424
1080093.4114716647
1080096.3821545092
1080100.8381787757
1080103.8088616203
1080106.7795444648
1080108.264885887
1080109.7502273093
1080112.7209101536
1080114.2062515758
1080116.4342637092
1080118.6622758426
1080120.8902879758
1080123.1183001092
1080127.574324376
1080129.8023365093
1080132.0303486425
1082735.6853276691
1083667.858097938
1083679.2567180372
1084109.9947279547
1084111.7551326035
1084115.2759419004
1085384.8082580091
1085402.4343095531
1085405.3719848103
1085406.840822439
1085925.3405053525
1086495.1339787133
1087070.7092810918
1087082.5700074115
1087082.5700074115
1087084.2643968856
1087085.95878636
1087085.95878636
1087087.653175834
1087089.3475653084
1087089.3475653084
1087091.0419547828
1087092.736344257
1087094.4307337312
1087096.1251232054
1087096.1251232054
1087097.8195126797
1087099.513902154
1087101.2082916282
1087102.9026811023
1087104.3660174664
1087104.3660174664
1087105.8293538305
1087124.852726564
1087127.7793992923
1087344.3201735956
1087345.9375453664
1087394.4586984925
1087396.0760702633
1087400.9831982213
1087492.964341109
1087492.964341109
1087523.155280832
1087531.9683066038
1088495.591806172
1088500.2458759616
1090172.9383629153
1090274.7117566608
1090276.0870727925
1091443.8955065366
1091679.635694038
1091692.45914165
1091960.5632683623
1091961.9330832295
1092670.2263923166
1095468.0044926994
1096687.1177194202
1096931.0217834793
1096931.0217834793
1097337.8127889119
1097377.8619946667
1097452.75070867
1098035.807730805
1098035.807730805
1098073.12280809
1098916.9122624714
1101423.3268897224
1101465.6866265787
1101468.7123220684
1101473.250865303
1101477.7894085376
1101480.8151040273
1101484.0003361884
1101487.3451050206
1101490.6898738528
1101494.0346426852
1101495.7070271012
1101499.0517959336
1101500.7241803496
1101504.068949182
1101509.0861024305
1101512.4308712627
1101514.103255679
1101517.448024511
1101520.7927933433
1101522.4651777595
1101525.8099465917
1101971.1813201506
1101971.1813201506
1109613.5490032777
1109780.831455008
1109781.5576219254
1117163.3083993613
1119899.2577877278
1123159.697736077
1123274.5421343378
1123274.5421343378
1124907.482483821
1124909.5949693993
1124933.2284018062
1124957.455970782
1124957.852061828
1125024.7859473254
1125449.6596092572
1125449.6596092572
1126069.0194760044
1126343.9561732593
1126422.6792686374
1126422.6792686374
1126427.2343156657
1126429.6273657347
1126430.1059757485
1126430.5845857623
1126431.0631957762
1126431.54180579
1126432.0204158039
1126437.285125956
1126438.7209559975
1126489.4921263151
1126489.4921263151
1126491.274536022
1126491.9786978813
1126492.3307788111
1126493.0349406705
1126494.4432643894
1126494.4432643894
1126494.795345319
1126495.4995071786
1126495.4995071786
1126495.851588108
1126496.203669038
1126496.5557499677
1126497.259911827
1126497.6119927568
1126497.9640736864
1126498.668235546
1126552.6136354953
1126552.6136354953
1126554.7591286607
1126555.1882272938
1126555.617325927
1126556.4755231931
1126556.9046218263
1126557.3337204594
1126557.7628190925
1126960.0042787613
1127214.5477884153
1127221.479381719
1127327.4227339756
1127327.675792144
1127832.3232909788
1127832.3232909788
1127859.615064296
1131878.6848921522
1131948.066840364
1132139.719893948
1132163.501860497
1132638.8496244622
1132661.7348848935
1132819.7312021027
1132820.0117665937
1132821.134024557
1133400.6482323369
1135428.5188609327
1135437.9590308606
1135603.5470931164
1135603.5470931164
1135647.986307964
1135744.2694397115
1135744.2694397115
1135766.7145989807
1135796.4654375415
1135893.760801962
1135893.760801962
1140969.3924923022
1141002.7191528054
1141004.00094744
1141006.2949747476
1141008.3194400934
1141010.3439054394
1141011.3561381123
1141013.380603458
1141664.1581919177
1141772.3790676885
1142320.2004905294
1143251.4490483576
1143264.8226224221
1143363.4712979163
1143363.4712979163
1147704.8657156609
1147720.7423650853
1147979.565858541
1148086.9065319877
1148087.9407697187
1148541.3549920155
1148548.5066359004
1148640.5427914334
1148642.0556391783
1148645.477425714
1149013.0774226577
1149267.010291949
1149272.7591133795
1149363.1008794382
1149363.1008794382
1149366.5006609156
1149367.6339214083
1150364.0394562916
1150365.4752863331
1150369.7827764575
1150379.833586748
1150394.1918871629
1150412.857677702
1150414.2935077436
1150633.051291651
1151238.9550653659
1151238.9550653659
1151240.4899181689
1151242.0247709719
1151243.5596237746
1151243.5596237746
1151245.0944765776
1151246.6293293806
1151246.6293293806
1153581.5805438613
1155109.4247358246
1155124.311157634
1155125.6644687077
1155127.0177797813
1155131.077713002
1155132.4310240755
1155135.1376462227
1155137.84426837
1155140.5508905172
1155141.9042015907
1155143.2575126642
1155144.610823738
1155145.9641348114
1155148.6707569587
1155151.646941068
1155153.2698141031
1155154.8926871386
1155164.629925351
1155193.8416399881
1155200.3331321299
1155201.9560051651
1155205.2017512359
1155206.8246242714
1155208.4474973069
1155211.6932433776
1155214.9389894484
1155218.184735519
1155223.0533546254
1155226.299100696
1155229.5448467669
1155232.7905928378
1155236.0363389086
1155239.2820849793
1155240.9049580148
1155244.1507040856
1155248.7332574364
1155254.0804865563
1155255.4172938364
1155258.0909083963
1155260.7645229565
1155262.1013302365
1155263.4381375164
1155264.7749447965
1155267.4485593564
1155270.1221739165
1155271.4589811964
1155274.1325957566
1155276.8062103165
1155278.1430175966
1155279.4798248764
1155280.8166321565
1155283.4902467164
1155287.5006685567
1155288.8374758365
1155290.1742831166
1155292.8478976765
1155294.1847049566
1155296.8583195165
1155298.1951267966
1155299.5319340767
1155300.8687413565
1155303.5423559167
1155304.8791631965
1155306.2159704766
1155308.8895850366
1155314.2368141566
1155336.5389405482
1155355.6833411015
1155487.0315329426
1155841.9731202102
1155905.622750785
1162927.5688231115
1163954.522879912
1164481.8300873328
1164882.773248573
1167728.2803199901
1170989.6829896315
1174410.710350782
1179260.6086537947
1193406.9178401425
1193465.4402921784
1193466.6670741679
1193543.646268691
1193543.646268691
1200330.8643861888
1200379.1324811466
1200381.3769970736
1200390.3550607814
1200401.5776404159
1209425.7199397916
