2316.4229555543666
2731.2458071959595
8625.322626242561
8635.004851809688
15484.78334950603
16098.350384706484
27000.646398581895
27036.84471916809
27106.160652205475
27106.160652205475
27110.121562664754
28883.42117528404
28891.959137829595
30539.37881554718
41409.206366185565
43567.401951420776
47208.3753696162
47216.6932815807
47313.515537251966
47313.515537251966
47315.27594190054
47418.864752939735
56260.750158543386
63433.99200788514
63452.943864179884
63457.35037706583
63653.62449285217
66807.09785374277
67135.21527517785
75433.42721139372
76482.87043757974
116057.64713972447
117932.07099687497
120516.14697545061
140385.05306428074
140389.71813659946
140403.71335355556
140403.71335355556
140470.02559616131
140471.3789072349
144418.6462304877
144430.7490124466
144432.26186019147
144432.26186019147
144433.77470793633
144711.13746284734
146585.59432758501
146835.73682561755
146881.28729589927
156928.41173908726
162088.35580956456
163510.64723905287
163540.2990548522
163541.64686466125
163715.51983129457
163715.51983129457
163729.4985444571
167732.4276621918
167757.48042084675
167798.1952796094
167798.1952796094
171707.38284980782
172510.35842266522
173116.4327355802
173159.58465452824
173166.5822630063
173171.247335325
179155.91897859855
183113.97978285287
186710.70653045943
186727.28184047862
186741.8656927391
187972.24000794627
187998.17847019003
190268.16525187387
193632.06198091368
206161.64854560318
206172.83811765065
206172.83811765065
206517.37681369815
207300.47631782028
215776.04352111492
215791.8981654811
215793.3394967871
215794.78082809312
215797.66349070516
215799.10482201117
215801.9874846232
217944.63099504123
222948.95529458506
225116.53053583845
225126.10273611502
225194.27990739536
225196.38689170915
225225.8846721017
225227.99165641546
225227.99165641546
225232.205625043
225232.205625043
225234.31260935674
225294.1113547628
232564.52754070552
232573.90169545915
232766.3139235477
234745.95496603733
241732.75896056666
241747.5243545565
245645.56636282365
245650.72654894975
245726.81453861966
247840.6424254464
247847.2989555238
250793.1655957029
250925.5590278043
262692.3677595336
264955.91806172114
264960.3465796652
264962.07947799115
264962.464566508
264962.8496550249
264963.23474354175
264963.6198320586
264964.00492057553
275823.8861849495
275895.23758586176
275938.9176262044
275975.1379518486
276020.08878429694
276020.08878429694
279744.3733524859
281563.23443791596
281571.8494181649
281708.1487480803
281708.1487480803
281716.81323970994
302403.0587030769
302410.9255113502
302421.9390429328
321021.95646360377
331524.7396450156
331530.76352967246
332407.52756362746
338991.8810504359
339003.76378181373
339473.6597926329
340874.0891968918
340886.246991496
340889.8943298772
356713.9846728658
356729.10214778536
356749.43482147634
356752.20745879784
356754.05588367884
356760.52537076233
369335.49186653324
371921.0641890601
372885.39185048785
378887.1669251751
378899.2917121922
378900.1994208391
378906.5533813675
378907.46109001443
378909.2765073083
378912.907341896
378913.8150505429
384959.732271793
384975.41087569436
396934.5548178088
400019.58144545724
400044.9147686031
400074.7536273963
413063.0851397092
417912.8569136378
447517.3948456208
448500.30577861995
453127.9805010735
453134.0538971111
453136.07836245693
453137.0905951298
453138.10282780277
453138.10282780277
473777.8461021249
486082.20539582364
486514.53877245396
487463.8259766655
487614.43409561506
487614.43409561506
487627.00998632325
487631.2019498926
488734.1944849823
489721.4404144286
493860.9219202469
505919.7982869673
509454.5037782991
509460.66519456904
525989.4345158505
531807.8359400667
536872.6686481406
536873.884427601
536887.2580016656
550161.990846507
590604.4269898151
592793.7872385945
593807.6812934084
595136.4347221479
598343.715951375
618664.9030020095
697426.8813178585
699731.223496512
699733.9741287754
725868.3639086485
727535.2195539391
727878.2178959191
731177.1611946912
744680.2130211875
744698.0921308995
744699.4674470312
744700.8427631629
744703.5933954263
744719.4260347344
744722.638773218
744730.6706194271
745831.4516461771
773536.4029370641
773621.2159322733
773624.4011644344
773633.9568609174
773783.9268331819
775334.7553083382
775340.5866487366
775341.7529168163
775342.9191848959
775345.2517210552
775347.5842572147
775349.916793374
775351.0830614537
775353.4155976131
775354.5818656927
775355.7481337724
777559.6977360768
798363.3401844453
809574.3671635633
817085.2766295586
827534.5380083894
827692.3087737529
838212.9050497024
864380.5774799624
892713.5476279617
892885.5556659204
893745.1667570809
906174.3387403631
906255.4768908686
917368.537351294
921986.766402555
930661.3088425186
942624.4687077377
959181.558538803
961777.9353448605
968950.8141107435
969147.7153706859
975592.1331917266
976820.262991007
976829.109024366
976830.5833632592
976832.0577021524
976836.4807188319
976845.326752191
976846.8010910841
976848.2754299773
985648.8023288687
992290.8200704467
992299.0389596497
992300.4087745169
992304.5182191185
992305.8880339856
992307.2578488528
992309.9974785871
992311.3672934542
992314.1069231885
992324.0257031304
997938.6492867457
997943.2593464192
997946.9066848004
997949.3382437213
997951.7698026422
997952.9855821026
997952.9855821026
1031817.0096042911
1078613.9013898335
1105259.3861505666
1128342.846140328
1130888.7213380297
1130889.5135201216
1138851.7027177776
1142546.7040548904
1142642.2995285722
1142905.133443868
1142906.8168308132
1155497.7259911827
1155517.332497956
1156385.4980554557
1156615.1098342745
1161024.8574637643
1161031.0848952085
1161036.938240665
1161047.1815952137
1161048.6449315778
1162410.1088791937
1163150.392041504
1165200.768343279
1165967.9966992415
1166398.338618113
1171044.211523621
1171170.322511633
1172631.7664407582
1172647.4615484532
1172650.949350163
1172671.876160423
1189176.329892496
1189189.4284033345
1189201.3111347123
1189217.1547765494
1189223.7562939816
1189223.7562939816
1189229.0375079273
1189457.6810641892
1189457.6810641892
1195239.9391804643
1196173.5697858327
1200338.9512450432
1200371.2766754024
1200417.4872974274
1200660.6651945692
