1823.454641309912
4634.36976138265
4685.812085972539
4685.812085972539
4867.051245807196
10602.081006120156
10697.538948188785
10698.391644190435
10980.006876580659
11069.424430198886
11070.66221471741
11303.976344562534
11360.331298374833
11360.331298374833
11506.576914554666
11597.050710962032
11597.050710962032
11823.499262677738
12070.434523491163
12070.434523491163
12209.919085567584
12239.675425392918
12240.533622659095
12545.017611687132
12572.699974785872
12573.448146761513
12694.982082687062
12790.731591775608
12790.731591775608
13029.51397856035
13138.406008603366
13139.66029691547
14161.59169920308
14295.701525836843
14295.701525836843
14547.367874143294
14701.24924548629
14778.486999442233
14791.079393944025
14827.173190504207
14827.173190504207
15450.125382987337
15543.800915349291
15543.800915349291
17152.06259216528
17484.999121325804
17484.999121325804
17998.327615583854
18069.56348994109
18091.326492409018
18093.21892740623
18333.101567096328
18690.529725930057
18692.163601494507
19614.527617111988
19811.109803711824
19812.435608462776
23141.025221769727
26409.63454794123
26411.40595511885
26625.6802084368
26736.574698767563
26737.713460524606
26857.6135208857
26994.881073357832
26996.32240466385
27700.7593273176
27831.997493868377
27837.54276851137
27942.04478946202
27943.167047425482
27961.12317484088
27963.367690767805
27967.856722621655
27967.856722621655
27972.345754475504
27973.468012438967
27974.59027040243
27975.71252836589
29118.209644022343
29159.067535662703
29160.222801213327
29296.764186767927
29399.318760076094
29400.496030684826
29589.970583516068
29665.73399857883
29666.542684464268
29740.57870246564
29895.961919024438
29897.03466560716
30129.11101093376
30940.31097425866
30940.31097425866
31407.791929950563
31450.921843840493
31452.269653649553
31794.47581353769
31855.704887720713
31857.162722820307
34449.95270440636
34520.302875174784
34521.469143254464
34689.35673408263
34776.19969590232
34776.19969590232
35041.40465620917
35274.85081640293
35276.47368943833
56185.10777130021
56237.732867763356
56238.7891105525
56255.68899517875
56275.49354747515
56284.33958083421
56287.28825862056
56294.65995308644
56721.82764232612
56849.70453625104
56915.28511067475
56917.07302164595
57041.896713758506
57137.18961789134
57143.681110032936
57152.769199031165
57281.971897707044
57382.298458881865
57383.74529145241
57545.10838255182
57554.62557018314
57781.95432422314
59018.93015686244
59018.93015686244
59273.69371709747
59392.361494204575
59393.78632171701
59712.10048976535
63263.441805026014
63263.441805026014
64957.91929950565
64966.6002949289
64966.6002949289
64966.6002949289
64972.86073396038
64972.86073396038
64974.54412090557
64974.54412090557
64976.22750785076
64976.22750785076
64979.59428174115
64979.59428174115
64981.27766868634
64981.27766868634
64982.96105563154
64982.96105563154
64986.32782952192
64988.011216467115
64988.011216467115
64989.69460341231
64989.69460341231
64991.377990357505
64996.42815119308
64996.42815119308
64998.11153813828
64998.11153813828
64999.79492508347
64999.79492508347
65001.47831202867
65004.845085919056
65004.845085919056
65006.52847286425
65006.52847286425
65008.21185980944
65008.21185980944
65011.57863369983
65011.57863369983
65013.26202064502
65013.26202064502
65014.94540759022
65014.94540759022
65016.62879453541
65021.67895537099
65026.729116206574
65026.729116206574
65028.41250315176
65028.41250315176
65035.14605093254
65035.14605093254
65036.829437877735
65038.51282482293
65043.56298565851
65043.56298565851
65045.2463726037
65045.2463726037
65046.9297595489
65046.9297595489
65048.61314649409
65051.979920384474
65051.979920384474
65053.66330732967
65055.346694274864
65055.346694274864
65057.03008122006
65058.71346816525
65063.76362900083
65063.76362900083
65065.447015946025
65065.447015946025
65067.13040289122
65067.13040289122
65070.49717678161
65070.49717678161
65072.12555108154
65073.75392538146
65073.75392538146
65075.38229968139
65080.267422581164
65081.895796881094
65081.895796881094
65083.524171181016
65085.152545480945
65085.152545480945
65088.4092940808
65088.4092940808
65093.29441698057
65094.9227912805
65094.9227912805
65096.55116558042
65096.55116558042
65098.17953988035
65099.807914180274
65103.064662780125
65104.693037080055
65106.32141137998
65107.949785679906
65107.949785679906
65109.57815997983
65112.83490857968
65112.83490857968
65114.46328287961
65114.46328287961
65116.09165717953
65116.09165717953
65120.97678007931
65120.97678007931
65122.605154379235
65125.861902979086
65127.490277279016
65127.490277279016
65129.118651578945
65129.118651578945
65135.63214877865
65135.63214877865
65137.26052307857
65137.26052307857
65138.8888973785
65138.8888973785
65140.51727167842
65145.4023945782
65147.030768878125
65147.030768878125
65148.659143178054
65150.28751747798
65150.28751747798
65151.915891777906
65153.54426607783
65158.42938897761
65160.05776327753
65160.05776327753
65160.05776327753
65161.68613757746
65161.68613757746
65163.31451187738
65166.571260477234
65168.19963477716
65168.19963477716
65168.19963477716
65169.69047746391
65169.69047746391
65172.67216283743
65174.163005524184
65174.163005524184
65175.65384821094
65175.65384821094
65177.144690897694
65180.12637627121
65183.10806164472
65183.10806164472
65187.580589704994
65187.580589704994
65189.07143239175
65189.07143239175
65190.562275078504
65190.562275078504
65193.543960452014
65193.543960452014
65195.03480313877
65195.03480313877
65195.03480313877
65196.52564582553
65198.01648851229
65199.50733119904
65199.50733119904
65200.9981738858
65202.48901657255
65203.979859259314
65203.979859259314
65205.47070194607
65206.961544632824
65209.943230006334
65211.4340726931
65211.4340726931
65212.92491537985
65215.90660075336
65217.39744344012
65220.379128813634
65221.86997150039
65223.360814187145
65224.8516568739
65226.34249956066
65233.796712994445
65238.26924105471
65239.760083741465
65239.760083741465
65241.25092642823
65242.74176911498
65244.23261180174
65244.23261180174
65250.195982548765
65254.66851060903
65254.66851060903
65256.159353295785
65256.159353295785
65259.113532346666
65259.113532346666
65260.576868710785
65260.576868710785
65262.04020507491
65262.04020507491
65263.50354143903
65266.430214167274
65267.8935505314
65267.8935505314
65267.8935505314
65269.35688689552
65269.35688689552
65270.820223259645
65272.283559623764
65273.74689598789
65279.60024144438
65279.60024144438
65279.60024144438
65281.0635778085
65281.0635778085
65282.526914172624
65282.526914172624
65286.916923264995
65286.916923264995
65286.916923264995
65288.38025962911
65288.38025962911
65289.84359599324
65289.84359599324
65292.770268721484
65294.2336050856
65294.2336050856
65295.69694144973
65295.69694144973
65297.16027781385
65300.08695054209
65305.94029599858
65305.94029599858
65307.40363236271
65307.40363236271
65308.866968726834
65308.866968726834
65310.33030509095
65313.2569778192
65313.2569778192
65314.72031418332
65314.72031418332
65316.18365054744
65316.18365054744
65317.64698691157
65320.57365963981
65320.57365963981
65322.03699600393
65322.03699600393
65323.50033236806
65323.50033236806
65324.963668732176
65330.817014188666
65330.817014188666
65332.28035055279
65332.28035055279
65333.74368691692
65335.20702328104
65338.13369600928
65338.13369600928
65339.59703237341
65339.59703237341
65341.060368737526
65341.060368737526
65343.98704146577
65343.98704146577
65345.45037782991
65347.4418355886
65347.4418355886
65349.4332933473
65351.42475110599
65353.416208864684
65355.407666623374
65361.38203989946
65361.38203989946
65363.37349765815
65363.37349765815
65365.364955416844
65369.34787093423
65371.33932869292
65371.33932869292
65373.33078645162
65373.33078645162
65375.32224421031
65379.30515972769
65381.29661748639
65381.29661748639
65383.28807524508
65383.28807524508
65385.27953300378
65387.27099076247
65389.26244852116
65391.25390627985
65393.24536403855
65395.23682179724
65401.211195073316
65401.211195073316
65403.20265283201
65403.20265283201
65405.1941105907
65407.1855683494
65407.1855683494
65413.159941625476
65413.159941625476
65415.15139938417
65415.15139938417
65417.14285714286
65417.14285714286
65421.12577266025
65423.117230418946
65423.117230418946
65425.108688177635
65425.108688177635
65427.10014593633
65429.09160369502
65431.08306145372
65435.065976971106
65437.057434729795
65437.057434729795
65439.04889248849
65439.04889248849
65441.04035024718
65443.03180800588
65445.02326576457
65445.02326576457
65447.014723523265
65447.014723523265
65449.006181281955
65452.98909679934
65452.98909679934
65454.98055455803
65454.98055455803
65456.97201231673
65456.97201231673
65460.954927834115
65460.954927834115
65468.95376645603
65470.9617280083
65470.9617280083
65472.969689560574
65472.969689560574
65474.977651112844
65478.99357421739
65478.99357421739
65481.00153576967
65481.00153576967
65483.00949732194
65483.00949732194
65485.017458874216
65493.04930508331
65493.04930508331
65495.05726663558
65495.05726663558
65497.06522818786
65497.06522818786
65499.07318974013
65503.089112844675
65509.1129975015
65509.1129975015
65511.12095905377
65511.12095905377
65513.12892060604
65513.12892060604
65519.152805262864
65519.152805262864
65521.160766815134
65521.160766815134
65523.16872836741
65523.16872836741
65529.19261302423
65529.19261302423
65531.200574576505
65531.200574576505
65533.208536128775
65533.208536128775
65537.22445923333
65537.22445923333
65539.2324207856
65543.24834389014
65547.2642669947
65549.27222854696
65549.27222854696
65549.27222854696
65551.28019009923
65553.28815165152
65553.28815165152
65557.30407475606
65557.30407475606
65559.31203630833
65559.31203630833
65561.3199978606
65561.3199978606
65565.33592096515
65567.34388251742
65567.34388251742
65569.3518440697
65571.35980562198
65573.36776717425
65573.36776717425
65579.39165183107
65581.39961338334
65581.39961338334
65583.40757493561
65583.40757493561
65585.4155364879
65588.58426485532
65588.58426485532
65590.16862903904
65590.16862903904
65591.75299322275
65591.75299322275
65594.92172159017
65594.92172159017
65596.50608577387
65596.50608577387
65598.09044995758
65598.09044995758
65601.25917832501
65602.84354250872
65604.42790669244
65610.76536342729
65612.349727611
65613.93409179471
65613.93409179471
65615.51845597842
65615.51845597842
65617.10282016214
65620.27154852955
65620.27154852955
65621.85591271326
65621.85591271326
65623.44027689697
65623.44027689697
65626.6090052644
65626.6090052644
65628.19336944811
65628.19336944811
65629.77773363182
65629.77773363182
65631.36209781554
65632.94646199925
65640.8682829178
65640.8682829178
65640.8682829178
65642.45264710151
65642.45264710151
65644.03701128523
65647.20573965265
65647.20573965265
65648.79010383636
65648.79010383636
65650.37446802008
65650.37446802008
65653.5431963875
65655.12756057121
65655.12756057121
65656.71192475493
65656.71192475493
65658.29628893864
65659.88065312235
65661.46501730605
65663.04938148976
65669.38683822461
65669.38683822461
65669.38683822461
65670.97120240833
65670.97120240833
65672.55556659204
65675.72429495947
65675.72429495947
65677.30865914318
65677.30865914318
65678.89302332689
65678.89302332689
65681.74267835176
65681.74267835176
65683.00796919293
65683.00796919293
65684.27326003408
65684.27326003408
65685.53855087524
65686.80384171639
65688.06913255756
65690.59971423987
65693.1302959222
65693.1302959222
65694.39558676335
65694.39558676335
65696.92616844567
65698.19145928683
65698.19145928683
65700.72204096914
65701.9873318103
65701.9873318103
65703.25262265146
65703.25262265146
65704.51791349261
65707.04849517494
65707.04849517494
65707.04849517494
65708.3137860161
65709.57907685725
65710.84436769842
65712.10965853957
65714.64024022188
65717.1708219042
65717.1708219042
65718.43611274536
65719.70140358651
65719.70140358651
65722.23198526884
65722.23198526884
65723.49727610999
65723.49727610999
65724.76256695116
65727.29314863347
65728.55843947463
65728.55843947463
65729.8237303158
65731.08902115695
65731.08902115695
65733.61960283927
65734.88489368043
65737.41547536274
65737.41547536274
65741.21134788622
65747.53780209202
65747.53780209202
65748.80309293317
65750.06838377433
65750.06838377433
65751.33367461548
65751.33367461548
65755.12954713896
65755.12954713896
65756.39483798011
65756.39483798011
65757.6656300858
65757.6656300858
65760.20721429717
65760.20721429717
65761.47800640286
65761.47800640286
65761.47800640286
65762.74879850855
65765.29038271992
65770.37355114265
65770.37355114265
65770.37355114265
65771.64434324834
65771.64434324834
65772.91513535402
65772.91513535402
65775.4567195654
65776.72751167108
65776.72751167108
65777.99830377677
65777.99830377677
65779.26909588245
65781.81068009383
65781.81068009383
65783.08147219951
65785.62305641088
65785.62305641088
65786.89384851657
65790.70622483362
65809.76810641891
65846.7256015098
65848.13392522866
66347.56072402753
73968.81455390093
74048.98998311418
74049.72715256076
74146.4173778834
74262.30151513993
74263.60531483278
74702.98581132192
74971.38700631882
96956.51953330939
97240.3517753039
97241.57855729338
97598.80867060415
97692.96281297992
97693.9640431238
97804.13786780156
97893.20884175459
98013.51049442615
98014.23116007916
98254.80695909962
98412.40718526272
98412.40718526272
98651.69018711938
98735.37542310072
98735.37542310072
98739.77643472214
98742.417041695
98947.26212761406
99023.9442538528
99033.10385928988
99113.30129356124
99113.30129356124
99330.61224489796
99483.5804063295
99484.75767693823
99678.02810229296
99756.86122296166
99757.99448345418
100117.35908740135
100264.90300200948
100265.89873088883
100634.25790233728
100845.30291337801
100845.30291337801
101174.19601311136
101304.77402791892
101304.77402791892
101536.22322908948
101599.30622941801
101599.30622941801
101612.83934015389
101834.87587771911
101899.43871820538
101900.49496099452
102045.79435967574
102117.93244141535
102118.57608936499
102290.43009191696
102423.04907586396
102423.04907586396
104039.87622154814
104177.08326011048
104177.08326011048
104192.46479572736
104201.43735817053
104343.83208918161
104344.97085093865
104546.0530719214
105207.52511862102
105207.52511862102
105406.41233505758
105599.64425156059
105599.64425156059
105606.96093338121
105611.35094247358
105984.93081395794
107178.86475293973
107179.51940341841
107312.39694679818
107410.0718984711
107411.2436678153
108066.51028812873
108079.13569021768
108080.538512672
108083.34415758066
108084.746980035
108086.14980248932
108087.55262494365
108088.95544739798
108090.35826985231
109907.81653282803
110228.64477876513
110229.82755063838
110433.81443929125
110537.9863843703
110538.80057152026
110653.52394196166
110702.96930752833
110704.14657813706
110931.34880309293
111022.00964249422
111022.99987010904
115753.4052063356
115884.43982609893
115885.23750945531
116189.4904453732
116234.30374620833
116235.35998899747
116630.63684777541
116875.13504840349
116876.70841005814
117947.05644144592
117973.60554405213
117973.60554405213
118137.78528258926
118241.12653672477
118241.12653672477
118713.76767854278
118744.06864355627
118745.85105326294
119116.98286203288
119169.84451287067
119169.84451287067
119181.7052391904
119816.35312005745
120012.61623331475
120013.93653680118
120143.64535181351
120245.84784419196
120245.84784419196
120332.89985406368
120403.3710526517
120455.00042023549
120455.00042023549
120760.7331963111
120776.90691401983
120795.3911628298
132597.08891418792
132671.00390436972
132671.00390436972
133117.00242208454
139167.64522956318
139195.71818244332
139208.70116672653
139307.6634142987
139309.37980883106
142420.21286837463
142593.09560739307
142593.09560739307
142809.06975144983
142888.26045431275
142889.53674768299
143242.26682661084
143832.57451539207
143834.48345418286
144237.10450110407
144383.52065648424
144385.14352951964
146712.866082412
148612.4802298306
148657.75563688597
148657.75563688597
149252.1892740623
149563.70387915554
149568.29193377087
158167.67059650517
158197.2453946011
158401.10025290537
158401.10025290537
158663.20800128364
160122.0608348169
160708.62766371993
160717.49020087256
160815.891319463
160847.27603358828
160847.27603358828
161094.55237280237
161100.57625745918
161101.78103439056
161112.62402677283
174945.8232413145
175068.05583783495
175068.9525439528
175164.09141267888
175385.3027605651
175388.52100031328
175389.1646482629
175396.8884236585
175401.39395930592
175546.8253883358
182737.33020576258
182901.97205051995
182933.20272923846
185614.3980317698
185894.1758418081
185895.3531124168
186591.60965471924
186680.83466407904
186680.83466407904
186892.85339894102
187081.3927368027
187081.3927368027
187425.1557545519
187564.1837116726
187565.61404044955
187804.65498666707
187848.3130219516
187946.32355076063
187946.32355076063
188178.37238976458
188284.78334950603
188286.16966816678
189813.5957640263
190054.71618823492
190054.71618823492
190238.2383728482
190766.60732432248
190767.7460860795
190971.86500508102
191105.51272549454
191107.13559852995
191378.54048395847
191487.33899250452
191487.33899250452
191859.24647957273
192384.93081395794
192386.41065411564
192661.6114120676
195309.11146937247
197014.69601693167
197055.87848317914
197101.79203691962
197109.37277943752
197136.5490261998
199261.54448001587
199261.54448001587
199988.44856699702
200117.5467416469
200119.62071837348
200361.1152285699
200551.98710259094
200571.19751831843
200571.19751831843
200591.7942527067
200594.5668900282
200875.791532637
201503.15023800608
201504.88313633204
202283.64214274255
203030.63684777543
203032.24321701724
203346.66248978063
203383.0808609479
203494.82804728032
203496.58295066433
204013.39374536785
204130.10857356794
204131.70944154524
204402.8997776572
204487.70177033747
204487.70177033747
204733.78433514925
205215.19999388748
205216.56980875466
205745.36785886198
217950.39632026528
218019.58022295404
218021.02155426005
218055.97108779862
218070.47792235576
218710.58305763337
222355.7429381337
222779.01573208842
222852.57314007595
222853.8549347107
223168.7528174879
226555.1882272939
226602.41108199174
226602.41108199174
226606.6690607355
226606.6690607355
233023.0029263671
233107.96445571864
233107.96445571864
233184.7566072479
233861.63219462248
233873.2838728902
255007.26625356247
255111.1026215054
255112.3404060239
255934.0147770078
260404.79893642222
260449.46920437962
260474.35692509875
260474.35692509875
260477.22858518173
260478.1858052094
260479.14302523705
260480.1002452647
260481.05746529237
260482.01468532003
260482.9719053477
260483.92912537535
260484.886345403
260485.84356543067
260486.80078545833
260488.71522551365
260489.6724455413
260490.62966556897
260491.58688559663
260492.0159842297
260492.8741814959
260492.8741814959
264969.2311218759
264971.47563780285
264971.7672048228
264972.05877184274
264972.3503388626
278145.85991641134
278212.1556552235
278212.1556552235
283807.15622827195
304198.14332322223
304238.5721162295
304260.67069583357
324836.11519036663
324840.86828291777
324842.4526471015
324877.30865914316
324877.30865914316
332070.63012400764
332085.37351293943
332088.0471274994
332089.38393477944
332090.72074205946
332093.39435661945
332094.7311638995
332096.0679711795
332098.7415857395
332101.4152002995
332102.75200757955
332104.0888148595
332105.42562213953
332108.0992366995
332110.77285125956
332112.1096585396
332114.7832730996
332117.4568876596
332118.7936949396
332120.1305022196
332122.80411677965
332125.47773133963
332215.6984695788
332215.6984695788
336689.9319218515
339031.17658295063
339765.7164250949
339771.50375537714
339893.05419509625
339894.3414909955
340250.900450034
340535.84394746297
340540.39899449114
340613.87388351077
340613.87388351077
340615.9643640309
340620.1453250713
356239.4180884634
356393.734059704
356403.54831561976
356404.7750976092
356412.13578954607
356413.3625715355
356415.81613551447
356418.2696994934
356419.49648148287
356420.7232634724
356421.9500454618
356423.17682745133
356425.6303914302
356425.6303914302
356426.85717341973
356429.3107373987
356430.53751938813
356431.7643013776
356432.9910833671
356435.44464734604
356436.6714293355
356437.89821132494
356439.12499331444
356440.3517753039
356442.80533928284
356445.2589032618
356446.48568525125
356447.7124672407
356450.16603121965
356451.39281320915
356451.39281320915
356452.6195951986
356455.07315917755
356456.299941167
356457.5267231565
356458.75350514596
356461.2070691249
356462.43385111436
356463.66063310386
356464.8874150933
356466.11419708276
356467.34097907227
356468.5677610617
356469.7945430512
356507.8247847248
356507.8247847248
356510.27834870375
356515.3945247136
356581.4427066221
356581.4427066221
357018.08357337693
357090.1886475294
357091.19537893776
357096.16852207005
357099.00717456586
357119.82395953516
357125.5012645268
357126.4474820254
357141.5869620031
357181.0310286601
357185.03594923555
357185.03594923555
357191.0433300988
357194.04702053044
357217.8344883442
357223.59981356823
357477.169599401
357586.50723187067
357586.50723187067
357739.3048541019
357740.2895804522
358561.5733616547
358603.6965441362
358872.8789186959
358873.7371159621
359079.60543708305
359194.26279235014
359195.50607813324
359511.70225933875
359516.675402471
359516.675402471
360024.61815875734
360037.54613039526
360044.0101162142
360045.302913378
360051.76689919695
360344.1591087951
360508.2893359515
360508.2893359515
360816.22261783783
360930.5664010269
360931.5291223191
362140.48701472353
362236.5941060063
362236.5941060063
362239.1356902177
362239.98288495484
362241.67727442906
362817.747690615
364006.075841044
364007.3411318851
364163.1369432835
365409.78399896086
365411.1098037118
365747.52313205326
365751.20347802166
366435.3847446879
366435.3847446879
366441.19958129263
369830.688192911
369927.14186385897
369928.1871041191
370287.2766448399
370379.5658585411
370386.3049075864
370594.6212914219
372065.9674966954
372067.4418355886
372260.03010414203
372282.4752634113
372283.59752137476
372573.2611037676
372727.9456597315
372729.92611496116
373238.5730331069
373358.3905745001
373358.3905745001
373483.687375362
373614.3974205182
373615.9322733212
373646.6293293806
373982.101941488
374143.9711489238
374143.9711489238
375260.07319738076
377769.72256817366
377770.99886154383
378312.11424292665
378725.35823164904
378733.80817396217
378738.03314511874
378871.99443761026
378873.07818672206
378923.799845659
379240.3426065297
379742.3605009207
379830.8483408339
379832.27866961085
380208.1250620802
380220.02429725166
380226.82386020676
380243.8722789752
383127.53612115013
383207.60702633735
383209.55997524434
383667.7162875633
383712.43056563695
384214.3219309439
384407.30078927864
384409.8368722255
384612.9050497024
384721.4835076674
384723.45296036795
384945.62152828183
385025.58240817854
385027.15026856866
397385.38894704264
397473.6127262586
397475.4996599913
397897.38613528525
397910.1490689874
397911.7444357001
397918.1259025512
397958.4611740615
407670.89968596946
407752.4064211982
407752.4064211982
408273.1176124512
409833.80435363966
419462.3430802497
419505.6380320754
419506.7272824517
419815.7993260951
419820.14532507124
419821.8837246617
421443.51347427774
424276.37863981235
424319.5085537023
424319.5085537023
431007.03275544586
431101.7040166871
431102.73275315366
431104.7902260866
435756.857555452
435771.9420227844
435771.9420227844
435772.71219981817
435773.4823768519
436742.07901955245
436754.3468394471
436754.3468394471
442538.77795521053
442839.12499331444
442839.12499331444
443039.47004485055
443140.19269707135
443140.19269707135
443367.48294225964
444063.92102629144
444064.7352134414
444245.68280625617
444353.8596719107
444354.739874235
444497.71223802137
444599.5186393539
444600.53637329134
444774.8274360287
444887.5373436533
444889.1327103661
445150.94889172446
445278.02810229297
445278.88629955915
445471.667112371
445600.4792212654
445601.72250704846
445808.2454786482
446381.9558523522
446383.24864951597
446579.02215023036
446683.5846850908
446684.9434974289
446860.59337250434
446964.13267216284
446965.5299933526
447148.56806668756
447297.8338770926
447297.8338770926
449226.98981502
449521.8465911261
449523.1558920835
449908.5304747133
450138.19726617716
450139.3195241406
450498.20001680945
450773.85737971717
450775.4912552816
451129.3435921729
451307.9366437702
451309.27345105016
451804.480779957
451977.556063234
451979.16243247583
452178.19268179004
452288.2234735901
452289.9618731806
453582.4509661596
456518.2998036354
456519.52108436037
456664.49040717
456775.5224291139
456775.5224291139
456966.6308575096
457440.54279143334
457442.0556391782
457826.6325384515
457972.8121394571
457972.8121394571
458225.5512343462
459870.8144163693
459872.20073503006
460011.32771491224
460075.791532637
460077.32638544
460357.1041954783
460498.2006280611
460498.2006280611
460708.3489329839
462863.0622177737
462925.2375094553
462928.25220241596
463320.5033657042
463448.2262242224
463452.26965364954
463718.420831455
463776.5141848578
463778.93474124954
464136.53894054814
464153.1307543609
464299.5084008894
464301.2908105961
464759.67817602516
465058.39683982916
465060.55333552364
467050.64678061416
467305.68540407554
467318.6683883587
467320.29126139416
467724.6727129639
468505.01608355815
468835.6750892045
468839.1518883854
487057.57959642116
487232.9599095348
487234.1756889952
487657.6355259438
487846.28488909604
487847.7812330473
487852.27026490116
488221.88922592625
490318.72920789436
490369.1923073985
490371.0682386021
490872.02989020396
490976.03129608266
490976.03129608266
491226.52037378034
491494.9875839516
491516.86061171006
491530.9218438405
491809.8359553481
491811.3983144737
518767.74853108596
518774.746139564
518822.90971049597
518823.85042673006
518826.6725754323
518827.6132916664
522616.2241459669
522628.00785458327
522628.00785458327
522674.71359041554
522678.6414932877
522730.25435707794
523055.0600172679
523061.8430764294
523061.8430764294
523062.73428128276
523063.1798837094
523076.1023540828
534929.5284957861
534999.0204692885
534999.7081273543
535147.3895735756
535233.3908419227
535233.9244645819
535433.0537366575
535485.7448482949
535485.7448482949
535764.141840937
535929.7023968704
535931.0116978277
536150.1655727809
536169.392492302
536689.2839951406
536689.2839951406
538049.5816746766
538379.1624324757
538412.896186554
538420.9280327631
538460.7076765562
538460.7076765562
540921.6268461709
541003.4526547422
543654.0279189175
543669.8385531674
545771.4701365383
545771.4701365383
545926.435256993
546055.3078797973
546204.2711206535
546205.6574393142
546349.9005952063
546403.7689774525
546403.7689774525
546591.450118048
546677.6659357116
546678.9532316108
546887.6382001695
546979.2892671857
546979.2892671857
547104.883136332
547212.5538856501
547213.7476600524
547404.8010758028
547491.1379212862
547492.5627487985
547687.6760977696
548141.3433782348
548142.108054004
548257.5410875694
548378.6349223328
548378.6349223328
548598.509462939
549596.361830393
549597.7811566408
549781.3363488413
549850.9218438405
549852.2696536495
550337.8442683701
550679.9018941158
550681.6843038226
550957.253646498
551105.6227507851
551108.8684968558
551408.0712719383
552314.4431115764
552319.4767686183
552548.4669045453
552572.8925190442
552574.9279869192
552760.733196311
552929.6330198122
552930.7992878918
554046.2466858702
554121.1409011376
554126.438618877
554390.9009084727
554570.7042382659
554570.7042382659
561008.305992558
561035.3392064426
561035.3392064426
561308.0588940929
565042.119209346
568149.6955202897
568159.5537863217
568168.1797690997
568170.6443356076
568174.3411853696
568176.8057518777
568178.0380351316
568180.5026016396
568181.7348848936
568184.1994514016
568185.4317346556
568187.8963011636
568189.1285844176
568191.5931509256
568194.0577174337
568195.2900006876
568197.7545671957
568198.9868504496
568205.1482667197
568205.1482667197
568205.1482667197
568206.3805499736
568321.7640721581
568321.7640721581
568326.0220509019
568327.4413771498
578482.3080860948
578490.7250208209
578492.1278432751
578493.5306657294
578496.3363106381
578497.7391330925
578500.5447780011
578501.9476004554
578503.3504229097
578506.1560678184
578507.5588902727
578508.9617127271
578510.3645351814
578511.7673576358
578514.5730025443
578515.9758249987
578517.378647453
578520.1072746583
578521.471588261
578524.2002154662
578525.5645290689
578526.9288426716
578531.0217834795
578532.386097082
578533.7504106847
578535.1147242874
578537.8433514927
578540.5719786979
578543.3006059033
578544.6649195058
578546.0292331085
578547.3935467111
578550.1221739164
578551.486487519
578554.2151147244
578555.5794283269
578558.3080555323
578559.6723691348
578563.7653099428
578565.1296235455
578566.4939371481
578569.2225643534
578570.586877956
578574.679818764
578576.0441323665
578578.7727595719
578581.5013867771
578584.2300139824
578585.5943275851
578586.9586411878
578589.687268393
578592.4158955982
578595.1445228036
578596.5088364062
578596.5088364062
578599.2374636114
578602.2081464558
578605.1788293003
578608.1495121447
578609.634853567
578612.6055364115
578615.5762192559
578617.0615606782
578621.5175849448
578663.1071447673
579572.1525989654
579574.3476035116
579759.3771346053
579874.8541782869
579876.5100589094
580106.8865134972
580227.0066244394
580227.0066244394
580539.9185507224
580774.6575080799
580776.527938019
580962.3991625854
581054.0282245432
581145.6572865013
581147.566225292
581369.3442034245
581406.0376378181
581436.8557216971
581456.3081930638
581457.804537015
581459.3008809664
581459.3008809664
581481.7460402356
581942.5209544695
585380.4041901298
598489.4334461602
598621.8048732034
598623.6202904973
608698.1960436739
608699.021233353
608699.4338281925
608706.4479404641
608706.8605353036
608707.6857249826
609982.1911842236
610014.142528595
610014.7806752803
611099.8720955998
611100.8403181565
611101.0823737957
611109.0702098885
611109.0702098885
611109.7963768061
611110.0384324453
612592.6732325277
612650.3759961491
612650.3759961491
615169.4325292828
615368.2042191643
615368.6993329717
615430.0494349743
615465.1365001261
615465.9891961277
615558.0528579834
615657.5267231566
615657.5267231566
616015.7965754629
616067.6074847761
616068.4051681324
616331.1785695184
616373.0211875091
616373.0211875091
616704.0047677625
616826.5344325674
616827.7117031761
617006.8658837553
617013.9900213174
617067.1377379106
617067.9959351767
617512.0800128363
617578.1777061255
617579.2944628245
618169.3270883794
618251.427960177
618252.984818038
618547.296968956
619569.9050267806
619571.3353555575
619723.5223374262
619772.5165993016
619772.5165993016
620172.2659861399
620284.7833495061
620286.1696681668
620931.6440376225
621085.6464367851
621085.6464367851
621087.483859137
621088.402570313
621090.2399926649
621091.1587038409
621623.4885657744
622992.6817900504
623092.5297412113
623094.1526142468
623383.1615461609
623390.8633164983
623595.9394555277
623595.9394555277
623857.7226292988
623868.3895812163
624583.2679039418
624584.5937086927
624857.6214671567
624898.770925817
624899.7996622835
625936.078362457
627796.5510127675
627797.8383086667
627987.719955073
628098.8454985139
628099.9897615354
628325.893688063
628382.7327531538
628384.0860642273
628697.4931043177
628818.8950098946
628818.8950098946
628845.0040113387
628955.8985016694
629005.2888545908
629062.9421068315
629070.0057304838
629071.1830010925
629095.9056838759
632152.8043459989
632154.8783227255
632379.53896347
632427.4164686466
632429.2758960567
632634.77013119
632684.8096333254
632684.8096333254
632880.3960910459
632976.2666279541
632977.7849769634
633139.4561388764
633144.6053224734
633409.8983030127
633411.0755736214
633421.8415483003
633632.8480504893
633634.0418248917
633662.6924105472
633706.9005722842
633707.9678176024
639081.6635212677
639209.2543494372
639210.4096149879
639303.9751220593
639377.5270287824
639380.9268102599
639477.1109192461
639612.2439810818
639613.6302997426
639787.9158612153
639917.514650937
639917.514650937
640078.0965624738
640136.5199917482
640138.1428647835
640496.4182183543
640627.1282635105
640628.8116504557
646447.0315329427
646541.5597613063
646899.3069934825
646899.3069934825
655962.1891976559
656023.0716921737
656024.5735373895
656174.9891120807
656247.9248771765
656249.8338159673
656409.7940846125
656500.2458759618
656501.7972325584
656652.8564551991
656751.6811711581
656751.6811711581
656852.7614055731
657059.097334179
657539.2146944888
660029.3125711535
676663.7556827299
676688.2143048159
676688.2143048159
676977.2507430528
676982.4769443532
676983.5221846133
676989.7936261739
677547.6493555115
677689.3839347794
677690.7207420594
694663.2495663934
694702.1875167139
694719.3734670955
694719.3734670955
694912.7484164763
694919.1848959726
694923.8334644977
697416.2033634121
697417.6281909245
697417.831737712
697426.1386471473
697426.1386471473
701087.7748149054
701092.0878062944
701092.7039479214
701093.3200895484
701093.9362311754
701095.1685144294
701095.7846560564
701096.4007976834
701097.0169393104
701098.2492225644
701098.8653641914
701099.4815058184
701100.7137890724
701101.3299306994
701101.9460723264
701105.0267804614
701178.606193507
701178.606193507
704937.0481131426
704941.6031601708
704945.0194454419
704947.296968956
704949.5744924701
705077.8474774411
705084.8175795964
705087.8047662345
705089.7962239932
705090.7919528725
705091.7876817519
705091.7876817519
705093.7791395106
705093.7791395106
705144.5173022411
705332.1324276623
705334.0963790982
705556.1164128699
705638.8389275591
705640.1317247228
705850.9731889762
706013.8051177041
706015.1419249842
706486.2537152637
706722.6760595664
706723.7323023556
706905.0594824227
706959.0763988112
706959.9676036645
707178.1972661772
707416.6275720322
707472.7844803215
707473.7031914975
708930.9386532599
709441.092917886
709442.3031960819
709729.2491537986
709881.1115610602
710065.6514796109
710065.6514796109
710377.6942060988
710401.1075879248
710541.3568257703
710542.6936330504
710852.9484485671
711024.9509852611
711024.9509852611
711304.9433446161
711310.0870269486
711932.47809045
711933.8809129043
711945.1034925389
714026.7819894713
716604.2344455565
716605.7472933014
716921.8884618618
717066.4396885673
717066.4396885673
717190.2181404198
717224.4690133635
717225.6187776495
717360.8343584533
717423.9998777496
717423.9998777496
717600.7775120531
717720.0394257292
717721.0681621956
717889.2088111921
718022.141367217
718023.2856302386
718280.4147342202
719362.6014868695
719742.2107442752
719743.9711489239
719787.5301614469
723915.3599889975
723916.9828620328
724160.6613742465
724229.2841479535
724230.3623958007
724409.8246471932
724473.078186722
724474.1619358339
724636.0366445342
724719.9199260386
724724.6290084735
724725.8062790822
724995.5772889464
725233.5454885811
725233.5454885811
725236.7637283292
725374.9279869192
725458.0245875962
725459.4549163731
725675.9846881471
725731.9655559715
725733.1318240513
725936.5905913096
726036.3835298253
726037.9128813636
726261.4292590866
726388.5524797713
726388.5524797713
726575.8815394372
726721.9731202102
726875.0293018743
726876.8282153746
727113.5366254327
727318.750296075
727318.750296075
727626.0729375989
727881.9367507392
727883.7961781493
728259.7966060254
728309.0439260692
728378.2718388741
728380.9344509051
750152.1558080364
755049.3264771277
755272.2157106946
756658.9634700755
757248.8420602236
757250.16236371
757626.1187814699
757716.4770513222
757719.6127721025
757983.2223656966
758073.0030027735
758073.0030027735
758260.2495434714
758936.2724348444
758937.6642547697
759124.2176361372
759244.365253402
759245.8670986178
759406.2014532506
759531.4982541126
759531.4982541126
771114.141153279
777289.6626655154
777323.8750296074
777324.914768603
777328.0339855897
777330.1134635808
777331.1532025764
777331.1532025764
777332.1929415719
777333.2326805675
777334.272419563
777335.3121585586
777336.3518975542
777337.3916365497
777338.4313755453
777339.4711145409
777339.4711145409
777340.5108535364
777341.550592532
777342.5903315275
777343.6300705231
777345.7095485142
777346.7492875098
777387.7887208796
777413.2320693159
780751.9275055586
784937.7186561633
788538.3678053775
788686.7534134582
788687.9911979767
788859.6306512122
788935.0144790226
788936.0157091665
789098.0609570672
789150.1029194905
789150.1029194905
789429.4626334247
789566.4331176124
789566.4331176124
789742.2590331528
789756.0452020569
789810.9368195051
789810.9368195051
789819.9368882708
789942.417041695
790039.7344111736
790040.5596008527
790134.1526142467
790135.2913760038
790141.2767518089
790201.5541072289
790272.999029638
790272.999029638
790380.4112195234
790474.7744099512
790474.7744099512
790605.0553564742
790749.6946034123
790750.9488917245
790925.1299291713
790927.3964501563
791419.6826075993
791420.7223465949
791551.1463259958
791640.1677885681
791641.7136439001
791881.3927368027
791998.7622154815
792000.0550126453
792221.0793175376
792538.9808907463
792538.9808907463
792699.1887162952
792785.7731186822
792786.9008779101
792975.3191879522
793082.0107121846
793140.6321869818
793140.6321869818
794803.6204433102
795004.5926390024
795005.3573147716
795207.1051887622
795697.0037974006
795697.9500148993
796654.674928751
798738.1028278029
798839.3260950955
806864.9063638933
807157.1060292331
807160.5058107106
808628.0561434608
808865.0506192743
809626.299100696
810819.7764347221
810820.882188892
810997.7038333117
811006.406833793
811144.642608822
811145.8198794307
811384.9048357643
811503.5451065488
811504.7993948609
811763.7329136071
811817.9753818413
811819.4057106182
811987.3043039754
812186.0264824763
815193.9363839882
815195.8893328953
815533.705483691
815829.1123862499
815831.8080058681
823785.2281878681
824157.6472925374
832643.4963592326
836678.2998036355
836869.9198496322
836871.8067833649
837523.0629818381
837661.2657492799
837662.6685717342
837911.2322068476
838827.0277126201
838829.2227171662
847432.6118017405
847463.7214526394
847463.7214526394
847880.161676052
847888.7491499783
847891.2027139572
855889.5737284056
855916.5904384966
855919.2145416759
855920.9639437954
855922.7133459148
861105.1685908359
861115.3349276814
861120.418096104
861122.1124855784
861122.1124855784
861123.8068750526
861127.1956540011
861127.1956540011
861128.8900434753
861132.2788224238
861132.2788224238
861132.2788224238
861133.9732118981
861135.6676013723
861137.3619908466
861139.0563803208
861139.0563803208
861140.750769795
861142.4451592693
861144.1395487436
861144.1395487436
861149.2227171663
861150.9171066405
861154.305885589
861157.6946645376
861157.6946645376
861159.3890540118
861159.3890540118
861162.7778329602
861164.4722224345
861164.4722224345
861166.1666119088
861166.1666119088
861169.5553908573
861171.2497803315
861171.2497803315
861172.9441698057
861174.63855928
861176.3329487543
861176.3329487543
861178.0273382285
861178.0273382285
861181.416117177
861183.1105066512
861188.193675074
861193.2768434967
861193.2768434967
861194.971232971
861196.6656224452
861203.0690943543
861204.6699623317
861207.8716982863
861209.4725662635
861209.4725662635
861214.2751701954
861217.47690615
861219.0777741272
861222.2795100819
861225.4812460365
861227.0821140137
861228.682981991
861228.682981991
861231.8847179456
861231.8847179456
861233.4855859228
861236.6873218775
861238.2881898548
861239.8890578321
861243.0907937867
861243.0907937867
861244.6916617639
861246.2925297412
861247.8933977186
861249.4942656958
861249.4942656958
861251.095133673
861251.095133673
861254.2968696277
861255.897737605
861255.897737605
861257.4986055823
861257.4986055823
861260.7003415369
861260.7003415369
861262.3012095141
861263.9020774914
861268.7046814233
861268.7046814233
861270.3055494006
861270.3055494006
861273.5072853552
861273.5072853552
861275.1081533325
861275.1081533325
861278.3098892871
861279.9107572644
861279.9107572644
861279.9107572644
861283.112493219
861284.7133611962
861284.7133611962
861286.3142291735
861286.3142291735
861289.5159651281
861289.5159651281
861291.1168331055
861292.7177010827
861295.2152751778
861297.712849273
861297.712849273
861298.9616363206
861298.9616363206
861301.4592104157
861302.7079974633
861302.7079974633
861302.7079974633
861303.9567845109
861307.7031456536
861308.9519327012
861308.9519327012
861310.2007197487
861311.4495067964
861312.698293844
861312.698293844
861313.9470808916
861316.4446549867
861316.4446549867
861317.6934420343
861322.6885902246
861325.1861643197
861325.1861643197
861326.4349513673
861326.4349513673
861328.9325254625
861328.9325254625
861330.18131251
861330.18131251
861331.4300995576
861333.9276736528
861333.9276736528
861335.1764607003
861335.1764607003
861336.4252477479
861337.6740347955
861338.9228218431
861338.9228218431
861340.1716088906
861341.4203959382
861343.9179700334
861343.9179700334
861347.6643311762
861347.6643311762
861348.9131182238
861348.9131182238
861350.1619052714
861351.4106923189
861353.9082664141
861355.1570534616
861355.1570534616
861356.4058405092
861357.6546275568
861357.6546275568
861360.152201652
861361.4009886995
861361.4009886995
861362.6497757471
861362.6497757471
861363.8985627947
861365.1473498422
861366.3961368898
861370.6156067818
861373.5862896263
861373.5862896263
861375.0716310486
861376.5569724707
861376.5569724707
861378.042313893
861379.5276553152
861381.0129967375
861381.0129967375
861382.4983381596
861385.4690210042
861385.4690210042
861386.9543624264
861386.9543624264
861389.9250452708
861389.9250452708
861391.4103866931
861391.4103866931
861392.8957281153
861394.3810695375
861398.8370938043
861398.8370938043
861400.3224352264
861401.8077766487
861401.8077766487
861401.8077766487
861404.7784594932
861406.2638009153
861406.2638009153
861407.7491423376
861407.7491423376
861410.719825182
861410.719825182
861412.2051666043
861412.2051666043
861415.1758494488
861416.6611908709
861416.6611908709
861418.1465322932
861419.6318737154
861421.1172151377
861424.0878979821
861427.0585808266
861428.5439222488
861428.5439222488
861430.029263671
861430.029263671
861432.9999465155
861432.9999465155
861434.4852879377
861435.97062936
861437.4559707822
861438.9413122045
861438.9413122045
861441.9119950489
861441.9119950489
861443.3973364711
861443.3973364711
861444.8826778934
861447.8533607378
861447.8533607378
861449.33870216
861453.7947264267
861456.7654092711
861458.382781042
861460.0001528128
861461.6175245837
861463.2348963546
861463.2348963546
861464.8522681255
861468.0870116672
861469.7043834381
861469.7043834381
861471.321755209
861471.321755209
861472.9391269798
861477.7912422925
861477.7912422925
861479.4086140633
861482.6433576051
861482.6433576051
861484.260729376
861485.8781011468
861489.1128446886
861492.3475882303
861492.3475882303
861493.9649600012
861493.9649600012
861497.199703543
861497.199703543
861498.8170753138
861498.8170753138
861502.0518188556
861502.0518188556
861503.6691906264
861503.6691906264
861506.9039341682
861506.9039341682
861508.5213059391
861508.5213059391
861510.1386777099
861513.3734212517
861514.9907930226
861514.9907930226
861519.8429083352
861523.0776518768
861523.0776518768
861524.6950236477
861524.6950236477
861527.9297671895
861527.9297671895
861529.5471389603
861529.5471389603
861532.7818825021
861532.7818825021
861534.399254273
861534.399254273
861537.6339978147
861537.6339978147
861539.2513695856
861539.2513695856
861542.4861131273
861542.4861131273
861544.1034848982
861545.7208566691
861550.5729719817
861552.1903437526
861553.8077155235
861553.8077155235
861554.731927964
861555.6561404045
861556.580352845
861556.580352845
861557.5045652855
861558.428777726
861559.3529901665
861559.3529901665
861560.277202607
861560.277202607
861562.125627488
861563.0498399285
861563.974052369
861563.974052369
861565.82247725
861565.82247725
861566.7466896905
861568.5951145715
861570.4435394525
861570.4435394525
861571.367751893
861572.2919643335
861573.216176774
861573.216176774
861574.1403892145
861575.064601655
861575.9888140955
861575.9888140955
861671.9198649133
862209.294386418
862209.294386418
872174.7030463252
872185.6175551463
872194.6341277057
872194.6341277057
872196.1084665989
872196.4770513222
872213.4539536518
874485.2176437778
874671.1053721376
874671.1053721376
874846.4856852513
874946.9827856264
874948.418615668
875216.8583195165
875297.9689636993
875298.9701938431
875494.215573163
875597.0507109619
875597.0507109619
875715.9550424437
875798.4300002293
875798.4300002293
875965.2503457392
876057.4075290917
876057.4075290917
876249.1155953208
876416.585090045
876417.4542898402
876785.4723828881
876863.6068429619
876863.6068429619
876994.1848577694
877075.3395120683
877076.5167826772
877252.788300644
878050.9887758923
878052.5346312243
878243.4230090388
878306.8305839745
878306.8305839745
878530.7870628596
878634.6674409187
878636.0262532568
878640.1026902712
878646.8967519618
879031.7652182551
879242.6837002117
879243.8939784075
879412.6947791472
879535.3509730361
879535.3509730361
880409.4083848441
881221.7086010743
881248.1146708028
881248.774822546
881251.4154295189
881252.7357330053
881948.3871362098
881949.5258979668
882160.6424254464
882398.4840959971
882399.7493868383
882503.063134651
882546.193048541
882547.7334026084
882733.0104906058
882739.5459928637
882782.0267575395
882783.6606331039
882785.2945086684
882789.5029760313
883133.7941151751
883293.3307864516
883294.6180823508
883357.3985131305
883795.2001467004
883795.2001467004
884886.9535983618
898513.3052666967
898572.4273565661
898572.4273565661
898995.1940341842
899002.8958045217
899004.4361585892
899027.5414696017
916994.231312892
917062.832081541
917064.4274482537
917067.6181816793
917069.213548392
917070.8089151048
917075.5950152432
917077.1903819558
917078.6427157909
917080.095049626
917081.547383461
917081.547383461
917084.4520511312
917085.9043849662
917085.9043849662
917087.3567188013
917088.8090526364
917090.2613864715
917091.7137203065
917093.1660541416
917096.0707218117
917096.0707218117
917097.5230556468
932247.873532041
933053.8968054462
933153.0185896897
933153.0185896897
933474.6775265704
933480.2558088006
933481.1855225055
933486.7638047357
934659.4188525279
934720.1088027873
934720.9780025826
934722.7164021729
934723.5856019682
934724.4548017634
944342.3595840433
944437.2343920721
944438.7912499332
944440.3481077942
948454.4667975764
948576.8589307681
948576.8589307681
948581.8320739003
948598.0277966672
948598.7319585265
948963.8123763171
950643.975580498
950717.5990036599
950717.5990036599
950724.596612138
951170.243048923
967136.6070951031
967157.929996409
967158.6781683846
967310.2270035682
967315.5962377463
967316.2673920186
967359.8484095996
970364.7051092994
970369.5242170248
970371.1305862666
970372.7369555085
970374.3433247503
970375.9496939922
970375.9496939922
970377.556063234
970379.1624324757
970382.3751709594
970382.3751709594
970383.9815402012
970385.5879094431
971133.8809129043
971164.7430068996
971297.1309377364
971297.1309377364
975741.3549920155
975749.9369646773
975751.3672934542
975752.7976222312
977085.8420373016
978339.8002735351
978789.913737116
978789.913737116
986850.8836406147
987373.3167276644
987373.3167276644
987388.4507063776
987403.5846850908
990830.3773714653
996976.8247006778
1000233.556796736
1000243.4810779423
1000282.0229372168
1000282.0229372168
1000287.7002422084
1003027.7920827635
1007064.4219469893
1008074.1295394984
1008074.1295394984
1019778.5704352875
1020013.914531743
1020014.9762757967
1020035.1494128164
1025696.8418157229
1027502.5603801985
1027560.0540957679
1027561.1763537313
1027830.6943054271
1027840.4645512267
1027843.7212998265
1027926.9004194714
1027993.6252569167
1028252.8778490055
1028254.3906967504
1031878.1616607707
1031893.7522444396
1031907.9455069186
1031924.9774218935
1031961.648851229
1031985.051230526
1032082.5996531147
1032082.5996531147
1032310.0329311807
1032323.246968574
1032327.8020156021
1032329.3203646116
1032330.8387136209
1032338.4304586679
1032339.9488076773
1032342.985505696
1032346.0222037148
1032347.5405527243
1032350.577250743
1032353.6139487618
1032356.6506467806
1032358.16899579
1032361.2056938087
1032362.7240428182
1032365.760740837
1032367.2790898463
1032370.3157878651
1032370.3157878651
1032373.3524858839
1032482.4920728307
1032482.4920728307
1032498.1211653512
1032581.0802344149
1032581.0802344149
1032622.6697942374
1032627.2908564399
1038832.4751870048
1038837.5583554276
1038879.1919253662
1038879.5440062959
1039978.3005677
1040024.1205999434
1040061.6997379258
1040061.9197885069
1040196.2606682508
1040875.094705797
1040887.8521382345
1040935.916686405
1040936.1587420442
1040937.8531315185
1041348.5445335003
1044496.9952398781
1044498.4695787713
1044498.8381634946
1044514.1756889952
1044514.1756889952
1048395.0482506743
1048445.9404488115
1048445.9404488115
1048561.9896240039
1048642.8802176057
1048644.3710602925
1048790.0390436968
1048832.4207856113
1048833.59805622
1048906.8088845422
1048949.1521176049
1048950.1368439551
1049065.4213433783
1049089.4343630376
1049090.1330236325
1049177.4710992596
1049219.1046691984
1049219.9298588773
1049354.7438473704
1050090.9010612855
1050090.9010612855
1050100.3412312134
1050103.7740202781
1050265.4396809267
1054085.6663024626
1054091.0025290535
1054098.473246281
1054154.3275850213
1054154.3275850213
1054156.7811490002
1054158.0079309896
1054161.6882769582
1054162.9150589476
1054957.275651556
1054989.0509554627
1054995.1023464422
1055015.6770757723
1055022.9387449475
1055115.249963707
1055116.8728367423
1055147.707424415
1055152.576043521
1055160.5253707625
1055163.0559524447
1055166.8518249681
1055169.3824066503
1055173.178279174
1057441.1791043635
1057487.5877719114
1057505.8244638178
1057510.0329311807
1057536.686557813
1057536.686557813
1057546.5063149934
1070216.3531200576
1070256.0392423535
1070322.274467256
1070322.274467256
1071397.9257176474
1071411.5248435577
1073731.3640843832
1073786.2887094186
1073786.2887094186
1074727.3020117818
1074761.4538619642
1074816.9506185104
1074823.3540904194
1080721.545855332
1080881.8582049068
1080913.9470808916
1081227.5191589177
1081229.3125711535
1081232.899395625
1081247.2466935108
1081373.8582965946
1082144.4204188602
1082312.2915058949
1082313.7218346717
1082879.9339848256
1082886.2274314442
1082889.3741547535
1082911.4012179188
1082936.090893115
1082953.0347878574
1085392.1524461524
1085399.4966342957
1085415.6538482108
1086039.2276835856
1086198.6323245135
1086210.8396304986
1086212.5835313534
1086797.5824998664
1086919.9086178837
1087033.4327126583
1087033.4327126583
1091066.261203096
1091212.2097509915
1091214.0526746078
1093057.801480757
1093489.3646803536
1095560.568769627
1095597.6803001245
1095638.4996829133
1095641.4153531124
1095704.4048319438
1095704.4048319438
1095831.4290298673
1095903.6386280456
1096037.8419761765
1096039.7289099093
1096813.1406871998
1096819.8302248642
1096823.1749936966
1096859.8629268254
1098163.5470931167
1098574.8216291384
1098854.8139884933
1098856.9484791297
1098869.5463748958
1098870.8996859693
1100252.9438641798
1102083.9902505367
1105514.3367537956
1105754.7530161447
1105755.5562007655
1105759.5721238703
1105950.0809144324
1110114.9012446613
1110255.1174749197
1110300.1233200133
1110300.1233200133
1110633.021340322
1110643.7488061492
1110649.470121257
1111789.2551135018
1111828.6606713072
1112133.216176774
1112134.085376569
1116089.5880928186
1116093.2189274062
1121697.758693144
1121738.3690278807
1121781.553954416
1121781.553954416
1122023.4445556584
1122226.4412166963
1122227.827535357
1122235.7493562757
1122270.8034138405
1122276.6457567678
1122277.619480589
1122290.3879155556
1122305.818962553
1122314.0488542852
1122863.5206564842
1123141.1804796797
1123142.2697300562
1123176.0364917214
1123197.8214992476
1124091.8485012874
1124095.9084345081
1124101.9983343394
1124210.7583340337
1124211.952108436
1124266.557660129
1124266.557660129
1124342.376087837
1124342.376087837
1124344.257520305
1124346.1389527733
1124347.0796690073
1124349.9018177094
1124349.9018177094
1124350.8425339437
1124355.5461151141
1124356.4868313482
1124357.4275475822
1124358.3682638162
1124888.998235011
1125330.507720872
1125597.407070653
1125627.5099901436
1126056.4325827672
1126056.7186485226
1126058.1489772995
1127470.5051230527
1127506.9950106586
1127583.1270104446
1127583.7156457491
1127912.5427303081
1127914.4241627764
1127915.0513069325
1127921.053186531
1127927.5446786724
1127929.816700922
1131972.2063891075
1132010.0825953742
1132011.0178103438
1132012.888240283
1132014.4561006732
1132016.1064800313
1132017.7568593891
1132019.4072387472
1132021.607744558
1132022.7079974634
1132024.3583768213
1132025.4586297267
1132027.6591355375
1132027.6591355375
1132029.3095148955
1132030.4097678007
1132032.6102736115
1132034.8107794223
1132035.9110323277
1132038.1115381382
1132039.7619174963
1132041.4122968544
1132041.9624233071
1132044.1629291177
1132047.1776220785
1132047.9918092284
1132048.8059963784
1132049.6201835284
1132050.0272771034
1132050.8414642534
1132051.6556514031
1132052.469838553
1132053.284025703
1132056.540774303
1132056.947867878
1132058.169148603
1132058.983335753
1132059.797522903
1132061.0188036277
1132061.8329907777
1132062.6471779277
1132063.4613650776
1132064.2755522276
1132065.0897393776
1132065.9039265276
1132067.1252072526
1132067.9393944026
1132068.7535815525
1132069.5677687025
1132069.9748622775
1132071.779277042
1132072.2743908495
1132072.5219477532
1132073.2646184643
1132073.512175368
1132073.7597322718
1132074.0072891754
1132101.7061560678
1132101.7061560678
1132107.7300407246
1132109.3364099665
1132110.3376401104
1132111.5369157773
1132113.3358292775
1132115.1347427778
1132116.933656278
1132118.132931945
1132118.7325697783
1132121.7307589455
1132124.7289481123
1132125.9282237792
1132127.7271372795
1132129.5260507797
1132131.32496428
1132131.9246021134
1132133.1238777803
1132134.3231534471
1132135.522429114
1132137.3213426142
1132138.520618281
1132139.1202561145
1132140.3195317814
1132141.5188074482
1132142.718083115
1132143.3177209485
1132145.1166344488
1132146.7230036904
1132148.400889371
1132194.8865746222
1132198.2203409255
1132205.8010834435
1132505.3064280748
1132557.3758968208
1132590.0204005227
1139327.5731018728
1139346.299406322
1139354.4412778215
1139385.7544755081
1139385.7544755081
1139633.679963936
1139636.7661733357
1139639.852382735
1139646.0248015341
1139657.3409026659
1139664.5420579314
1142521.3047165703
1142530.6623675304
1142656.1077025344
1142657.796590744
1142659.485478954
1142662.8632553732
1142664.552143583
1142667.9299200024
1142671.3076964219
1142672.9965846317
1142674.6854728414
1142676.374361051
1142678.063249261
1142679.7521374705
1142681.4410256802
1142683.12991389
1142686.5076903093
1142688.1965785192
1142691.5743549385
1142694.952131358
1142696.6410195676
1142698.3299077775
1142700.0187959871
1142701.7076841968
1143121.8832662231
1143334.028530169
1143498.653871133
1143500.3922707234
1143731.4013707319
1143928.269623087
1143945.103492539
1144088.9890662367
1144088.9890662367
1148136.307887438
1148173.6284659877
1148202.3230617591
1148206.8781087874
1148210.6739813108
1148214.4698538342
1148241.8001360034
1148245.9590919858
1148294.2161844147
1148294.2161844147
1148296.4607003415
1148297.582958305
1148564.9004041902
1148566.413251935
1148816.6382689355
1148827.420747408
1148873.7964073685
1148873.7964073685
1148878.4504771582
1148881.5531903512
1155821.6404465192
1163810.3072303426
1164778.0731820995
1200389.2328028178
1200392.5995767082
1200398.2108665255
1200409.43344616
1200411.677962087
1200420.3919650975
1200425.2330778812
