315304.3437067826
320984.9219508095
329574.2553045179
329909.6784052445
331512.8569136378
331546.4421335738
331823.66185560706
339199.66381161223
339461.7440536679
340853.4209460647
348694.13122044026
355953.0277584639
369227.05094018136
369246.31636855414
372841.8218354358
373540.92253149854
384939.3500867213
388307.15821483964
391672.0671765524
396921.07671971817
400884.08866204665
411237.69955455035
413050.8063172854
420145.4571015977
422126.2424071089
422129.6091809993
422378.5193957778
422815.5508523139
432800.4229861169
444413.10829086404
448461.45584853186
450412.4022952498
450436.19526432815
464849.4808181603
473770.3863874266
486019.95308643865
489668.7383002621
505897.8317377119
519046.4535945415
522138.6593723974
526312.6888194439
530882.9083351798
537959.773531277
574888.2604543128
579488.8194439139
589315.7942832693
589318.0057916091
593816.2632660702
621566.9080601167
626462.3018207657
646312.1020178944
668348.3522948679
683547.4659800273
725852.6192895728
727485.4276087072
768801.6461005968
768845.5791991076
775365.0782784098
788271.1053721376
809566.2527983863
827231.5613658418
827465.1340551196
833663.5243239938
847507.7590751763
863858.0673752091
863967.3224887109
882276.3010108573
887015.8604512565
896342.2862338496
896370.8047891563
896448.0755506995
916627.7920827635
1025489.3066114503
1038294.3855011117
1068044.849975932
1116160.4553824526
1125155.259438107
1125210.6241643045
1145846.131464941
1156361.9746483392
