173374.94815822248
173381.28561495733
173382.69393867618
810294.2626395372
810302.3770047142
810530.0743434776
810530.0743434776
810546.8972104006
855290.0569228065
855309.9825029225
855315.197701694
855318.6745008748
855322.1513000558
898792.8355198313
898796.9944758136
898803.9260691173
898805.3123877781
898809.4713437603
898812.2439810818
898813.6302997426
898816.4029370641
898817.7892557248
898819.1755743856
898821.9482117071
898823.3345303677
898826.1071676892
898827.49348635
898828.8798050107
898830.2661236714
898831.7954752098
898833.3248267483
898834.8541782867
898836.3835298253
898837.9128813636
898839.442232902
933138.3302134032
933156.9354900328
933161.8316154616
933165.7485158046
933165.7485158046
933168.686191062
933169.6654161478
933170.6446412335
933171.6238663193
933172.603091405
933173.5823164908
933174.5615415766
933176.5199917482
933176.5199917482
933177.4992168339
933178.4784419197
933179.4576670054
933179.4576670054
933181.416117177
933182.3953422627
933183.3745673485
933185.33301752
933185.33301752
933186.3122426057
971620.0936743098
971624.1426050016
994786.270677496
994795.2377386747
994885.6455199077
994885.6455199077
994894.1724799242
1029990.8373383048
1047354.3905439376
1047357.9388595574
1087057.1541652977
1087057.1541652977
1087063.9317231947
1087065.626112669
1087075.7924495144
1087075.7924495144
1087079.181228463
1087080.8756179372
1087082.5700074115
1087084.2643968856
1087085.95878636
1087097.8195126797
1087097.8195126797
1087101.2082916282
1087102.9026811023
1087104.3660174664
1087105.8293538305
1087107.2926901947
1087108.7560265588
1087114.6093720153
1087116.0727083795
1087118.9993811075
1087118.9993811075
1156056.775494923
1156062.854392225
1156067.7175100667
1156070.1490689875
1156072.5806279082
1156076.2279662895
1156084.7384225125
1156092.0330992748
1156105.4066733397
1156112.701350102
