2411.501310370648
2414.3894742472053
2415.2641753069624
2417.0135774264777
2417.888278486235
2418.7629795459925
2419.63768060575
2421.387082725265
2422.2617837850225
2423.13648484478
2424.0111859045373
2425.7605880240526
2426.6352890838098
2426.6352890838098
2427.5099901435674
2429.259392263082
2430.13409332284
2431.0087943825974
2431.883495442355
2432.7581965021122
2433.63289756187
2434.5075986216275
2437.1317018009
2438.006402860657
3172.029126139412
3679.8838621933232
3697.7299643181873
3718.469731584135
3718.469731584135
5273.666210774837
5324.706943054271
6556.407063012401
13082.40313572078
13098.884924243002
13177.288946278622
16763.91537221403
16891.357666241336
29819.516347160352
29953.219080219125
30123.64825525867
30249.418164869836
30269.013669114214
30541.199734105543
33135.21649768107
33252.48695359836
35882.68003270195
36010.023303967784
36010.023303967784
36028.144469318984
36050.29256030379
36220.87577075008
36468.92778826244
36477.94986208635
36536.86840516813
36587.92013997662
36589.68054462518
38467.454671872496
38622.27675944957
39988.119713628614
40004.55749203462
40034.627403937986
40034.627403937986
40119.005799249695
40122.702649011684
41123.492691722895
41130.42428502663
41130.42428502663
41315.07422886789
41357.27442905279
41357.27442905279
41366.36251805103
46360.87256167911
46996.38964234139
47562.71181778588
47576.08539185047
47576.08539185047
47620.78866739506
47655.85922875327
49381.33084757676
49461.41275529306
49510.412518433055
49524.01164434325
49536.47750976092
49586.1099183215
49586.1099183215
51053.088119560816
51073.75086912339
51106.46688926413
51106.46688926413
53341.333598209036
56429.550959283006
56524.656820421915
59353.71511090396
59418.00838942841
59419.433216940844
63965.271128294065
64007.22377157526
64137.0976245234
64137.0976245234
66893.83629153644
68562.62288067605
73091.15381382803
73169.7888889738
73170.99916716968
73245.48628886222
73496.78955370992
73553.10599867052
73553.10599867052
75331.3347443058
75378.41456612597
75417.12146333636
75627.68786436327
75656.97659670383
76985.93907349538
77848.33930577098
77940.18841831005
77940.18841831005
78967.0984649944
78997.1793794268
78997.1793794268
79901.43323222213
81289.30324956641
82313.67721330389
82634.51646177005
82676.56812781273
82728.63209529415
82728.63209529415
83062.14075596543
87218.06004018978
87276.2854239412
87309.14447695964
89550.02956929682
89558.38048884847
89558.76007610082
90970.09848791632
99255.15690064868
99289.13271036607
103395.57912270112
103410.7131014143
110717.7347015182
111208.54652006815
111276.56415467724
111292.07772064274
126373.50835504549
126389.03292354006
126444.74973066726
126457.40263907883
126458.66792992
126459.93322076116
126461.19851160231
126462.46380244347
127374.34240787291
128201.46853200285
128236.2805339283
128255.2048839004
128255.2048839004
134861.91550974565
134893.25071249017
134893.25071249017
134906.95986369092
134906.95986369092
134910.87676403398
134912.8352142055
134912.8352142055
134914.79366437704
134916.75211454858
134918.7105647201
134918.7105647201
134920.66901489164
134922.62746506318
134922.62746506318
134924.5859152347
134926.54436540624
134930.4612657493
134932.41971592084
134932.41971592084
134934.37816609236
134936.3366162639
134936.3366162639
134938.29506643544
134938.29506643544
134944.17041695002
135068.97210400444
142456.23514849594
142502.88587168301
142502.88587168301
149107.47851068547
149126.56789859338
149126.56789859338
152411.87356260364
158248.22011170624
158270.8358101758
158270.8358101758
158442.67881019873
158465.50905798486
158465.50905798486
160628.4027231259
160702.71930561817
164389.7768167544
164557.0977773363
164557.0977773363
165448.08808135756
167748.3703267904
167797.15003934933
167797.15003934933
167881.75948777117
171781.3528526349
171802.18064013327
171802.18064013327
173008.8004951138
173019.5059558829
173020.27063165212
173021.03530742135
173021.79998319058
173022.5646589598
173023.32933472903
173040.9168774211
173040.9168774211
173040.9168774211
173041.68155319034
173042.44622895957
173042.44622895957
173043.2109047288
173043.97558049802
173044.74025626722
173044.74025626722
173045.50493203645
173046.26960780568
173047.0342835749
173064.79786673185
173064.79786673185
173065.7935956112
174624.12029431766
174657.66700540195
174657.66700540195
174682.42269577243
174721.23961827336
175172.10125382987
175204.11861337573
175204.11861337573
176341.47204669964
176589.64509203157
180314.2762398857
180364.51928880875
181888.4740867519
181932.47320043703
181942.22144117847
181942.22144117847
181967.52725800168
183391.166497299
183452.75865494082
183467.69458813104
183468.54728413268
184996.68854438068
185004.83041588034
186309.01519724325
194308.370938042
194403.01469296069
194403.01469296069
199015.23086209397
199064.33514926
199152.94951825732
199152.94951825732
201918.20964402234
201984.4833777764
202019.1413442951
202019.1413442951
204717.54460226622
204747.31744588513
204747.31744588513
205250.81518043383
205284.9175192353
205284.9175192353
205641.00887078902
205666.50173060613
205667.71751006655
217490.34757294905
217733.0083512252
218310.8611771178
218716.37588918005
218846.89339007786
218916.12130288282
218916.12130288282
219193.74811849114
219209.59176032824
219238.11031563507
219628.36451990006
219842.4132213724
219870.00206297418
219870.00206297418
219874.87068208036
219876.49355511577
219876.49355511577
219878.11642815117
219878.11642815117
245025.99194675998
245071.10231587957
247111.5818427708
247126.3527380252
249093.70945682653
252178.87911735266
252809.51107511518
253962.59812498567
254173.42308544533
254267.3681797691
254520.28881638768
254566.3949143866
256032.2618601915
258029.90854147723
262447.8145462603
262465.220547223
262465.8806989662
262466.9589468135
262467.15699233644
262467.75112890534
262480.8881485953
262480.8881485953
262659.9433064128
262671.4519518028
262671.4519518028
262687.6916846858
262710.1368439551
263320.5901634334
263791.2233436992
264272.37494174007
264459.09886230796
264716.117940999
264717.465750808
264738.7556445266
264753.5100359874
264753.5100359874
264757.86703749263
264800.35330343293
265010.28155777475
265030.61423146573
265033.1998257933
265111.3947997769
265118.32639308064
265118.32639308064
265475.62252156576
265478.39515888726
265479.4183940892
265482.8291780958
265528.3796483775
265957.0271777749
275891.9368271457
276005.9230281405
276176.7152866388
277789.32296243095
280026.2471443089
280103.2373413611
280150.5207099687
281707.1860267881
283166.62199436116
283182.7186943665
283186.1679872248
283222.6248672438
283222.6248672438
283368.1113089189
283409.99243576126
283561.63479244185
283595.357543991
283595.357543991
283606.7561640905
283706.08699638594
283806.16600065713
283854.8962018353
283864.49040717
283864.49040717
283953.95747216896
284023.73001016205
284024.742242835
284036.8890349101
284036.8890349101
284043.9746636206
284131.64281511935
284194.6212914219
284195.78755950154
284199.28636374057
284364.0767426401
284435.19158917776
284436.3688597865
284622.38861849497
286058.79629275895
294227.5414696017
294276.8327997616
297080.8383315887
306542.287150727
311473.4556345938
311486.2185682959
311487.81393500866
311487.81393500866
311489.40930172143
311491.0046684342
311492.600035147
315577.02488558134
332070.63012400764
335838.7652717395
337636.6995469097
337944.8803856998
347219.572276683
347650.4973295945
379413.72045935557
385249.3738491278
396642.75674477953
428867.05185705883
437483.35240947746
460886.6229112386
484201.8181679261
484240.17848547135
484974.60280106054
484999.0174130304
505146.79360325186
515029.34221685684
553910.1123938905
571060.4695940525
577605.7641027209
598709.2419715921
603030.5622750785
754843.8432445236
779793.7062477556
795346.3201888767
795352.7291620504
795352.7291620504
795354.0109566852
795355.2927513198
795356.5745459546
795357.8563405894
795359.1381352241
795361.7017244935
795361.7017244935
856633.4987278326
856639.5061086959
887947.0760014976
921980.2749104134
961728.0058680155
983001.3077728284
983021.6404465194
1017591.245654383
1031279.745108077
1036154.9327241192
1054644.7598163188
1057028.5182496812
1103760.4015923105
1145360.1717617037
1150799.5250574958
1156712.8563023861
1191354.6381008413
1191416.2027521604
