866.8122464260882
889.1418791402746
889.8185346770681
1381.2574973830792
1395.230709281092
1464.2990854147724
1464.2990854147724
1605.8191153661016
1620.6725295883984
1620.6725295883984
1957.459943917664
1981.75352806791
1981.75352806791
2149.3440506116335
2162.8991664056116
2175.221998945591
2175.221998945591
2650.344211065182
2674.9513672934545
2674.9513672934545
3091.4906134674015
3178.96071944315
3209.7072868833047
3209.7072868833047
3277.851450576487
3283.506750510013
3283.693793503923
3301.8369639132325
3302.1890448429463
3306.061935069797
3311.684227416163
3313.7637054072848
3354.3300300277356
3368.06118628657
3368.06118628657
3682.711512160087
3780.41397015564
3789.1884870758486
3789.1884870758486
4191.765523880836
4201.535769680391
4204.4404373505295
4218.94727190764
4219.194828811345
4270.224558561726
4292.086583791135
4292.086583791135
4293.7919757944355
4294.204570633944
4294.617165473453
4295.442355152469
4295.854949991977
4296.267544831486
4296.680139670993
4297.092734510502
4297.5053293500105
4297.917924189518
4298.330519029027
4298.743113868535
4299.155708708043
4302.869062263618
4303.694251942634
4304.106846782142
4304.51944162165
4304.9320364611585
4304.9320364611585
4305.344631300667
4305.757226140175
4307.407605498208
4311.120959053782
4311.120959053782
4311.53355389329
4316.484691967389
4317.722476485915
4319.196815379091
4319.933984825679
4320.302569548973
4323.619832058619
4324.357001505207
4325.094170951796
4326.199925121678
4327.3056792915595
4328.780018184736
4329.14860290803
4329.885772354618
4330.622941801206
4331.360111247794
4331.728695971088
4332.097280694382
4335.045958480734
4335.783127927322
4336.151712650617
4336.520297373911
4337.257466820499
4337.6260515437925
4337.994636267087
4338.363220990381
4338.7318057136745
4339.100390436969
4339.837559883556
4340.294164839279
4341.663979706446
4343.033794573614
4343.947004485059
4344.860214396504
4345.316819352226
4345.7734243079485
4346.230029263671
4346.686634219393
4347.143239175116
4356.275338289565
4356.731943245288
4359.0149680239
4359.471572979623
4360.3847828910675
4360.84138784679
4361.297992802512
4362.211202713957
4362.66780766968
4366.777252271182
4367.82249253127
4369.588398444365
4370.17703374873
4373.120210270556
4373.708845574921
4374.886116183651
4376.063386792381
4376.652022096746
4377.240657401111
4377.829292705476
4379.006563314207
4380.772469227302
4381.949739836032
4383.715645749127
4384.304281053493
4385.481551662223
4386.070186966588
4387.247457575318
4387.836092879683
4389.013363488413
4389.601998792778
4390.190634097144
4390.779269401509
4390.779269401509
4414.335684105166
4415.028843435541
4417.801480757036
4417.801480757036
4421.9604367392785
4422.653596069653
4424.039914730401
4424.733074060774
4440.675738659373
4448.652572223198
4449.55477960559
4453.163609135156
4454.065816517546
4454.968023899938
4456.7724386647205
4457.674646047112
4458.576853429504
4460.381268194286
4475.718793694939
4475.718793694939
4477.523208459722
4477.523208459722
4478.425415842114
4479.327623224505
4487.447489666028
4487.447489666028
4488.349697048418
4489.25190443081
4490.154111813202
4506.690912980692
4507.1585204654675
4509.496557889348
4510.899380343676
4511.366987828452
4512.302202798004
4512.76981028278
4515.107847706659
4515.575455191436
4517.44588513054
4517.913492615316
4518.381100100092
4518.848707584868
4519.316315069644
4519.78392255442
4520.719137523972
4522.589567463076
4523.057174947852
4525.862819856508
4527.496695420961
4527.788262440881
4530.995499659992
4531.57863369983
4531.870200719749
4532.161767739668
4534.202736879102
4534.494303899021
4536.535273038456
4537.118407078294
4537.409974098213
4538.284675157971
4538.57624217789
4539.159376217728
4540.617211317324
4542.366613436839
4542.658180456758
4544.682645802611
4553.264618464383
4553.693717097472
4553.693717097472
4554.551914363648
4554.981012996737
4563.13388702542
4564.850281557774
4565.279380190863
4565.279380190863
4565.708478823952
4566.13757745704
4566.566676090129
4566.995774723217
4567.424873356305
4567.853971989394
4567.853971989394
4568.712169255571
4569.14126788866
4569.570366521749
4570.09848791632
4570.62660931089
4571.154730705461
4571.682852100031
4572.210973494602
4572.7390948891725
4573.2672162837425
4576.435944651166
4577.492187440307
4578.020308834878
4578.548430229448
4579.076551624019
4579.604673018589
4579.604673018589
4580.13279441316
4580.660915807731
4581.189037202301
4581.717158596872
4582.773401386013
4582.773401386013
4583.301522780584
4583.829644175154
4584.3577655697245
4584.885886964295
4585.414008358865
4585.942129753436
4586.470251148006
4586.998372542577
4589.63897951543
4589.63897951543
4590.167100910001
4591.223343699142
4591.223343699142
4593.335829277424
4593.863950671995
4594.392072066565
4594.392072066565
4595.4483148557065
4595.9764362502765
4596.504557644847
4597.032679039417
4597.032679039417
4598.088921828559
4598.617043223129
4598.617043223129
4599.1451646177
4600.201407406841
4600.201407406841
5316.400033618839
5316.400033618839
6163.231687283674
6168.85397963004
6168.85397963004
6198.082198060804
6205.756462075658
6205.756462075658
6221.292033099276
6229.604443799235
6229.85200070294
6235.793366391858
6248.8643709074795
6249.128431604765
6256.505627335172
6270.814416369318
6271.023464421335
6275.831569617738
6290.332902910322
6290.332902910322
6330.745192124024
6347.689086866495
6347.689086866495
6358.174497054531
6374.414229937575
6374.865333628771
6384.657584486435
6387.474231924144
6408.004951138074
6408.247006777252
6413.572230839171
6423.463504458316
6423.463504458316
6447.685572169714
6468.480352080929
6468.826931746116
6477.838003040976
6484.533041970064
6484.533041970064
6493.010490605827
6508.667089449033
6508.667089449033
6517.57913798241
6527.250361020484
6527.558431833983
6547.186943665522
6551.8685197778095
6552.006051390979
6556.957189465078
6562.045859152347
6562.045859152347
6575.40292942336
6582.983671941258
6583.275238961177
6597.160430626763
6609.87935421267
6609.87935421267
6633.347748683898
6636.274421412144
6636.274421412144
6648.41571222274
6651.991534165145
6652.129065778315
6674.112118827314
6692.046241184606
6692.046241184606
6710.585502639842
6718.595343790829
6718.595343790829
6743.8791555558955
6748.3131747644775
6748.3131747644775
6762.082839874999
6780.528579833281
6780.528579833281
6798.847790707447
6803.787926252492
6803.985971775455
6855.147731874479
6864.362349956829
6864.362349956829
6906.7550944001705
6912.069315933037
6912.448903185385
6942.485807501585
6947.326920285149
6947.54697086622
6971.26842350568
6979.454305121524
6979.454305121524
7001.041267124596
7008.374452738788
7008.374452738788
7027.084253394356
7035.105097074397
7035.30314259736
7050.860718679085
7056.802084368004
7056.802084368004
7086.398887522063
7095.641011927048
7095.641011927048
7123.185843412619
7131.06915547949
7131.322213647722
7152.072983442723
7170.821292949977
7171.492447222244
7530.174894368081
7533.6076834327905
7534.179814943575
7534.75194645436
7534.75194645436
7535.896209475929
7535.896209475929
7536.468340986714
7537.040472497499
7537.612604008284
7538.184735519068
7538.756867029853
7539.328998540638
7540.473261562208
7541.045393072993
7541.045393072993
7542.1896560945615
7542.761787605346
7543.333919116131
7543.333919116131
7543.906050626916
13014.567042841096
13061.212264763637
13061.212264763637
15412.694779147148
15468.147525577057
15469.533844237805
15637.916548873387
15668.44306573247
15668.44306573247
15847.157145149336
15871.615767235386
15871.615767235386
16119.431230373091
16141.414283422091
16142.228470572054
16363.742388007244
16378.199711183614
16379.206442592014
16566.722545251723
16583.20433377394
16583.20433377394
16733.526386968115
16756.433652457614
16757.181824433253
16933.717403097515
16935.730865914316
16953.422932632428
16953.422932632428
16962.25796346243
17014.316429679322
17015.03709533233
17022.964417515417
17026.567745780456
17102.683241772935
17125.12840104218
17126.250659005644
18204.78457200926
18243.51347427777
18243.51347427777
18509.22455092108
18561.59658921599
18563.13694328349
18969.080753978866
19015.027315306503
19015.027315306503
19344.030440330378
19879.941625470852
19900.14226881318
19901.28653183475
20310.822668266108
20317.776266627956
20340.375461303953
20371.666653932258
20371.666653932258
21572.65871530192
21602.035467874906
21603.014692960674
22871.452257428617
22912.931791960513
22912.931791960513
23204.223748653338
23245.03212891297
23245.03212891297
24337.59426645986
24386.808578916403
24386.808578916403
24619.03895964975
24663.29113150314
24663.29113150314
27679.480436128026
27759.991442477403
27759.991442477403
27769.596650341155
29517.144843710605
29517.942527066985
29768.48661740997
29769.399827321413
29770.31303723286
29770.31303723286
29948.135911796384
29953.219080219125
30017.60588024052
30017.60588024052
30019.300269714768
30105.439069675038
30114.543662466855
30114.543662466855
30227.424109291784
30227.424109291784
30235.45595550088
33205.40163051368
33228.62246808121
33228.62246808121
35960.70996874976
36020.090618051785
36022.10408086858
36304.3959687956
36351.81686901642
36358.93000404954
36417.05086377494
36459.90571443852
36509.52712047005
36511.78263892603
36614.32620970514
36780.04630230976
36781.78470190022
36931.36408438329
37007.90867900885
37007.90867900885
37942.2434462366
38450.318232871585
38450.318232871585
39728.526043139085
39783.08758471566
39784.04480474332
39785.959244798636
39945.13833388092
40108.83946240421
41029.002972210976
41039.52138998617
41070.79057755637
41070.79057755637
41074.02532109812
41280.69682684005
41285.22986881012
41322.77599920537
41322.77599920537
41335.29137600379
41337.21681858816
41405.311470900604
41405.311470900604
41409.206366185565
41419.592753612116
41422.90451485724
41423.91124626564
41424.91797767404
41425.92470908244
41426.93144049084
41427.93817189924
41427.93817189924
41428.94490330764
41457.133382742846
41457.133382742846
41541.22571229914
41550.97945430512
41550.97945430512
41621.49466300934
41623.816196639644
41647.03153294264
41669.08610243049
41670.24686924564
41672.568402875935
41724.97895002255
41724.97895002255
41842.87655009589
41873.01247717357
41874.38229204074
41914.10692318859
41916.84655292293
41945.51364237196
41945.51364237196
41988.48952085514
42028.45070637765
42040.77353891762
42040.77353891762
42176.104646276326
42230.06104875496
42231.7554382292
42355.033275009744
42407.04773111042
42408.72561679108
42539.40815562466
42565.53916212684
42565.53916212684
42673.561992374634
42694.15322549836
42695.23697461013
42809.5202438894
42835.838293385495
42836.85052605842
42955.864882830705
42997.663490705156
42997.663490705156
43159.00457674646
43174.738193293044
43176.3115549477
43291.92613024244
43332.03034864264
43334.25836077599
43513.07696421886
43580.659998930314
43580.659998930314
43784.39933067949
43824.01393653681
43824.01393653681
43992.512167727444
44031.79119644863
44033.194018902956
44291.21982900236
44303.77371465247
44314.53418806684
44343.22878383851
44345.022196074235
44511.22639995722
44555.56659204303
44557.27198404633
44673.40367820659
44764.09752519503
44840.44407429764
44840.44407429764
44941.81037446802
44943.57077911659
46360.87256167911
46379.48884083772
46382.65756920514
46401.66993940969
46401.66993940969
46441.27904400248
46442.86340818619
46711.52316261586
47202.30197357864
47230.77651876925
47285.34906287487
47285.34906287487
47508.15027620932
47533.203034864266
47533.203034864266
47623.59431230372
47643.23382666431
47643.23382666431
47644.63664911864
47739.340917947105
47740.523689820366
47741.706461693626
47757.082496045965
47757.082496045965
47852.474422940264
47879.672674760644
47879.672674760644
47901.20462411845
47964.57919146692
47988.46568204218
47988.46568204218
48101.82473888095
48119.274749959885
48120.61705850442
48143.43630376148
48143.43630376148
48173.31917267094
48224.81100864157
48234.8453151384
48234.8453151384
48248.52145875197
48249.76474453502
48341.8229051261
48355.884137256544
48355.884137256544
48448.20635854492
48469.74931043178
48469.74931043178
48612.716172953646
48652.374788927176
48652.374788927176
48655.356474300694
48723.43462281955
48723.43462281955
48765.06819275819
48783.94853261409
48783.94853261409
48882.586205579195
48898.56187776495
48898.56187776495
48973.90719672369
48985.84494074679
48999.25702366308
49005.154379235784
49006.62871812896
49052.33322381742
49052.33322381742
49169.53766456039
49217.84426837001
49217.84426837001
49324.68982800907
49338.420984267905
49389.91282023854
49389.91282023854
49769.412052353706
49797.75456719566
49797.75456719566
49856.1119812957
49857.91639606048
50046.16416690225
50093.59056838759
50093.59056838759
50791.238930615305
50792.96632767672
50796.42112179953
50798.14851886094
50801.60331298375
51241.09383476341
51242.59567997921
51376.914554664996
51555.298558210256
51583.244982006276
51583.244982006276
51700.24587596176
51718.2515147579
51720.11644343248
51858.51725639713
51886.82126238739
51888.708196120075
52002.69439711489
52030.51979309133
52030.51979309133
52155.38199405558
52205.85609608875
52205.85609608875
52327.69810282781
52354.247205434025
52354.247205434025
52481.75001337113
52511.77041389375
52513.536319806844
52664.10042864019
52703.30243965801
52704.798783609294
52815.19265886811
52849.27299261149
52849.27299261149
52966.020828398745
52992.635946179296
52994.23131289206
53107.6893924923
53129.474400018335
53129.474400018335
53267.506628259696
53299.38645619236
53299.38645619236
53386.141397779626
53400.44468554925
53403.74544426531
53404.84569717067
53455.45733081701
53455.45733081701
53487.089601845975
53508.181450041644
53508.181450041644
53619.11995048862
53631.55830958366
53633.33521802581
53777.98546749287
53810.67398131098
53811.67521145485
53873.674462671624
53891.80663055188
53891.80663055188
53985.05306428074
54018.59977536503
54018.59977536503
54100.145019445445
54120.0650982969
54157.59472489857
54158.78299803635
54242.41322137241
54278.98012668189
54278.98012668189
54312.3673010949
54412.20975099137
54454.861054867484
54457.347626433584
54639.74755308339
54711.67658677099
54711.67658677099
54833.83766685259
54875.97185186318
54875.97185186318
54936.01265290841
54957.00547834259
54977.99830377677
55000.74053133046
55016.4851504061
55016.4851504061
55016.4851504061
55018.23455252561
55033.63809320059
55058.98792013998
55058.98792013998
55251.19660144103
55252.41238090144
55356.87039173587
55369.9634013096
55371.27270226697
55457.796590744125
55481.91413442951
55483.42148090985
55606.05016847623
55636.77473085828
55638.513130448744
55744.04938913043
55789.18176330811
55790.79363381445
55892.67155158582
55932.67674722454
55934.3931417569
56013.3472902452
56056.235148495936
56070.813499491895
56070.813499491895
56133.18683669649
56134.51814271197
56181.113853253766
56196.53939898685
56199.70812735428
56200.76437014341
56220.8329831371
56221.889225926236
56259.27581965021
56392.40642119821
56393.688215832946
56424.445785802156
56434.656132763856
56435.932426134066
56530.88425186623
56541.78225689377
56543.33911475485
56663.0246257994
56664.4219469892
56670.0112317484
56687.81882502159
56689.36468035361
56816.23484287013
56834.829116970635
56834.829116970635
56959.98288495481
56988.58946049404
56990.15732088417
57051.30387609929
57130.69812574974
57143.681110032936
57143.681110032936
57226.06254632142
57252.540132488786
57253.717403097515
57362.04280289428
57376.5111285997
57376.5111285997
57503.205250651365
57558.432445235674
57558.432445235674
57697.04230625234
57713.876175704274
57715.38902344914
57864.83087431903
57905.622750785085
57907.24562382048
58059.49311959902
58084.17729353067
58084.17729353067
59370.30692471672
59395.21114922945
59395.21114922945
60167.858250750694
60283.901924678525
60283.901924678525
60314.499957976455
61046.09662359888
61133.48421060673
61133.48421060673
61281.90282627464
61348.952238326994
61348.952238326994
61483.133581399605
61501.34826824776
61503.00414887033
61742.83727717968
61774.82162913836
61774.82162913836
61905.119079455064
62195.31628450706
62195.31628450706
62209.61957227668
62246.53305725135
62247.93587970568
62322.28546978506
62531.856141932614
62533.76508072341
62805.48903949449
62865.61235950763
62866.95466805217
63015.609838094715
63060.79722491767
63062.293568868954
63188.17350377066
63249.1385172564
63249.1385172564
63405.26990579085
63639.65128095416
63639.65128095416
63753.03234285103
63790.5839745108
63790.5839745108
63931.51536915779
63955.869467217824
63957.151261852545
64115.28511067473
64150.52070996873
64150.52070996873
64271.35048403488
64369.91664056112
64371.44049083503
64554.764629925354
64558.10939875763
64588.21231824815
64588.21231824815
64626.35258521229
64656.609540109566
64658.122387854426
65254.66851060903
65257.65019598254
65397.22827955593
65452.98909679934
65452.98909679934
66085.51348955906
66099.60772927666
66103.63465491026
66107.66158054386
66109.67504336066
66111.68850617747
66113.70196899427
66115.71543181107
66119.74235744466
66123.76928307826
66125.78274589506
66127.79620871186
66166.05200223107
66188.49716150033
66563.51286302616
66605.8450935597
66607.41295394984
66717.08066229113
66742.29845888187
66743.34920040649
66930.80478915639
66940.04691356137
66940.04691356137
67095.46863897188
67206.50616218033
67206.50616218033
67356.6191673225
67385.04420113235
67386.08944139243
67667.4241092918
67698.60527662956
67698.60527662956
68372.84025703132
68392.39725242401
68392.39725242401
71481.20875006686
71505.41431398467
71505.41431398467
71537.01357742648
71551.0528044988
71552.67017626968
71571.0003896729
71576.93075283276
71579.08724852726
71656.73209605817
71656.73209605817
71821.4014471382
71832.40397619175
71833.0916342576
72124.50461877
72141.66856409355
72141.66856409355
72241.78057595184
72499.3277760374
72518.32914371288
72518.32914371288
72589.82357750287
72667.47392629833
72667.47392629833
72859.57258230883
72875.79031013377
72875.79031013377
73625.11755132602
73676.56537718045
73677.72064273107
73990.35750578779
75044.63634349285
75069.13897569511
75069.13897569511
75294.69082129296
75311.26613131212
75359.2921706309
75484.65498666707
75542.19821361716
75571.61897630636
75579.16671123709
75613.67064234904
75694.99033458385
76179.32166352127
76417.59793396953
76417.59793396953
77024.70648461557
77120.08190771629
77120.08190771629
78560.433988646
78655.42982449438
78655.42982449438
79010.7179914272
79034.35692509875
79036.0733196311
79036.0733196311
79039.50610869582
79051.52087042229
79052.37906768847
79121.82703107451
79154.00942855615
79154.00942855615
79173.20884175459
79202.56358926947
79210.66145065289
79224.81070301577
79228.77161347505
79229.76184108987
79250.55662100109
79271.3514009123
79275.31231137158
79286.86496687781
79288.68038417165
79288.68038417165
79303.20372252233
79379.96286646444
79395.13535402929
79427.04818954914
79429.2596978889
79431.47120622867
79431.47120622867
79431.47120622867
79465.74958549501
79466.8553396649
79491.33596680904
79498.42159551952
79500.44606086538
79511.58062026757
79541.95860298445
79553.18118261907
79553.18118261907
79554.11639758863
79554.11639758863
79632.19584501715
79642.04310852007
79653.29319447734
79653.93134116245
79659.6746613284
79660.3128080135
79718.9067764882
79753.26217345794
79754.25240107276
79840.31418332964
79855.37664560396
79855.37664560396
79904.09034298857
79935.26600906182
79938.43473742924
79938.43473742924
79958.50335042292
79958.50335042292
80309.2419715921
80435.67753421099
80466.81469143255
80468.37154929363
80807.12841632348
80812.93775166375
80815.84241933389
80818.74708700403
80820.1994208391
80821.65175467417
80823.10408850924
80887.02878231039
80887.02878231039
80892.88212776688
80894.345464131
80895.80880049511
80897.27213685923
80900.19880958748
80900.19880958748
80917.75884595695
81035.98102063738
81064.05947478206
81064.05947478206
81382.53317950168
81383.67194125873
81532.07405313305
81555.80650830157
81555.80650830157
81567.49119415645
82084.98964692578
82130.79867664025
82130.79867664025
82545.96810794705
82576.33508813485
82577.85343714424
82740.64685702062
82831.03263319556
82863.30305090963
82863.30305090963
82896.83875946485
82900.75565980791
82947.75846392469
82947.75846392469
83300.52155043973
83716.44465498667
83747.66433117613
83789.92504527081
83791.41038669304
84140.58664873661
84187.23737192368
84187.23737192368
84873.84469624615
84913.70135774264
84913.70135774264
85123.01897172198
85138.08693526081
85176.44175154151
85176.44175154151
85214.39497551174
85214.39497551174
85258.35007908069
85271.63563291285
85271.63563291285
85348.85138181069
85382.51361945004
85382.51361945004
85455.22383270045
85477.61948058895
85477.61948058895
85509.93390841922
85513.02011781874
85522.2787460173
85530.50863774936
85561.83833922936
85561.83833922936
85568.57188701014
85574.46374131832
85575.30543479092
85629.17381703711
85643.48260607125
85643.48260607125
85705.52036613971
85716.16531299903
85716.16531299903
85789.09557683051
85798.029630422
85798.029630422
85874.18913653068
85903.89596497528
85903.89596497528
85981.90389596498
85989.10505123052
85996.91134559402
85996.91134559402
86012.22686603657
86012.22686603657
86086.49393714804
86102.04051070072
86102.04051070072
86182.70005119233
86241.89365750043
86263.4586144454
86264.22879147915
86433.66773890387
86461.39411211883
86461.39411211883
86498.2250781256
86499.3528373536
86612.6238739599
86632.50544395969
86632.50544395969
86708.60993742311
86754.91958220952
86754.91958220952
86861.67712161616
86909.58213311533
86945.1203019583
86955.93578801795
86955.93578801795
86975.6523200819
86975.6523200819
87014.18317682746
87023.50782020034
87024.12946309186
87056.85098449713
87060.316781149
87070.3620901749
87070.86820651135
87082.50888225001
87083.01499858648
87111.02743755684
87132.44936162411
87132.44936162411
87216.14560013446
87225.23919039723
87225.71780041106
87258.09274215114
87266.1355908893
87287.1119125299
87287.1119125299
87373.7513275621
87400.01436441293
87401.20813881524
87405.9832364245
87407.1770108268
87408.37078522911
87409.56455963141
87410.75833403373
87410.75833403373
87413.14588283835
87413.14588283835
87415.53343164297
87415.53343164297
87416.72720604528
87416.72720604528
87417.9209804476
87419.1147548499
87420.30852925222
87421.50230365452
87422.69607805683
87423.88985245915
87423.88985245915
87423.88985245915
87426.27740126377
87427.47117566608
87429.8587244707
87431.052498873
87432.24627327532
87433.44004767764
87434.63382207994
87437.02137088455
87438.21514528687
87439.40891968917
87439.40891968917
87441.99451401675
87441.99451401675
87443.28731118055
87445.87290550813
87445.87290550813
87447.16570267193
87448.45849983572
87449.75129699952
87451.0440941633
87452.3368913271
87453.6296884909
87454.92248565468
87457.50807998226
87457.50807998226
87458.80087714606
87460.09367430986
87461.38647147364
87462.67926863744
87463.97206580124
87463.97206580124
87466.55766012882
87466.55766012882
87467.8504572926
87467.8504572926
87467.8504572926
87470.4360516202
87470.4360516202
87471.72884878398
87473.02164594778
87474.31444311157
87475.60724027536
87476.90003743916
87476.90003743916
87478.19283460295
87479.48563176674
87482.07122609433
87482.07122609433
87484.65682042191
87484.65682042191
87487.24241474949
87487.24241474949
87488.53521191329
87489.82800907709
87491.12080624087
87492.41360340467
87494.99919773225
87496.29199489605
87497.58479205983
87498.87758922363
87500.17038638741
87502.75598071501
87502.75598071501
87505.34157504259
87506.63437220639
87506.63437220639
87651.38364443493
87710.46722545252
87716.47460631577
87716.47460631577
87716.90370494885
87717.33280358193
87813.8469884397
87817.74188372467
87859.67802321228
87859.67802321228
87863.14381986416
87863.14381986416
87911.43942114472
87934.33018284064
87934.33018284064
87974.88000366751
87990.96570114381
87990.96570114381
88034.40368584724
88060.93078339535
88060.93078339535
88382.45768992734
88396.54092711589
88396.54092711589
89665.66064838515
89673.29640354832
89673.29640354832
90079.35574079875
90124.19104669198
90124.54862888623
90126.28152721217
90128.7570962492
90129.30722270189
90130.40747560724
90130.68253883359
90130.95760205992
90131.23266528625
90131.5077285126
90131.78279173894
90132.05785496527
90132.33291819162
90132.60798141795
90132.88304464429
90133.15810787064
90133.43317109697
90133.7082343233
90509.87370013523
90517.80652358285
90517.80652358285
90580.68597712391
90594.1420701564
90594.1420701564
90642.79525363122
90661.81312510028
90661.97266177156
90816.41516209628
90837.2099420075
90837.2099420075
90972.2109734946
90994.92019346113
90994.92019346113
91046.47804460609
91050.76903093696
91052.7494861666
91052.7494861666
91090.6531987561
91098.5200070294
91098.82257657837
91124.94808181602
91140.85773882746
91141.06128561495
91149.40670390207
91156.19526432813
91156.19526432813
91162.26866036568
91163.5889638521
91168.93619297213
91168.93619297213
91194.71511854461
91199.85329961263
91200.3209070974
91200.78851458218
91207.33501936904
91207.33501936904
91227.88224237654
91233.41101322595
91238.57119935207
91238.93978407537
91240.78270769183
91240.78270769183
91256.95092413604
91259.8830981288
91259.8830981288
91274.56047188625
91282.39427257238
91282.88388511525
91309.71355221236
91314.1420701564
91314.33461441485
91334.41422993757
91337.71498865364
91337.71498865364
91353.38259002591
91359.32395571482
91359.5880164121
91397.38170371106
91403.92820849792
91404.11525149184
91416.36106632845
91423.98581896257
91424.21687207269
91446.87658065847
91455.85464436618
91455.85464436618
91517.76037408599
91522.35943123038
91522.60148686955
91545.72880294011
91555.34501333292
91555.34501333292
91575.28159597797
91576.42585899954
91577.28405626572
91577.5701220211
91583.01637390262
91583.18141183842
91617.97140870575
91630.09619572276
91630.73434240787
91669.4687459409
91675.82270646932
91675.82270646932
91697.48668617578
91740.29752672317
91740.51757730423
91760.77873455634
91763.30931623865
91763.30931623865
91816.54505306428
91829.31898929545
91829.31898929545
92172.0587718427
92184.59615369921
92184.59615369921
92212.52057243713
92217.6092421244
92217.81278891189
92239.46026482477
92246.00676961163
92246.23232145722
92289.31822523095
92292.76751808924
92292.76751808924
92311.1087340215
92313.68332582003
92313.82635869773
92339.56677541851
92342.83452654742
92342.83452654742
92356.10907785055
92361.54432720298
92361.54432720298
92401.79157848089
92403.0238617349
92403.0238617349
92415.80880049511
92420.56739431078
92420.56739431078
92436.01494510197
92441.59322733212
92441.80777664867
92480.22860810367
92495.67615889486
92496.10525752795
92519.22157106946
92526.69778956135
92526.85732623264
92579.68046821874
92583.72389764592
92583.97145454962
93806.07736917306
93820.46317591058
93820.46317591058
93858.88950863012
93858.88950863012
93862.96044437993
93868.25266085469
93876.8016259293
93878.89210644946
94245.88696429528
94258.57838155855
94259.15051306933
94271.7374063066
94271.7374063066
94281.46364198993
94284.89643105464
94290.34818420067
94293.8469884397
95594.64299085415
95599.80317698026
95600.17176170355
98453.33659334194
98495.67432514
98514.68669534456
98515.67142169485
98955.49201934611
98975.69266268844
99026.99745566516
99026.99745566516
99035.13932716478
99036.15706110225
99039.21026291461
99049.79469586413
99053.45853803895
99118.9896010819
99177.06094942657
99194.67599844131
99230.17565843259
99230.17565843259
99231.49046065449
99282.75124351501
99282.75124351501
100526.240573354
100530.16847622613
100532.13242766219
100534.09637909825
100536.06033053431
100536.06033053431
100538.02428197037
100541.95218484248
100543.91613627854
100543.91613627854
100547.84403915066
100547.84403915066
100551.77194202278
100551.77194202278
100555.6998448949
100555.6998448949
100621.16489276354
100621.16489276354
100625.09279563566
100844.01011621422
100982.03684319105
100983.54418967137
101343.17285431582
101368.32463573225
101368.32463573225
101385.09249000986
101448.31302195157
101448.31302195157
101764.12411464023
101802.79800426347
101802.79800426347
102237.60144866632
102296.07989058596
102296.07989058596
102456.10067314084
102465.78289870797
102465.78289870797
103425.84708012745
103428.00907708648
103428.72974273948
103429.4504083925
103430.1710740455
103432.33307100453
103433.05373665753
103474.72031418333
103474.72031418333
103783.77035276858
103830.591615156
103830.591615156
104228.56409355206
104251.84544502938
104251.84544502938
104995.48437870093
104998.59809442308
105000.15495228417
105025.0646780614
105025.0646780614
105100.33297931676
105124.84111278356
105124.84111278356
105920.28545450377
105989.37033443105
105989.37033443105
106154.10019942083
106180.61629443991
106180.61629443991
107012.84209078614
107517.02198213617
107557.33524858838
107558.34748126131
107622.11813965572
107624.14260500157
107628.19153569327
107663.07505405757
107663.07505405757
107679.64486281222
107679.64486281222
108031.43972677054
108067.91311058306
108067.91311058306
109974.61288671216
110000.3257971103
110001.67910818389
110004.38573033107
110229.82755063838
110489.1956692823
110489.1956692823
110511.08520083435
110522.50582599195
110524.4092635182
110526.31270104447
110529.84451287067
110531.4728871706
110533.10126147053
110740.72998724013
110759.54431192171
110760.58955218179
111060.89258016947
111193.0439566317
111233.85233689133
111254.09699034986
111254.09699034986
111263.20708440621
111263.20708440621
111290.00924518067
111291.04348291171
111320.00213938067
111359.63324903154
111359.63324903154
112521.94041824891
112568.76718190084
112568.76718190084
113981.70646169363
114103.96106327219
114103.96106327219
115463.32352783869
115465.49102606224
115511.08550646016
115512.5103339726
115523.90895407209
117322.22281649463
117368.95055738506
117370.4579038654
117961.8878506101
117963.0596199543
117975.94908274054
118107.42380366597
118168.04223748653
118168.04223748653
118462.10133023633
118494.1847049565
118494.1847049565
118874.04702053042
118914.81139067383
118916.17020301195
119655.73820093369
119709.27650730827
119710.18421595519
119714.72275918978
120188.10657171892
120376.52488176103
120376.52488176103
120525.15804674546
120555.5910421076
120555.5910421076
121221.948211707
121262.3825059788
121262.3825059788
127107.70711878911
127204.49086560869
127204.49086560869
127233.14695252868
127386.48919994805
127408.75831875243
127408.75831875243
127449.22562061141
127500.71745658203
127500.71745658203
127516.56109841914
127535.37542310072
127536.36565071554
127622.90054172173
127646.69901206456
127646.69901206456
127728.5523269585
127759.87102590944
127761.16932433775
127917.8783456475
127954.23070164045
127955.31445075222
128088.80263449447
128094.83202041581
128094.83202041581
128156.63322610962
128158.14057258995
128256.57469876757
128397.69863767296
128429.99106044516
128429.99106044516
128630.06104875496
128723.15344707709
128724.83133275775
128911.90183299077
128961.41321373176
128962.78852986345
129060.55700303335
129091.98572727482
129091.98572727482
129196.36121914134
129587.32508653031
129606.20542638621
129606.20542638621
129607.77878804087
129609.35214969554
129801.09872477633
129856.57897752886
129878.30897240962
129878.30897240962
130109.88470266429
130148.95468333346
130148.95468333346
130372.87265336684
130393.91499018176
130395.31781263609
130416.36014945101
130417.76297190534
130448.08044071241
130524.08041014982
130524.08041014982
130547.86787796362
130627.0860871492
130627.0860871492
130825.72574668204
130882.2347359011
130882.2347359011
131391.10170462794
131492.96861987025
131492.96861987025
131553.27898287732
131574.89895246754
131576.34028377358
131657.582958305
131696.26785045728
131697.87972096363
131720.44590805247
131728.02114930583
131735.4753627396
131738.45704811314
131744.42041886016
131820.1563276003
131854.74827894467
131856.18961025067
131993.49017030996
131994.70044850587
132051.58352371273
132115.21114922946
132116.7184957098
132241.56419288044
132312.51400148225
132314.44494533117
132531.0077246923
132595.3945247137
132597.08891418792
132768.5963370747
132771.17092887324
132803.2543035934
132803.2543035934
132822.26667379795
132822.26667379795
136294.796873448
136382.729085644
136382.729085644
136518.45628404862
136562.0262991007
136562.0262991007
136569.28796827604
136586.71597429685
136588.16830813192
136726.31606292835
136776.06949930853
136776.06949930853
136911.972738178
136932.99857119934
136934.6159429702
137097.98149435737
137161.3450591768
137162.81389680543
137275.8813866243
137340.93934091795
137340.93934091795
137485.80413970156
137533.07650578016
137534.69387755104
137641.0938347634
137665.12335821634
137666.62520343217
137857.46957113058
137889.92153057404
137939.92802512244
137939.92802512244
137952.50391583066
138348.58946049405
138490.4010574653
138490.4010574653
138622.00780873938
138667.0741677427
138668.6695344555
138819.56371916045
138851.1684838668
138853.27546818054
138857.48943680804
138861.70340543555
138861.70340543555
138865.91737406305
138865.91737406305
138868.02435837683
138868.02435837683
138868.02435837683
138872.23832700434
138872.23832700434
138876.45229563184
138879.98410745803
138881.75001337111
138883.51591928423
138885.2818251973
138887.04773111042
138901.17497841516
138901.17497841516
138904.70679024135
138904.70679024135
138906.47269615447
138906.47269615447
138910.00450798066
138913.53631980685
138913.53631980685
138917.06813163304
138917.06813163304
138918.83403754613
138920.5999434592
138922.36584937232
138922.36584937232
138924.1317552854
138925.8976611985
138929.4294730247
138929.4294730247
138931.1953789378
138932.9612848509
138934.72719076398
138936.4930966771
138938.25900259017
138938.25900259017
138940.02490850328
138941.79081441637
138943.55672032945
138947.08853215564
138948.85443806875
138950.62034398183
138950.62034398183
138952.38624989495
138954.15215580803
138955.91806172114
138957.68396763422
138959.44987354733
138961.2157794604
138962.9816853735
138966.5134971997
138966.5134971997
138968.2794031128
138970.04530902588
138970.04530902588
138971.811214939
138975.3430267652
138977.10893267827
138978.87483859138
139006.0070752374
139076.80834969704
139076.80834969704
139198.96392851413
139267.12459600088
139267.12459600088
139530.9267338534
139582.616615347
139584.1404656209
139780.64013325283
139830.70164044652
139830.70164044652
139956.3725272962
139990.1062813744
139990.1062813744
140120.99236699546
140153.559852994
140155.1882272939
140244.71580620267
140277.07424414915
140278.20750464167
140609.87874296107
140632.87402868297
140634.46389413122
140777.19420227845
140904.59248618956
140904.59248618956
141081.2270876153
141172.85614957326
141172.85614957326
141341.26085926697
141344.759663506
141383.24651013533
141384.99591225485
141481.5210996417
141482.92942336053
141545.49530482353
141596.17845490872
141597.5482697759
141686.31117291545
141726.31636855417
141727.42762398857
141869.8553625868
142041.98992962966
142041.98992962966
142213.35982090328
142226.25478495404
142243.2922011935
142243.2922011935
142329.24395815984
142330.9603526922
142403.04892305107
142423.64565743934
142425.3620519717
142534.51814271198
142562.47556903705
142563.80687505254
142652.52026681133
142703.5059864455
142703.5059864455
142839.7613062447
142909.08824181114
142909.08824181114
144346.19457667007
144441.33894666066
144442.85179440552
145426.74195249047
145462.6762123794
145465.8009306306
146609.63485356705
146724.30321136315
146724.30321136315
146732.4725891854
146734.10646474987
146737.37421587878
146739.00809144322
146740.6419670077
146742.27584257213
146745.54359370103
146747.1774692655
146748.81134482994
146750.4452203944
146750.4452203944
146752.07909595885
146753.7129715233
146755.34684708776
146756.9807226522
146758.61459821666
146761.88234934557
146763.51622491
146766.78397603892
146768.4178516034
146770.05172716783
146778.22110499008
146779.85498055455
146783.12273168346
146783.12273168346
146784.7566072479
146786.39048281236
146788.2884190741
146790.18635533584
146790.18635533584
146795.88016412104
146797.7781003828
146799.67603664452
146803.471909168
146803.471909168
146805.36984542976
146807.26778169148
146814.85952673844
146816.75746300016
146822.4512717854
146824.34920804712
146826.24714430887
147117.13750869123
147121.73656583563
147124.0360944078
147128.6351515522
147133.23420869658
147137.83326584098
147140.13279441316
147142.43232298535
147142.43232298535
147144.73185155753
147147.03138012975
147149.33090870193
147151.6304372741
147156.2294944185
147156.2294944185
147158.5290229907
147163.1280801351
147165.42760870728
147165.42760870728
147167.72713727946
147170.02666585168
147179.22478014044
147181.52430871263
147183.8238372848
147186.123365857
147188.42289442918
147199.42542348272
147203.82643510416
147208.2274467256
147210.4279525363
147212.628458347
147214.8289641577
147217.02946996843
147219.22997577913
147225.83149321127
147228.03199902197
147230.23250483267
147232.4330106434
147236.8340222648
147239.0345280755
147241.23503388625
147243.43553969695
147265.44059780406
147267.64110361476
147272.0421152362
147274.2426210469
147278.64363266833
147280.84413847903
147283.04464428974
147285.24515010044
147287.44565591117
147287.44565591117
147289.64616172187
147291.84666753258
147294.0471733433
147294.0471733433
147296.247679154
147305.04970239685
147307.25020820755
147307.25020820755
147311.651219829
147316.0522314504
147318.25273726112
147318.25273726112
147318.25273726112
147320.45324307182
147322.45020209503
147344.41675135045
147346.4137103737
147348.4106693969
147350.40762842013
147354.40154646657
147358.395464513
147360.39242353622
147366.38330060587
147370.3772186523
147374.37113669876
147376.368095722
147380.36201376843
147382.35897279164
147384.35593181488
147386.35289083808
147408.3194400935
147410.3163991167
147418.3042352096
147420.30119423283
147424.29511227927
147426.29207130248
147426.29207130248
147463.57414100043
147481.05165840202
147482.99360477997
147484.93555115792
147488.81944391382
147490.76139029177
147492.7033366697
147502.4130685595
147504.35501493744
147517.9486395831
147529.60031785083
147531.54226422877
147545.13588887444
147563.3725807807
147565.5675853269
147567.76258987308
147569.95759441928
147572.15259896545
147576.54260805782
147578.737612604
147580.9326171502
147587.51763078873
147598.49265351967
147600.68765806584
147602.882662612
147605.0776671582
147624.83270807387
147627.02771262004
147635.80773080478
147638.00273535098
147648.9777580819
147651.17276262806
147655.56277172043
147655.56277172043
147659.9527808128
147664.34278990517
147666.53779445135
147668.73279899755
147670.92780354372
147675.3178126361
147677.5128171823
147686.292835367
147688.4878399132
147709.3376324697
147709.3376324697
147713.50759098097
147715.59257023662
147717.67754949228
147721.8475080036
147721.8475080036
147723.9324872592
147726.01746651487
147728.10244577052
147730.18742502618
147732.2724042818
147736.4423627931
147738.52734204876
147740.61232130442
147742.69730056004
147744.7822798157
147746.86725907135
147748.952238327
147751.03721758266
147753.1221968383
147778.1419479061
147788.56684418433
147790.65182343996
147792.7368026956
147796.90676120692
147798.99174046257
147801.0767197182
147803.16169897385
147807.33165748516
147816.89835649723
147818.55423711977
147820.21011774233
147821.8659983649
147823.52187898746
147825.17775961003
147828.48952085513
147828.48952085513
147831.80128210026
147833.45716272283
147835.11304334537
147836.76892396793
147853.32773019353
147854.9836108161
147859.95125268376
147861.60713330633
147864.91889455146
147866.574775174
147871.5424170417
147874.8541782868
147874.8541782868
147879.8218201545
147879.8218201545
147881.47770077706
147883.1335813996
147884.78946202216
147884.78946202216
147888.1012232673
147889.75710388986
147889.75710388986
147891.4129845124
147893.06886513496
147894.72474575753
147903.00414887033
147903.00414887033
147904.6600294929
147907.971790738
147909.62767136056
147911.28355198313
147912.9394326057
147914.51279426034
147914.51279426034
147916.08615591502
147917.65951756967
147919.23287922432
147920.80624087897
147922.37960253365
147922.37960253365
147927.09968749763
147928.67304915228
147928.67304915228
147930.24641080693
147933.39313411625
147934.9664957709
147953.8468356268
147958.5669205908
147961.7136439001
147963.28700555474
147964.86036720942
147968.00709051872
147969.5804521734
147971.15381382804
147974.30053713737
147975.87389879202
147977.44726044667
147980.593983756
147982.16734541065
147983.7407070653
147986.88743037463
147986.88743037463
147988.46079202928
147991.6075153386
147993.18087699325
147994.7542386479
147996.32760030258
148009.459118728
148011.57710557082
148011.57710557082
148015.81307925642
148017.93106609923
148020.04905294205
148022.16703978484
148024.28502662765
148026.40301347047
148028.52100031328
148028.52100031328
148030.6389871561
148032.75697399888
148034.8749608417
148036.9929476845
148039.11093452733
148041.22892137014
148043.34690821293
148045.46489505575
148047.58288189856
148049.70086874138
148064.52677664103
148066.64476348384
148068.76275032666
148070.88073716947
148072.99872401226
148075.11671085507
148077.2346976979
148081.4706713835
148081.4706713835
148083.5886582263
148085.70664506912
148087.82463191194
148089.94261875475
148092.06060559754
148094.17859244035
148096.29657928317
148098.41456612598
148100.53255296877
148102.65053981158
148104.7685266544
148104.7685266544
148121.71242139686
148123.83040823968
148128.0663819253
148128.0663819253
148132.3023556109
148136.1037293989
148144.52066412487
148146.20405107006
148149.57082496045
148151.25421190565
148154.62098579603
148157.9877596864
148188.2887246999
148189.9721116451
148191.6554985903
148195.02227248068
148195.02227248068
148223.63985054896
148225.32323749416
148227.00662443935
148228.69001138455
148228.69001138455
148230.37339832974
148233.74017222013
148260.92192024694
148262.6218109857
148266.02159246325
148267.72148320204
148269.4213739408
148271.1212646796
148272.82115541835
148274.52104615714
148277.9208276347
148279.62071837345
148281.3206091122
148281.3206091122
148283.020499851
148284.72039058976
148286.42028132855
148288.1201720673
148289.8200628061
148291.51995354486
148293.21984428365
148293.21984428365
148294.9197350224
148310.21875167137
148313.61853314893
148315.31842388771
148317.01831462648
148317.01831462648
148318.71820536527
148320.41809610403
148323.81787758158
148327.21765905913
148327.21765905913
148330.61744053668
148332.31733127544
148334.01722201423
148335.717112753
148337.41700349178
148339.55149412816
148341.68598476457
148341.68598476457
148343.82047540095
148345.95496603733
148373.7033443104
148454.8139884932
148454.8139884932
148556.69740752908
148585.30398306833
148585.30398306833
148726.02632966326
148827.0295463749
148827.0295463749
148931.85614193263
148958.5812850037
148979.57961170241
149015.84944872744
149015.84944872744
149241.04371213107
149287.08929622016
149288.4316047647
149412.41910466918
149478.75335233306
149480.24969628433
149588.17350377064
149631.97457193283
149631.97457193283
149810.26505398116
149872.03875335233
149872.03875335233
149910.2285316972
149970.2198213617
149970.2198213617
150012.49703924998
150013.95487434958
150013.95487434958
150029.87003262553
150053.62449285216
150055.02181404197
150055.02181404197
150062.00841999098
150078.77627426857
150117.2961284851
150427.52343767905
150513.60722499405
150513.60722499405
150753.15428754804
150783.63129302635
150785.15514330028
150843.51805866486
150862.5964440437
150862.5964440437
150934.69601693167
150974.83324291903
150974.83324291903
151082.32795177225
151144.20617516944
151145.87855958557
151314.51432238938
151503.06466278015
151503.06466278015
151615.90660075337
151676.67356871613
151676.67356871613
151953.2881516515
152004.42790669244
152006.01227087615
152222.47602747573
152239.68398291554
152288.97531307544
152290.3836367943
152290.3836367943
152290.3836367943
153149.7966824319
153197.5476585243
153236.16103423774
153237.1567631171
153802.81328555383
153839.39669465687
153839.39669465687
153864.44945331183
153893.98024129157
153893.98024129157
154574.53067337006
154667.8761298604
154667.8761298604
155639.91656415467
155678.22186905463
155678.22186905463
157429.37889195365
157439.82029202546
157440.62347664637
157448.65532285548
157500.94484218245
157502.06159888138
157502.06159888138
157545.74163922403
157545.74163922403
157739.40815562467
157742.48886375967
157771.31548987998
157771.31548987998
157775.6724913852
158022.6517623148
158138.5248970423
158141.3965571253
158175.06429602913
158175.06429602913
158482.86004630232
158486.7439390582
158525.64888179157
158526.79314481313
158561.57213915142
158561.57213915142
158682.37990815946
158706.17287723775
158706.91554794885
158818.5637115198
158862.18323795262
158888.96339366896
158889.82709219967
158958.51037981646
158986.91890983275
158987.64507675028
159035.61060215923
159086.84387869708
159109.55309866363
159117.12283865246
159118.0690561511
159128.47744863573
159128.47744863573
159263.25842954175
159308.09923669955
159308.09923669955
159328.15134589965
159329.48815317964
159377.2006204204
159387.36695726585
159389.54545801846
159401.16412869902
159401.16412869902
159409.1519647919
159410.08717976147
159415.69846957878
159436.27319890892
159436.27319890892
159521.02568020843
159551.63471603542
159551.63471603542
159678.6039013134
159685.68402875937
159699.23364328884
159699.23364328884
159703.1505436319
159704.12976871766
159875.12007273894
159923.45968413574
159923.45968413574
160036.13108290863
160056.92586281983
160056.92586281983
160068.47851832607
160086.96276713605
160088.11803268667
160206.28519472186
160226.58486082565
160226.58486082565
160275.83218086936
160288.6061171005
160290.02544334842
160290.02544334842
160314.35203508585
160315.44128546215
160418.43595993245
160442.3554580949
160442.3554580949
160462.99620259937
160481.4584463512
160512.3975580498
160512.3975580498
160621.01452486648
160668.82051360415
160670.12431329698
160670.12431329698
160744.07781233048
160750.97089678253
160780.32014303288
160794.62893206702
160794.62893206702
160823.9616745238
160824.85838064164
160993.64817885222
161018.67893244905
161019.59764362502
161104.1905882533
161148.65180815867
161150.17015716806
161299.61750930248
161315.538168843
161316.72644198078
161416.01326416002
161457.503801221
161458.27947951926
161553.80893802672
161578.2455550547
161585.17714835843
161586.33241390905
161586.33241390905
161587.48767945968
161587.48767945968
161587.48767945968
161588.6429450103
161588.6429450103
161588.6429450103
161589.79821056093
161590.95347611155
161599.0403349659
161599.0403349659
161607.12719382026
161607.12719382026
161612.90352157337
161614.058787124
161614.058787124
161615.21405267462
161616.36931822525
161617.52458377587
161617.52458377587
161618.6798493265
161619.83511487712
161692.00070293935
161705.62183390767
161705.62183390767
162413.72259873623
162529.88179921912
162542.46869245637
162543.2553732837
162649.17121921774
162649.17121921774
162902.20738239135
162932.97595488964
163171.785847997
163374.8925343256
163400.29737391023
163400.29737391023
163659.12086736606
163691.37478128655
163698.99953392067
163709.16587076616
163710.43666287183
163860.66519456904
163862.20554863656
163874.52838117653
164233.21082832234
164263.46778321962
164263.46778321962
164464.3299536213
164563.10515819953
164564.60700341535
164594.09378127888
164675.66653168193
164680.88173045331
164696.52732676745
164697.3965265627
164704.35012492453
164704.35012492453
165102.2565881463
165128.13453648027
165128.13453648027
165434.35692509875
165452.37906768845
165471.6775036484
165471.6775036484
165473.92201957532
165473.92201957532
165476.91470747787
165915.62955095927
165933.5416682585
165934.47688322802
166148.31103538384
166205.42516370083
166244.46763804735
166244.46763804735
166357.44710763378
166397.69435891166
166397.69435891166
166863.7009757104
166904.1792800984
166907.29299582058
167496.45092031572
167528.68833044262
167528.68833044262
167959.05225437236
167985.05123052592
167985.05123052592
171772.0667181137
171838.67052773936
171859.1187279854
171859.1187279854
171884.43554733763
171884.43554733763
172132.48756484996
172143.84217483323
172143.84217483323
172207.88239518946
172227.58792472436
172227.58792472436
172289.04255075296
172305.6233620367
172306.4870605674
172360.955080647
172374.7027406994
172375.3573911781
172396.91134559404
172398.82578564936
172418.92740623018
172418.92740623018
172420.8418462855
172436.15736672806
172442.85790692168
172443.81512694934
172499.16885061775
172515.557117643
172516.5968566386
172591.8596566294
172617.30300506577
172618.32073900322
172681.54127094493
172690.21126383913
172690.21126383913
172769.50098946356
172805.2812139457
172818.48424880998
172818.48424880998
172822.44515926923
172824.42561449888
172825.0857662421
172868.4742395648
172889.20300430167
172890.33076352967
172973.54839202622
172996.3071233735
172997.39087248527
173050.09298665178
173076.74661328402
173077.74234216337
173172.41360340468
173212.56183192108
173213.50254815517
173279.0281099336
173290.89983878238
173348.25602273858
173348.25602273858
173608.4878399132
173618.0600401898
173618.0600401898
173826.27740126374
173874.3144431116
173875.60724027536
174189.26733853406
174199.5877107863
174199.98380183222
174215.71191711427
174256.2122265604
174256.78985933572
174401.96823019735
174441.35728420908
174441.7918841067
174444.3994834924
174451.46860840928
174457.14591340092
174457.14591340092
174458.09213089952
174458.56523964883
174459.0383483981
174459.0383483981
174459.51145714743
174459.98456589674
174459.98456589674
174460.45767464602
174460.93078339534
174460.93078339534
174461.40389214465
174461.87700089393
174462.35010964324
174462.35010964324
174462.82321839256
174463.29632714184
174463.29632714184
174463.76943589115
174464.24254464047
174464.71565338975
175621.73610739692
175692.0422680491
175692.0422680491
176037.76373596987
176049.2503763018
176049.2503763018
176112.03080708135
176121.7350377066
176122.0816173718
176459.99128966453
176460.2113402456
176591.9281168102
176606.0828704376
176606.0828704376
176695.2913760038
176708.92350950115
176708.92350950115
176924.6390941251
176931.801740539
176932.04379617816
177029.59221876695
177030.6484615561
177039.09840386923
177039.09840386923
177348.54453350042
177358.84290069455
177358.84290069455
177400.7295288014
177407.7711473957
177407.7711473957
177425.38619641043
177427.8892717701
177427.8892717701
177442.51713414682
177447.79834809253
177455.06001726788
177455.06001726788
177455.7201690111
177462.7342812827
177462.7342812827
177464.07108856272
177465.4078958427
177467.1903055494
177467.1903055494
177486.71979461945
177494.8891724417
177494.8891724417
177518.81417186867
177526.8955294585
177526.8955294585
177545.13222136477
177548.1854231771
177548.3889699646
177549.40670390206
177555.40308223627
177555.40308223627
177578.50839324875
177582.13922783642
177582.46930370803
177596.34899410905
177599.85329961262
177599.85329961262
177633.77959794924
177637.83402990547
177637.83402990547
177656.04871675366
177658.30423520962
177658.52978705522
177676.02930951488
177733.75407819438
177733.97412877544
177751.66619549354
177759.05989501753
177759.05989501753
177780.55883678817
177780.55883678817
177784.2996966664
177784.5032434539
177802.24482155274
177804.30229448574
177804.30229448574
177815.8989601082
177815.8989601082
177821.21318164107
177821.4442347512
177822.13739408157
177822.13739408157
177844.68157611229
177851.72869597108
177851.72869597108
177876.4513787544
177881.60056235146
177881.60056235146
177905.63008580444
177909.88806454817
177909.88806454817
177930.1712268584
177937.03680498782
177939.94147265796
177939.94147265796
177945.98186110836
177945.98186110836
177966.4135575608
177972.13487266863
177972.42093842404
177986.15209468288
177998.19986399653
177998.19986399653
178042.2209827398
178049.87874296104
178050.51688964615
178074.59042321536
178077.5170959436
178077.67113135033
178092.7005860375
178099.72019957367
178099.72019957367
178117.58830675663
178120.5589896011
178120.75703512406
178134.13611045317
178174.2458301179
178174.50438955065
178189.2037683662
178201.20752756362
178201.20752756362
178228.8568830752
178238.79216681057
178238.79216681057
178258.1071065641
178262.4255992176
178262.4255992176
178271.94278684893
178285.40988241046
178285.5969254044
178303.78960719443
178315.54030822363
178315.73285248206
178321.12409171832
178327.1204700525
178327.1204700525
178339.00320143034
178349.69765967038
178350.2422848585
178386.27006624438
178393.66376576838
178393.66376576838
178415.0911911002
178421.5881845063
178421.8522452036
178442.1519113074
178448.39034528076
178448.39034528076
178915.45870613315
178920.47585938158
178920.47585938158
178977.30392194318
178986.19946668297
178986.4470235867
179041.99879277806
179048.3362495129
179048.3362495129
179123.97863675607
179129.97501509028
179129.97501509028
179311.93484057795
179315.79672827575
179322.0351622491
179322.33223053356
179327.55843183398
179327.86650264746
179347.44000183375
179350.76826687244
179350.90579848562
179364.52142818942
179370.32526226513
179370.49030020094
179386.7740432002
179392.31381657865
179392.31381657865
179405.47834259126
179415.86473001778
179416.1728008313
179439.2010941404
179458.48852757126
179458.67006930063
179474.4752022861
179478.34809251293
179478.46912033253
179489.73571008336
179494.66484309937
179494.8188785061
179569.10245341118
179572.8268094958
179572.8268094958
180175.23728023595
180185.11755132605
180185.11755132605
181649.21308995332
181667.1252072525
181674.25484607922
181674.5024029829
181842.18094575906
181860.0875617937
181972.67644159874
181975.25103339728
181975.53709915266
181979.82808548355
181979.82808548355
182007.65348145997
182227.67105494387
182229.80554558025
182243.2506360837
182243.2506360837
182264.7330740608
182277.7435646666
182278.04613421558
182340.67803085293
182351.69156243553
182351.69156243553
182381.57443134498
183422.54571015976
185454.6798187639
185475.44159108793
185475.44159108793
187909.28903796634
187926.1229074183
187989.1563963661
187989.1563963661
188043.89397840752
188062.0481513459
188062.0481513459
188792.80312349575
188839.50885932808
188840.25703130374
188920.24541752305
188925.13054042283
188927.57310187272
188965.33378158452
188965.33378158452
188970.2629146005
189159.35237891486
189177.1929797752
189177.1929797752
189513.50178409065
189530.44567883314
189530.44567883314
192869.96630475478
192869.96630475478
194208.41846285498
194250.6571718916
194251.7079134162
195134.83140916418
195177.5927383308
195177.5927383308
196674.38779330527
196700.9589009696
196700.9589009696
196752.82482292803
196807.70543784718
196807.70543784718
197125.0513833388
197142.8204677603
197142.8204677603
197590.34833701357
198014.00071822066
198242.05563917817
198404.31543639547
198405.85579046296
198995.9654337212
201224.28563787925
201273.55496298108
201275.31536762964
201278.83617692676
201278.83617692676
201280.59658157534
201282.35698622392
201605.39123923623
202397.90340696368
202453.66422420708
202453.66422420708
202719.56234384433
205044.84783655131
205075.65491790127
205076.88720115527
205468.2966709709
205500.7541316789
205500.7541316789
205939.44146883764
205970.01749707747
205970.01749707747
206334.0471733433
206365.0853078034
206366.40561128984
206553.10202553504
206590.2410623553
206627.59464849212
206628.6618938103
206655.8821506888
206655.8821506888
208408.46950236478
208711.64969169997
208713.53662543267
211225.83760572743
211340.0768648905
211340.0768648905
212541.92712352631
212669.8755338901
212672.49413580482
212675.11273771958
212676.42203867694
212679.0406405917
212680.34994154907
212681.65924250646
212682.96854346382
212685.58714537855
212686.89644633594
212689.51504825067
212690.82434920807
212692.13365016543
212694.7522520802
212699.98945590967
212701.29875686704
212703.9173587818
212705.22665973916
212709.15456261128
212709.15456261128
212710.46386356864
212711.51460509325
212714.6668296671
212715.71757119172
212716.76831271633
212717.81905424094
212718.86979576555
212720.97127881477
212722.0220203394
212724.12350338863
212724.12350338863
212725.17424491324
212727.27572796246
212731.47869406093
212733.58017711015
212734.63091863476
212735.68166015937
212736.732401684
212740.93536778245
212741.98610930706
212743.03685083168
212744.0875923563
212745.13833388092
212748.29055845476
212748.29055845476
212749.34129997937
212753.54426607784
212755.64574912706
212756.69649065167
212759.84871522553
212760.89945675014
212765.10242284858
212768.25464742244
212771.40687199627
212773.5083550455
212776.24798477982
213991.20225551847
214025.16706270675
214026.30032319928
214149.48463848289
214174.15230862095
214175.45060704928
214286.10854300536
214287.07126429756
214378.0731820995
214399.748164335
214400.83191344677
214514.4275246602
214569.1431016435
214569.1431016435
214707.25784885275
214753.18790638683
214753.18790638683
214870.04026620009
214931.95699844896
214961.9773989716
214961.9773989716
215045.3105540232
215045.3105540232
215057.1712803429
215065.64322771414
215091.05906982784
215097.83662772484
215099.5310171991
215106.30857509607
215111.39174351882
215113.08613299308
215124.83133275775
215141.6101895644
215144.96596092574
215149.99961796775
215163.4227034131
215166.77847477442
215232.83765921195
215234.42752466016
215396.86886360683
215416.62390452248
215416.62390452248
215554.19952780812
215615.59363992698
215616.6058725999
215749.455909657
215800.5461533172
215801.9874846232
215940.12423689058
215990.47180983963
215990.47180983963
216192.18667624297
216243.4309553099
216243.4309553099
216632.3538535594
216687.97713918964
216687.97713918964
216858.21376997072
216897.0581987943
216898.747087004
217148.6090205457
217188.06408973175
217189.85750196746
217319.7533599737
217426.8079676648
217433.1619281932
217443.75186240725
217443.75186240725
217535.5789698882
217542.70860871492
217599.74571932855
217685.84601043715
217688.00800739616
217694.49399827322
217696.65599523226
217698.81799219127
217698.81799219127
217713.95197090443
217713.95197090443
217716.11396786346
217803.42453716794
217980.66427769163
217980.66427769163
217983.54694030364
217986.42960291568
217986.42960291568
217987.8709342217
217989.3122655277
218008.0495725059
218041.46425324152
218043.07612374786
218238.8936345785
218297.98821812513
218299.4185469021
218309.43084834082
218563.36921889684
218563.36921889684
218577.12238021378
218581.24832860887
218599.12743832087
218604.62870284767
218608.75465124275
218614.25591576952
218619.7571802963
218623.88312869138
218634.7976375125
218636.1509485861
218642.91750395403
218646.9774371748
218659.15723683705
218665.923792205
218672.69034757293
218676.7502807937
218679.45690294087
218694.3433247503
218695.6966358239
218705.16981333902
218822.57780086948
218845.32002842322
218845.32002842322
219073.55649111012
219214.34485287938
219214.34485287938
219247.61650073732
219273.846530001
219387.78321961508
219387.78321961508
219438.46636970027
219440.29278952314
219482.30044544963
219506.0439031472
219509.69674279296
219524.30810137608
219535.26662031343
219548.74471840402
219556.51250391582
219570.10612856149
219579.81586045126
219585.6416995851
219603.11921698667
219605.06116336462
219610.8870024985
219626.4225735221
219636.13230541185
219649.72593005752
219665.0084429129
220842.02049221034
220876.32087653482
220972.03187677165
220972.03187677165
221013.22534554818
221017.08723324595
221019.6618250445
221192.53356153393
221281.500011461
221283.45846163252
222930.07495472918
222982.35897279164
222982.35897279164
223437.77565537635
223469.550959283
223469.550959283
223663.78960719446
223740.93934091795
223740.93934091795
223892.69172288908
223944.39810817625
223946.01547994712
224104.1713338274
224230.74442805952
224232.6533668503
224339.92802512244
224390.2315879553
224408.3967634227
224409.7940846125
224470.7701006273
224470.7701006273
224498.6945193652
224740.86018383392
224757.8645924862
224757.8645924862
224914.35356321489
224953.36302997425
224955.38199405558
225142.0564032427
225154.24720543402
225156.35418974777
225173.21006425782
225206.9218132779
225206.9218132779
225206.9218132779
225209.02879759166
225209.02879759166
225209.02879759166
225384.22206771138
225409.63790982508
225509.28781546315
225702.51423070164
225757.43885573698
225757.43885573698
226049.66602739936
226101.06434187302
226102.7422275537
226216.94847912955
226266.45985987058
226267.83517600226
226410.2354082779
226463.54266154233
226465.3195699845
226606.6690607355
226643.7145760588
226644.71580620267
226645.71703634656
226813.18653107068
226848.37261898394
226849.72593005752
226955.218178623
226987.30155334316
226988.48982648095
227102.82810840546
227164.29373696315
227167.9795841961
227169.82250781255
227284.69991366073
227287.18648522682
227495.74492470146
227705.28258926183
227783.24651013533
227793.7429228524
227793.7429228524
227924.94808181602
227956.45382376088
227956.45382376088
227956.45382376088
227957.82363862803
228186.98431375544
228224.6349681767
228224.6349681767
228364.13053278218
228447.20512840105
228447.20512840105
228667.23370441401
228767.00463787164
228767.00463787164
228939.8433667739
228977.11993520733
228978.45124122282
229257.62941342767
229327.77053614406
229327.77053614406
229383.81741914287
229419.70766891557
229421.10499010538
229562.01988095875
229599.4999961797
229599.4999961797
229758.1949739836
229816.8109475164
229818.37880790656
229947.5760053179
229979.2742915212
229979.2742915212
230083.14916831578
230141.7871469067
230143.23397947723
230284.11586274343
230305.11418944216
230305.11418944216
230316.55681965785
230360.33588276192
230360.33588276192
233442.9419540186
233547.03138012975
233549.33090870193
233732.43499721115
233865.5160873784
233890.76139029177
233890.76139029177
233906.29696131538
233906.29696131538
234119.76252874793
234171.88701013912
234173.97198939478
234364.86036720942
234394.7542386479
234396.32760030258
234618.58968971338
234694.9197350224
234696.6196257612
234881.7261745582
235152.21234881075
235154.08277874984
235473.1176124512
235648.16234842868
235649.5046569732
235778.9164037011
235814.01447138193
235814.01447138193
235977.46804300154
236001.93766761664
236001.93766761664
236003.36799639362
236036.26555826372
236036.26555826372
236261.75688995176
236335.19877138425
236335.19877138425
236549.20346274038
236763.91781722047
236765.27112829406
238718.25854415147
238720.49205754933
238755.11151521635
238755.11151521635
238759.57854201208
239652.09269630729
239654.084154066
239690.37049488458
239690.37049488458
239692.68102598583
242167.85397198942
242210.92887323405
242211.88059199718
245094.2901458599
245103.2021943933
245112.85691363778
245120.28362074893
245155.84929591455
245157.41715630467
245547.6493555116
245560.16473231002
245606.0232734052
245642.6176850373
245643.35485448388
245662.52126009518
245662.52126009518
245956.47582881898
246006.70237394844
246007.52756362746
248511.20806240878
248531.61775380315
248532.60798141797
248662.08024205564
248755.92081235338
248771.91298833274
248773.0132412381
248798.31905806126
248799.41931096662
248810.42184002016
248821.42436907373
248839.1329395854
248845.15682424224
248855.9998166245
248857.20459355589
248858.40937048724
249040.8202996661
249089.53399705072
249090.92581697597
249337.1844222526
249367.4853872661
249368.3270807387
249483.0064410639
249515.04580566785
249516.04703581173
249629.62614323155
249678.43886337764
249679.56662260563
249722.61401752764
249733.5560326714
249733.5560326714
249836.19312494746
249856.2947455283
249857.7305755698
249936.255625425
249949.95377409668
249999.33312448903
250000.4553824525
250012.64618464385
250013.61440720054
250017.4872974274
250037.81997111836
250038.78819367508
250152.53233903073
250191.61332222895
250193.24169652886
250366.8891113166
250441.76682279052
250443.03761489622
250627.1594373429
250686.16049939257
250687.67334713743
250888.01289740903
250933.06825388334
250934.57009909916
251081.75093024853
251122.71334591493
251122.71334591493
251199.5880164121
251213.33017519995
251213.97932441413
251279.05928376594
251336.89957900046
251336.89957900046
251462.82352401837
251494.8628886223
251497.32745513032
251787.761214557
251804.2430030792
251804.83163838356
252032.73252393433
252046.5957105418
252047.5859381566
252178.87911735266
252208.25036866113
252209.35612283103
252342.893817954
252453.93134116245
252453.93134116245
253872.1573361655
253937.53436380168
254022.41337418533
254116.03939516653
254118.71300972655
254120.49541943322
254123.16903399324
254136.98270921997
254215.9643640309
254606.41661381887
255478.57058810047
255614.89742433853
255614.89742433853
257722.08528488147
258233.80190863318
258234.7756324544
258238.67052773936
258242.56542302432
258243.53914684558
258244.5128706668
258245.48659448806
258246.46031830928
258247.43404213054
258247.43404213054
258248.40776595176
258249.38148977302
258250.35521359424
258250.35521359424
258251.32893741547
258252.30266123672
258253.27638505795
258254.2501088792
258254.2501088792
258256.19755652169
258256.19755652169
258257.1712803429
258258.14500416417
258260.09245180665
258261.06617562787
258262.03989944913
258262.03989944913
258263.01362327035
258264.96107091283
258265.9347947341
258265.9347947341
258267.88224237657
258268.8559661978
258269.82969001905
258270.80341384027
258271.77713766153
258272.75086148275
258273.72458530398
258273.72458530398
258274.69830912523
258275.67203294646
258276.6457567677
258276.6457567677
258278.5932044102
258280.54065205267
258281.5143758739
258282.48809969515
258284.43554733763
258285.40927115886
258286.38299498011
258286.38299498011
258288.33044262257
258288.33044262257
258289.35917908908
258290.3879155556
258292.4453884886
258292.4453884886
258294.5028614216
258295.53159788813
258296.5603343546
258297.58907082112
258298.61780728764
258299.64654375415
258300.67528022066
258301.70401668717
258304.79022608668
258305.8189625532
258306.8476990197
258307.8764354862
258308.9051719527
258309.93390841922
258310.96264488573
258311.99138135224
258313.02011781873
258314.04885428524
258315.07759075175
258315.07759075175
258317.13506368478
258317.13506368478
258319.19253661777
258319.19253661777
258320.2212730843
258321.2500095508
258322.2787460173
258323.30748248383
259568.91479916565
259608.79896698476
259609.73968321885
262081.44683257054
262088.4609448422
262088.74150933305
262131.1562588345
262148.2926978354
262148.2926978354
262269.5955806508
262277.14331558155
262277.14331558155
262379.6208711864
262394.57330817013
262395.29397382314
262442.54983610817
262466.5408507094
262466.7609012905
262486.4994384126
262494.4432643893
262496.90783089725
262501.48488298355
262501.8369639133
262502.8932067024
262502.8932067024
262503.94944949157
262504.653611351
262505.3577732104
262586.2483668121
262586.57844268373
262617.15997218806
262619.60253363795
262619.60253363795
262645.0678871324
262667.9366437702
262668.32723355165
262697.9790493509
262706.3959840769
262708.73402150074
262709.2016289855
262731.272702267
262731.272702267
262854.71007571876
262865.9326553534
262865.9326553534
262906.6695191742
262909.53017672815
262919.1848959726
262919.54247816687
262944.08361922076
262949.4308483408
262949.72791662527
262950.91618976305
262952.10446290084
262952.99566775415
262953.58980432304
262973.86746536876
262974.2525538856
263008.3658952162
263027.06469334266
263027.41127300786
263067.36145600135
263078.04491171235
263078.04491171235
263115.52502693323
263134.9169843902
263135.16454129387
263180.38493570394
263224.94517837086
263225.44029217825
263256.0163204181
263263.16796430293
263264.31222732447
263299.02520648844
263312.1072135331
263319.83098892873
263330.10735106474
263330.10735106474
263363.1644496061
263376.14743388933
263376.4500034383
263533.2030348643
263560.8413878468
263560.8413878468
263610.86988745333
263634.43730468606
263634.43730468606
264089.7384607156
264103.44761191634
264202.9929935284
264473.5121753681
264492.7005860375
264492.7005860375
264722.4719015274
264723.81971133646
264729.84359599324
264729.84359599324
264739.99342904513
264775.20152201655
264778.0896858931
264778.0896858931
264801.7616271518
264815.80085422413
264815.80085422413
264816.9836260974
264819.5857242185
264822.11630590085
264826.3412770574
264827.66158054385
265302.1126383912
265452.2971599722
265454.5801847508
265458.0459814027
265485.89888370177
265535.36625432654
265557.27228967217
265557.27228967217
265559.52780812816
265701.4879392416
265708.3700211646
265766.3643518058
265766.3643518058
265768.34480703546
265952.4501256886
266130.71310141427
266143.1459592448
266143.1459592448
266163.5611519037
266163.8307138655
266168.1437052545
266169.5630315024
266172.973815509
266176.72567791626
266182.18293232686
266552.1759793397
266558.8765195333
266558.8765195333
266575.237280236
266575.237280236
266578.1034390544
266585.5301461656
266587.5931203631
266591.7190687582
266595.84501715325
270803.0580918253
270824.32047922123
270824.32047922123
272784.31650608574
272834.0479374078
272834.0479374078
273807.66173335677
273836.02625325683
274003.1106594641
274003.1106594641
274096.5716425095
274121.17879873776
274122.35056808195
274609.92214182566
274695.2137470488
274695.2137470488
274926.99302409095
275144.33698301483
275168.4600279648
275169.433751786
275273.7047196265
275285.1473498422
275285.1473498422
275746.1643197152
275746.1643197152
275924.28426256316
275992.3459072884
275992.3459072884
276208.55110445525
276220.80242055637
276220.80242055637
276519.9776893161
276542.0597651266
276543.28654711606
276643.8496626655
276665.3596069652
276665.3596069652
276957.8563405894
277048.8087470106
277048.8087470106
277084.23689056304
277085.24912323593
277086.2613559089
277086.2613559089
277087.2735885818
277087.2735885818
277088.2858212547
277089.29805392766
277089.29805392766
277090.3102866006
277091.3225192735
277092.33475194644
277092.33475194644
277094.3592172923
277094.3592172923
277095.3714499652
277095.3714499652
277097.39591531106
277098.408147984
277099.42038065696
277817.2803887561
277877.9978453381
277877.9978453381
278035.8456284048
278070.1075038776
278070.1075038776
278387.9375606476
278476.59593976114
278477.8832356604
280227.6484386342
280291.8481956617
280292.81641821837
280305.4033114556
280322.91933770885
280323.9315703818
280940.5848149818
281136.64438145154
281136.64438145154
281327.91234651854
281414.815822248
281414.815822248
282610.9062569243
282629.00541721744
282629.00541721744
283297.7611381505
283395.8816922501
283551.182389841
283677.99753971223
283679.2188204372
285635.0063799387
285751.9302561908
285751.9302561908
286080.08618647757
286112.0210270555
286246.7469953163
286540.3604856394
286567.32218308514
286569.39615981176
286627.4675081564
286629.541484883
286638.794611817
286667.5112126468
286667.5112126468
286767.6177232405
286857.1673072074
286857.1673072074
286886.9181457682
286942.3818947272
286967.99578236387
286969.5966503411
286969.5966503411
286969.5966503411
286969.5966503411
286976.0001222503
286977.6009902276
286980.80272618216
286982.40359415946
287027.83853788616
287079.1983435081
287079.1983435081
287080.3206014716
287081.44285943505
287173.46801243897
287198.1576876351
287232.8156541539
287232.8156541539
287237.4202125628
287240.4899181687
287242.0247709717
287245.09447657765
287245.09447657765
287248.16418218357
287248.16418218357
287261.9778574103
287274.25667983404
287281.9309438489
287285.0006494549
287285.0006494549
287286.5355022578
287288.0703550608
287364.1198358789
287364.1198358789
287397.77657225373
287399.0418630949
287406.63360814186
287410.4294806653
287437.0005883296
287437.0005883296
287593.0384553672
287603.9749692464
287640.1072746583
287641.8676793069
287666.5133443868
287668.2737490354
287691.15900946676
287692.9194141154
287735.169125681
287800.4801381428
287801.65740875155
287812.25284423016
287812.25284423016
287816.05421801814
287837.75670657627
287837.75670657627
287944.7397978285
287944.7397978285
287955.13718778413
287958.602984436
287984.596459325
287986.32935765095
287989.7951543028
287989.7951543028
287994.9938492806
287996.72674760653
287998.4596459325
288001.9254425843
288003.6583409103
288003.6583409103
288040.0106969032
288265.4910260622
288308.2358514353
288309.6606789477
289623.21411379974
289703.4555581873
289705.028919842
291626.1585128248
292742.2880676045
292949.9498009612
292949.9498009612
296831.0424132214
300120.82610655646
300492.9316391476
300492.9316391476
300512.1860649913
300522.77599920536
300531.440490835
300538.1795398803
300548.18634005456
300559.87102590944
300571.5557117643
300581.9420991909
300607.90806775726
300611.8029630422
300620.89105204045
300626.9314404908
300636.99875457486
302576.59059130953
302614.4667975764
302645.6589674432
306594.27410050505
306616.5542218385
306673.162233819
306674.3174993697
306752.98558210256
306759.06447940465
306794.32208375674
306794.32208375674
306834.81689193833
306865.67898593354
306865.67898593354
307808.30966006767
307811.247335325
307811.247335325
307812.7161729536
307814.18501058227
307814.18501058227
307815.65384821093
307817.1226858396
307817.1226858396
307818.5915234682
307820.06036109687
307821.52919872553
307821.52919872553
307822.9980363542
307824.4668739828
307824.4668739828
307825.93571161147
319106.7242261937
319299.1419555467
319299.1419555467
325977.25349368504
325991.5787865127
325991.5787865127
332190.99779185356
333152.4757982564
333208.75373436534
333208.75373436534
335311.0014593632
337892.3983221144
351307.93603251857
352641.04646276333
352641.2445082863
352642.2347359011
352644.91935299017
352648.22011170624
352649.32036461163
352653.9414268141
352717.54154600814
352717.54154600814
352719.42297847633
352724.75370380277
355685.7763277531
355689.12109658535
355696.47078599315
359582.96564001864
359586.94305427145
359623.16337991576
359624.7092352478
359633.98436723993
365891.70027277106
369520.59841533017
378849.235706263
378862.2406956043
379467.17074549774
379553.0344822317
379553.0344822317
387241.2276988669
393669.60933381214
393778.468356268
393778.468356268
393796.4904988577
393958.2276759449
396618.6502036232
423424.1337418531
423430.18513283256
423490.5119996332
424351.34437151876
424352.63716868253
424364.2723431567
424786.36786650267
442770.425201904
442776.5591118514
442785.1465857777
442790.0537137356
442889.42305488273
442889.42305488273
442895.5569648301
475618.9488000367
475626.1279502441
475630.91405038245
475640.48625065904
475650.05845093564
475654.8445510739
475794.82422695775
475796.9092062134
478739.03498651425
478752.62861115986
478752.62861115986
478754.57055753784
478758.45445029374
478762.33834304963
478762.33834304963
478764.2802894276
478770.1061285615
478772.0480749394
478773.9900213174
478777.8739140733
478777.8739140733
478781.7578068292
478783.6997532071
478785.6416995851
478787.58364596305
478789.525592341
478791.46753871895
478791.46753871895
478793.40948509687
478805.0611633646
478810.88700249844
478812.8289488764
478818.6547880103
478824.4806271441
478828.3645199
478838.0742517898
478840.01619816775
478843.90009092365
478849.7259300575
478853.6098228134
478853.6098228134
478856.4594778383
478859.3091328632
478860.7339603756
478863.5836154005
478865.0084429129
478867.8580979378
478869.2829254502
478870.70775296265
478874.98223549995
478876.40706301236
478877.83189052483
478880.6815455497
478882.1063730621
478884.956028087
478884.956028087
478887.8056831119
478889.2305106243
478892.0801656492
478892.0801656492
478894.92982067406
478896.3546481865
478899.20430321136
478899.20430321136
478902.05395823624
478902.05395823624
478904.90361326106
478904.90361326106
478907.75326828595
485751.931478694
485829.6973540446
485830.6985841885
516642.786084857
516645.0085957258
521281.44683257054
521292.0422680491
521292.0422680491
536403.7463611427
546259.7238670834
546265.2691417264
546272.2007350301
546344.2893053889
546345.4115633524
546349.9005952063
546363.3676907679
554243.9621329624
596924.8848172739
596925.8200322435
598222.0389825716
598234.4993467248
598234.4993467248
599111.076337686
599162.0730598492
599162.0730598492
601032.5140014823
617298.8509997784
617299.9897615354
666483.5886582263
668260.2880523232
754483.4664079035
754518.8340375462
754625.2504985521
754626.4992855997
754692.6024801534
754729.3234208697
755545.5350361785
755547.0588864525
755582.1074427525
755641.9281932167
761720.6769611626
761735.4533576815
762243.033030509
762243.8362151299
762275.2594381069
762295.3610586878
763837.602059918
763859.5080952636
763872.4525706951
778488.4652236035
778499.968367729
779289.5263564056
779304.8418768481
779308.5387266101
779314.7441529963
779612.7366498827
779631.0888683441
779634.7857181061
779637.0962492073
780399.5935176766
780419.8381711352
780427.4299161821
781805.2326194424
786574.8619717449
786595.8878047662
786768.0993895124
786777.5395594403
795287.5556812017
795321.3774555124
828446.5156365804
828487.9731660542
836592.3700517272
836910.3211363168
839191.6075153386
839194.7542386479
839266.6447634838
839302.6505398116
840692.2204478947
840730.0581453098
843364.0195906142
844127.4520740531
844190.1664896584
844217.9148679314
844219.1911613017
846582.0612932557
846610.4148106265
846626.720558684
846634.8734327126
847562.727710328
847613.3173389161
848181.1798684282
848197.4856164855
852711.8232871584
852750.3101337878
852949.7309728834
852966.2457689928
852981.8913653069
856114.5974526089
856151.2248718282
856157.36428304
856166.5733998579
870605.9184437534
870646.215206412
870719.7506093414
870728.8276958107
870734.637031151
870736.8155319035
870741.4916067513
873633.759426646
873645.7631858434
873651.0884099053
873656.8977452456
873660.2865241941
873663.6753031426
873878.6427157909
873906.8752053424
873913.6527632393
873917.3496130013
874120.676349911
874149.6845177606
874153.2163295869
874157.3367767174
874694.1281641822
874726.7616653551
874736.3228631025
874741.538061874
913639.9783005677
913690.8264885887
913712.363939211
913722.4147495014
913731.0297297504
919821.4191734351
919855.2629528038
919874.7154241705
920625.2969536748
920670.0112317484
921707.8247847249
921771.3643900091
921788.0057152027
949112.0604527846
958083.9682454787
958086.8729131488
958102.5240107275
958104.3669343439
958210.5413397107
958218.0450645252
958219.2553427211
958223.5573315811
959027.5231320533
959929.6644992703
960026.1841853927
960033.4788621551
961914.1466545436
961925.5012645267
961931.1785695184
996585.2281878681
1006835.932426134
1006909.0882418111
1023900.1233200132
1023935.127866197
1044489.777580819
1044492.2036384753
1044925.345700991
1044942.1300590622
1045476.0442851795
1045489.2473200437
1045498.753505146
1046057.2583836978
1046062.2755369463
1046068.8605505849
1047012.431940953
1047020.9423971759
1047040.8019621177
1047585.1465857778
1047603.5483156198
1048208.7864363266
1048260.9934366859
1049207.0238922974
1049222.4054279143
1050232.745665844
1050295.9441927278
1050317.1845750655
1050331.8894551457
1050349.8620863548
1050358.031464177
1051274.3330862857
1051318.040632951
1051362.4413389466
1052435.9470961727
1052456.626349529
1052881.6265405451
1052909.6609845737
1052919.4312303732
1052924.3163532729
1103998.4743159711
1104019.3571161148
1104024.1762238403
1104028.9953315658
1104047.0064716265
1107916.5794359676
1107958.1524919965
1107963.3236806516
1109363.989639285
1109386.1927429151
1109397.8114135957
1112957.4156281757
1113000.2319699875
1113003.2191566257
1113010.189258781
1117098.4594931195
1117106.0072280504
1117137.8705521894
1117178.271838874
1117194.7316223383
1121204.262257505
1121244.1684303822
1121257.041389375
1121269.430237089
1123646.1525531216
1123681.767739668
1126478.6436326683
1126482.5715355405
1126484.4419654796
1126485.377180449
1188021.0093292277
1188042.6788101988
1188062.681408018
1188072.6827069276
1190020.2293721682
1190025.2080165648
1190043.1311363932
1190049.1055096693
1192320.1760404648
1192347.1432391752
1194494.737887667
1194528.625677152
1197843.4841342003
1197884.9141573515
1205667.6080960277
1205722.9618196962
1205730.0584509356
1209128.9432223656
1209147.9445900412
1209157.027177775
1209160.955080647
