771767.1632576655
771771.5037553771
771772.9505879476
771774.3974205182
771777.2910856593
771777.2910856593
771778.7379182298
771813.2198442837
771814.3531047762
771821.1526677313
771824.5524492088
771825.6857097014
771826.8189701939
771826.8189701939
771827.9522306863
771827.9522306863
771829.0854911789
771830.2187516714
771831.352012164
771832.4852726564
771833.6185331489
771833.6185331489
795860.0722805033
795863.3180265742
795864.9408996096
795864.9408996096
795866.563772645
795868.1866456803
795869.8095187158
795871.4323917512
795873.0552647866
795873.0552647866
795877.9238838928
795879.5467569282
806699.6868863608
806883.7812024847
806883.7812024847
806890.2726946262
816432.6671200116
917945.3999495718
917946.5662176515
917947.7324857311
917950.0650218904
917951.2312899701
917952.3975580499
918075.4388404556
918080.85208475
918101.3167887897
964410.7965372596
964444.8053545642
