22861.880057152026
22889.001291269036
22908.145691822217
76387.89110552495
76391.60445908052
76394.08002811758
76397.79338167314
76400.26895071019
76408.93344233987
76411.40901137692
181839.45781981832
280404.9101842159
281347.46384064667
282402.8484325216
282590.22150230367
284092.07772064273
284101.38586022204
285869.00816784974
285892.57558508246
286063.52738025197
286228.9228982495
288445.5474140236
445973.6850067619
529119.8080669931
583605.4707019461
674319.067230037
706835.9470961728
706837.9165488734
706838.9012752237
706839.886001574
706840.8707279243
706841.8554542746
706842.8401806249
706847.7638123763
706848.7485387266
706850.7179914272
706851.7027177775
785321.6849150743
795933.1015670963
795937.9701862026
795937.9701862026
795941.2159322733
795941.2159322733
795942.8388053088
795946.0845513796
795946.0845513796
795947.7074244149
795952.5760435212
795952.5760435212
795954.1989165565
795956.7294982389
795956.7294982389
795956.7294982389
795957.99478908
795959.2600799212
795960.5253707623
795961.7906616034
807316.8737536197
812060.8947195502
877722.2442103011
877734.7705896286
903597.0458209491
1035860.0924518066
