1077725.4031586428
1078531.0083359438
1078983.1682699288
1078997.2955172334
1079087.6702908794
1080976.0343523407
1081395.0381650226
1082150.3837896073
1082563.3692188968
1082595.001489926
1082671.3370364995
1082703.8165022654
1082875.2138998618
1082932.7021141665
1082966.5899036515
1082993.7001352394
1152029.2667272827
1152238.3972982678
1152254.6535349444
1152265.4910260623
1154848.2577036805
1154887.7017703375
1154957.1497337236
1155023.6325155296
1155023.6325155296
1155085.0651365
1155085.0651365
1155133.7843351492
1155135.1376462227
1155180.858655705
1156339.4414688374
1156378.8635304365
1156404.2958763437
1170443.0993513092
1170453.6617792007
1178097.9549049123
1178130.7644465498
1182655.0539047515
1182992.6500049664
1183049.538581438
1183411.1201949893
1186084.404679131
1189303.63465491
1190855.4313526235
1191471.2098961635
1191588.4858533454
1192427.2581544784
1192453.548697652
1192582.37731034
1193264.88619259
1193270.013371129
1197564.3279670535
1202840.0736558195
1203476.8945361746
1203587.2499025818
1204212.5676388114
