21680.53851267201
22852.307856875435
27185.57690691402
27246.178836940988
27270.86851213716
50830.96906302769
50834.423857150505
50836.15125421191
50837.87865127332
50839.606048334725
50841.333445396136
50841.333445396136
50843.06084245754
50844.78823951895
50846.515636580356
50848.24303364177
50848.24303364177
50851.69782776458
50862.06221013303
50862.06221013303
50863.789607194434
50865.517004255846
50867.24440131725
50868.97179837866
50877.6087836857
50877.6087836857
51181.597658906314
57307.87185109911
60788.4228944292
89342.54387640492
215679.9089235095
218768.51137310034
218774.30420464702
218783.9589238915
218785.88986774042
218789.75175543822
218789.75175543822
218791.6826992871
218795.5445869849
218797.4755308338
218799.4064746827
218801.3374185316
218803.2683623805
218807.1302500783
218812.923081625
218814.8540254739
218816.7849693228
218818.71591317168
218822.57780086948
218822.57780086948
218826.4396885673
252983.68111003292
252989.12736191443
252989.12736191443
252990.94277920827
256202.77905546344
256507.70314565365
271119.1222426822
271126.2188739217
271133.31550516124
271135.6810489078
271751.75115946785
322697.0089930394
375472.36149420455
407336.10372939886
454682.0657248298
494168.14003774483
494175.2916816296
494176.7220104066
494178.15233918355
494183.8736542914
494191.0252981762
494191.0252981762
494192.45562695316
494193.8859557301
494201.03759961494
494202.4679283919
494203.8982571689
494203.8982571689
494206.75891472277
559624.0338022142
561502.2535318882
664003.8771689882
664041.6158436419
706740.6321869818
742005.0581071066
812280.6097234851
826043.1451951803
826048.2063585449
826048.2063585449
826050.1648087164
917929.2042268049
978259.7238670834
1010198.8994414689
1017227.1994743237
