5649.545610831378
42110.76612749181
49058.230579390125
91401.683692571
108097.37238212394
120289.74793511564
130207.33410249162
130240.69377058199
130454.83599355129
130478.48042848737
161004.89826480948
165570.1721437358
165600.5391239236
166060.9509546986
166061.58910138372
166083.28608867733
166244.46763804735
171804.2601181244
194256.96162103929
194322.34414994004
195012.27423803665
206919.15066588225
206971.87478510686
206983.06985841884
206983.06985841884
206987.14079416866
206988.1585281061
206989.17626204356
206991.21172991846
206996.5204501868
206997.95077896377
207000.8114365177
207002.24176529463
207006.53275162552
207007.9630804025
207009.39340917947
207012.25406673338
207013.68439551032
207015.1147242873
207017.9753818412
207019.4057106182
207020.83603939516
207025.12702572605
207026.557354503
207029.4180120569
207036.56965594174
207037.99998471868
207045.1516286035
207045.1516286035
207046.58195738046
207048.01228615743
207050.87294371135
207058.02458759616
207059.45491637313
207060.88524515007
207063.74590270402
207065.17623148096
207066.60656025793
207069.46721781185
207070.89754658882
207072.32787536577
207073.75820414274
207075.1885329197
207078.04919047363
207079.25396740498
207081.6635212677
207081.6635212677
207084.07307513044
207085.27785206182
207086.48262899317
207088.8921828559
215438.45842342926
216291.34696933808
217119.91442477403
217121.70783700977
217141.4353716028
217146.81560831
217150.40243278144
217155.78266948863
217159.36949396008
217162.95631843153
217166.54314290298
217171.92337961018
217177.30361631737
217182.68385302456
217186.270677496
217189.85750196746
217249.04010574654
217252.626930218
217256.21375468944
217261.59399139663
217265.18081586808
217268.5915998747
217277.11855989118
217278.82395189448
217341.9234560166
217373.85829659455
217384.4482308086
217401.3921255511
217416.21803345074
217420.45400713637
217428.9259545076
217447.98783609289
217580.1392125551
217589.0512610885
217642.60607125668
217651.25405909275
217651.25405909275
217664.2260408469
225181.63800151285
225306.47269615447
225325.8976611985
225347.08853215564
251001.46547574474
253397.5467416469
258408.13148022216
271200.63447917544
282977.74157809885
306555.6552235271
310822.67804613424
324721.1607668152
324733.2085361288
325043.9089540721
345259.55974602496
389841.16932433774
389851.76475981635
393965.25829201017
393987.4723981693
393998.8600157397
394658.23057939013
394936.70458973554
394936.70458973554
394947.0029569297
394953.8685350591
394957.3013241238
394960.7341131885
394964.16690225323
394965.8832967856
394967.59969131794
394972.748874915
394976.1816639797
394977.8980585121
394981.3308475768
394983.04724210914
394988.1964257062
394989.91282023856
394991.6567210936
394993.40062194853
394996.8884236585
394998.6323245135
395002.1201262235
395005.60792793345
395009.0957296434
395010.83963049843
395012.5835313534
395016.07133306336
395017.8152339184
395021.30303562834
395023.04693648336
395026.5347381933
395028.2786390483
395030.0225399033
395033.51034161326
395035.2542424683
395036.99814332323
395040.4859450332
395042.2298458882
395043.97374674317
395047.4615484532
395049.20544930815
395052.6932510181
395056.1810527281
395059.6688544381
395061.4127552931
395063.1566561481
395064.90055700304
395066.64445785806
395070.132259568
395073.620061278
395075.363962133
395078.851763843
395080.59566469793
407204.1944085759
407234.8749608417
407388.2887246999
407388.2887246999
407395.02227248065
407400.07243331627
407413.5395288778
408958.7897218041
408989.03567417234
409248.03520809294
409248.03520809294
447194.79519250605
447219.68841448973
467103.40390742593
491168.79560510087
503083.0767349995
503191.2480993895
503192.2823371205
504455.69724707556
510275.6665316819
510446.9759090458
512696.916082794
516781.72052048077
535263.4662550905
538387.1942786848
539998.1185675318
542768.2858212548
545698.4628550035
549758.9241971592
549770.1302730002
549774.9328769321
549781.3363488413
549789.3406887278
549872.4868007854
549881.9214694488
549930.8222098274
549932.070996875
549943.3100803032
549970.0902360196
549970.0902360196
549981.8079294616
550016.9610097876
551678.496932281
553867.4225811628
555562.2961666883
555567.6213907503
561391.898165481
564656.9646772974
564738.9885313916
564994.6322939509
564996.002108818
567814.3274322083
572240.7108856271
573583.8501211043
573587.9595657057
573953.6506238587
606254.2812827115
628499.8436723998
628534.435623744
628534.435623744
628535.4918665332
628536.5481093223
628537.6043521115
628539.7168376897
628540.7730804789
628541.829323268
628543.9418088463
628544.9980516355
628546.0542944246
628548.1667800029
635273.5616867489
635946.0252599729
635949.0839630498
649355.566592043
649462.8137439925
649662.0640438879
649664.2260408469
655289.2525156824
655316.8248534907
684715.1973960681
739644.4104860214
772098.7354732234
772261.0227767633
772262.0350094362
780398.9608722561
820127.0303104393
823240.6910199497
823337.8213464345
823937.7012354922
823938.9885313916
847075.6072402754
847082.1152362106
847107.1019796912
847107.1019796912
850621.3097593961
850625.9858342438
850632.5323390308
850632.5323390308
850635.3379839394
850694.1410004661
864252.8491201798
864269.7765111286
864308.6099374231
864308.6099374231
864315.2664675006
864317.5990036599
864318.7652717396
864319.9315398192
864322.2640759787
864323.4303440583
864324.596612138
864325.7628802176
864328.095416377
864329.2616844567
864332.7604886957
864335.093024855
864337.4255610144
864338.5918290941
864339.7580971738
864349.0882418111
864352.5870460502
864354.9195822095
864373.5798714844
869840.5165076138
910700.5646436785
910739.0349865142
910874.9822355
910876.4070630124
918974.4994995377
921625.0527586549
921630.9996256084
921895.8855125727
921897.5083856081
921918.6057350682
921936.4573384577
931334.4545725442
931346.1887697798
931346.1887697798
955247.7858174344
966526.7589147227
966529.2014761727
966537.3433476723
966542.228470572
966547.9277806218
966550.3703420716
966596.3169033993
966597.0210652588
994273.057709793
994276.7875671422
1001663.6215130006
1001678.6399651587
1001680.1418103745
1002332.1076719718
1008999.6897898058
1009038.7157603587
1009060.0166566065
1009060.0166566065
1009078.6549408232
1009082.6488588696
1030096.5166298642
1057150.8058588468
1072157.6173412083
1072195.2459905716
1072197.00639522
1077640.441629291
1079346.2847362831
1079354.5366330731
1079369.665110522
1079407.2662535626
1088700.0297985163
1094364.1427578146
1094375.563382972
1094377.4668204985
1094379.3702580247
1094381.2736955509
1094383.1771330773
1094385.0805706035
1094386.9840081297
1094388.887445656
1094390.7908831823
1094390.7908831823
1094392.6943207085
1094396.5011957611
1094398.4046332873
1094400.3080708135
1094400.3080708135
1094402.2115083397
1094404.1149458662
1094407.9218209186
1094409.825258445
1094411.7286959712
1094482.2163983528
1094490.3032572072
1094490.3032572072
1095186.075688231
1095193.5794130457
1095291.1608432215
1095291.1608432215
1097380.3650700264
1097400.389672904
1097427.9235018604
1098345.9800273534
1109630.2728474392
1113609.254960689
1116989.1273619146
1119153.781431704
1127610.8698874533
1127615.0288434357
1127672.1099641654
1127673.0121715479
1127681.1320379893
1127682.936452754
1127687.447489666
1127687.447489666
1127689.2519044308
1127691.958526578
1127693.7629413428
1127693.7629413428
1127694.6651487253
1127694.6651487253
1127696.46956349
1127697.3717708723
1127698.7415857394
1127702.4824456177
1127702.4824456177
1127703.4176605872
1127703.8852680721
1127704.3528755568
1127706.223305496
1127709.0289504046
1130643.2109047289
1132862.2229693076
1135800.5363732914
1135803.5895751037
1135804.607309041
1135805.6250429787
1135806.642776916
1135807.6605108536
1135808.678244791
1135809.6959787284
1135810.713712666
1135811.7314466033
1135812.749180541
1135813.7669144783
1135814.7846484156
1135815.8023823532
1135815.8023823532
1135816.8201162906
1135817.8378502282
1135818.8555841655
1135819.873318103
1135819.873318103
1140550.647239053
1140608.4160178485
1140755.8884160179
1140755.8884160179
1140772.9093284637
1140845.575531598
1144427.1793030202
1153000.4489643106
1153347.105647201
1153546.9665874587
1153548.297893474
1158323.7860924976
1163292.8307826314
1163512.804345999
1163516.2371350636
1168116.1139678634
1168369.1336272436
1168380.6642776916
1168542.9295761734
1168542.9295761734
1168614.3910023763
1177097.4729330146
1196924.0963026916
1196927.1495045042
1196935.2913760038
1196942.415513566
1196948.5219171906
1197025.1545320489
1197025.1545320489
1197033.021340322
