1150269.637733843
1150408.4081875803
1150430.3982013203
1150580.694041873
1150650.6488506834
1150650.6488506834
1151231.8991509438
1151363.0367454658
1151391.5112305393
1151596.7175374483
1152109.525764743
1152126.368787012
1152131.9031864433
1152133.0100663295
1152338.4100772191
1152466.1347920916
1152466.1347920916
1152485.5928180919
1152857.8780318291
1152873.6741302058
1152972.4124280575
1152973.6853399267
1158927.3155280259
1158937.162147014
1158938.5688068694
1158945.3622821711
1158948.8627898113
1158952.3632974515
1163254.883819248
1164936.3911744265
1170523.2659362198
1176533.047218548
1176701.1223172736
1176994.058079166
1183291.9140758866
1183618.1392503579
1184652.2279480766
1186329.6352356765
1190063.7268158947
1191728.441880799
1191776.6003798496
1191862.8447709854
1191863.7717828902
1196349.2549378823
1196448.80955965
1196462.7193502204
1196465.6064619236
1196468.493573627
1196471.3806853301
1196474.2677970335
1196478.5984645884
1196514.6873608793
1196894.2733698662
1196928.669662331
1196929.7119742238
