14968.198341601837
30268.474485073457
30274.13802049137
32484.590989305925
39927.48194434214
47229.531657853695
47547.17851320666
48299.33106790208
48318.0742339757
62635.67163844486
62641.96240579831
62646.68048131339
62652.97124866684
62657.68932418193
62663.394367595596
70369.27998360178
82662.64312411724
82680.33014229941
82683.16191000836
82687.40956157181
82691.65721313524
82694.4889808442
82697.32074855316
82700.15251626211
82702.98428397108
82705.81605168003
82707.23193553451
82710.06370324346
82714.3113548069
82715.72723866138
82718.55900637033
82721.3907740793
82722.80665793378
82724.22254178824
82727.05430949721
82728.47019335168
82731.30196106064
82735.54961262408
99687.67795432199
99833.58317132617
99852.46469738557
99857.44565687364
99864.08693619106
103946.92408456613
145757.7944393378
258415.6095686179
258466.41074339667
264325.8685131746
275163.2741353301
277359.82653757336
277364.48926909413
278287.5809742208
278294.7849174804
278373.0274894388
278374.0928613293
283204.71961284825
283234.75295376155
283454.19189120806
283454.19189120806
283674.7008125446
283717.9014121046
300862.15643005614
389378.4600405472
389864.02518664184
389906.11429431604
405966.4064516749
406005.3962956676
406347.5328685036
472063.1162384019
504246.2162066945
504256.84225360234
504259.4987653293
504262.15527705627
504263.4835329198
504266.14004464675
504267.4683005102
504271.4530681007
504271.4530681007
504274.10957982764
504275.43783569115
504278.0943474181
504278.0943474181
504280.7508591451
504282.0791150085
504282.0791150085
504284.73562673555
504284.73562673555
504287.3921384625
504287.3921384625
504290.0486501895
504290.0486501895
563063.710289563
563073.2017845876
563076.3656162623
563077.9475320998
563087.4390271243
563106.4220171733
577278.962812551
843910.44368076
843990.1113605719
843990.1113605719
845525.5290187651
856522.1962085521
914268.4657735188
976009.1558439478
1003650.3310070494
1003666.3807653998
1132003.8458951605
1132039.7456994706
1143102.8072344337
1143112.5477774325
1143168.9986516305
1149061.7827299833
1176644.2655871173
1177073.3014550216
1190105.5115316003
