1253.20018319887
1315.720448773176
23929.488676580328
32433.21331458641
32441.782409705695
32443.977721480067
32446.173033254436
32447.27068914162
32449.466000915992
32451.661312690365
32452.75896857755
32454.954280351918
32456.051936239106
32457.14959212629
32460.442559787847
32461.54021567503
32463.735527449404
32464.83318333659
32467.028495110957
32469.22380688533
32471.419118659698
32472.516774546886
32475.809742208443
36044.06765547082
36225.411476832705
36383.049620631005
36388.814620038494
36662.36614792347
36663.7359117827
61992.22852457651
62016.37695409459
62016.37695409459
75288.21730204434
75525.38937766831
75538.32603633871
75856.56322763099
75856.56322763099
75903.65174279135
89368.48582290563
99351.93822482857
104403.86254960301
127024.2536087295
127176.20976911178
127176.20976911178
127194.2611352565
130802.61577239782
146029.99926336118
146236.3216741558
146236.3216741558
146484.11057268863
146634.042065279
146636.12207706523
146779.24625835524
147466.13901975792
147467.53184361476
147502.352440036
147671.77424262319
147673.32848646346
147796.8286097704
147969.19748005472
147970.66409590398
148114.87209708258
148258.50359832047
148260.03017016358
148407.85397897055
148974.33665674872
148977.48204042547
149071.2901107841
150059.4663532215
150081.74231093202
150083.2273747794
150363.50780997283
150364.63313785716
150460.85789596738
150552.15703858386
150565.02451726136
150576.60524807114
150577.89199593887
150598.4799618229
150600.3985536257
150881.2139807641
150890.4379798161
150910.43560976078
150910.43560976078
156617.13011923942
166907.44190962403
166949.75239327544
166949.75239327544
184106.19692597422
184707.14046421056
184708.25656809585
184812.9674053339
184897.21941267466
185019.7464040816
185020.46126400813
185122.04977756712
185279.2036614152
185280.93777323698
185402.1318967809
185527.73509187167
185528.30236781336
185621.584670226
185626.31658173967
185999.86548334715
186000.92624323815
186140.74362086802
186370.9239052106
186371.84169311626
186473.9236906245
186582.2411114919
186583.21424339188
186656.03771590724
187216.69543828408
187217.66857018406
187312.0992604787
187519.9805271131
187520.935211015
187656.63407306815
187843.77978983373
187844.97429771099
199578.38073977752
199763.88458471186
199763.88458471186
205185.85730345358
205224.85637144532
205224.85637144532
205230.42766687274
205231.8204907296
205243.97772148007
205251.66131269035
205254.95428035193
205256.0519362391
205258.24724801347
205296.66520406495
205424.68969890688
205440.32437729998
205452.83212001447
205471.59373408617
205471.59373408617
205481.25587309312
205487.32987646887
205489.35454426077
205489.35454426077
205491.37921205268
205493.40387984458
205495.4285476365
205511.62588997176
206867.9180985751
212892.12110342088
213053.25514285988
213081.29609997792
217120.14399687407
217145.08569031063
217309.57726540457
217318.16480852195
224625.31078150973
236772.67646503047
236805.8828616176
236829.40405920014
236830.78765905794
239281.88092714
239299.6371253151
239324.7725227317
239328.18540238094
242018.67834185806
242226.71641647635
242253.13394976125
242296.09933734537
242315.3083153711
260527.5317795592
260622.78801776902
260623.5674456889
262655.26392487565
283876.18523583654
283983.363492821
284074.59345544456
284771.10223585897
284772.1307117532
284795.78565732203
284796.81413321634
284799.89956089924
284800.92803679354
284804.0134644764
284809.1558439479
284815.32669931365
284832.9399255034
284837.1829650673
284838.03157298005
284841.4260046312
284843.97182836954
284847.36626002064
284849.0634758462
284854.1551233229
284855.0037312357
284857.549554974
284860.0953787124
284863.4898103635
284871.12728157855
288537.7775927284
288820.742211646
288822.4302034725
288958.41039749666
288960.95622123504
289131.27736372984
289132.8546675677
289241.9791883521
289400.51667205803
289401.86337591964
289516.61453612574
289676.6324716794
289677.92844354623
289762.36493086803
290588.2356859869
290589.9236778134
290685.3828440023
290801.4069160776
290803.01650391216
290908.29922909144
291070.8353163864
291071.7761642897
291172.6682659202
291317.37436304765
291318.40745094145
291498.8104244
291742.5684353471
291743.8367352168
291897.45321542845
292128.8925756416
292130.33613149327
292273.2527728045
293224.5606910313
293225.6537349189
293323.29898888315
293618.9004865019
293620.2748623607
293765.45138343977
293903.80214522034
293905.16729708004
294067.6849363768
294400.7174221485
294402.2855019873
294496.64701228903
294612.26984040556
294613.9762802302
294823.7069586746
295484.4819667616
295486.6173225421
295674.1366112693
296042.6907173901
296061.16177549167
296099.3352955683
296246.35661645775
296248.0307722857
296397.1920609552
308161.595751836
308181.4319617973
308314.40052013105
308400.4788792841
308400.4788792841
308991.1099865803
309031.8985103882
309056.6188278475
309057.85484372044
309116.685509674
309185.8655025638
309300.82881474815
309300.82881474815
316029.67616717215
316339.5656393224
316354.10266182834
316524.1747563487
316709.56330129487
316822.44198969344
316824.0008455332
317013.3603220713
317282.3136864288
317287.2761979188
317442.3362339821
317630.9024466017
317632.4105704467
317639.9511896717
317818.0066553715
318075.7067408857
318077.3347767184
318235.0005925138
318535.45852563344
318537.57082141633
318771.6390213593
319652.12046286545
319653.5363467199
319825.1257890843
319836.2637679395
319837.854907776
320100.6420287674
320312.10220703395
320313.4950308908
320459.34029190114
320619.49197544105
320620.7510513117
320741.18419493386
322717.5182318106
322719.0355796547
322808.6467304447
323043.2084143369
323044.65658218804
323165.75846574147
323400.39855362574
323401.35784952715
325224.64729413344
325248.6527516662
325250.2531155017
325678.65252747183
325691.5661261446
325702.8655249833
325704.4797248174
326081.83352603373
326092.9761168886
326092.9761168886
326106.90435545705
326108.2971793139
337362.18480666436
337616.9055404847
337618.2891403425
338523.48167530884
338544.83062111464
338708.84254825785
338710.11084812746
340040.3637074071
340123.18599489477
340124.51886275783
345883.03841090994
345935.25546954316
345939.9781570578
349830.2458772247
349843.067235907
349879.88944012247
349880.1200400988
349905.54599348555
359281.2014258765
359575.8344035948
359578.1404033578
359677.206153176
359835.52687290416
359836.4677208075
359960.2076680898
360075.48459624185
360076.43928014376
360198.5281315957
360377.46448920504
360378.8573130619
360511.2032514597
360656.9193764833
360658.11388436053
360759.38878195174
361021.32729503023
361022.4341749165
361715.9405436395
361726.3175425729
361734.3885417434
361808.82621409284
361809.81779399095
361812.79253368516
361812.79253368516
361852.53874560015
361951.9365593843
361991.0324793661
362057.9203084915
362150.7137389544
362151.3040748937
362443.16062889737
364922.00891012687
365239.54046549165
365239.54046549165
365278.018377537
371785.18074874533
371975.9514971383
371978.38663288805
372119.16330641933
372120.69449026196
372126.81922563247
372383.28329527366
372384.86059911153
372515.41708169325
372673.9684013977
372675.4119572493
372779.5462945466
375345.76429479645
375483.34485265624
375484.62237652496
375636.5001329153
375753.81556485785
375755.32368870283
376126.66805453686
376216.22847333207
376217.7642691742
376309.5845677371
376370.31998949486
376835.9981936335
376837.47864548134
376879.97360911383
377433.99466417276
377435.17994805094
377524.283778893
377689.48098991445
377691.5471657021
377818.6677086369
379278.06577864324
379322.73760605196
379341.22250015213
379342.7629079938
379608.16503271635
379720.3842051827
379721.8415970329
379954.8767090821
380757.39229860133
380931.421488715
381304.8089703391
381401.3704044147
381402.53724029474
381417.49856675713
381437.25637272646
381452.07472720346
381779.7526815254
381781.8280813121
381993.4266195645
389827.15686243115
389848.0215482867
389912.3497176752
393339.95086939394
393746.60009159945
400973.0868048772
403724.49503409356
404065.5892950367
406724.6376217456
406757.811734336
406759.2645141867
407224.92888232676
407236.66180912085
407251.0143516457
407251.0143516457
407766.75581063895
407777.6309055213
407777.6309055213
407789.7143442794
407789.7143442794
411765.68223963823
411777.02775847213
411849.7682149961
411849.7682149961
424462.78443065827
426031.56529342243
426169.98062319646
426995.1503543873
429207.41122701607
437382.1204308376
437384.27884661575
437384.6385825788
437393.58586165926
437393.92714962416
446371.3733189422
446505.40263716696
446507.63484493754
446599.57966748765
446743.8476246601
446744.802308562
446810.8922617694
446962.3411022038
446963.5125500834
447073.6424867645
447312.34574623115
447313.7062860913
447480.36088896287
447565.3369802293
447566.4208001179
449064.84099811356
450118.4799618229
450119.23171774566
450230.25177033525
450443.9118723757
450446.04261615674
450545.56495392806
450700.80485797283
450701.9255738576
450852.00465043285
450982.36742903444
450983.3682329316
451077.1025112978
451206.0816900416
451207.62209788326
456652.2627942952
460784.9279855491
463937.1743175682
463949.0732763452
464114.2750993662
464115.30818726
464216.1864528919
464322.3869659769
464323.3693218759
464547.64163482573
464908.466029741
464910.46302553575
465143.71951356216
465429.43288419716
465431.0932040265
465563.6236224054
468352.8133517386
468354.94870751916
468456.8416130468
468862.39317936514
468863.62458323856
469053.0532397695
469314.4705969016
469316.02022874233
469502.1097976165
469958.8407226747
469961.1190504405
469995.2524589324
484997.71795701236
486540.06745049305
486541.52484234323
486553.18397714494
486705.0478975368
486911.66547630104
486913.39036412374
487048.7341022134
487300.64151632297
487302.36640414567
487508.0892550019
488054.40827085247
488055.87949870125
488217.10116613127
488662.7494563285
488664.0961601901
488792.568018986
496905.7162531347
496934.2276342044
496935.5236060712
497362.48868618865
497370.66576134827
497379.63148842676
497380.62768032437
497598.78448190266
497599.90058578795
497796.4870655833
497811.7573960138
497811.7573960138
497818.89215928054
497821.94991496624
497822.9691668615
497992.6400174231
497994.2403812586
498097.89968260477
498267.2707531972
498268.4375890773
498327.8770389682
498472.19572813547
498475.42412780365
498725.70811808
498795.9211988637
498796.88049476506
498915.26129859814
501772.11828497675
502509.2449452165
502510.97905703826
502655.60213817423
502996.91777509457
502997.86784699693
503079.5279106041
505621.984889296
505652.10124620073
505672.5231801018
505672.5231801018
518930.7489054508
518967.48348167527
518969.1899214999
518972.6028011491
518973.45602106146
518974.30924097373
518975.16246088606
518976.0156807984
518976.86890071066
518977.722120623
518978.5753405353
518979.4285604476
518979.4285604476
518980.2817803599
518981.1350002722
518981.9882201845
518982.84144009685
518983.6946600091
518983.6946600091
518984.54787992145
518985.4010998338
518986.25431974605
518987.1075396584
521498.58110553474
530640.9062579068
530890.4753882567
530892.2095000785
531013.0484996589
531086.4208001179
531087.9981039558
531197.9251126577
531295.7963545987
531297.272194447
531367.5267832264
531504.1434331853
531505.0151010957
531600.9262432382
531714.2707435888
531715.7834794334
531784.0871924133
531865.7472560204
531866.5774159351
531922.5717021801
532115.1641903858
532116.3771462613
532275.246693933
532373.5284038318
532375.8344035947
532490.244275836
532632.7043291943
532633.6451770975
532744.0795057474
532899.3516937888
532900.3063776906
532982.7550932168
533144.8023085621
533145.756992464
533291.9435414391
533476.0315025189
533477.2260103961
533892.3520877305
533939.3253029026
533953.4149614546
533987.6359979374
534020.1782665928
534104.7992338956
534105.7723657956
534255.7407543822
534324.4595473194
534325.6402191982
535452.4439433877
536711.5567099788
536712.5344538784
536834.3235253611
537618.4049527751
537619.1751566959
541127.2418641446
544170.7234113422
544172.7065711385
544276.9884924206
544363.3205115476
544869.9255994798
545003.8580657146
545005.6429095311
545302.9093389788
545653.2091509757
545654.9801587937
546010.6114422426
546321.5985702801
546322.7054501664
546852.4950597158
548110.4548264254
548113.397282123
548234.7989456457
548462.5256462405
548463.8954100996
548600.516672058
548875.3364998127
548876.6324716795
549007.0136982792
550316.3511397083
550317.3427196065
550402.7753988259
550514.2750993662
550515.3081872601
550675.0447908426
550917.2024379541
550918.4707378239
551125.7985645152
551750.5676923027
551879.2055830817
551880.8290069149
551990.9820035935
552315.4822902421
552318.8767218932
552518.9268133325
552670.7123297323
552673.2673774697
552784.3935060485
553013.2639825257
553014.8366743639
553180.9193892945
553469.2200916634
553470.7973955013
553580.3323842436
554106.2156301945
554107.6222900499
555068.6615272765
557029.3055417658
558615.298386761
560116.3243644888
560135.072142562
560248.8870668644
560269.3920167569
560367.9781186244
560367.9781186244
562926.7523516393
564569.7587347748
564636.1254079537
564777.8290933897
564790.0739521312
564871.5818197541
564873.246751583
564926.5245701072
564928.1895019361
565068.7540234892
565424.2469469524
565425.4137828326
565517.3124853873
565623.9419144283
565670.9658615952
565672.4186414459
565863.3969298175
566104.7105810158
566106.1541368675
566205.6257426441
566437.3141508315
566438.7069746885
566637.2812262793
566778.1086318055
566779.2939156836
566896.5032716371
567001.3063488657
567002.4316767501
567020.4369228996
569444.8451617243
569965.7705081847
574548.7882291523
579837.1190376295
579840.8962652412
579929.7879441051
579929.7879441051
580740.3053528019
580791.9874194901
580793.9751912858
581212.2789362936
581220.6266554357
581222.296199264
581239.6096454846
581239.6096454846
581240.6519573774
581546.0908499851
581554.3186571395
581554.3186571395
581564.6034160824
581564.6034160824
581894.75801415
581992.7491680785
582218.5895608673
582221.4858965696
582231.6230715277
582233.0712393789
582235.9675750812
582237.4157429324
582240.3120786346
582241.7602464858
582244.6565821881
582246.1047500393
582247.5529178905
582249.0010857416
582250.4492535928
582251.897421444
582254.7937571462
582256.2419249974
582257.6900928486
582259.1382606997
582262.0345964021
582262.0345964021
582264.9309321044
582266.3790999555
582282.3089463183
582308.36674364
583289.5050748008
583316.0840280692
583316.0840280692
588747.9587097932
590089.1512319483
590096.3182792116
590266.9438136752
590266.9438136752
590272.754933078
590282.0527241224
590294.8371868085
590575.0161580122
590619.3743694532
590705.9877205512
590726.5203424409
590739.2494611327
590740.5223730019
590750.7056679552
590751.9785798244
590753.2514916937
590755.797315432
590758.3431391703
590758.3431391703
590760.8889629086
590762.1618747779
590763.434786647
590765.9806103853
590767.2535222545
590768.5264341236
590769.7993459929
590771.0722578621
590772.3451697312
590773.6180816004
590774.8909934695
590776.1639053387
590777.436817208
590781.2555528154
590782.5284646846
590918.6193466975
596967.08146905
597145.630418699
597145.630418699
601358.3783697222
601413.9575760099
601597.5105451448
601651.148099632
601652.2365315201
601674.0051692828
606940.2168280332
607059.8336477394
607059.8336477394
610327.3153999149
614756.2692767167
614810.695483123
614810.695483123
614814.6525787163
614814.6525787163
614815.4227826372
614816.192986558
614817.7333943996
614818.5035983205
614819.2738022413
614820.0440061622
614820.814210083
614822.3546179247
614822.3546179247
614823.1248218456
614823.8950257663
614824.6652296872
614825.435433608
614826.9758414497
614827.7460453706
614828.5162492914
614829.2864532123
614830.8268610539
614830.8268610539
614832.3672688956
614833.1374728164
614833.9076767373
614834.6778806582
614835.448084579
614836.2182884999
614836.9884924206
614837.7586963415
614839.2991041832
614839.2991041832
614840.8395120249
614840.8395120249
614842.3799198666
614843.1501237873
614843.9203277082
614844.690531629
614845.4607355499
614846.2309394707
614847.0011433916
614848.5415512333
614849.311755154
614850.8521629957
614851.6223669166
614852.3925708374
614853.1627747583
614853.9329786791
614854.7031826
614855.4733865209
614856.2435904416
614857.0137943625
614857.7839982833
614859.324406125
614859.7948300766
614860.2652540283
614861.2061019316
614861.6765258833
614862.1469498349
614862.6173737865
614863.5582216899
614863.5582216899
614864.4990695931
614864.9694935448
614884.2568755625
614884.7272995141
617558.506352709
617747.2616573093
617748.0410852291
617979.3882054518
618109.7325360553
618110.4889039776
618273.2186952526
618386.5262996071
618387.4440875128
618589.0530347918
618750.4684062018
618751.6214060833
618995.0704130622
619177.5764583047
619178.8170861772
619502.7132008878
619595.571199344
619596.9640232009
619770.541237361
619834.9016907462
619835.8287026508
620012.6573764769
620045.9329530569
620055.43828408
620154.5224818962
620155.8830217564
620204.7240967368
620205.830976623
620212.4722559403
620385.3115501764
620537.885718495
620538.8588503951
621569.0089005185
621583.8779869903
621583.8779869903
622443.0888866825
622606.7503018618
622607.9909297343
622767.9581332932
622785.220847519
622785.220847519
622787.0379753322
622789.763667052
622791.6868708545
622792.7015107501
622801.8332698116
622803.862549603
622803.862549603
622804.8771894987
622805.8918293945
622807.9211091859
622809.9503889773
622810.9650288731
622814.0089485602
622815.023588456
622818.067508143
622818.067508143
622819.0821480388
622821.1114278302
622823.1407076217
622824.1553475173
622898.426987884
622898.426987884
622910.1460786795
624195.9115905314
624245.0293854831
624330.3421527148
624331.1723126295
625157.7348676772
625181.8832971953
625197.4072875998
625305.7800524614
625306.7209003648
625422.7403604406
625540.2172123665
625541.1580602698
625799.5730057106
625921.744873154
625923.0039490246
626082.9204205887
626244.012952032
626245.8669758415
626500.4262896784
626581.3392093624
626814.614145387
626815.7302492722
626992.093111146
627093.1005127646
627094.1658846552
627347.2262986462
629068.6551217216
629070.4630255358
629269.6737330613
629560.2481511967
629561.899247027
629782.2928683755
629986.1663074218
629988.9704031335
630169.6454845641
630334.372271634
630335.3915235293
630487.3984159062
630574.6897309347
630575.6813108327
630686.4015834532
630788.9862889098
630827.7270849281
631013.3600658491
631014.4438857377
631282.4148941962
633303.1532625093
633423.9876500901
633425.029961983
633653.0933385432
633840.7187032595
633841.793299149
633896.8282894926
634091.0580375302
634092.1510814178
634202.5761860686
634290.4808970339
634291.744584904
634573.6853399269
634743.895794433
634747.0504021087
634747.0504021087
634919.128716423
634920.6368402679
634962.8643079279
634974.9292986878
636193.2996614665
639120.9323925709
639122.4082324192
639338.5495902046
639674.824311643
639676.0142075208
639866.0654839877
640213.9762802302
640215.6827200548
640560.531148612
643480.3880485157
643506.8701497939
643704.4205374902
643705.559701373
650707.5665617224
650736.3454387645
650736.3454387645
652232.4965329934
652252.5495069324
652254.099138773
652255.6487706138
652257.1984024546
652263.3969298175
652274.2443527026
652401.8445435882
652401.8445435882
652416.0172181316
652420.0665537154
652422.0912215073
652424.1158892992
652426.1405570911
652426.1405570911
652430.1898926749
652430.1898926749
652432.2145604668
652434.2392282588
652436.2638960507
652436.2638960507
652438.2885638427
652440.3132316346
652442.3378994265
652444.3625672184
652964.0150018096
653487.7767279785
654023.2390969449
654024.9132527729
655049.3536474832
655096.0685906818
655096.0685906818
655102.6406900063
655106.583949601
655107.898369466
655109.2127893309
655110.5272091958
655113.1560489256
655115.7848886554
655117.0993085203
655118.4137283852
655119.7281482501
655121.042568115
655123.6714078449
656494.5283109513
656521.2594602039
656692.7428265791
656692.7428265791
656696.1557062285
656702.9814655269
660407.2656928089
660421.7289233224
660423.79509911
660425.8612748976
660427.9274506853
660427.9274506853
660432.0598022605
660432.0598022605
660433.9276620685
660437.6633816846
660437.6633816846
660441.3991013006
660443.2669611087
660445.1348209167
660447.0026807247
660448.8705405327
660450.7384003408
660452.6062601488
660454.4741199568
660456.3419797649
660456.3419797649
660838.9027284461
660838.9027284461
663494.381367522
663758.736568352
663760.3646041848
664511.7423429597
664966.0473562673
665096.4424188656
665098.5224306518
665273.3587206826
665309.987220918
665309.987220918
665437.8549077761
665662.251744713
665766.1231980373
665766.1231980373
665782.7817403252
665795.2756470412
665809.1577656143
665809.1577656143
665914.8878547477
665994.1312306032
665994.1312306032
666163.382389208
666170.7431404515
666183.0110591906
666205.6421408645
666206.9012167351
666219.4919754411
666220.7510513117
666357.4645532606
666357.4645532606
666478.7785887922
666572.9187231167
666572.9187231167
666787.0169651121
666799.3310038466
666902.8519452069
666902.8519452069
667158.1952989632
667675.0482498422
667675.0482498422
667865.2609462927
668020.4731783402
668020.4731783402
668146.2193454164
668150.75755295
670180.6276803244
670634.1809377092
670635.2001896044
670899.1495344762
670984.5914376947
670984.5914376947
670990.2641971117
671567.5481777798
671687.4048214612
671688.7976453181
682814.4347898498
682864.7978246735
683167.095945604
683167.095945604
683172.6303450352
688955.6211626722
688998.1069023056
689002.6589458378
689007.2109893699
689013.2803807461
689017.8324242783
689022.3844678104
689025.4191634986
689029.9712070307
689033.0059027189
689036.1697343937
689040.9154819059
689044.0793135808
689045.6612294181
689050.4069769304
689051.9888927678
689056.7346402801
689058.3165561175
689061.4803877923
689064.6442194672
689066.2261353045
689074.1357144916
689407.7954321988
689407.7954321988
695446.0096916045
695452.1620989722
696543.7993267762
696581.4009589115
696589.1491181153
696589.1491181153
696589.4904060801
696589.8316940451
696590.5142699749
696590.8555579399
696917.8924443277
696920.6688680424
701787.3706798536
704145.7028014695
704365.9442268335
704367.166406708
704461.5140810111
704464.8900646641
704496.8742813768
704497.630649299
704554.2014354848
704709.164619558
704710.575891413
704889.6921170038
704954.9934182924
704956.9396820923
705227.0460463314
705326.8404920746
705327.9519839605
705534.1544827675
705643.9431314836
705644.9162633837
705837.0890596325
705956.2585153846
705957.2131992865
706203.3832859856
706314.191186597
706315.3211264809
706493.4596081723
706681.5600088397
706682.7591287164
706846.4620518914
707003.9756717025
707005.1009995869
708151.7686057349
708336.7559067223
708362.6707320588
708363.574683966
708694.7623699271
709402.6212811751
709403.5990250746
710041.5446355079
710336.8048451617
710337.8702170523
713267.9565319044
714943.9479356498
714945.0870995327
715287.9569802933
715569.7685993293
715570.9953912032
715709.4522289729
715859.8172495187
715861.0763253893
716018.6406771953
716778.301567119
716779.3300430132
716903.9416582059
717787.7944713656
717791.3641589987
718006.942852842
718131.0517600863
718132.6152279257
718361.679408383
718561.0192518953
718563.2053396705
718894.8265535872
718919.551483046
719226.1572115339
719227.3055994159
719469.9198344804
720458.2482729023
720459.1245528122
720670.8153310551
720834.246146258
720835.9341380845
721120.2362368646
721383.0095218574
721384.356225719
721420.7172299819
721694.7760778146
721696.0720496814
722390.1041863504
723150.0648562433
723152.0480160395
723372.7644773548
723661.540215675
723663.7355274494
723766.6661328704
723923.7738967233
724052.5501474879
724052.5501474879
724058.5411348722
724138.997466603
724140.4410224546
724576.5932056279
724820.3050965797
724821.6379644427
725076.446326254
725218.0024277052
725247.514612672
725422.1433627242
725424.061954527
725672.5011449929
726284.6241700803
726896.3690112066
726897.775671062
727211.3778028305
727490.8880341032
727643.0056144688
727644.1586143504
727814.4244128508
744958.9146427782
745008.2169177111
745712.377005339
745712.377005339
754546.2193454164
755625.2381425172
755771.8028754535
755809.7135115572
755810.9771994273
756032.3116686791
756088.7118108824
756089.5050748008
756427.0019761138
756673.9745507303
756675.1875066058
756884.7198690705
757143.0886945159
757144.5506983657
757363.7913198326
757411.064314974
757887.0226660561
757888.0142459541
758027.5779636101
758376.9138677061
758378.0345835908
758897.5302101983
758924.0030874775
758924.0030874775
759391.5998834189
759400.3580705187
759414.5353570617
759414.5353570617
759719.3700777313
759731.0338245325
759732.3297963993
759742.6975713338
759743.9935432005
790517.9339523235
790584.1853255143
790584.7157054597
790710.9461324861
790845.4781586592
790846.3221545725
790971.3857457186
791170.9239052107
791171.8416931164
791275.1366464999
791404.8214611711
791405.6977410811
791598.3870812769
791726.8404920746
791727.9519839605
791834.5860250009
791997.2328002844
791997.2328002844
792184.8581650007
792361.9866187959
792361.9866187959
792493.0135253292
792644.9742977109
792644.9742977109
792800.8460456908
793166.4208001178
793167.5046200064
793282.417200196
793297.0141786957
793457.9914101509
793459.1167380352
794148.3523951971
794154.2557545904
794573.5603034953
794574.4319714056
795592.7015107501
795671.7926906213
795672.8580625119
795900.8015270842
795994.9047654126
795996.0669892931
796120.8630844669
796126.8863558478
796343.3920615958
796344.5127774806
796535.3296458689
797603.2012401154
797604.1513120178
797787.2107972034
798079.4363111691
798080.3771590723
798195.5480112353
798615.8810360344
798670.5240064184
798697.5457116412
798712.9313420599
798723.0039490246
798932.8407034581
800574.0299587803
800575.229078657
801982.0365180684
803852.4928818272
803872.4858997723
803878.3661991679
803881.8943788053
803884.2464985636
803886.5986183218
803887.774678201
804194.9338466318
804202.073221898
804207.4277533478
804524.7978887291
806470.268424778
806471.4952166519
806618.1521895787
807129.6552210076
807132.1825967479
808008.1488907181
809112.5475212104
809141.1419182715
809271.0665569181
810384.5139304806
810394.6372694401
810400.6282568243
810400.6282568243
810402.6252526192
810404.6222484139
810406.6192442087
810408.6162400034
810410.6132357981
810412.6102315929
810414.6072273876
810416.6042231824
810418.6012189771
810420.598214772
810422.5952105667
810424.5922063614
810424.5922063614
810426.5892021562
810430.5831937457
810434.5771853352
810436.5741811299
810438.5711769246
810440.5681727194
810440.5681727194
810444.562164309
810446.5591601037
810448.5561558985
810450.5531516932
810454.5471432827
810458.5411348722
810462.5351264618
810464.5321222565
810466.5291180512
810468.526113846
810472.5201054355
810472.5201054355
810474.5171012302
810476.514097025
810478.5110928197
810480.5080886144
810482.5050844093
810484.502080204
811646.0572208219
811648.9720045223
812017.5261106432
813079.0423695429
813080.7857053636
813212.1585118615
813607.2915712505
813607.2915712505
813878.0758994201
814051.0766136394
814052.2296135209
814468.5501987324
819727.7423942043
825379.355793344
825428.6119482815
825430.2538201128
825659.5993325411
825659.5993325411
834238.50878682
834266.7895679134
834595.9018540878
834698.6203075307
834700.7602753107
835002.8646922612
835432.9428720586
835434.7231038756
837476.280038049
837518.613581698
837518.613581698
838145.1537173036
838206.0321110467
838209.2143907197
838209.2143907197
838217.170089902
838233.0814882667
838234.6726281032
838723.2447978888
838759.2645141867
838788.3201112004
838788.3201112004
839316.2603089398
839335.0634310074
840168.0458893953
840169.6185812337
840298.9252119438
840370.1068126279
840371.1168405241
840504.2652668394
840549.9609581429
840551.2569300097
840733.7491392536
840758.4325607168
840759.461036611
841187.4499806232
841382.0994206176
841384.8850683313
841582.3616640351
841744.4365513774
841747.0100471129
841797.1932139551
841807.1136249355
841808.0729208369
841919.3973653952
841919.3973653952
844078.6525274719
844750.0166864705
844785.8795947846
844810.7613322273
844821.3643191375
844826.1838586422
844913.7841776388
844913.7841776388
847970.2069955065
856016.9055404848
856051.5785529211
856309.3754904254
856309.3754904254
856324.0831569136
866483.5340727479
866742.557802126
866742.557802126
872767.2081709258
872777.9080098261
872783.5162012497
872784.2172251777
872786.3202969615
872787.0213208895
872789.1243926733
872789.8254166013
872791.2274644572
872791.9284883852
873637.6585134629
873647.1500084874
873647.6019844409
873648.505936348
873648.9579123015
873651.2177920693
876224.8933955526
876556.0395735181
876787.4604857332
876820.7960183071
876821.5846702261
876984.1853255143
877033.4876004471
877034.3961643538
877212.5946020389
877329.3981020341
877329.3981020341
877471.5583754232
877540.6369043235
877541.5546922291
877780.2948476919
877963.1514048983
877964.3044047798
878184.6380701343
878470.7111767324
878471.6658606343
878675.691495665
878767.714722207
878769.107546064
878982.2557161571
879145.8295033453
879145.8295033453
879402.5103369643
879533.9062034596
879534.9900233482
879699.9335743957
879833.2341966954
879834.3595245797
880121.7055430468
881509.6775763942
881790.4099875411
881791.2724314525
882446.0426161567
882623.9458858722
882624.7299257917
882844.1596392391
883054.4022496309
883054.4022496309
883358.9556383296
883584.4501311537
883585.400203056
883710.5421981942
884048.7724074317
884049.8746753185
884933.289348523
887681.3815500803
887682.7835979362
887793.9051145153
887892.4082003913
887918.3645337237
887918.3645337237
888089.857124098
888528.4628910191
888551.6197406391
888570.8517786625
888799.339459179
888800.6262070468
889090.4580932586
889180.5581159982
889181.9601638541
889328.5064487924
889489.0824362888
889490.1293601812
889884.953415602
893170.0760659644
893282.3136864289
893282.3136864289
893943.895794433
894099.523106438
894101.031230283
894213.9837106739
894349.4842567475
894350.9508725967
894620.8358608586
894760.4503105093
894760.4503105093
894915.0998786148
895015.8259482624
895018.9897799372
895354.1622334889
895687.6144112174
895688.9933990757
896926.0054639383
896973.6428070422
896975.0863628938
897747.3841315189
898114.5546377818
898114.5546377818
898436.7673726656
898592.8189886269
898594.3916804653
899221.1024600534
899494.7323919303
899494.7323919303
900007.2915712505
900307.9708803475
900418.7926169574
900419.9456168389
900755.6807343329
900755.6807343329
906129.1767260568
907323.509347306
910834.753722428
910867.3236630807
916925.2957284556
916926.6239843192
917256.7509103896
917968.6960532174
917970.2410730586
918235.0666978403
918882.3423833147
918882.3423833147
918925.4645788828
919359.2877022955
919528.7510128784
919530.8171886661
919895.3588551992
919934.0765912199
920544.3271444998
920546.1304363144
920611.0489416423
920611.0489416423
928658.314762562
928674.622792886
928675.5820887873
929076.2357116091
929087.3045104714
929101.1405090494
929101.1405090494
929643.4286373142
929651.2413645113
929652.3574683965
929668.4717947404
929668.4717947404
947951.9137556088
947956.3412751538
947982.9063924236
947983.7918963325
961934.8045184783
962195.2164597139
962196.0373956294
962397.7478068981
962550.9307591544
962551.7563070694
962728.2206329328
962910.5099141976
962911.4784340981
963042.7590006053
963144.7533701225
963144.7533701225
963376.7600062775
963486.710074977
963487.5817428875
963691.8979338882
963856.615496959
963857.4456568736
963941.5546922291
964063.0070877464
964064.2200436217
964272.9868141653
964553.516297333
964554.6277892188
964624.2366980645
964722.9888319151
964776.3358304321
964776.3358304321
964856.3909182042
964857.3456021061
965093.7059658136
965365.8554458427
965367.0268937222
965381.0842682775
965398.7482264619
966191.5970649747
966245.6128034232
966320.9175316836
966322.0982035622
966368.762414766
966375.3483500892
972244.1592549059
972263.6680129009
972312.956451835
972314.4876356777
972360.4231509565
977639.0410884318
977679.7742682454
977709.8814011511
977736.4465184208
977738.2175262388
978619.9857156125
978814.0448196676
978814.0448196676
978929.1003718425
979095.4182987487
979096.4836706391
979264.1344654084
979449.1632743916
979450.0626142991
979467.150072543
979469.8480922655
979471.6467720807
979474.3447918034
979642.4752345234
979844.5269337569
979844.5269337569
982097.2673262253
982434.8195715324
982435.8711074244
982436.9226433163
982437.9741792082
982444.2833945598
982447.4380022355
982453.7472175871
982455.850289371
982457.9533611548
982459.0048970467
982461.1079688306
982462.1595047225
982464.2625765064
982465.3141123983
982470.571791858
982471.6233277498
982472.6748636417
982473.7263995337
982481.0871507771
982492.580253596
982493.6133414898
982494.6464293835
984368.0959808346
984368.0959808346
984523.2989888832
984860.1317622642
984861.506138123
985027.4182090709
985458.1789647982
985500.9598724014
985500.9598724014
985861.7565953195
986054.0216315589
986082.3024126523
986082.3024126523
986083.7090725077
986120.2822287488
986120.2822287488
986268.5395655113
986273.4790170036
986280.0649523267
986501.2748975912
986503.3180133812
986671.6698320784
986816.4866171944
986817.6396170759
991507.1945270939
991514.499934343
991558.7889657912
991565.0843451441
992116.3243644888
992116.3243644888
993538.5312703176
993548.9728372445
993554.1936207078
993556.8040124396
993559.4144041713
993564.6351876347
993567.2455793665
993567.2455793665
993572.4663628299
993575.0767545615
993577.6871462932
993582.9079297567
993588.1287132201
993588.1287132201
993593.3494966836
993595.9598884152
993606.4014553421
993614.2326305372
993616.843022269
993622.0638057323
993622.0638057323
993640.3365478544
993640.3365478544
993645.5573313177
993650.7781147811
993652.6920945845
993656.520054191
993658.4340339943
993677.5738320271
993679.4878118304
993681.4017916337
993683.315771437
993685.2297512402
993708.1975088797
993900.4856051167
999758.9471829971
1000688.1820714923
1002396.4574719196
1004020.6376729901
1012960.8142741385
1012990.0635751324
1012991.6362669708
1013428.6186100587
1013434.9001534131
1013444.3224684447
1013444.3224684447
1014303.8654321027
1014312.8680551775
1014313.9933830618
1014334.2492849799
1014335.3746128643
1025631.720307851
1025671.8216437295
1025706.250220191
1025706.250220191
1025792.9696472781
1025809.9833135295
1025870.1145633493
1025871.2906232284
1025875.9948627449
1031774.945184464
1031933.0214682173
1031933.0214682173
1043005.9572941655
1043009.8037017701
1043010.1957217299
1043010.5877416895
1043019.2121808032
1043019.9962207226
1043020.3882406823
1043020.780260642
1043021.1722806017
1043021.5643005614
1043021.9563205211
1043022.7403604406
1050844.682332519
1051173.854574687
1051854.530360729
1051855.724868606
1051985.4004592781
1052067.055910886
1052067.055910886
1052196.975937533
1052352.331141566
1052352.331141566
1052419.4034506725
1052496.041046796
1052497.0141786959
1053947.3035496383
1054115.1296003896
1054116.4901402497
1054523.2500504437
1054984.0441470842
1054985.0218909837
1055136.0003074666
1055213.0160875511
1055279.9592606707
1055280.7940325849
1055435.2821807072
1055989.907407704
1055990.6776116248
1056015.3241370916
1056119.73980636
1056129.1252253954
1056191.9821669352
1056192.9645228342
1056319.5500738241
1056376.8495559348
1056377.7996278373
1056441.191561322
1056456.87697171
1056470.0857383523
1056489.917336314
1056489.917336314
1056493.8836559064
1056494.676919825
1056576.0233674643
1056749.0748136784
1056775.6491549471
1056776.5992268494
1058037.4922252577
1059556.3620291518
1059640.9461004583
1059952.0439164843
1060056.5149297472
1060057.8155136134
1060065.6190168115
1060065.6190168115
1060066.9196006777
1060068.220184544
1060070.8213522767
1060072.1219361431
1060073.4225200093
1060074.7231038758
1060076.0236877422
1060468.7631193772
1060468.7631193772
1060652.1546685286
1060693.6442162641
1060694.8802321372
1060823.850186882
1060874.6559736603
1060875.6060455628
1061046.056324044
1061237.500424368
1061237.500424368
1061463.5944771306
1061505.7619887968
1061507.413084627
1061649.5226260212
1061661.103356831
1061918.794218346
1061919.9748902246
1062041.6025417242
1062127.4779728982
1062127.4779728982
1062266.050110656
1062369.0452840703
1062370.0737599647
1062558.8244525653
1064758.6559864716
1064758.6559864716
1064932.2793206268
1064956.2571061626
1064956.2571061626
1065136.152759673
1066159.809114464
1066188.3204955338
1066220.8673761887
1066220.8673761887
1067120.8621876892
1067122.2780715437
1067264.9687248783
1067312.3893040044
1067313.579199882
1067426.9790442272
1069353.983134174
1069353.983134174
1069670.5231096407
1069726.0054639385
1069726.0054639385
1069931.9358547733
1070389.6491357305
1070390.9820035934
1070578.3767683336
1070603.1708777852
1070705.2989952888
1070706.9962111143
1070833.3050421325
1071045.1618523584
1071045.1618523584
1071245.013627818
1072258.3437156703
1072310.4224143177
1072596.7030608945
1072597.8698967744
1072854.283234421
1073179.5906209864
1073183.049620631
1073404.8360658363
1073557.322606164
1073652.5419483776
1073653.7733522512
1076302.2924840422
1076332.6855609184
1076429.5375509642
1076429.5375509642
1076464.2382353977
1076765.5447764301
1076769.1698080576
1076772.7948396849
1076780.0449029398
1076783.6699345673
1076785.482450381
1076791.5702897552
1076794.0054255049
1076846.3608441239
1076848.7959798737
1076852.4486834982
1076853.6662513732
1076854.883819248
1076856.1013871229
1076863.116238402
1076866.1693820884
1076870.7490976176
1076872.2756694607
1076875.3288131468
1076879.9085286763
1076882.9616723624
1076886.0148160486
1076896.7008189503
1076901.2805344795
1076902.8071063226
1076905.860250009
1076908.9133936951
1076911.9665373813
1076919.599396597
1076924.1791121261
1076927.2322558123
1076942.4979742435
1076947.0776897727
1076953.0271691612
1076955.9235048634
1077022.539226017
1077044.40010377
1077047.3517834668
1077084.2477796746
1077085.723619523
1077088.6752992196
1077141.3397218068
1081367.2364834785
1081385.8689615636
1081423.4475337013
1081423.4475337013
1081770.5189460302
1081847.9359700733
1081849.388749924
1082023.860691992
1082328.8476086464
1082331.116712413
1082620.1461107072
1082621.8848345287
1082910.54988486
1083205.0398905932
1083206.4004304532
1083323.1947064493
1083465.5717438164
1083467.1628836528
1083714.1354582694
1085213.667148151
1085221.9641352983
1085240.8733333547
1085242.3768452
1085345.648738586
1085346.9447104528
1086167.3410221343
1086315.0264709557
1086316.6176107922
1086424.4692197074
1086511.4976507628
1086958.6771248025
1086958.6771248025
1087586.2226763049
1087668.8927678082
1087707.7534758141
1087766.0629858212
1087766.0629858212
1087856.9654964784
1087858.985552271
1088270.5788379684
1098591.8463691713
1098623.392445929
1098695.141322555
1098695.141322555
1105020.0928164904
1105040.0996704341
1105041.2111623199
1105415.1105758916
1105421.1292352728
1105430.39935432
1105431.3263662248
1105796.5275486903
1105802.6292240631
1105803.5008919737
1105812.2175710776
1105812.2175710776
1109169.7993459927
1109191.8124197305
1109227.8828680231
1109227.8828680231
1109235.534175237
1109237.7202630122
1116183.8758091016
1116189.6177485115
1116190.7661363934
1116221.4820532366
1116223.7142610073
1116232.6430920896
1116233.7591959748
1116234.87529986
1116238.223611516
1116240.4558192866
1116242.688027057
1116244.9202348278
1116246.036338713
1116248.2685464835
1116252.7329620246
1116253.84906591
1116260.5456892217
1121324.5580647537
1121357.0173174178
1121389.3289860967
1121389.3289860967
1133338.0650740322
1135067.64330027
1135488.1100730554
1135489.1385489497
1135580.1886435917
1135706.635834596
1135707.6043544963
1135754.8266176428
1135909.2917057672
1135910.0803576862
1135953.1195372627
1136070.688629179
1136070.688629179
1136237.1218560736
1136392.4401641104
1136393.5009240012
1136502.1688568327
1136686.5012538875
1136687.3314138022
1136738.8013285121
1136870.2848229986
1136870.2848229986
1137028.4810187393
1137227.0460463315
1137228.1483142183
1137331.2864596178
1137337.9554109322
1137518.0263204249
1137519.2669482974
1137702.2157454945
1138192.259143129
1138193.1861550335
1138274.836994642
1138353.7390825325
1138353.7390825325
1138455.43828408
1138585.9071386706
1138587.0140185568
1139345.9185405585
1139360.907539018
1139362.0605388994
1139364.205118679
1139365.196698577
1139368.1714382712
1139369.1630181693
1139371.1461779654
1139373.1293377618
1139375.112497558
1139376.104077456
1140442.1078118945
1140622.0219134034
1140623.3409452678
1140775.2786576517
1140845.8422503995
1141189.763667052
1141326.749276973
1141653.5002193903
1141654.5655912808
1141766.318951795
1142111.3103523375
1142112.3111562347
1142197.3794874914
1142669.7681509405
1142670.8150748329
1142748.605670838
1142857.7025196252
1142859.3536154553
1143274.124568826
1143275.2268367128
1143278.533640373
1143281.9142360254
1143284.2663557837
1143286.618475542
1143288.9705953002
1143290.1466551793
1143292.4987749376
1143296.026954575
1143300.7311940915
1143303.0833138498
1143306.6114934871
1143306.6114934871
1143308.9636132454
1143310.1396731245
1143311.3157330037
1143326.6045114323
1143704.8392045582
1145137.4553933172
1145160.4231509564
1145209.0336259604
1145209.0336259604
1145219.0785609279
1145223.542976469
1148235.5061189062
1148235.5061189062
1148515.1362621665
1148627.7889625884
1148627.7889625884
1148762.9113247008
1148848.2148679334
1148849.0634758463
1148966.75709175
1150206.7623443052
1150208.4226641345
1150674.6958162119
1150959.2746349636
1150960.7458628123
1151086.1784139206
1151252.5701328192
1151253.7185207012
1151756.9476249805
1151885.8299517343
1151886.8953236248
1152013.8359985778
1152096.03105413
1152097.257846004
1152265.3513927278
1152392.2551716848
1152393.3113195763
1152471.3832475522
1153752.8457638463
1153754.0356597241
1153887.8666619693
1154105.719071579
1154105.719071579
1154249.046180848
1154573.043759548
1154574.7317513747
1154762.7768080481
1154900.025301942
1154901.4042898002
1155004.3625672183
1155197.1303114062
1157944.756701011
1157946.1218528708
1158118.0479712007
1158223.4782803648
1158225.0555842025
1158321.7507662645
1158414.8301406982
1158417.9663003758
1158620.8020395287
1158634.4535581258
1158885.1157323632
1158886.5223922185
1158924.502208315
1158925.9088681706
1158927.3155280259
1158928.7221878814
1158930.1288477369
1158931.5355075921
1158932.9421674476
1158934.3488273032
1158939.9754667247
1158941.3821265802
1158942.7887864357
1158946.529118051
1158947.6959539312
1158955.8638050917
1158959.364312732
1158960.531148612
1158961.6979844922
1158964.0316562522
1158965.1984921324
1158966.3653280125
1158967.5321638924
1158968.6989997725
1158969.8658356527
1158973.3663432929
1158974.533179173
1158975.7000150532
1158976.866850933
1158979.2005226933
1158981.5341944534
1158983.8678662137
1158986.2015379737
1158987.3683738539
1158989.702045614
1158990.868881494
1158993.202553254
1159007.204583815
1159014.2055990954
1159017.498566757
1159022.4380182493
1159027.3774697417
1159029.0239535724
1159038.9028565572
1159040.5493403878
1159043.8423080496
1159045.4887918802
1159050.4282433726
1159052.0747272032
1159053.721211034
1159055.367694865
1159057.0141786956
1159060.3071463571
1159061.953630188
1159065.2465978495
1159123.5192118604
1159309.4473607512
1159315.5767081215
1159327.867686858
1159336.1692860047
1159629.1696158908
1164611.9969637669
1164644.1979444574
1164660.4275707894
1164661.382254691
1169553.542303886
1169592.7950318516
1169726.524570107
1169728.189501936
1173955.8388234277
1176511.320088781
1176637.9702077643
1176715.4840837975
1176715.4840837975
1177060.6461283225
1177403.0778691282
1177403.0778691282
1177465.7226586896
1177654.339603304
1177655.916907142
1177655.916907142
1177702.1752623876
1177703.6326542378
1177705.090046088
1177706.5474379382
1177750.2691934446
1177774.7681349264
1177777.6367986316
1177780.5054623368
1177783.374126042
1177784.8084578947
1177786.2427897472
1177787.6771216
1177789.1114534524
1177789.1114534524
1177790.5457853049
1177791.9801171576
1177793.41444901
1177794.8487808628
1177794.8487808628
1177796.2831127152
1177797.717444568
1177799.1517764204
1177800.5861082731
1177809.1920993885
1177810.6264312412
1177812.0607630936
1177813.4950949464
1177814.9294267988
1177814.9294267988
1177816.3637586515
1177817.798090504
1177819.2324223565
1177820.6667542092
1177820.6667542092
1177823.5354179144
1177823.5354179144
1177824.9697497669
1177826.4040816196
1177827.838413472
1177829.2727453248
1177829.2727453248
1177830.7070771772
1177832.14140903
1177833.5757408824
1177874.3319806936
1177876.3797084831
1177878.4274362726
1177882.5228918516
1177888.6660752203
1177890.7138030098
1177892.7615307993
1177892.7615307993
1177894.809258589
1177896.8569863786
1177896.8569863786
1177898.904714168
1177900.9524419575
1177903.000169747
1177905.0478975365
1177907.0956253263
1177909.1433531158
1177911.1910809053
1177911.1910809053
1177913.2388086948
1177915.2865364843
1177917.334264274
1177935.7638143797
1177935.7638143797
1177937.8115421692
1177939.8592699587
1177941.9069977484
1177943.954725538
1177946.0024533274
1177948.050181117
1177948.050181117
1177950.0979089064
1177952.1456366961
1177954.1933644856
1177956.2410922751
1177958.2888200646
1177960.3365478541
1177962.3842756436
1177964.4320034334
1177964.4320034334
1177966.4797312228
1177970.1693308437
1178021.8237255346
1178023.6685253452
1178025.5133251555
1178027.3581249658
1178029.2029247764
1178031.0477245867
1178031.0477245867
1178034.7373242076
1178034.7373242076
1178036.5821240179
1178038.4269238282
1178040.2717236388
1178042.116523449
1178043.9613232594
1178045.80612307
1178045.80612307
1178047.6509228803
1178049.4957226906
1178051.3405225012
1178053.1853223115
1178055.0301221218
1178103.0410371874
1178149.613008401
1178149.613008401
1178153.0627840462
1178153.0627840462
1178154.787671869
1178156.5125596917
1178158.2374475144
1178159.9623353372
1178161.68722316
1178161.68722316
1178165.1369988052
1178165.1369988052
1178166.861886628
1178168.5867744507
1178170.3116622735
1178172.0365500962
1178173.761437919
1178175.4863257415
1178175.4863257415
1178178.936101387
1178226.0430645456
1178227.933984351
1178229.8249041568
1178235.4976635738
1178237.3885833793
1178239.279503185
1178239.279503185
1178243.0613427963
1178243.0613427963
1178244.952262602
1178246.8431824078
1178246.8431824078
1178250.625022019
1178252.5159418248
1178753.54512233
1178755.6112981176
1180677.4960685906
1184287.0313776105
1184299.5667923223
1184312.102207034
1184352.0006149332
1184352.0006149332
1184399.9423500057
1184417.3757082142
1184423.5926835753
1184425.1469274156
1184428.255415096
1184429.8096589362
1184440.6893658182
1184445.352097339
1184450.0148288596
1184451.5690726999
1184456.2318042207
1184467.1115111024
1184471.7742426232
1184484.2081933455
1184516.7642979992
1184524.1250492427
1184541.3001354774
1184544.9805110993
1184547.4340948472
1184552.3412623426
1184556.0216379645
1184567.0627648297
1184604.383064994
1184610.6784443469
1184624.5282789234
1184628.3055065353
1184632.082734147
1184633.3418100176
1184654.7460998178
1184684.2029407902
1184689.0870482882
1184695.5991916189
1184698.8552632842
1184718.3916932764
1184721.6477649417
1184729.787944105
1184734.672051603
1184736.3000874356
1184741.1841949339
1184758.9311691097
1184761.8644008082
1184772.1307117532
1184808.7961079848
1184810.262723834
1184813.1959555326
1184817.5958030804
1184821.995650628
1184824.9288823267
1184826.3954981759
1184836.6618091208
1184842.5282725177
1184848.2379279311
1184852.4025635032
1184853.7907753605
1184863.5082583618
1184867.6728939337
1184869.061105791
1184876.0021650777
1184899.6017666522
1184909.3192496535
1184916.26030894
1184920.4249445118
1184923.2013682267
1184928.7542156558
1184933.4861271696
1184941.372646359
1184946.1045578725
1184949.2591655485
1184961.8775962514
1184977.6506346304
1185004.4647998745
1185009.1967113882
1185020.2378382534
1185023.392445929
1185032.5518769878
1185037.131592517
1185038.65816436
1185052.397310948
1185053.923882791
1185069.1896012223
1185090.5616070256
1185101.2476099273
1185110.407040986
1185141.5242017878
1185161.7432077096
1185165.53427132
1185185.753277242
1185189.5443408524
1185217.7974499485
1185230.5819126344
1185237.6843919046
1185239.1048877586
1185240.5253836126
1185260.4123255687
1185264.6738131307
1185267.5148048387
1185295.7955859322
1185297.2068577872
1185315.5533919015
1185316.9646637565
1185326.843566741
1185352.2464601302
1185366.7558106391
1185388.5060004035
1185395.7560636585
1185417.506253423
1185476.0509754058
1185486.760038305
1185502.8236326543
1185515.3175393702
1185538.5205089853
1185552.2319835762
1185675.8427948717
1185681.2665063143
1185684.8823139425
1185706.5771597128
1185744.543139811
1185757.19846651
1185766.2379855812
1185780.6274241023
1185791.6362669708
1185807.3631853543
1185823.090103738
1185829.3808710915
1185834.0989466065
1185862.407399697
1185879.1858539726
1185881.1597897697
1185884.1206934655
1185895.9643082481
1185900.8991477408
1185905.8339872337
1185909.781858828
1185935.7658641576
1185938.795947846
1185941.8260315347
1185944.8561152231
1185947.8861989118
1185953.946366289
1185979.1970636938
1192495.2006379932
1192502.3123412624
1192523.241595111
1192523.241595111
1192992.9737468332
1193016.2827924376
1193016.2827924376
1193124.8769332764
1193146.843887019
1193192.3504863419
1193193.517322222
1193386.7416543628
1193393.811849636
1193395.8319054286
1193405.9321843905
1193405.9321843905
1193691.9038269988
1193710.9790570384
1193714.447280682
1193728.320175256
1193730.0542870779
1199031.4739502096
1199060.3266192442
1199109.6012221798
1199109.6012221798
1199315.7207049953
1199467.8613453587
1199467.8613453587
1199537.1474142375
