30326.52572310708
30496.072049681487
47589.696536836746
61450.96887220597
95010.75531100569
98695.30940431543
99734.69267748992
128033.68194498269
145627.73144070536
153562.34456120347
167091.84809867118
167122.6608675043
167122.6608675043
173085.87479061843
189475.74043410443
189479.69752969773
189481.01656156217
189481.6760774944
189488.93075274877
189498.823491732
189504.09961918974
189504.75913512197
189505.41865105418
189506.0781669864
189511.35429444414
189513.33284224078
189514.08921016305
189517.87104977435
189519.38378561888
189520.8965214634
189521.65288938567
189522.40925730794
189522.40925730794
189694.08632766333
189694.08632766333
209080.2112552005
209090.88803410315
209095.15874566423
237596.19510039105
240599.9627196705
240628.89840469655
241070.10995134982
241099.76510830194
241421.12923527282
241474.72066976482
262395.60835156246
277325.9975210503
283548.9131374728
293019.70028408634
298686.88840562536
299038.1198415266
299354.47533701226
299355.92350486346
299370.40518337506
299413.85021890985
299454.73098270816
299462.11018194974
299472.441060888
299478.34442028124
299482.7719398262
299490.1511390678
299500.482018006
299504.90953755094
299538.91381005605
299544.9785894328
299547.4045011834
299564.3858834381
299566.8117951888
309682.07975556405
309698.35088989174
310105.98707999574
310105.98707999574
335600.94520368066
346408.5573088983
346410.4805127006
346420.8990196298
346433.4067623443
346442.78756938013
346456.3376239875
390578.78364918055
390586.0152644373
390589.1145281188
392231.69660729787
416415.61546172836
440671.14944479853
456236.1128530662
521514.85223986243
521527.3138625817
521527.3138625817
527881.8928414722
527886.5094529977
542817.3921064347
542929.5190389105
573908.089255002
575334.5299763955
575819.4309945585
575819.4309945585
587837.9696953198
587869.5618920728
622441.2533108712
643781.1826576006
643796.4114800354
643796.4114800354
643802.2687194335
656357.8009730038
656373.7400433656
673842.725947942
692388.09719789
738777.5485300854
744958.9146427782
791437.2438178388
794108.5600632869
799137.9686063754
799249.1500789485
799269.655028841
799289.0208148506
799302.7322894414
799320.0272876639
807304.5699150303
871676.9499309801
873671.1554660202
880786.1655387552
964745.3201336198
978764.1014768006
1083200.9582710126
1131790.4809610893
1135967.2599278095
1142958.2671692893
1176845.6254864216
1176861.6890807708
