475954.2510144798
476185.42749071994
476386.667478037
476391.57464553264
481255.04805767565
552578.0157512595
552700.0953787124
557871.4843272085
557871.4843272085
557871.4843272085
557874.565142892
558300.2942071364
558303.9192387637
558380.0449029398
558383.6699345672
972545.5119159335
972724.106985578
972749.2700549917
972759.5640379337
974566.1764922541
978327.3312856909
978353.435203008
978836.8603813227
978955.7485051036
978958.1467448572
982360.9722351222
982369.8457222102
982443.2318586678
982453.7472175871
983765.6350947542
983768.3746224726
983852.6773618083
983919.7911789104
983921.4146027436
983937.648841075
983939.2722649082
986380.6526619885
986405.2484554605
1000563.3675283206
1001861.9543988548
1002205.9865034958
1002489.9473143109
1002530.7911821131
1003177.0337796938
1003331.9370077731
1003331.9370077731
1003448.2285758209
1003470.4722495348
1003682.4305237503
1003692.0603787606
1003706.5051612759
1003768.7210348814
1003768.7210348814
1004042.0557987888
1004084.8920503862
1004084.8920503862
1004868.535337845
1004886.1439520352
1004889.0587357356
1004891.9735194361
1004900.7178705373
1006315.5594131231
1006386.6764458138
1006388.0508216725
1006639.3863478409
1006650.5289386957
1006737.1607377918
1006737.1607377918
1006741.2377453728
1006743.2762491633
1006745.3147529538
1006749.3917605347
1007014.6555252715
1007334.5299763955
1007340.0228678309
1007341.8538316428
1007349.17768689
1007351.0086507018
1007352.8396145137
1007701.9818146297
1007995.9414404171
1008499.6824766437
1008531.5098853726
1008675.768618546
1008694.594800611
1010525.078964478
1010609.0819238444
1010710.2322974484
1010710.2322974484
1013075.2379823783
1014695.6455678364
1016114.7163139875
1017911.0117253682
1018127.3790711305
1018189.8347687115
1018189.8347687115
1018577.9760368192
1018929.7378526657
1018931.0338245325
1018937.5136838666
1018938.8096557334
1018940.1056276002
1018942.6975713338
1018943.9935432005
1018946.5854869342
1018951.7693744014
1018971.2089524035
1020205.2416655724
1020211.375624942
1020212.6024168158
1020213.8292086897
1020216.2827924376
1020218.7363761854
1020269.3576829827
1021369.3656899263
1021593.3382229068
1021593.3382229068
1021595.136902722
1021726.2329892482
1022165.6458560864
1022166.7896319688
1022171.3647354986
1023656.2994468804
1024232.3243516778
1024543.6204836834
1024808.312360479
1025071.3762014419
1025072.7459653011
1025245.2162995749
1025260.7771859757
1026280.3980411813
1027577.4537278728
1027810.8624118835
1027812.2552357404
1027845.5630963172
1028123.6666677343
1028160.7333079247
1028447.4290344587
1028479.6853591434
1028480.925987016
1029884.7448507346
1031009.2471871607
1031261.8740731962
1031293.8629019085
1031688.2672653726
1031816.9097681509
1031861.3925035791
1031869.7632827188
1032093.4959917241
1032886.0542742667
1036549.3839457578
1036604.2805761156
1036793.5800966598
1036793.5800966598
1036802.2045357734
1037409.7801293281
1037416.5459326329
1037454.996172681
1037454.996172681
1039441.4581605168
1039446.6881679792
1039447.2692799194
1039449.0126157403
1039449.5937276806
1039450.7559515612
1039451.3370635015
1039451.9181754417
1039452.499287382
1039453.0803993222
1039453.6615112625
1039467.0270858888
1039467.0270858888
1039471.675981411
1039472.2570933513
1039472.2570933513
1039472.8382052917
1039474.8305890869
1040061.0341768381
1040140.6603486543
1040140.6603486543
1041890.4714168126
1041926.827809076
1041926.827809076
1041931.624288583
1042479.6220722611
1042482.2047919956
1042625.7302172445
1042626.5603771592
1042626.7817531364
1042626.8370971307
1042626.8924411249
1042627.0400251098
1042627.0400251098
1042627.1876090945
1042627.3351930794
1042627.3351930794
1042627.4827770642
1042627.6303610491
1042627.7779450339
1042627.9255290187
1042628.0731130035
1042628.0731130035
1042628.3682809732
1042628.515864958
1042628.6634489428
1042628.8110329277
1042629.1062008974
1043003.7296983944
1043004.0479263618
1043004.366154329
1043004.6843822964
1043005.0026102636
1043007.4515820119
1043008.2356219313
1043008.627641891
1043009.0196618508
1043011.371781609
1043013.3318814075
1043013.7239013673
1043014.1159213269
1043014.5079412867
1043016.0760211254
1044805.8685131746
1045027.4381944021
1045079.572237044
1045079.572237044
1045082.1180607823
1045082.7545167169
1045085.3003404553
1045085.9367963899
1045086.5732523244
1045087.6063402182
1045088.3996041367
1045088.796236096
1045089.1928680552
1045089.9861319736
1045090.779395892
1045091.1760278513
1045091.5726598105
1045091.9692917698
1045092.365923729
1045092.7625556883
1045093.1591876475
1045093.952451566
1045095.5389794029
1046063.8006078871
1046127.5153813387
1046131.2280409571
1046132.2888008481
1046132.8191807936
1046133.349560739
1046134.4103206301
1046135.471080521
1046136.531840412
1046137.0529963584
1046137.5741523048
1046138.6164641976
1046139.1376201442
1046140.179932037
1046140.7010879834
1046141.7433998763
1046144.8703355549
1046145.3914915014
1046146.4338033942
1046147.9972712336
1046150.6030509657
1046172.191820747
1046172.7406486906
1046174.3871325214
1051037.4085687108
1051111.975377047
1051134.1544827675
1052732.72425047
1053256.951788591
1053288.428685356
1053289.106649286
1053292.4964689377
1053904.098338079
1055596.8405241026
1055687.2910588062
1055687.2910588062
1055713.3119601319
1058682.0929510072
1058722.1435548908
1058723.6747387333
1058865.8165641245
1061958.125350304
1062032.4338866665
1065910.3875680992
1072329.5991083467
1072462.6091746762
1072462.6091746762
1072466.8291542425
1072469.6424739535
1072471.0491338088
1072473.8624535198
1072475.269113375
1072476.6757732306
1072479.4890929414
1072480.895752797
1072485.1157323632
1072486.5223922185
1076285.3479977837
1076375.1713005519
1076776.4198713123
1076890.5945315778
1076916.5462529107
1076939.444830557
1076961.7161762682
1076996.472204696
1077003.713043952
1077005.1612118029
1077006.609379654
1077012.4020510588
1077013.85021891
1077038.4967443768
1077041.4484240734
1077050.3034631633
1077069.4893811913
1077072.441060888
1077075.3927405847
1077078.3444202812
1077100.482018006
1077107.8612172476
1077112.2887367925
1077115.2404164893
1077118.1920961859
1077127.997207178
1083213.2031297542
1083228.1690682159
1083237.692847237
1083240.4139269574
1083245.856086398
1083248.5771661184
1083251.6026378074
1083253.2675696362
1083258.262365123
1083263.2571606096
1083264.9220924384
1083268.2519560962
1083296.5557971871
1083316.5349791339
1083319.8648427916
1083321.5297746204
1083331.5193655938
1083351.4708755433
1084302.137725836
1091895.771885379
1091904.050424528
1091905.706132358
1091907.3618401878
1091910.6732558475
1091910.6732558475
1091912.3289636772
1091913.984671507
1091915.640379337
1091915.640379337
1091917.2960871668
1091918.9517949966
1091918.9517949966
1091920.6075028265
1091923.918918486
1091925.5746263159
1091927.2303341457
1091928.8860419756
1091928.8860419756
1091930.5417498054
1091932.1974576353
1091933.853165465
1092023.4366442577
1092023.4366442577
1095264.0811711918
1095400.1305452087
1095400.1305452087
1106423.464316255
1106461.26426437
1108583.9462702055
1114387.1745417626
1114418.706782522
1114722.9188832555
1114722.9188832555
1114730.3626504904
1114731.603278363
1114735.3251619805
1114740.2876734703
1114741.5283013429
1114745.2501849604
1114746.490812833
1114748.9720685778
1114751.7577162916
1114754.5433640052
1114755.936187862
1115469.2418705502
1115486.1402368133
1115489.3086804878
1115493.5332720536
1115496.701715728
1115499.8701594023
1115503.0386030767
1115510.4316383167
1115532.1633800832
1115536.203491668
1115541.5903071142
1115546.9771225606
1115549.6705302838
1115553.7106418686
1115557.7507534532
1115564.4842727613
1115568.524384346
1115579.2980152387
1115588.72494227
1115594.1117577162
1115605.3004685664
1116182.7274212197
1116225.9464687777
1116231.5269882043
1130963.4341460916
1131037.1016145202
1131037.1016145202
1131041.1371141053
1131041.6721060502
1131042.2070979953
1131042.7420899402
1131043.8120738303
1131044.8820577203
1131045.9520416104
1131046.4870335555
1131047.0220255004
1133647.0505942754
1133660.997280842
1133665.355620394
1133675.815635319
1133680.173974871
1133697.6073330792
1133701.559816673
1133703.8704284355
1133716.193691169
1136887.2662052533
1136904.247587508
1136905.4605433834
1136907.886455134
1136911.52532276
1136913.9512345106
1136916.3771462613
1137973.2860176344
1142430.3777035445
1142815.8025039313
1142852.749232134
1143318.3720922784
1158997.8698967744
1159013.0387632155
1159030.6704374033
1159037.2563727263
