3755.3944060289077
3766.9336288429317
3768.926012638159
3772.9107802286135
3773.574908160356
3777.5596757508106
3778.223803682553
3783.5368271364923
3786.8574667952043
3787.5215947269467
3790.1781064539164
3790.8422343856587
3792.8346181808856
3797.4835137030827
3799.4758974983097
3802.1324092252794
3804.5122009806896
3806.0987288176298
3810.06504840998
3812.048208206156
3813.634736043096
3814.031368002331
3815.617895839271
3817.9976875946813
3819.1875834723865
3819.9808473908565
3949.3289860967425
3949.499630079204
32188.892639697144
32198.817662677073
32205.02080203953
32208.742685657002
32211.223941401982
32214.945825019455
32219.90833650942
58684.83452850312
70466.67157759209
70559.53418804788
70584.62346546927
70647.90009896584
70649.19145883311
70651.77417856766
70651.77417856766
70665.56405715035
70675.52597612649
70686.73313497464
99387.36760518722
129152.39622200372
129303.05179851968
130958.64894036108
149480.9463566805
150369.9092653149
150369.9092653149
151423.31301704838
151617.64884107496
151617.64884107496
166985.44926960662
167056.96754625608
167058.12515813712
172520.21304875586
173092.49300993822
179083.94159415044
179084.38434610493
179084.97468204427
192607.39418824005
192613.44513161815
192614.95786746268
192617.98333915172
192619.49607499625
192621.00881084078
192622.52154668528
192624.0342825298
192627.05975421888
192646.72532019767
192648.2380560422
192651.26352773127
192652.77626357577
192654.2889994203
192655.80173526483
192657.31447110936
192658.82720695387
192663.36541448746
192664.87815033196
192667.90362202103
192684.54371631079
192686.9788520605
192689.41398781023
192690.6315556851
192694.28425930967
192695.50182718455
192697.93696293427
192699.15453080912
192700.372098684
192704.02480230856
192738.11670280466
192742.9869743041
193089.04835873668
193090.3443306035
195985.54086904164
246878.58206636796
291602.5711897358
388715.0377447322
432543.92077609705
432578.5753405353
432749.1363070054
432749.7865989386
432756.28951827023
437628.31818953395
470348.591578617
470362.08167723054
470362.08167723054
470366.57837676833
470366.57837676833
470371.0750763062
470372.57397615217
470375.57177584403
470377.07067568996
470380.3405833539
470381.22608726285
470382.99709508085
470383.8825989898
470385.6536068078
470386.5391107168
545208.5201566799
553572.4919850494
557478.3021436189
557481.5536032848
607647.2963113612
607670.7621649494
607676.6286283465
607677.3619362712
607678.8285521205
607680.2951679697
607680.2951679697
607681.761783819
607682.5181517412
607684.0308875857
607684.787255508
607685.5436234303
607686.2999913525
607687.0563592748
607688.5690951193
607689.3254630415
607690.8381988861
607691.5945668083
607692.3509347306
607693.1073026529
607693.8636705752
607695.3764064197
607696.132774342
791448.6354566681
791461.6874153266
791471.8568742814
791478.6365135846
791483.1562731201
791487.6760326555
791493.3257320749
791506.8850106813
803091.1762840736
843325.9649808314
843888.2737990385
843889.4406349186
978633.2267662516
978668.9005825851
