666833.4229043426
666853.3098462988
667084.9751944887
667084.9751944887
667090.3297259383
667892.0151555429
669554.1890087083
669560.8717960215
669567.5545833346
669861.0161131733
669863.7833128889
669863.7833128889
670123.06992624
670194.5743668909
670209.5172453552
676884.464159319
676891.8571945591
676897.1379340163
676929.8785186514
676929.8785186514
676932.4289543892
677512.0650548155
677515.3995304728
677516.5110223586
677518.73400613
677763.1884290056
677765.0609008132
693055.4765892982
700314.4640632357
717303.4007731505
740971.333732613
740973.8057643588
740982.4578754697
740983.6938913426
774701.3306259188
774708.3593131965
774710.1164850158
774713.6308286546
911153.1384977052
911162.4547367478
955832.3589416742
955837.7872651163
955846.1303722588
955846.4393762271
995445.0304103718
995449.3887499239
1033666.3861460659
1033670.7398736185
1033671.8283055065
1033672.9167373946
1077605.4406221076
