264004.59662619425
264017.685480849
264078.6561145826
264108.4588555195
320498.1963879076
320537.61975985573
368180.34967924183
368212.31083595695
368254.732007597
368834.4050040195
368834.4050040195
368877.3242716083
388111.5207107604
457690.3178116062
555432.9633698344
678098.8082465114
678142.1149220604
678219.2413901335
678219.2413901335
680407.2431452556
685651.2111302922
685673.8698839634
717348.7367284909
732894.6571907158
733491.1132534134
733506.332851849
752280.0672583265
752285.6385537538
853875.6279525604
853886.4661514466
853897.2167223416
853898.7525181838
853901.824109868
853903.3599057102
853904.8957015524
853906.4314973946
853907.9672932366
853909.5030890788
853912.5746807632
853912.5746807632
853915.6462724474
853917.1820682896
874122.0844956747
1016403.8425642718
1016419.8462026269
1016451.8534793373
1016453.4538431728
1016460.4041264585
1016474.1524970453
1016476.6522007885
1016479.1519045315
1016489.1507195039
1016492.9002751185
1016496.6498307332
1016505.3987938339
1016505.3987938339
1070370.1173177378
1070377.6533249633
1132962.6529246161
1133301.8562657535
1178294.1161775491
