1597.8641317750753
10744.593743694531
10759.776446134085
16599.32421395834
18094.165500321877
21636.61927623635
25125.87824961807
45775.1237713345
47288.39921980342
47333.4353951747
47345.05763398019
47398.97652043853
47398.97652043853
51937.110262019225
55717.9813534297
56033.40522501114
57146.83415057537
57492.58653103971
57496.35914665197
57498.2454544581
57500.13176226423
57502.01807007036
57503.90437787649
71876.2416047196
86936.39399287062
87647.32449580276
88064.9456648806
92924.50348942603
93844.81877083807
143215.93240858475
154176.33083409932
154412.47443382905
154413.57670171576
154420.19030903603
157639.09387020426
166039.13153486702
178107.9041344654
178158.00889731574
178158.6914732456
178159.71533714037
178160.39791307022
178161.08048900004
178161.7630649299
178162.44564085975
178163.1282167896
186983.52657824865
194212.24088729746
216876.28913393692
217012.71207991568
217096.76115927732
217224.69802612826
217224.69802612826
217233.60379721294
217257.59541874714
217264.2597580622
220009.03593196018
235827.57168616625
246474.79228386856
246527.62735043833
247236.53779757803
247422.7149944432
247645.21629957497
247648.55077523226
247649.66226711802
247683.20072767104
247717.85529210934
247723.9708034808
252873.02845027205
252909.41712653212
261247.22969359029
263939.21692091384
263989.0403517931
264017.28884888976
264189.08121923334
265526.30742179614
265536.827392715
265537.5007446458
265544.0082759769
274316.45106636477
279174.69908304483
281810.85805610626
281866.3542464025
285267.0120968904
285276.7157438931
288714.4909665662
289073.1246617067
289078.23475718143
289080.78980491887
289088.45494813105
289092.28751973715
289120.23623686464
290403.428252981
290450.8027121119
290996.065580071
296126.5737647688
314290.3343379379
321504.6084764708
321920.6385057122
321949.90625470405
354378.60903375404
354535.4539136339
362601.0017006748
367753.30619513243
367841.87042203
367841.87042203
367844.0934058015
394226.06356232124
402073.06713982363
486923.7396910601
487319.61528237286
487321.3401701956
487324.78994584107
487326.51483366376
487328.23972148646
487329.9646093092
487335.13927277736
487338.5890484228
487340.3139362455
487345.48859971366
487347.2134875364
503686.07964026404
503723.99027636764
511966.05773326627
543776.2452558859
543814.9030359128
543830.1318583476
543830.1318583476
571368.7130919934
598567.0117766127
598789.1671817801
598892.3329991768
598892.3329991768
608000.7737910316
674805.1856810226
688675.631283449
692948.5335442896
694513.3342514628
807130.9189088778
808628.4812749616
811903.9279503184
811984.3935060485
811985.8693458968
811987.345185745
811988.8210255934
811988.8210255934
811991.77270529
811991.77270529
811993.2485451384
812083.4961518629
812084.8705277216
819727.7423942043
821072.1817640257
821236.2582591623
829286.8908397363
869861.3210175865
881094.8005470345
881111.3299533356
881152.7272610809
881152.7272610809
881159.9588763376
881212.300458958
881213.5964308248
884820.9779360661
884863.8141876635
885110.4131903186
885110.4131903186
915215.8304321507
915231.0315825884
915232.931726393
915232.931726393
915234.8318701978
915236.7320140025
915238.6321578072
915238.6321578072
915250.0330206355
915250.0330206355
915253.8333082449
915253.8333082449
915255.7334520495
929623.338767379
945749.9791499188
972124.6392871898
1015161.8264799233
1015239.3588039548
1015242.0014796832
1015248.1677230494
1015249.8418788774
1015258.5677819805
1015258.5677819805
1015264.1206294098
1015268.0869490021
1015270.4667407576
1015272.0532685946
1015410.736094341
1015410.736094341
1015417.7232736229
1076291.5096291504
1079621.12423894
1116735.7430603819
1126313.0443360482
1126323.8917589334
1126324.8695028329
1126327.8027345315
1126328.780478431
1126329.2693503806
1126330.2470942803
1126330.73596623
1126331.2248381798
1127980.614228659
1127988.2378638755
1127989.040351793
1127989.4415957518
1127989.8428397106
1127992.651547422
1127993.4540353394
1127993.8552792983
1127994.256523257
1127994.6577672157
1127995.0590111744
1127995.4602551332
1127996.2627430507
1127996.6639870096
1127997.8538828872
1127998.6471468057
1127999.043778765
1127999.8370426835
1128000.630306602
1128016.4955849713
1128016.4955849713
1136221.6762696612
1136228.0362170073
1136233.4876004471
1136233.4876004471
1136277.9933958729
1136313.3904922348
1140925.5376022086
1141074.4313949056
1141077.7381985658
1202861.8686925303
1205401.8121314805
