20388.782848486208
83123.11899279055
262146.32055318373
263887.18434226164
263887.18434226164
322801.58114717086
356791.7732177345
481004.8747553879
485377.11487401876
487766.30127246346
489092.2004041905
489094.34037197055
511833.619554878
518299.64289031446
587673.865528186
588462.0101271824
588462.0101271824
591239.3424057342
591302.9142072005
591326.1586848114
591334.1651159886
591347.2724186414
591358.5072494867
599713.8177427466
613832.4165916683
614799.8203882406
614800.4245601785
643657.7148182904
643677.0806043
643696.4463903097
643712.3624006739
643715.6830403326
644418.496424099
645285.2525550157
645286.3640469015
646337.8814908288
646337.8814908288
646356.5600889091
647599.81680113
647601.237296984
647615.442255524
670180.6276803244
677830.5974140775
677834.6098536651
677838.6222932527
677839.9597731152
677841.2972529777
677842.6347328403
677843.9722127029
677845.3096925654
677847.9846522905
681394.9904717371
681458.3501212251
681541.4768006816
681555.6448632254
682101.7517270978
684141.4131294659
684142.5338453506
685631.324188336
685643.9795150354
685688.5314304564
685688.5314304564
692802.9650032509
695074.0104218379
717614.2357052035
717633.3293832411
717636.5116629141
717641.2850824235
717644.4673620964
717647.6496417694
719354.9011783018
731760.1468153183
787855.1314580004
825873.614558545
840531.0563720859
840926.5537794376
840926.5537794376
841597.5812624708
841662.0662398431
841677.7747102287
841709.1916509997
841738.0028120386
841766.3112651291
841777.891995939
841785.6124831454
841998.5669492583
841998.5669492583
847958.1558407451
848995.6066861182
849030.4180585403
849863.4835329197
849863.4835329197
853706.2937779643
853711.6805934106
853714.3740011338
853715.7207049954
853719.7608165802
853721.1075204418
859528.2882755925
859544.0151939761
859601.3285120857
859601.3285120857
861611.2425175111
861633.3801152359
865626.246376858
865704.6226968026
865710.9319121542
865724.0761108033
865725.6534146412
866563.1648565636
866795.9094126427
866795.9094126427
874091.451594823
874193.1830803673
878660.250521252
878665.397512723
878666.6842605908
882586.3119697402
882690.9213429886
889920.8301599147
890573.5157208331
890573.5157208331
890587.7944713656
890591.3641589987
891890.6059334654
891890.6059334654
909841.0107965629
909897.6046427463
909972.738727024
910521.5297746205
910521.5297746205
913250.0255901918
914923.6510381803
914928.9502256358
914930.7166214542
914934.2494130911
914936.0158089095
925192.6784507525
931267.1015184368
931299.3347831239
931434.6370132178
931578.0056304827
932286.6301336519
933218.6783418581
933219.8912977334
933253.715702257
936315.0641356184
936315.0641356184
944196.5009015818
956799.0571023192
956803.0557059082
956808.6869573294
956849.5262131321
963640.1743592042
978435.3443145896
1042112.5161339913
1062336.4107754244
1076405.877993396
1077820.5857879955
1077821.6327118878
1101754.963184073
1124959.4086391719
1125390.815074833
1127078.7930653463
1127079.4756412762
1132713.5496062185
1199550.969576817
1208032.9348010595
