523.2221222243929
854.253000201775
854.253000201775
2586.0772702087256
2616.0783271252826
2782.5115540196452
2782.5115540196452
8020.603851660158
8076.109265955437
8082.031073346807
8087.952880738177
8093.8746881295465
8118.8532775623
21969.610254012274
32517.202437954194
32854.54714328265
43449.315470375914
43457.363409548765
43462.19217305248
43462.19217305248
43465.522036710245
43467.18696853912
43468.851900368005
43472.18176402577
43475.51162768353
43475.51162768353
43477.176559512416
43478.8414913413
43480.506423170176
43482.17135499906
43483.836286827944
43487.166150485704
43488.83108231459
43490.49601414347
43492.160945972355
43493.82587780124
43495.490809630115
43497.155741459
43842.88967392523
43842.88967392523
43844.34245377592
43848.700793327975
49988.63270227941
50010.32754804966
50181.39122246812
50182.8071063226
50191.30240944947
50192.71829330395
50195.55006101291
50199.79771257634
50201.21359643082
50205.46124799426
50208.29301570322
50212.54066726665
50215.37243497561
50219.62008653904
50222.451854248
50223.867738102475
50226.69950581143
50229.53127352039
50230.947157374874
50235.19480893831
50236.61069279278
50239.44246050174
50242.2742282107
50269.780193383696
60604.440971210235
60623.53464924783
60636.263767939556
60772.05025798373
60813.92721367971
60818.60378119906
85410.4493817038
88386.02845988041
88394.22859503762
88395.40004291723
88395.98576685702
88397.74293867643
98585.43312760827
98610.45322503676
104174.88599713672
104183.51043625032
105609.16250572496
105609.9327096458
109185.48219415877
109249.21080360888
109553.28454435687
109554.52517222936
109690.33011027164
109692.93127800428
123825.17242152394
123847.44376723493
123849.46843502685
123851.49310281876
123853.51777061066
123855.54243840257
123859.5917739864
123867.69044515403
123869.71511294594
123875.78911632167
123877.81378411358
123881.86311969739
123885.91245528121
123885.91245528121
123891.98645865693
123894.01112644885
123898.06046203266
123900.08512982457
123902.10979761649
123905.8731892297
123907.61191305099
123911.08936069359
123947.60256094084
124112.94735594708
146299.58908365332
160967.5969881081
161004.83888428047
161006.32856012735
166875.14868894304
167126.28589913173
167128.09841494545
173767.92956451836
173811.85424800386
173811.85424800386
185287.00716461317
185630.2598413344
185631.04849325333
216803.03674546568
216806.1452331462
243479.26169574255
275105.568797261
302948.92940758227
302964.47184598487
302970.6888213459
302972.24306518614
302980.01428438746
302981.5685282277
302984.67701590824
302990.5895993005
302992.0423791512
302996.4007187033
302999.30627840466
303002.211838106
303005.11739780736
303010.9285172101
303012.3812970608
303019.64519631426
303024.00353586633
303026.90909556765
303029.81465526903
303032.7202149704
303041.43689407455
303045.7952336266
303047.2480134773
303053.05913288
303057.4174724321
303064.6813716855
303067.5869313869
303070.4924910883
303081.9994299056
303085.439981552
303090.6008090216
303100.9224639608
303106.0832914304
303111.2441188999
303123.2860496623
303128.4468771319
303131.8874287783
303138.76853207103
303145.6496353638
323643.19265667186
327579.8386440722
340439.61528237286
357220.25564569596
366084.1405506855
366105.7800524615
366109.5434440747
366112.3659877846
366114.24768359115
366115.18853149447
368826.60150082153
369584.46371093014
384267.8710818022
384268.913393695
418290.6008090216
418329.8489249878
490538.0899275852
490544.620518914
490712.8385896249
490714.1115014941
510894.08145944163
510905.2609462926
510909.2457138831
510913.23048147355
510915.22286526876
510919.20763285924
510922.19620855205
510925.1847842449
510927.1771680401
510930.16574373294
510933.1543194258
510936.1428951186
510939.1314708115
510941.1238546067
510945.1086221972
510948.09719789
510955.0705411733
510958.4373008273
510962.56042840355
510966.68355597975
510970.806683556
510976.30418699095
510980.4273145672
510990.0479455784
510992.7966972959
510996.91982487217
510999.6685765896
511002.4173283071
511005.1660800246
511007.9148317421
511010.66358345957
511013.41233517707
511016.1610868946
511018.9098386121
511020.2842144708
511024.407342047
511027.1560937645
511041.9052682486
511045.4749558817
511050.2345393925
511059.75370641414
523283.74776205927
523285.65712986304
523286.9300417322
523287.5664976668
523288.2029536014
523288.839409536
703063.5386206919
703077.4945312574
703355.8840466453
703356.7095945604
703360.0117862211
703362.4884299665
703369.9183612028
703375.6971966089
703380.4291081226
703381.8588279756
703384.0034077552
703387.5777073879
703397.5857463592
703400.4451860654
703401.8749059184
703404.7343456246
703405.4492055511
703407.5937853307
703408.3086452571
709124.0334498077
709137.0669604682
709142.5183439079
709150.6954190674
709181.5865918925
726179.0647249295
726187.2002920932
726188.7775959312
726190.3548997691
726193.5095074448
726196.6641151205
726199.8187227964
726201.3960266343
726202.9733304721
726206.1279381479
726207.7052419859
726210.8598496616
726212.4371534995
726215.5917611752
726217.1690650132
726220.3236726889
726221.9009765268
726226.6328880405
726229.7874957162
726231.3647995541
726234.5194072298
726237.6740149057
754266.3078701851
907421.9524771882
909945.2004778545
947951.0282516999
1014382.3616640351
1014718.5764294796
1014731.7114041296
1014769.6404882313
1014801.2788049796
1014802.1827568867
1014805.7985645151
1014813.934131679
1014820.2617950286
1014847.4172482376
1015118.6166563644
1015119.3684122871
1029466.8930816804
1070495.0102649017
1070511.9547511602
1070518.116382527
1070525.8184217354
1096278.2091349617
1189681.8809271401
1189691.5661261447
1189693.1803259787
1202647.1524425982
