74037.28622261224
176706.7325584747
176722.54249284978
176752.91250972843
176752.91250972843
214552.21955679965
214556.17665239295
214650.46437070228
214650.46437070228
297227.65175560245
297280.906514129
297538.09927969537
297539.5981795413
297556.0860778467
376317.2497109493
376324.9148541615
376328.74742576765
376338.9676167172
376345.3552360607
376348.6066957265
376350.5806315236
376352.5545673208
376362.4242463064
376370.31998949486
376372.29392529203
376374.26786108915
376399.9290264517
376401.90296224883
376411.77264123445
376413.7465770316
376417.69444862584
376419.66838442296
376429.5380634086
376431.5119992057
376433.4859350028
376445.3295497856
376447.3034855827
376449.2774213798
376451.2513571769
376455.1992287712
376471.32277911407
376474.44971479266
376482.2670539892
376483.83052182855
376485.3939896679
376485.3939896679
376493.2113288644
376496.33826454304
376497.90173238236
376532.2980248472
376535.42496052576
376571.5323048147
376573.11422065215
376577.85996816435
376579.4418840018
376581.0237998392
376588.9333790263
376590.51529486367
376593.6791265385
376595.26104237593
376601.5887057256
376604.7525374004
376615.8259482623
376617.4078640997
376618.98977993714
376626.89935912425
376628.4812749616
376630.06319079903
376631.64510663645
376641.1366016609
376642.71851749835
376644.30043333577
376645.8823491732
376653.79192836024
376655.6690121673
376657.5460959744
376661.30026358855
376670.68568262394
376672.562766431
376674.4398502381
376678.19401785225
376680.0711016593
376689.4565206947
376691.3336045018
376695.08777211595
376696.964855923
376706.3502749584
376708.2273587655
376710.10444257257
376711.98152637965
376723.2440292221
376726.99819683627
376728.87528064335
376738.26069967874
376740.1377834858
376757.0315377495
376762.66278917075
376766.4169567849
376769.37786048057
376770.8583123284
376775.29966787196
376779.74102341547
376781.2214752633
376787.1432826547
376788.62373450253
376790.10418635036
376796.02599374176
376797.5064455896
376798.9868974374
376804.9087048288
376806.38915667665
376807.8696085245
376809.3500603723
376813.7914159159
376818.2327714594
376824.1545788508
376827.11548254645
376828.5959343943
376833.0372899378
376835.9981936335
376838.9590973292
376843.40045287274
376847.84180841624
376857.0104634739
376860.54325511085
376864.07604674774
376872.90802584
376885.27279656916
376887.03919238766
376890.57198402454
376899.4039631168
376901.17035893525
376908.2359422091
376910.0023380275
376911.76873384597
376917.06792130135
376924.1335045752
376940.0310669413
376941.7974627597
376943.56385857816
376948.86304603354
376950.629441852
376954.16223348887
376955.9286293073
376957.6950251258
376961.2278167627
376964.6038004157
376966.2917922422
376967.97978406877
376979.79572685435
377680.0356148852
464786.5385982724
466097.0659355793
466105.8102866806
466135.80673159764
466137.72532340046
491035.0005925138
491068.5528890654
491090.9210867664
491093.15790653654
532845.8893952835
532858.3002860079
532904.2865332817
532919.9119876757
532919.9119876757
547886.588369434
550313.376400014
550316.3511397083
550320.3174593006
550363.9469748165
550364.9385547147
574339.1267307008
574345.8602500088
574354.2771491437
574366.0608079326
574382.5533182375
574382.5533182375
578816.7233665035
578828.0504373392
578833.7139727572
578904.3605814963
578905.7672413517
580399.3310038466
580407.8539789706
580412.1154665326
580416.3769540946
580419.2179458026
580432.0024084887
580458.9918297147
580460.4123255687
583181.8748418628
583210.2893709425
583211.170262852
583212.0511547615
583212.9320466708
583213.8129385803
583214.6938304898
583215.5747223992
583215.5747223992
583217.3365062182
583219.0982900371
583219.9791819466
583220.8600738561
583222.621857675
588645.6691723062
614801.6329040544
614811.2996550609
614832.3672688956
614832.3672688956
617128.2206329328
617131.3060606157
617980.6103853262
617987.1363646555
617991.3794042193
618009.4123223659
618009.4123223659
628701.0603115022
628708.4764067399
628712.1844543589
628718.3645337237
628728.2526607073
628731.9607083263
628748.0289146748
628749.2649305478
629096.4516428647
629099.8414625163
629106.6211018196
629114.5306810066
629148.9131374728
629148.9131374728
640198.6183218086
654416.1676205606
1060545.0870995326
1060551.9220828302
1060570.148704957
1060602.9446335863
1060602.9446335863
1124465.8555098982
1140914.0998433842
1153702.5519090155
1159649.9236137578
1205363.2512034436
