16556.617098347688
16558.978442104995
16688.271236816567
16690.909300545434
44668.456037075346
44673.20178458759
44679.529447937246
148603.00612691327
149163.03661735455
149208.10507672254
149208.93984863674
156613.00237966367
156616.03246335223
156618.2277751266
156623.7160545625
156632.49730166
156669.8176018243
156670.9152577115
163559.6698577006
163560.78134958635
165934.20854565076
165939.28174512935
177549.32642387477
196442.124210115
196449.1344493945
196450.5364972504
196451.93854510633
201512.46424899672
201532.7063149163
247057.58299197062
293137.54609597445
293142.63774345117
318157.1085325194
318163.62067585014
318170.1328191808
329037.7931582268
706890.2022553958
707161.0788235557
707266.9703326725
707266.9703326725
765943.2634380535
785443.8120738305
785454.5119127308
785455.5818966208
785458.2568563459
785459.8618321809
785464.1417677411
785467.3517194111
785471.0966630263
785472.7016388612
785473.2366308062
785478.8402102303
785478.8402102303
785486.685221424
785486.685221424
785493.4095167329
785501.2545279266
785507.9788232355
785507.9788232355
785521.4274138532
785531.5138568167
785531.5138568167
785546.0093713269
785549.5283269652
785550.5337428618
785553.0472826035
785553.0472826035
785555.5608223452
840033.7306271999
926238.5692552581
993601.1806718786
993619.4534140006
1106938.7537992946
