3859.4826233309523
3862.595723010995
3863.9793228687913
3869.167822335529
3876.4040495918057
3890.396856153656
3890.396856153656
9597.976869541266
12682.477540523141
12691.94136355047
12744.186094180872
13296.117913454547
13372.880033565109
13372.880033565109
16419.179512473216
16420.148032373676
16422.085072174592
16423.053592075048
19536.98343203226
19570.19905261843
19584.450131153735
19596.801065884334
19603.45156920081
72057.05043413649
76236.79491655163
88306.50375205377
88341.25978048163
88380.17122048241
88380.7569444222
90021.57262778282
92916.86601821099
121644.62365763591
200286.37339901162
211442.85559637318
211443.89790826605
211444.94022015893
211445.9825320518
211448.06715583755
211450.1517796233
211477.9805847631
211477.9805847631
211483.59800018577
222833.7196096455
222836.64361734496
222838.1056211947
222839.56762504444
222841.02962889418
222842.4916327439
222843.95363659365
328457.27155389154
328856.9289848156
329611.2584032874
329611.2584032874
422490.0385294127
756339.8813050677
756378.6774450804
756378.6774450804
787659.324406125
787802.7391433852
787808.1997508239
787819.8773336237
787819.8773336237
797064.5335314785
797108.5043349592
797109.5512588517
806858.2482729023
806889.9649936425
915040.8050501395
915044.8451617243
915044.8451617243
915048.8852733091
915050.9053291015
915052.9253848938
915052.9253848938
915056.9654964786
915056.9654964786
957014.9355761317
957076.1598698392
1016033.3837023467
1016044.5447411996
1016062.2225353827
1016063.4723872542
1016072.2213503551
1016072.2213503551
1016324.0826444693
1016325.544648319
1042094.3217958615
1045797.5498752518
1139845.8685131746
1139848.1929609359
1139848.1929609359
1139849.7425927764
1139849.7425927764
1139850.517408697
1139852.0670405377
1139852.0670405377
1139853.6166723783
1139855.9411201396
1139855.9411201396
1139856.7159360598
