801031.591011545
801211.1852932861
801238.3835451065
801327.04192422
801347.1105372137
801355.5604795269
801361.8979362617
801362.9541790509
801490.561511014
801540.1774157811
801612.6785809794
801615.1651525456
801623.8681530269
801627.598010376
801637.5442966404
801641.2741539896
801643.7607255557
801645.0040113387
801649.977154471
824082.472512779
824368.1641821834
824512.0277508233
824520.5767158979
824534.8249910222
824652.1504595849
824658.6419517264
824665.133443868
824811.412067635
824853.6617792007
824922.977712238
827474.1561289435
827965.8261447597
828055.7828223015
828085.5336608622
830877.5739423437
830887.6412564277
884622.8433896959
884976.9047746392
884984.1004286401
884986.4989799738
885067.6426317438
885074.4201896408
885076.3566347542
885077.324857311
885080.2295249811
885083.1341926513
885085.0706377646
885086.0388603214
885089.9117505483
890241.0648003117
890247.2702266979
890298.4649943841
890298.4649943841
892786.329357651
892849.5608921217
897142.2581162754
897164.488726228
897165.5944803979
897777.434118537
898169.8393172319
898169.8393172319
898177.9811887315
905355.9761306245
905831.307390796
906124.8933747965
911519.0427799723
911615.1773775778
911706.2233054959
911707.4060773691
922600.9275743243
922697.2932250398
922819.5478266185
930700.2687978973
930705.5225055204
930721.2836283896
930735.9940097342
930820.2293721682
939361.0305702214
943384.2978629115
951967.2772560916
968292.3347519465
969992.3300147465
984015.2568402876
984559.6619778574
991179.5151246572
1163799.4862430184
1199992.4265925016
