68887.20849028492
68893.28188632248
68898.34304968712
68900.36751503297
68903.40421305175
68917.57547047273
68932.75896056663
68933.77119323956
68936.80789125834
68936.80789125834
68937.82012393126
68938.8323566042
68939.84458927711
68940.85682195004
73741.39777962852
115904.3819100085
178750.94889172443
280157.7163639697
283943.17499369645
283944.52280350553
283956.65309178707
283958.00090159616
284032.8401042184
284033.85233689134
298516.5418439933
299678.1063424996
481098.1422535319
481365.8832967856
673688.2207229579
683292.1522933396
683311.7918077002
683362.4804590499
683411.1996576991
683671.3214495832
683672.4712138693
685322.3114479787
689143.4732844841
743385.6664552755
766910.4708929622
766911.9452318554
776788.7725303525
810184.3638780859
810189.4470465087
829857.5019674662
829871.8602678811
832770.1519724326
832859.7070576639
848529.0633333079
848571.5606017773
851123.4596841357
852275.2759419006
852891.1039968216
853112.6234155212
853161.9147456811
853813.176445419
854887.5624049695
856484.8875679063
856503.7183963815
856540.1532713423
856541.0224711375
856568.8368645849
856615.427073862
856615.427073862
856645.5134895591
856645.5134895591
856653.2372649547
856679.9073953804
856680.655567356
856725.9529794696
856725.9529794696
856742.4567730499
856743.281962729
856770.1721437358
856770.1721437358
857526.8160667487
857527.8723095378
857911.3984672866
857911.3984672866
858357.0889141879
858357.0889141879
858412.9377516637
858412.9377516637
858563.1222732448
858563.1222732448
858789.1362250629
858789.1362250629
859356.2945927153
859526.2836665928
859667.5066282598
859673.7505634977
859721.8866281069
859742.6814080181
859745.6520908625
877340.9955760664
877849.8350384706
877856.9371709748
888153.4559402196
938293.5927077683
1038815.5532973204
1062382.7504794507
1078090.0434752712
1101042.8154249345
1126993.754536633
1127001.5168208804
1149671.864852268
