318064.74071470596
318447.2766448399
318506.4922562061
318512.8737230572
318517.978896538
318521.80777664867
318544.7810573125
319167.98630796385
319224.8473781126
319271.08550646016
319273.8911513688
319311.76735763566
319371.9511915586
319411.12019498926
319423.0029263671
319425.97360921156
319436.37099916715
319437.8563405894
319452.70975481166
319454.1950962339
319466.07782761176
319470.5338518784
319868.8474086752
544754.720925435
544754.720925435
544756.4923326126
544758.2637397902
544952.9589926574
544953.9877291239
545157.0724103943
545163.9049809366
545233.5839974327
545237.0167864974
545246.1708906699
545248.4594167131
545410.735717724
545413.618380336
545771.4701365383
545777.6920667181
545886.1770031861
545887.6128332276
546623.0823890769
546629.4088432827
546669.9421603159
546712.4229249917
546718.8594044881
546724.0085880852
546736.8815470778
546739.4561388764
546742.0307306749
546747.7300407246
546750.8547589759
546753.9794772271
546757.1041954783
1057338.608027262
1057361.6693281583
1059453.943260569
1061443.79465002
1061619.6810794703
1061628.7911735268
1061631.8278715455
1061635.8768022372
1061637.901267583
1061640.937965602
1061648.0235943124
1061649.0358269853
1061651.060292331
1061652.072525004
1061654.09699035
1061654.09699035
1061657.1336883686
1061659.1581537146
1063042.6161569085
1063104.6704207705
1063737.2278211173
1063754.5237967896
1064545.5836306817
1064663.8828230656
1064708.377050558
1064709.4993085216
1064712.866082412
1064713.9883403755
1070361.1243973442
1070394.1319845049
1070758.0681392737
1070758.0681392737
1077703.662161233
1077703.662161233
1077762.019575333
1083371.345441209
1084379.732730232
1084601.3676754865
1084991.3413152606
1085098.2528900742
1096376.6318507935
1096391.8208421518
1124561.2328945056
1124561.2328945056
1124576.7519617355
1135263.1068391416
1143254.5352577572
1163759.3160094437
1169099.7565690447
1169110.5830576334
1169110.5830576334
