2862.153897875137
3272.9003125023883
14916.491721360953
37512.90825877337
46889.230510624315
46929.1256809725
46969.84053973517
47017.34946018841
47265.98461174062
47265.98461174062
50389.23952658562
50390.70286294974
50392.56229035979
50394.421717769845
65964.04556880784
65975.2131357972
66050.16236371
66050.16236371
66052.80297068285
66309.56899120563
66313.89298512366
66315.76341506277
66319.50427494098
66323.24513481918
66332.5972845147
68669.14936697255
68681.36217422198
68689.9111392966
68693.57498147144
68703.34522727098
68705.78778872087
74229.70652281879
74253.17491729002
74253.17491729002
75672.02805644908
88071.33917588001
94994.51554489261
94995.67081044323
95006.45328891571
95006.45328891571
95007.0034153684
97085.60120416568
97094.12816418218
102412.57466820498
115474.03999113686
115505.38619641043
115811.09146616339
115811.09146616339
116149.7548116963
117667.29513520122
117782.93721681858
117784.53808479587
117792.54242468234
117794.14329265963
117888.36345020974
117889.61223725732
117890.86102430489
139825.20037591975
140744.02157718196
140879.72677052853
142148.88500064946
180068.8648293462
209927.68221028583
212857.40263907885
212858.66792992
212873.8514200139
212875.11671085507
212877.64729253738
212880.1778742197
212887.76961926665
212890.30020094896
212892.83078263127
212897.8919459959
212908.8394624042
242794.67905469934
242800.00427876128
242802.66689079223
242810.6547268851
242813.31733891607
242819.97386899346
242821.30517500898
242823.86876427845
242831.5595320869
251051.59299811276
301859.47325392155
317657.3610739691
353511.258490667
353511.97365505545
353512.3312372497
353513.76156602666
375338.284675158
393247.4422940273
425485.4905676236
425559.55959321203
425564.84080715774
425565.8970499469
425568.00953552517
426021.6658134613
426021.6658134613
480747.76121455693
517718.29430237086
534026.0998326698
545474.4733685313
576098.3901160614
576289.476539399
576291.0168934665
599757.4804208467
600212.2754605399
607300.9023601953
620696.079890586
620754.8278944674
620755.8016182886
620756.77534211
620758.7227897524
620759.6965135736
620760.6702373949
620760.6702373949
620762.6176850373
620763.5914088585
620764.5651326799
620765.5388565011
620767.4863041436
620768.4600279648
622950.5421037753
622952.7866197022
622955.0311356292
685323.7582805492
685325.2051131198
685339.6734388252
685339.6734388252
747103.1459592448
747113.6203669038
747158.4226652099
747158.4226652099
776787.0891434072
787596.1497260829
787615.5141772171
787615.5141772171
787617.934733609
787617.934733609
787618.4188448873
787618.9029561657
787619.387067444
787620.3552900008
787620.8394012791
787621.3235125574
787621.8076238359
787622.7758463925
787623.2599576709
787624.2281802276
791131.8894551456
792377.0566706653
792449.8989142643
792449.8989142643
792452.5725288243
792471.9644862812
792540.3782119362
792541.775533126
792543.1728543158
792963.1063807028
792963.1063807028
792964.1241146403
810167.4199833435
814373.0927039479
814385.2615010812
814472.1319692235
814472.1319692235
814475.333705178
814481.7371770872
814592.7747002956
814594.9366972547
814597.0986942138
814605.7466820498
814709.0439260692
814711.7065381001
814714.369150131
814725.0195982549
814868.6026024037
814871.0451638537
814873.4877253035
838092.6749134696
838096.4707859932
838098.3687222549
838100.2666585166
838102.7697338763
838105.272809236
838107.7758845957
838110.2789599553
838112.7820353151
838115.2851106747
838117.7881860344
838120.291261394
838180.3650700265
838180.3650700265
838187.8742961055
838197.8865975443
838197.8865975443
838202.8927482637
838205.3958236233
838207.898898983
838207.898898983
838212.9050497024
838212.9050497024
848508.0540040801
876668.1139067382
885890.697820124
885893.8665484914
885897.0352768588
885898.6196410425
885904.9570977774
885906.5414619611
885909.7101903285
885909.7101903285
885911.2945545122
885912.878918696
885925.5538321657
897805.1824968101
897806.2497421283
898802.5397504566
898945.4791066558
900394.4956792152
905183.1924143675
905226.3003231992
905229.7001046769
905231.9666256618
905233.0998861544
905235.3664071395
905237.6329281244
905238.766188617
905241.032709602
905242.1659700945
905243.299230587
905245.565751572
905246.6990120646
905253.4985750197
905255.7650960047
905262.5646589597
905264.8311799448
905265.9644404374
905268.2309614223
905277.2970453625
905342.0304250491
905342.0304250491
905353.3795337678
910269.7276109995
910272.28019774
912181.0429480666
928623.3268897226
928629.378280702
928755.9128660824
928755.9128660824
928759.2576349147
928765.9471725792
928900.0459966839
928900.0459966839
928901.4928292545
986250.6956807432
1003780.640133253
1009932.4842029661
1038862.6441216697
1100930.3860818008
1109590.9718136599
1110445.3732073137
1163775.4127094492
1163875.2331542876
