68949.93390841922
228077.4211294402
228081.86615117782
228087.42242834985
228092.9787055219
228102.9800044316
228104.091259866
228105.2025153004
228106.31377073482
228107.42502616922
242185.23246662947
242201.41168560274
242271.88838545524
242357.78512977634
242358.67083336518
353508.7554153073
426655.9616133987
426660.01054409036
756226.7291162065
756245.2463726037
756246.9297595489
756250.2965334393
756251.9799203845
756253.6633073296
756258.7134681653
756260.3968551104
756262.0802420556
756263.7636290008
756267.1304028912
756270.4971767816
756272.1255510816
756275.3822996814
756277.0106739814
756280.2674225812
756280.2674225812
756283.524171181
756285.152545481
756286.780919781
766852.7956356634
774779.7217277028
774793.2768434967
774793.2768434967
774815.8760381726
776784.5640629894
792812.8393401538
792822.1089708814
792822.1089708814
792960.0531788905
792965.1418485778
830562.588039334
844572.625402089
844578.181679261
844579.2929346955
900052.3060231206
959334.323153447
959334.323153447
959606.8062867229
959641.0571596666
1061657.1336883686
