316003.2188509998
316245.03243453876
316262.27889883023
316317.7151414666
316450.1855912713
316451.36286188004
316454.89467370627
316505.51730988163
316577.95796117024
316617.30300506577
316651.6639033
316659.29965846316
316666.9354136263
316697.478434279
484633.23833464494
485537.0960963944
485647.550485563
972462.3152683013
972646.6846476516
972651.2176896217
972652.3509501142
972654.6174710992
972660.2837735618
972664.8168155319
972667.0833365169
978943.9711489239
978951.0347725762
984424.9635159193
985977.8879728605
985977.8879728605
986006.6705888646
986066.034734373
986066.034734373
988116.4495449995
989048.7928544686
989675.9920231664
989783.250177645
989870.2086660197
990343.0368508317
991111.5029913125
991112.7682821538
991216.9787360845
992393.0940792641
992406.9077544907
993952.1909550042
994360.2472512779
994361.6500737322
994609.4820406635
994878.8239518945
994882.2347359011
997238.0742517898
1005769.9634013097
1010691.6257000741
1059538.0410913897
1059562.4226957725
1062295.1098342745
1062318.017099764
1094678.6940609263
1094691.0168934665
1094718.6057350682
1118932.77913187
