50405.57828223015
50407.437709640195
50414.8754192804
50416.73484669045
50420.45370151055
67450.80631728543
95023.562221594
95024.88252508042
95072.34743541745
95072.34743541745
97131.10766433118
97144.14566125964
97388.6218568296
102411.82649622933
114579.30332597284
114592.71540888913
116139.81402669642
116139.81402669642
140909.56562932176
184876.1338335409
203106.69733112265
212741.98610930706
212744.0875923563
212746.18907540553
212749.34129997937
212770.35613047166
212778.98761451416
212784.46687398283
212790.85934336294
235590.03048617425
317789.78751365765
317791.02529817616
317792.26308269467
317792.26308269467
317794.73865173175
317797.2142207688
317797.2142207688
317804.6409278799
317807.116496917
317913.54946171655
317916.39911674144
353507.32508653036
353513.4039838324
375340.57870246563
393345.2547773134
420942.77737452154
621199.34107076
621210.4151162525
621211.4218476608
766922.2656041076
766923.7399430007
876682.7692754376
876687.6543983374
897870.9336104341
898906.7337005936
898944.3623499569
900325.7353738949
908982.299681385
910292.7008916633
910295.2534784038
930829.1909320824
1003769.6376041993
1176325.117398513
