506.54051993889107
8289.589500014412
8359.62732481608
8360.185376758724
8363.53368841459
8364.091740357237
8364.64979229988
8365.207844242526
8366.323948127814
8367.440052013104
8369.114207841038
47769.50456235647
47790.84889616275
47794.13263982526
47797.41638348776
47799.05825531901
47800.70012715027
47803.983870812765
47807.26761447527
76005.73374029959
77854.85960625054
107005.43613821905
147052.17516630422
147055.35744597713
147065.80823690305
147084.19627901315
147096.45497375322
147104.6274369133
147112.79990007333
147123.0154790234
147131.18794218346
147139.3604053435
147147.53286850356
160020.07552149225
164418.6132614203
164446.18840658618
164458.5946853111
164546.41176828544
164546.41176828544
164551.66944774508
164552.98386761
164554.29828747487
164555.61270733978
164556.9271272047
164559.5559669345
164559.5559669345
164562.18480666433
164562.18480666433
164563.49922652924
201498.61441442018
244152.43375855542
244244.75215306712
244251.9192003305
244253.96692812006
244259.11391959107
297973.6565149297
391864.5353250339
424822.7694416598
574540.394390015
574542.7926297686
576509.6074996237
576514.5700111137
577396.974656422
577401.4482959623
577623.5068491396
577625.6191449225
587718.9063155568
587729.3109864874
587730.1780423984
587731.9121542202
587731.9121542202
587732.779210131
587733.6462660419
587734.5133219528
587736.2474337745
587737.1144896854
587737.9815455964
587739.7156574181
587741.4497692399
615770.4203004846
615772.5925522613
615774.7648040381
615776.2129718892
615777.6611397404
640003.8535818262
792833.5543463292
792840.6522135996
792841.7083614911
792846.9891009484
811922.4082324192
812311.9930563784
812314.7233600979
812335.2006379932
812361.9133392478
812395.5394277918
812407.2354585897
812445.0769147004
812454.5960817221
871191.1311249115
879476.7635293327
889543.5455386912
889846.8444635187
894819.668384423
900177.6772817387
903038.5836037011
914326.3002475747
914327.6146674396
916582.2183077165
1012087.1078599361
1022297.0970665761
1022302.5853460121
1079081.9814943518
1079118.8959385578
1079118.8959385578
1081550.715660621
1081792.2137918004
1081840.67207082
1081850.8415297747
1081852.2943096254
1081865.3693282816
1081868.274887983
1081878.4443469376
1118160.9569899018
1118176.4994283044
