192386.35027495844
192505.78261468344
192730.8112955555
197419.52682165973
198257.67471951677
198980.84546919088
199649.53005646495
199655.8392718165
199668.4577025196
199674.7669178712
199682.58425706773
199704.47280681808
199716.98054953257
200298.05098181142
200519.5514830461
200996.9349419817
201364.1423442409
205884.00334369967
206456.50006885972
206484.22741000997
210883.51690586077
212070.66864384795
212072.37508367255
212473.70205842506
212475.27936226295
214864.63179269063
214939.2170490249
215057.63013685468
215098.72305263125
215239.21378219195
215330.86343677237
215332.54220459983
215335.89974025474
215339.25727590968
215425.88907500586
215427.34646685608
215436.09081795736
215437.54820980757
216723.28604966227
220982.02024795904
221125.1029212533
221217.2229997854
221230.34875043636
221745.36612550402
221759.79246002133
221790.44842087058
221790.44842087058
221806.67804720253
221839.83371179487
221857.17483001258
221900.5276255569
221902.26173737866
221909.19818466573
221910.9322964875
221953.03524016027
221954.79241197967
221972.3641301737
221974.1213019931
224025.3311511743
224027.23129497902
224932.49300993822
224982.95289675205
225056.03464124087
225146.84029990807
225615.88065170115
226009.6162752339
226009.6162752339
226026.25636952365
226027.8613453587
226029.46632119373
226032.6762728638
226112.92506461602
226225.37944905824
226274.79241197967
226286.7605507496
226483.10720656952
226493.81626946887
226500.92797273793
226583.51504824983
226592.30090734683
226642.56709018062
226660.6461283225
226666.06983976506
226689.5725893495
226700.42001223462
226713.0753389339
226717.71039845754
226743.97573575802
226767.15103337614
226767.15103337614
226817.81846016867
226860.82535574853
226867.7064590413
226878.02811398046
226879.74838980366
226879.74838980366
226895.23087221239
226926.24195702514
226929.3781167028
226981.1247513844
227012.4079441692
227031.06809425133
227036.39956570338
227065.72265868963
227065.72265868963
227069.72126227865
227071.05413014165
227072.3869980047
227077.7184694567
227090.75198011717
227116.93891342572
227120.0197291091
227135.4238075259
227158.5299251511
227197.55666514003
227199.1339689779
227203.86588049156
227244.87578027666
227273.0274253833
227300.71787053734
227318.2065727399
227338.61005864287
227348.81180159436
227367.59647566368
227381.93979418953
227839.27950318516
227854.40686163038
227882.77065871522
227975.24586121086
227993.45864733896
228008.44764579844
228021.93774441196
228039.9245425633
228045.92014194708
228051.9157413309
228062.40804025249
228063.90694009844
228063.90694009844
228077.39703871196
228083.39263809577
228102.3664041457
228116.16550672744
228117.89039455017
228119.6152823729
228121.34017019562
228123.0650580183
228255.5678044
228293.94886445528
228302.0290876248
228359.74364969303
228359.74364969303
228372.14070441888
228407.2656928088
228768.80955965014
228789.4251975313
229830.1413385688
229842.98114524916
229879.36059751015
229881.50056529022
229881.50056529022
229885.78050085032
229887.9204686304
229890.06043641045
229892.20040419052
229892.20040419052
229894.34037197055
229894.34037197055
229925.02861681647
230101.98181462963
230146.95342200756
230243.54252808035
230283.15499200908
230330.3126871623
230337.85791838684
230352.29347690317
230383.47059369885
230403.73571961606
230424.00084553324
230427.11855721282
230428.6774130526
230431.79512473216
230433.35398057193
230439.58940393108
230444.75023140066
230452.92269456072
230625.8219447905
230625.8219447905
230634.72310387567
230739.0004131583
231036.1792146149
231036.1792146149
231050.54559313835
231054.0461007786
231056.9424364809
231059.83877218323
231061.2869400344
231083.0094578018
231155.41785035984
231172.79586457377
231227.8861989117
231258.04867581165
231303.2923911616
231425.96235455386
231425.96235455386
231857.36879021485
231870.78970883548
231873.0265286056
231877.5001681458
231881.973807686
231886.44744722624
231890.92108676644
231893.15790653654
231897.63154607674
231927.752514981
231955.06477617388
232368.295321703
232368.295321703
232381.10284438665
232381.10284438665
232387.41205973818
232390.56666741398
232595.75452632524
232646.3112651291
232669.62031073344
232684.6046971934
232704.58387913997
232709.57867462662
232709.57867462662
232711.2436064555
232714.57347011328
232716.23840194216
232716.23840194216
232718.61358169804
232725.7391209657
232728.1143007216
232732.86466023335
232735.23983998923
232927.02984027748
232927.02984027748
233492.36874217322
234258.52332742955
234316.76365744372
234316.76365744372
234618.66053441545
234631.02530514463
234637.13159251705
234689.03503518252
234689.03503518252
235470.30314288553
235484.12069346537
235517.67760201648
235916.9199529832
235933.74913925354
235946.0908499851
236530.56493791417
236579.31377290387
236593.24201147235
236662.034596402
236662.034596402
236669.2754356578
236765.7584657415
236785.12886375067
236800.3484621864
236815.56806062217
236876.5663663529
236878.9830541045
236904.3582754965
236915.2333703788
237248.47339612912
237273.82094552394
237276.9893891983
237352.93057339327
237352.93057339327
237366.7481239731
237371.8028754536
237373.06656332372
237374.33025119384
237375.59393906395
237376.85762693407
237378.1213148042
237380.64869054445
237381.91237841456
237384.4397541548
237385.7034420249
237386.96712989506
237388.23081776517
237390.7581935054
237392.02188137552
237394.54925711578
237394.54925711578
238000.50142683735
238000.50142683735
238168.67337755303
238665.77774646174
238818.2458387914
238847.05238783074
238862.90383020157
238870.40294143083
239007.28247536265
239007.28247536265
239061.43657379682
239061.43657379682
239061.43657379682
239061.43657379682
239062.6034096769
239129.4727908042
239166.175083032
239170.96233853998
239201.28162342383
239215.6987339421
239531.6852694657
239983.63816301496
239984.75887889977
241002.30433431873
241013.4238651759
241053.43757306336
241342.69757133385
241342.69757133385
241824.4209218234
241844.46928376285
242193.65760387407
242218.45171332578
242234.17863170942
242235.44231957954
242239.23338318992
242246.81551041064
242249.34288615087
242253.13394976125
242253.13394976125
242254.39763763137
242256.9250133716
242258.1887012417
242260.71607698197
242261.9797648521
242264.50714059232
242265.77082846244
242268.2982042027
242272.08926781305
242273.35295568316
242277.14401929354
242278.40770716366
242282.19877077403
242284.72614651427
242432.65141931083
242434.3855311326
242505.34575583946
242526.51483366374
242626.90883934547
242642.14688577934
242646.50061333188
244101.32819180793
244104.44129148798
244214.03623622406
244221.20328348744
244353.5768938824
244354.80368575628
244612.54066726664
244623.9784260911
244901.3625255822
244909.8117087138
244918.26089184542
244918.26089184542
244920.3731876283
244922.48548341123
244924.59777919413
244929.87851865139
244930.9346665428
244931.68181046602
244932.4289543892
244933.17609831243
244933.17609831243
244933.92324223564
244935.41753008205
244936.16467400527
244936.91181792849
244937.6589618517
244939.1532496981
244939.1532496981
244939.90039362133
244940.64753754454
244941.39468146773
245002.1116552274
245002.1116552274
245036.91841565009
245909.7669979406
245957.29826505546
246087.2597996983
246101.69535821464
246107.4695816212
246110.35669332446
246111.8002491761
246113.24380502774
246116.130916731
246117.57447258264
246120.4615842859
246123.34869598917
246126.23580769243
246127.67936354407
246130.56647524735
246133.4535869506
246134.89714280225
246137.7842545055
246139.22781035714
246140.6713662088
246142.11492206043
246145.00203376368
246146.44558961532
246147.88914546696
246307.51506106093
246308.35444497466
246543.2620288314
246547.4312764029
249913.3054264658
249917.4331660416
251225.67756358316
251266.68746336823
252229.29478043359
252259.4295853364
252267.2423125334
252312.64744786677
252316.45234747572
252348.1598442169
252479.25593074312
252591.89940716588
252591.89940716588
252597.69207857052
252597.69207857052
252599.14024642168
252600.58841427285
252602.036582124
252603.48474997518
252604.93291782634
252606.36724967894
252607.8015815315
252609.2359133841
252610.6702452367
252610.6702452367
252612.10457708925
252613.53890894185
252614.9732407944
252616.407572647
252617.8419044996
252619.27623635216
252619.27623635216
252620.71056820475
252883.94505315006
252900.92643540478
253133.56952749426
253161.61048461226
253455.80993437508
253542.59854145517
253697.8615054976
255913.61366176748
256313.6308286546
256361.7801037059
256363.122195568
259255.11339433558
259272.61132053717
259281.2449836498
259415.49567785184
259415.49567785184
259523.44875075665
260597.49581236846
260614.9937385701
263231.90222561004
263616.7274660585
263626.6063690432
263627.07679299486
263627.07679299486
263627.5472169465
263628.0176408982
263628.4880648498
263628.95848880144
263629.4289127531
263630.84018460807
263631.4305205474
263632.0208564867
263632.61119242606
263633.7918643047
263634.382200244
263634.97253618337
263634.97253618337
263636.153208062
263636.7435440013
263637.3338799407
263637.92421588
263949.3264238748
264141.0380201711
264142.95661197393
264144.8752037767
264153.5088668894
264153.5088668894
264165.6476496418
264166.1826415868
264166.71763353184
264167.2526254768
264167.7876174218
264167.7876174218
264168.32260936685
264169.9275852019
264170.46257714694
264170.46257714694
264172.06755298196
264172.06755298196
264172.602544927
264173.672528817
264174.207520762
264174.207520762
264174.742512707
264175.27750465204
264175.81249659706
264178.4874563221
266023.1396827329
266025.464130494
266026.1420944243
266028.71097816026
266028.9415781365
267183.00221952476
267188.5642909531
269262.6173737866
270838.65752380464
270844.7914831742
270850.04916263383
270854.40289018635
270925.69056685956
270925.69056685956
274203.3832859856
274217.2884645565
274462.8313193201
274474.44894612604
274475.50509401754
274476.561241909
274479.7296855833
274482.89812925766
274486.066572932
274488.17886871495
274489.2350166064
274506.9035867905
274536.83546371415
274547.71978259546
274549.0803224556
274551.801402176
274554.52248189633
275173.1530383148
277341.032639505
277446.2646326895
277452.2694560723
277489.06860029016
277489.06860029016
278130.3256263832
278169.3569783716
278194.37707580015
278197.37948749156
278199.9714312252
278203.8593468256
278206.4512905592
278210.3392061596
278212.9311498932
278216.8190654936
278219.4110092272
278222.00295296084
278225.8908685612
278228.48281229485
278232.37072789524
278234.96267162886
278237.55461536243
278240.14655909606
278242.7385028297
278246.62641843007
278253.1062777641
278256.9941933645
278260.8821089649
278715.3992742506
280462.56305468106
280486.5731242133
285590.36860765656
285593.5508873295
285598.32430683885
285623.7825442223
285628.5559637317
285633.32938324113
285642.87622225995
285644.4673620964
285646.0585019329
285647.6496417693
285649.24078160577
285650.83192144224
285650.83192144224
285652.4230612787
285654.0142011152
285654.0142011152
285655.60534095165
285657.1964807881
285658.7876206246
285660.37876046106
285661.9699002975
285663.561040134
285666.74331980693
285668.3344596434
285669.9255994799
285671.51673931634
285673.1078791528
285693.13318109466
285694.6643649373
285696.1955487799
285697.72673262254
285699.25791646517
285700.7891003078
285702.3202841504
285702.3202841504
285703.85146799305
285705.3826518357
285706.9138356783
285706.9138356783
285708.44501952094
285709.97620336356
285711.5073872062
285713.0385710488
285714.56975489145
285716.1009387341
285717.6321225767
285719.16330641933
285720.69449026196
285722.2256741046
285725.28804178984
285726.81922563247
285728.3504094751
285729.8815933177
285731.41277716035
285732.943961003
285734.4751448456
285736.00632868824
285737.53751253086
285739.0686963735
285740.5998802161
285742.13106405875
285743.6622479014
285743.6622479014
285748.25579942926
285749.7869832719
285751.3181671145
285752.84935095714
285754.38053479977
285755.9117186424
287299.8661879582
287383.37566337525
289159.6688328118
289194.3695172454
289218.6932027454
290495.8711714799
290508.2359422091
291736.2269359989
291775.54423195793
291827.8166345855
291829.3801024248
297684.94995660236
297687.2651803644
297695.36846353154
297726.47640033433
297727.3203962476
297795.3658372541
297899.64775853616
299223.22705450165
300523.4235128704
300544.7171146819
301491.11325341335
306199.7433934708
306220.7464393122
306232.4147981129
306310.4406060936
306311.81498195237
307516.9027860961
307529.7887127717
307982.3411662594
308007.7071636523
308017.85356260947
308125.5299155428
308125.5299155428
308132.7430828014
308134.5463746161
308136.34966643073
308138.1529582454
308139.95625006006
308141.75954187475
308143.5628336894
308145.3661255041
308147.1694173187
308148.9727091334
308150.77600094804
308152.57929276273
308154.38258457737
308156.18587639206
322338.891518725
324007.6466952141
324247.0694266067
324263.78331288893
324504.95860410144
324570.66576134827
324570.66576134827
326388.1210265542
326412.68914802914
326453.76361580763
326470.43599409406
327862.84477098536
327880.5963571609
327898.22341934923
327901.58095500414
328024.8504783348
328026.01270221535
328044.60828430415
332293.69879159203
332306.0589503217
332323.36317254324
332339.20077891543
332345.23327429546
332349.2549378821
332363.33076043543
332379.41741478204
332386.4553260587
332418.8500107293
332444.52962409
344509.949300033
344538.69589307846
348125.76154040784
348127.6432362144
348131.4066278276
348190.43099776126
348190.97521370533
350882.84252904117
350885.5543847624
350944.69866668375
350944.69866668375
350950.84185005235
353446.48703355546
353448.62700133555
353449.1619932806
353457.7218644008
353460.93181607086
353483.32307376957
353484.4437896544
353549.0256190168
353561.0906097768
353561.0906097768
353562.59873362177
353562.59873362177
353563.1014415701
353563.6041495184
353564.10685746674
353565.11227336345
353565.6149813118
353565.6149813118
353566.1176892601
353567.12310515676
353567.6258131051
353568.1285210534
353568.63122900174
353569.1339369501
353569.63664489845
353570.1393528468
353570.6420607951
353571.26006873156
353571.8780766681
353571.8780766681
353573.11409254104
353574.350108414
353574.9681163505
353574.9681163505
353576.20413222344
353576.20413222344
353577.4401480964
353577.4401480964
353578.0581560329
353578.6761639694
353579.29417190584
353579.91217984236
353580.5301877788
353580.5301877788
353581.7662036518
353582.38421158824
353583.00221952476
353584.23823539773
353584.8562433342
353585.4742512707
353585.4742512707
353588.5642909531
353589.18229888956
353597.83441000036
353603.3964814287
353660.3177795785
353660.3177795785
353681.0441054483
353685.9789449411
354437.97469165263
354450.7960503348
354451.8106902306
354453.839970022
363547.0611634409
363562.5067498535
368546.4502016149
368638.7224761313
368639.74172802654
368657.0690102457
368660.12676593143
368663.18452161714
368664.2037735124
368667.26152919815
368669.3000329886
368671.3385367791
368674.9312844099
368676.2180322776
368678.7915280131
368681.3650237486
368685.2252673519
368689.08551095513
368691.6590066906
368694.23250242614
368698.0927460294
368700.6662417649
368701.9529896326
368705.8132332359
368707.0999811036
368710.9602247069
368712.2469725746
368716.1072161779
368717.3939640456
368719.96745978115
368725.11445125216
368727.68794698763
368732.83493845863
368735.40843419416
368736.6951820619
368737.98192992964
368741.84217353293
368744.4156692684
368746.98916500394
368750.8032886119
368753.28454435687
368754.5251722294
368757.0064279744
368758.24705584685
368759.4876837193
368761.9689394643
368764.4501952093
368765.69082308176
368768.17207882676
368770.65333457175
368771.8939624443
368786.78149691416
368846.11025881645
368857.8155136134
374073.3412975733
374085.2587043484
374100.4690787851
377093.96116312064
377102.539482239
377122.5555601818
391800.8389995804
392376.5641244087
393033.95392484363
393060.29766613606
406968.2895567036
406991.79230628797
406996.8286097704
447705.77236579556
447745.4586217167
448737.5366157532
449702.66208455974
460355.5600536786
461033.1965320326
462457.1928936774
464308.6339833904
496883.1589634531
499783.0828014054
499949.6774482832
515489.030423183
515538.2312341262
515557.7538281197
515627.542604947
515628.7325008247
515633.49208433554
515634.6819802132
515638.25166784634
515640.63145960175
515641.8213554795
515643.01125135715
515735.6294258381
515737.04069769307
515738.451969548
515739.86324140296
515739.86324140296
515742.6857851129
515744.09705696785
515746.91960067773
515748.3308725327
515749.7421443876
515751.15341624257
515752.56468809757
515753.9759599525
515755.38723180746
515758.20977551735
515759.6210473723
515761.03231922723
515762.44359108224
515763.8548629372
515765.2661347921
515766.67740664707
515772.3224940669
515775.1450377768
515776.55630963173
515780.7901251966
515782.20139705157
515785.1991967434
515786.78572458035
515788.37225241726
515789.95878025424
515791.54530809115
515793.13183592807
515794.71836376505
515796.30489160196
515797.89141943894
515801.06447511277
515810.58364213444
515812.17016997136
515813.75669780833
515815.34322564525
521710.23498778144
534674.8239273097
534681.2576666485
534695.554865179
534704.848044224
534906.6922034789
534907.3148234149
541568.1720788268
543357.2912189452
543363.0608303521
543364.9840341544
543366.9072379568
543368.8304417592
543370.7536455615
543370.7536455615
543372.6768493638
543374.6000531662
543376.5232569685
543378.4464607708
543380.3696645732
543382.2928683755
543382.2928683755
543384.2160721777
543387.3245598583
543388.8788036986
543388.8788036986
543390.4330475387
543391.987291379
543393.5415352193
543395.0957790596
543396.6500228998
543402.8669982608
543404.4212421011
543405.9754859414
543407.5297297817
543409.0839736218
543410.6382174621
543412.1924613024
543413.7467051427
543415.300948983
543416.8551928232
543418.4094366634
543419.9636805037
543419.9636805037
543421.5179243439
543423.0721681842
543424.6264120245
543424.6264120245
543426.1806558648
543427.7348997049
543429.2891435452
543430.8433873855
543440.168850427
543441.7230942673
543449.4943134686
543451.0485573089
543452.6028011491
543454.1570449894
544579.7616493023
550659.8759244016
550677.3784626027
551336.1103548998
551560.553311832
551589.1707688908
551595.9135121978
551644.9990231529
551646.6916269789
551653.462042283
551655.1546461091
551656.8472499351
551658.5398537612
551658.5398537612
551661.9250614132
551661.9250614132
551663.6176652393
551665.3102690653
551665.3102690653
551668.6954767174
551668.6954767174
551670.3880805435
551672.0806843694
551673.7732881955
551673.7732881955
551675.4658920215
551678.8510996737
551678.8510996737
551680.5437034997
551683.9289111517
552661.7696626513
552774.0626271103
552845.013627818
553095.6112340621
553608.5578213427
553619.5343802145
562738.8502669515
562770.7191836761
571618.692690301
571627.8613453588
571663.1708137298
571664.7757895647
571948.9948723533
573815.1666885524
574622.6724615587
574625.4581092724
579240.4277629561
580043.9948883672
580057.9554109323
580059.3436227896
580060.731834647
580063.5082583616
580064.8964702189
580066.2846820763
580067.6728939336
580070.4493176482
580071.8375295056
580073.2257413629
580074.6139532202
580076.0021650775
580078.7785887922
580080.1668006495
580080.1668006495
580084.3314362215
580085.7196480788
580087.1078599361
580088.4960717934
580088.4960717934
580089.8842836508
580174.4960269546
580305.8273254567
580502.8519452069
580525.4322948861
580536.7224697258
580555.0690038401
580557.89154755
580561.9224351358
580605.4228146649
580621.1312850504
580621.1312850504
580624.7563166779
580628.3813483053
580632.0063799327
580633.2147238085
580636.7844114415
580640.3540990747
580643.9237867078
580647.4934743409
580651.0631619741
580654.6328496072
580658.2025372402
580659.9873810568
580663.55706869
580665.3419125065
580667.126756323
580670.6964439561
580672.4812877728
580676.0509754058
580789.9996476944
580829.7550836084
580899.3455444562
580901.1534482703
580904.7692558987
581015.2266445461
581312.9542739464
581340.8891550753
581361.6247049441
581369.400536145
581426.5247622739
581427.5716861663
581434.9001534131
581512.7691534098
581702.3500059252
581750.75755295
581773.1257506509
581822.2850535985
581908.4141447464
582056.4962255268
582069.8618001532
582071.3468640004
582243.208414337
583076.5413846888
583126.8859715145
583132.1482629736
583135.1552866646
583223.5027495844
583223.5027495844
583423.3130170484
583717.7430667875
583719.8738105685
583726.2660419114
583801.5477101742
583805.5324777646
583812.5058210479
583979.1511999206
584006.5972090997
584109.7169065013
584241.315700976
584267.8162502522
584410.2440196138
584411.8443834493
584429.44838564
585588.1210265541
585607.8696085245
585967.8776795237
585980.2562862514
586325.5290187651
586362.4619109691
586370.9848860932
586397.9743073193
586399.3948031733
586716.1838266145
586741.6097800012
586748.6891992736
586751.5209669826
587289.0679597347
587316.4862969166
587316.4862969166
587323.1045162365
587324.0499761393
587324.9954360421
587325.940895945
587326.8863558478
587327.8318157506
587329.7227355562
587330.6681954591
587332.5591152647
587333.5045751675
587333.5045751675
587335.3954949732
587336.340954876
587337.2864147789
587338.2318746817
587340.1227944874
587341.0682543901
587342.013714293
587342.9222781997
587343.8308421063
587344.7394060129
587443.5976158525
587455.1645106636
587657.2715538915
587791.5914280864
587797.7899554494
587799.856131237
587800.8892191309
587801.9223070246
587802.9553949184
587805.0215707062
587806.0546585999
587807.0877464938
587808.1208343876
587809.1539222813
587811.220098069
587812.2531859629
587813.2862738566
587929.7669338852
588273.7114105353
588881.4991560681
588900.5743861076
588938.7248461866
588956.0659644043
589266.8778364598
589422.8003164344
589879.7756774675
590007.0484163867
590017.3423993287
590025.920718447
590037.9303652127
590170.2209596161
590354.1751727099
590484.464159319
590504.5309692565
590529.8785186514
590537.6589618517
590545.1304010839
590574.269014089
590736.7036373944
590745.6140204786
590757.0702273011
590769.7993459929
590874.1596712669
590875.2711631526
590935.0841850053
590979.7744604121
591027.2365475341
591370.6783162358
591391.8104980639
591844.2476515635
591894.0849184414
591993.3443722397
592138.0504693671
592172.2299978542
592174.5636696144
592214.2360895369
592222.4039406974
592230.1567119005
592501.9187839695
592547.817403252
592552.0143228207
592566.2838493541
592566.2838493541
592567.9626171816
592568.8020010953
594731.004230869
594749.4337809748
595737.6699794062
595799.7198210288
595864.8228063377
596005.0091439297
596011.2353432898
596017.4615426498
596037.3853806021
596993.4990023349
597061.84883531
597073.466462116
597132.1633800832
597132.1633800832
597223.1950267272
597240.19485698
597251.549599813
597266.7968702458
597369.4323076973
597370.806683556
598739.4267668922
598762.712752499
598871.4129693271
598872.6582091991
598884.7785439533
599312.5230519907
599332.894253897
599356.848979435
599361.9821349074
599363.6931867315
599365.4042385557
599367.1152903799
599368.826342204
599370.5373940282
599373.9594976765
599375.6705495005
599379.0926531488
599382.5147567971
599384.2258086213
599385.9368604454
599385.9368604454
599387.6479122696
599391.0700159179
599392.7810677419
599394.4921195661
599396.2031713902
599397.9142232144
599679.3245982917
599698.4874563222
599712.5402188778
599715.0952666153
599715.0952666153
599734.5348446172
599734.5348446172
599745.4145514991
599750.0772830198
599751.6315268601
599753.1857707003
599754.7400145406
599756.2942583809
599757.848502221
599759.4027460613
599760.9569899016
599760.9569899016
599762.5112337419
599765.6197214224
599767.1739652626
599768.7282091029
599770.2824529432
599771.8366967834
599771.8366967834
599778.0536721444
599779.6079159847
599781.162159825
600242.4220684177
600558.8513558957
600604.6623471875
601077.6090625791
601696.1842750034
601699.7954706321
604839.6816439216
605080.2020312015
605375.1624608862
605650.0837526303
606405.9812509408
606462.0493291783
606477.2550916155
606478.7032594666
606480.1514273178
606482.3236790946
606484.4959308712
606486.668182648
606488.1163504992
606490.2886022759
606491.7367701271
606493.1849379782
606494.6331058294
606495.6846417213
606497.2619455592
606498.3134814511
606499.890785289
606500.942321181
606501.9938570728
606503.0453929647
606504.6226968026
606505.6742326946
606888.4609693526
606896.9147644837
609096.6540583994
609103.2492177216
609178.2633900119
609206.3781391223
609276.346783931
611870.7579372831
611872.9163530613
611873.3960010121
612662.536791906
613097.1255072398
613109.4210979762
613113.1060855974
613154.0468053896
613162.4175845293
613162.4175845293
616349.0187010175
616349.636708954
616352.1087407
616353.3447565729
616354.5807724458
616357.6708121282
616372.9134705617
616382.5802215682
616389.8302848231
616394.0594883884
616401.8537675872
616405.358887227
616410.6165666867
616416.7505260562
616422.0082055158
616427.2658849754
616429.0184447953
616430.7710046152
616432.5235644351
616433.399844345
616437.7812438947
616443.0389233544
616443.9152032643
616446.544042994
616448.296602814
616450.9254425438
616452.6780023637
616455.2653340978
616456.9902219204
616460.4399975659
616463.8897732113
616482.0010953499
616494.9377540203
616497.5250857543
616502.6997492225
616505.1579449698
616508.0911766684
616510.2911004423
616511.7577162916
616524.2239510103
620482.417200196
620489.2291234959
626370.2295430597
626786.4532762811
626805.6853143047
627556.3620291516
627572.2457555191
627603.7549362808
627615.1189031128
627621.3174304757
627823.4336977026
627833.626216655
627839.7417280265
627847.8957431884
627860.1267659314
629129.2198994969
634247.1557734867
639575.0713738955
639576.5333777452
639579.4573854447
639580.9193892945
639582.3813931441
639586.7674046934
639589.6914123929
639591.1534162426
639592.6154200924
639595.5394277918
639597.0014316415
639601.3874431908
639602.8494470405
639605.77345474
639608.6974624394
639611.6214701389
639613.0834739887
639616.0074816882
639617.4694855378
639620.3934932373
639623.3175009368
639843.9832302572
640022.6705398922
640670.186049342
640675.1255008343
640681.7114361575
641105.8355245669
641127.1890823722
641142.136572836
641178.437621105
643147.092678771
643169.5761764601
650616.6686630647
650625.3622821711
650627.1010059925
650628.8397298137
650630.5784536351
650630.5784536351
650632.3171774563
650635.7946250989
650635.7946250989
650637.5333489203
657108.0995038898
661287.2352023675
661353.343603573
666179.3306835688
671960.1031294338
672000.158345317
672007.8696085245
672093.7773236951
672094.8888155809
677748.2086545452
677754.7623058716
677793.1479779264
677805.1852966893
678725.1869621335
678751.161743464
685856.8140691608
685870.5947237444
685871.7431116264
685874.0398873903
685875.1882752724
685876.3366631543
685876.3366631543
685878.6334389183
685879.7818268002
685880.9302146822
685882.0786025642
685883.2269904461
685883.2269904461
685885.5237662101
685886.672154092
685892.4140935019
685893.5624813839
685895.8592571478
685897.0076450298
685899.3044207938
685899.3044207938
685900.4528086757
685906.2500920799
685907.41692796
686017.3301006632
686429.7535462753
686434.7160577653
686453.3254758526
686469.0708422344
686623.2361503895
686623.2361503895
686825.0849216441
686903.1199536237
687034.5896121117
687036.0147199652
691245.1929833551
691262.8292695426
691272.6113205372
692309.5179499661
693981.0357141712
694030.9144890449
694031.6754689667
694036.2413484975
705452.1116231997
713541.2636238146
713553.8451585216
713554.988934404
713556.1327102864
713557.2764861688
713558.4202620513
713559.5640379337
713560.7078138161
713561.8515896986
713565.282917346
713567.5704691109
713575.5769002879
717036.9747845331
723521.4046100779
730676.1055507336
730683.807589942
730693.0500369921
730737.2376044506
730737.2376044506
733672.586210762
734414.2326305372
734427.2845891957
749356.1379628413
749366.3996617866
749366.3996617866
749368.4520015757
749370.5043413648
749372.5566811538
772585.8248913457
772691.527308482
772721.6621133848
772749.9198344805
774313.6136617674
775513.683610427
789560.2061307565
791342.3427035926
792653.3358528515
792739.0498640421
792741.3097438099
792743.5696235775
792744.6995634615
792746.9594432291
792749.2193229969
792750.3492628807
792752.6091426485
792753.7390825324
792754.8690224163
792755.9989623001
792757.128902184
792757.128902184
792758.2588420678
792759.3887819517
792760.5187218356
792819.9258877299
792819.9258877299
793948.1316597754
793951.9365593843
795528.4425213545
795538.8840882814
796480.2854315263
797816.8475061574
824434.753722428
824461.9737436306
824480.698461706
824484.7109012937
824515.472938132
824515.472938132
824515.472938132
824519.4300337252
824519.4300337252
824520.7121695934
824523.2764413299
824523.2764413299
824524.5585771982
824524.5585771982
824527.1228489346
824528.4049848028
824528.4049848028
824529.687120671
824532.2513924075
824532.2513924075
824533.5335282757
824534.8156641439
824537.3799358804
824537.3799358804
824769.9077279817
824769.9077279817
824790.4034538752
824797.8564451092
824799.7196929178
824799.7196929178
824801.5829407262
824801.5829407262
824805.3094363433
824807.1726841517
824807.1726841517
824809.0359319602
824810.8991797687
824812.7624275772
824812.7624275772
824816.4889231942
824818.3521710028
824818.3521710028
824822.0786666197
824823.9419144283
824823.9419144283
824827.6684100452
824829.5316578537
824835.1214012792
824836.9846490878
824836.9846490878
824840.7111447047
824840.7111447047
824842.5743925133
824844.4376403217
824846.3008881302
824848.1641359387
824848.1641359387
824851.8906315557
824853.7538793642
824855.6171271728
824855.6171271728
824859.3436227897
824859.3436227897
824862.2491824911
824862.2491824911
824863.7019623418
824865.1547421925
824866.6075220432
824872.4186414459
824873.8714212966
824873.8714212966
824875.3242011473
824875.3242011473
824878.2297608487
824879.6825406994
824879.6825406994
824881.1353205501
824884.0408802514
824884.0408802514
824885.4936601021
828335.5829215095
828349.0868561215
828350.7748479481
828350.7748479481
828352.4628397746
828354.1508316011
828355.8388234277
828355.8388234277
828359.2148070807
828359.2148070807
828360.9027989071
828362.5907907337
828362.5907907337
828364.2787825601
828365.9667743867
828367.6547662133
828367.6547662133
828369.3427580397
828371.0307498663
828372.7187416927
828374.4067335193
832414.4445262932
832464.2541211739
832499.5912615419
832565.1369988053
832566.861886628
849916.3370474876
849940.5223730019
849967.2535222545
849967.2535222545
850711.0030138136
850720.8911407973
855328.5738352299
856324.0831569136
858387.9114367979
858396.9740158665
859089.853152654
869992.1634441387
869993.4778640036
877564.4993898709
877565.4171777766
877565.4171777766
877566.3349656822
877569.0883293994
877569.0883293994
877570.006117305
877571.8416931164
877571.8416931164
877572.759481022
877572.759481022
877575.512844739
877576.4306326447
877577.3484205503
877577.3484205503
877579.1839963617
877580.1017842673
877580.1017842673
877581.019572173
877581.9373600787
877639.960926115
878280.410852291
879924.4595473194
888062.3050389297
924564.8469552796
924575.8004541539
924594.8941321914
924716.8861316534
929072.0849120357
929085.9209106136
929296.1819690035
929494.594800611
929494.594800611
929570.3238328279
929602.1327935585
929619.9904557231
929670.9714984834
929731.241108289
929731.241108289
931306.0037344386
931679.0637640962
931761.1389076607
931776.3308340994
931791.522760538
931921.267531203
931922.688027057
940972.0998369786
941000.4221260677
943715.3678870316
943761.4878822915
943770.1768893985
943783.210400059
943873.7808467504
943873.7808467504
943876.6495104554
943878.083842308
943878.083842308
943880.9525060132
943882.3868378658
943882.3868378658
959903.6568672353
959907.6139628285
959908.2734787608
959918.2861297317
959922.962697251
959930.75697645
959931.5364043699
959933.0952602096
959933.8746881295
959934.6541160494
959936.2129718892
959937.771827729
959939.3306835687
959944.0072510882
959944.786679008
959956.4780978065
959957.2575257263
959958.0369536462
959958.8163815661
959959.595809486
959960.3752374059
959961.1546653258
959961.1546653258
959961.9340932457
959991.0035262579
959991.0035262579
959996.8146456607
962292.6311137018
964739.1169942574
964757.7264123448
964766.4108074523
971096.7445048346
971104.3266320553
971122.0182622371
971169.3834973689
971169.3834973689
971179.7328243052
971180.9826761767
971185.9820836629
971190.981491149
971198.4806023784
971207.2295654791
971209.7292692222
971212.2289729653
971214.7286767084
971218.4782323231
971219.7280841946
971220.9779360661
971223.4776398093
971224.7274916808
971225.9773435523
971227.2271954238
971228.4770472953
971230.9767510385
971232.22660291
971340.8530277457
972548.629627613
973193.4240573426
973782.8099247668
974310.9484384859
974977.2624580036
979794.8003548678
979934.7099724882
979959.9837298905
979973.4784405036
979978.5424159832
979988.6703669422
980139.8793834012
980139.8793834012
980174.958251796
982229.25352866
982337.1743175682
983131.8725678909
983528.5690951193
985969.6958322256
991351.3873471074
991972.7482072454
991997.8190366686
992001.8038042592
992008.4450835765
992012.429851167
992015.0863628939
992017.742874621
992129.7960151043
992131.1150469688
992135.072142562
992141.6673018843
992144.3053656131
992146.943429342
992150.9005249352
992153.5385886641
992154.8576205285
992157.4956842575
993075.4403979131
993115.3480298114
993202.6577928379
993409.1277876174
993418.7899266244
993900.4856051167
993947.1036963254
994122.5072622979
994122.5072622979
994199.3062784047
994304.3630156071
995475.5387872363
995508.8604838116
996390.0660092431
996407.3932914623
996998.9514106633
997015.3240089805
997041.5201662882
997046.4319457834
997091.0299811997
997091.0299811997
998340.4437127877
998341.9011046379
1002092.6189431476
1003213.1134519855
1003232.4838499947
1003242.1690489993
1005683.3926380958
1006075.020577845
1006091.8313161173
1006103.0384749655
1006204.5947045278
1006206.6101483206
1006218.7028110777
1006220.7182548706
1006222.7336986634
1006232.8109176278
1009825.4294123864
1011732.7125923601
1016058.4729797681
1020527.2883684731
1024045.851986843
1024842.1828849978
1024877.6214893556
1024877.6214893556
1037489.8628890974
1037497.9569482655
1037504.0447876399
1037510.1326270142
1037513.1765467013
1037545.2345554065
1037545.2345554065
1038475.8069237643
1039033.6282664327
1039070.685682624
1039114.5135141194
1039114.5135141194
1040485.4257612202
1043786.4321379501
1043798.1512287455
1043799.673188589
1052271.9670498257
1052437.076632856
1052437.9298527683
1052482.417200196
1054901.6231035553
1057921.744873154
1065035.2652700422
1065045.4577889948
1065052.5925522614
1065056.6695598424
1065147.0693625512
1065147.0693625512
1069582.4892626887
1071129.7874316606
1071150.449189537
1072708.0551774497
1072795.687780443
1072795.687780443
1072800.1983159794
1073125.0537265916
1073285.6666100842
1073286.8196099657
1080812.3622085073
1080937.2782156686
1080945.3030948439
1081052.8364757919
1081057.651403297
1081060.861354967
1081065.5840424816
1081067.1428983214
1081073.3783216805
1081079.6137450398
1081084.290312559
1081092.084591758
1081093.6434475977
1081098.320015117
1081407.3424313564
1081432.8421767356
1081435.5263604599
1081440.894727908
1081440.894727908
1081442.2368197702
1081444.9210034942
1081444.9210034942
1081446.2630953563
1081447.6051872184
1081448.9472790805
1081450.2893709424
1081454.3156465287
1081454.3156465287
1081456.9998302527
1081458.3419221148
1081459.684013977
1081462.368197701
1081463.710289563
1081471.6198687502
1081481.1113637746
1081552.2975764582
1081553.8794922957
1081739.5816532096
1081765.353506561
1081934.5954411665
1081958.9006786684
1081964.6195580808
1082014.0786409974
1082019.668384423
1082086.5931095444
1082094.2720887552
1082098.8794762818
1082137.2743723355
1082137.2743723355
1082308.425674745
1082341.858059309
1082434.5361897836
1082434.5361897836
1082449.2023482763
1082451.6467080251
1082452.8688878994
1082454.091067774
1086009.2647383811
1086061.7446809872
1086143.83827255
1086214.346521303
1086222.7403604407
1086287.9770937357
1086289.5682335722
1086295.932792918
1086300.7062124275
1086303.8884921004
1086310.2530514463
1086475.6624144458
1087780.203376368
1087810.5042132537
1089236.4975706935
1089265.9405756674
1090499.1708009185
1095508.70162605
1097953.453394784
1103246.3685307899
1103251.2111302922
1103260.8963292968
1103278.6525274718
1103374.2592776455
1103374.2592776455
1106706.9131951227
1106767.8469328603
1106767.8469328603
1107958.3562065023
1111648.5507752323
1111984.124472743
1112006.5941344334
1112034.9717675168
1113098.7525181838
1115684.4516044313
1120789.9904236954
1120797.0744549674
1121637.436112597
1121645.3134077874
1121646.4387356716
1121661.067998168
1121668.9452933585
1121697.779514395
1121697.779514395
1122412.5794849293
1129517.493890702
1136505.950696444
1142785.4002030562
1151403.714581285
1151427.1112548802
1151443.4192852043
1151451.573300366
1151462.7850712137
1151524.0232009199
1151524.0232009199
1151527.6620685458
1168520.3806180719
1168638.4939259326
1168668.7163588265
1168682.330981427
1168697.0801559114
1168834.5361897836
1168834.5361897836
1168845.535808653
1168846.7579885277
1168850.4245281508
1168852.8688878994
1168855.3132476483
1168856.5354275226
1168861.4241470203
1168862.6463268946
1168865.0906866433
1168866.3128665178
1168871.2015860153
1168872.4237658896
1168876.0903055128
1168877.3124853873
1168878.5346652616
1168882.2012048848
1168883.4233847593
1177424.4037549363
1179332.3833468384
1180314.125849937
1180357.7369174547
1185733.6957169257
1209183.4534268116
