27801.49848333193
27827.838537886135
27829.224856546884
29150.980676808344
29186.79390887766
29206.433423238253
29206.433423238253
89535.06062851947
111982.7504794505
204538.99556078514
204565.62168109472
204566.83195929063
204571.6730720742
206459.35497673426
206511.07236455046
206511.07236455046
234070.92780354372
234079.70782172846
251455.42982449438
251455.42982449438
251455.42982449438
251455.42982449438
251455.42982449438
251455.42982449438
251482.54005608233
277217.83509959583
278651.04103790526
278651.04103790526
278651.04103790526
278651.04103790526
278651.04103790526
278651.04103790526
278684.8188020997
278720.2854545038
278720.2854545038
281048.48111614544
281053.80634020735
308945.3880301652
308968.1797690997
308968.1797690997
311230.51979309134
311230.51979309134
311230.51979309134
311230.51979309134
311273.29212478705
315457.801480757
315457.801480757
315457.801480757
315457.801480757
315457.801480757
315457.801480757
315457.801480757
315479.9165641547
335814.9557988677
336043.47832730995
336097.61077025346
336097.61077025346
336100.9940479374
355919.1784778307
355991.8281771713
355991.8281771713
356002.65466576
356004.68463237036
356399.86796965136
361903.1019491286
375214.83079791255
397349.9553022257
397355.55008824944
397381.6590896935
435153.4458545679
456945.6380320754
524618.6459248619
532484.9975931968
532484.9975931968
532589.087019308
539936.3173618381
540157.2261401752
606161.2328945056
606161.2328945056
606161.2328945056
608011.8692838424
725740.1294325293
725740.1294325293
725740.1294325293
725831.9235324231
725842.1228768558
904656.6828903032
904722.890608883
904724.1558997241
948127.7576998601
948147.5842572147
966333.9285905302
1011082.6445801083
1011176.9252515682
1011176.9252515682
1020685.0688040098
1020715.3917740815
1020715.3917740815
1027639.7564162317
1027671.0421075956
1027672.3128997013
1034167.6449239374
1034167.6449239374
1034247.8533607378
1034256.7654092711
1034260.0001528128
1104369.501600715
1104394.2352860274
1104394.2352860274
1161204.143674692
1161256.5377180448
1161256.5377180448
1168338.8656698172
