9665.127636977668
9686.90164197465
9686.90164197465
17095.94969399216
17120.63936918833
17120.63936918833
23342.327493333538
23369.536747682978
23369.536747682978
33242.733211592385
33281.74817961628
33282.83192872806
52561.21577946041
52602.376240649755
52602.376240649755
72520.15556353577
78729.36681973426
78739.7091970446
78748.75877719115
78748.75877719115
78761.68674882907
78762.97954599287
78806.93464956181
78806.93464956181
78806.93464956181
78824.18111385325
78831.07969956983
94223.70036445877
94228.56348230044
94232.26033206245
99420.00229219355
99430.87279089846
107855.91087951466
107864.31681171157
121268.4999121326
121280.73472444015
129878.30897240962
129891.34696933809
155937.4139472337
155937.4139472337
155937.4139472337
155937.4139472337
155937.4139472337
155937.4139472337
155937.4139472337
155940.95676158895
185697.10954392987
185729.01687818518
185790.10842075504
185790.10842075504
187254.35249352455
187263.0940028576
187329.27971637924
187350.38256710395
187410.67642631743
187410.67642631743
193216.66149649676
193230.17810343904
193278.4516996615
193486.18494945712
193486.18494945712
193486.18494945712
193486.18494945712
193486.18494945712
193486.18494945712
193486.18494945712
193486.18494945712
193486.18494945712
193486.18494945712
193486.18494945712
193486.18494945712
193486.18494945712
193486.18494945712
193486.18494945712
202546.69610861942
202566.66019758707
206630.7963844467
206678.4593403067
220266.2306405153
220278.74051604918
220370.00649454838
220371.2222740088
224737.76847316988
224737.76847316988
224757.8645924862
224767.13972447833
224767.13972447833
224774.86900113846
224774.86900113846
224830.51979309134
224830.51979309134
224830.51979309134
246414.64314366705
246445.37320731362
246446.52847286424
246448.8390039655
260283.36402325812
260443.72588421367
270479.57273512176
270485.9542019728
270506.98003499414
270506.98003499414
278597.3431948594
278606.0847041925
278641.05074152467
278641.05074152467
285422.44852115307
285503.1190641738
285504.6704207703
286460.7021752917
286758.94773034635
286782.7902108054
286782.7902108054
286782.7902108054
286782.7902108054
286782.7902108054
286782.7902108054
286782.7902108054
288054.33598973096
288067.4675081564
288094.09362846595
288094.09362846595
307040.31662833603
307050.20790195523
308879.3398482568
308913.7997692525
308913.7997692525
325823.02004141227
325854.92737566755
325868.96660273994
325881.729536442
325932.84178516036
325932.84178516036
339805.287020836
339810.95332329866
349674.74262486724
359922.7292384569
359935.4481620428
359979.3702580246
359979.3702580246
366725.95603572764
366735.066129784
372921.6946951001
372998.4318339841
372998.4318339841
373015.0236477968
376434.8737383385
376448.2968237838
387105.3629688491
387112.1020178944
408351.3841028736
423164.21549675654
435933.1840860642
437628.717823333
437630.3021875167
437630.566248214
437634.263097976
437634.52715867327
437636.37558355427
437636.37558355427
437650.23877016176
437650.23877016176
439745.57690691407
439750.37951084593
447801.6561862484
447811.4594396351
447838.69069904264
447838.69069904264
447845.2757126812
448209.62996355415
448220.12637627125
448220.12637627125
454391.95103874576
454400.56601899466
456967.79712558934
460294.4007824021
460320.1467003874
475299.3528373536
475306.7795444648
475381.04661557626
475381.04661557626
482208.0168705445
482216.4888179158
507045.9676495083
524635.5458094882
524637.0311509104
524637.278707814
524637.7738216216
524637.7738216216
524637.7738216216
524637.7738216216
524637.7738216216
524639.094125108
524639.094125108
524646.7518853293
526505.8822270952
526510.5803070011
531768.1938278868
531777.259911827
538890.0373627549
538902.5747446114
540631.952261249
540751.747797584
540751.747797584
540751.747797584
540751.747797584
540751.747797584
540751.747797584
540751.747797584
540751.747797584
540803.4376790776
540837.8976000734
540837.8976000734
540837.8976000734
540837.8976000734
540840.1751235875
540840.1751235875
542932.4930661145
542973.686534891
542973.686534891
549284.5391544861
549284.5391544861
549284.5391544861
549284.5391544861
549284.5391544861
549284.5391544861
549284.5391544861
549284.5391544861
549284.5391544861
549284.5391544861
549284.5391544861
549284.5391544861
549284.5391544861
549290.5685404075
553770.6003254915
553784.68356268
558520.8542241307
558526.3994987737
564489.3741547536
564508.2544946095
564568.2842931256
564568.2842931256
573572.8916021669
573585.2199359714
575169.7491576188
575262.7205281213
575281.314802222
575281.314802222
575281.314802222
575281.314802222
575281.314802222
575281.314802222
575281.314802222
575281.314802222
575281.314802222
575281.314802222
575281.314802222
575281.314802222
575281.314802222
575281.314802222
575281.314802222
575281.314802222
575281.314802222
575281.314802222
575281.314802222
575281.314802222
575281.314802222
575281.314802222
575281.314802222
575281.314802222
575281.314802222
575281.314802222
575281.314802222
575281.314802222
575281.314802222
575281.314802222
575281.314802222
575336.7400423292
575388.589460494
575388.589460494
575388.589460494
575388.589460494
575388.589460494
575388.589460494
583745.45037783
594076.2090174893
605665.4589353525
605665.4589353525
605665.4589353525
605665.4589353525
605665.4589353525
605665.4589353525
605665.4589353525
605665.4589353525
605674.9321128676
605699.968367729
605699.968367729
605704.0283009497
605706.0582675601
606091.5868855966
606117.332803582
606117.332803582
606117.332803582
606117.332803582
606117.332803582
606117.332803582
606117.332803582
606117.332803582
606117.332803582
606117.332803582
606161.2328945056
606161.2328945056
606161.2328945056
606161.2328945056
613199.3306794827
613237.5314603565
613249.315168973
613249.315168973
613254.6073854477
617262.014532507
617269.2431940953
625402.8407918765
625484.5180663056
625484.5180663056
628748.2257657837
628758.5736443585
636652.7892175216
639815.2186370618
639861.4292590866
639862.9696131542
639878.3731538291
659067.8510685442
659082.1598575783
681241.1158398214
681274.7285660802
681286.9413733296
681287.9591072671
681301.189648454
681302.2073823914
681319.5088593281
681319.5088593281
681319.5088593281
681322.8756332184
681432.7248832892
681432.7248832892
689483.9025359302
689679.5385050313
689712.5625959855
689745.493165443
689757.7059726923
689757.7059726923
689766.8655781294
689773.9897156917
701800.0345357163
701817.0884557492
701817.7706125506
704707.3813216788
704725.3539528877
707654.2546932664
707745.0530642808
707745.0530642808
707745.0530642808
707745.0530642808
707745.0530642808
707745.0530642808
707745.0530642808
707778.390727313
707810.7106564079
707811.3983144737
709139.2770421535
709676.3159865219
709746.193048541
709747.7334026084
713283.1870659158
713298.0954927834
714721.789744726
714778.6728199329
714796.2658638896
714796.2658638896
725516.6020522773
725523.8307138655
725554.956868558
725556.1121341086
731999.4957174184
732018.2275231321
733344.3183398406
733351.381963493
733426.6722698064
733426.6722698064
746044.829193377
746052.1568777268
746083.2995362128
746085.1314573003
769298.5258139197
775584.3806875052
775587.5274108145
775587.5274108145
775590.102002613
775590.102002613
775610.6987370013
775610.6987370013
775663.4778688712
775664.7651647705
775664.7651647705
775664.7651647705
775664.7651647705
775664.7651647705
775664.7651647705
775664.7651647705
775664.7651647705
775664.7651647705
775664.7651647705
775664.7651647705
775664.7651647705
775670.596505169
775692.7555986828
775703.2520113998
775717.247228356
775732.4087133917
783038.5611137005
785107.960788209
785110.5353800075
789930.9744114793
789937.1358277493
795828.9901359271
795837.4620832982
797276.5158657997
797330.384248046
797332.0676349911
806750.9806768084
806760.2228012134
807431.1350178409
808296.5829506643
808397.0965548331
808397.0965548331
817897.9289267185
817911.6600829774
822438.2820773387
822459.9020469289
822543.5707791166
822543.5707791166
836017.9665186929
836021.7183811001
836083.635113349
836083.635113349
844905.7709793015
844905.7709793015
844954.0115679369
844963.1381657867
844963.1381657867
844983.9989608723
844983.9989608723
845046.7133764775
845046.7133764775
845332.0969750686
846809.7311256963
846828.2318782998
851315.9544311923
851335.2913760039
851450.1852856455
871410.8634693114
871418.3176827452
871632.0418096103
876445.5107389267
876451.2870666799
884223.880683685
884256.3436456574
884257.8895009895
884324.7298649898
884343.8522604848
884376.8818527036
890399.0061048756
890880.0861864776
896663.4280518647
896718.6057350682
908580.212257123
908631.0439413503
909739.3286929149
909750.9913737116
909851.0373703956
909851.0373703956
911706.2233054959
919487.9435203508
919515.922951734
919685.4499193912
919687.1883189817
946379.1807700242
946456.2534860444
946456.2534860444
946456.2534860444
946456.2534860444
958654.790455306
958667.9824876412
965771.2482522024
965788.5497291392
970654.7977903254
975423.5799478908
975429.6533439284
984386.5921958451
984400.0152812904
989831.8538497391
989901.7144079646
1002367.1397244784
1002410.423673775
1002410.423673775
1002430.5197930913
1002457.8940853766
1002468.1594449836
1002468.1594449836
1002475.0030180549
1002483.5574843939
1002485.2683776618
1002533.173389161
1002533.173389161
1002533.173389161
1002533.173389161
1006234.3141374858
1006234.3141374858
1006256.7592967551
1006271.7227362678
1006271.7227362678
1006324.0947745627
1006324.0947745627
1006324.0947745627
1008289.476539399
1008295.8855125727
1008364.0461800594
1008364.0461800594
1017783.9989608723
1017797.5870842534
1017836.2609738767
1025750.6001726786
1025770.591767969
1025770.591767969
1025773.1993673546
1031981.3873883511
1031994.8214763255
1032780.5175773043
1032822.277676327
1032886.0593372504
1032886.0593372504
1050902.6731561213
1050910.5289618655
1050945.8800877146
1050947.8440391507
1055089.2839951406
1055659.0169545917
1055670.1075038775
1056102.58941465
1056162.7457422505
1056162.7457422505
1056176.1138150506
1056176.1138150506
1056176.1138150506
1056176.1138150506
1056176.1138150506
1056176.1138150506
1056176.1138150506
1056176.1138150506
1056474.8324788543
1056535.4344088815
1056535.4344088815
1066189.900595206
1066242.3276461465
1066243.3728864065
1069817.423421634
1069898.6000809907
1069898.6000809907
1069909.8666707417
1069909.8666707417
1072945.6184720239
1073199.006716127
1073223.8174191427
1073246.3726037026
1073271.1833067182
1073298.2495281901
1073327.5712681178
1073359.7536655995
1073423.1282329478
1073423.1282329478
1088856.1831921088
1088864.7376584478
1088926.3298160897
1088926.3298160897
1094629.4027307665
1094733.211592387
1094733.211592387
1117831.0518876214
1117845.8392866694
1117845.8392866694
1117845.8392866694
1117845.8392866694
1117845.8392866694
1117845.8392866694
1117845.8392866694
1117845.8392866694
1117845.8392866694
1117845.8392866694
1117845.8392866694
1117845.8392866694
1117845.8392866694
1117845.8392866694
1117845.8392866694
1117845.8392866694
1117886.3285935866
1117886.3285935866
1117906.573247045
1117906.573247045
1117906.573247045
1117906.573247045
1117906.573247045
1117906.573247045
1117944.9060582677
1117953.7520916266
1117955.22643052
1117983.23886949
1117984.7132083834
1117995.0335806354
1117995.0335806354
1117995.0335806354
1118073.2615622063
1132255.4940059138
1132263.1132572833
1132263.3883205098
1138988.5851817327
1139095.1336730875
1139095.1336730875
1139095.1336730875
1139095.1336730875
1139095.1336730875
1139095.1336730875
1139095.1336730875
1139095.1336730875
1139095.1336730875
1139095.1336730875
1144894.5667372155
1144951.1747491958
1144951.1747491958
1146017.2813056335
1146018.8051559073
1146018.8051559073
1146018.8051559073
1146114.5271586734
1146114.5271586734
1151219.0019789273
1151350.4546947945
1151371.711580926
1151401.5724447772
1156272.4140618434
1156304.2333758662
1156314.0916418983
1156463.324444716
1156618.8396916236
1156618.8396916236
1156623.8128347558
1156623.8128347558
1168338.8656698172
1168338.8656698172
1168338.8656698172
1174582.690882418
1204331.637008229
1204365.546802772
1204365.546802772
1204372.918497238
