101305.94579726312
101328.20941480299
101328.20941480299
102119.86338526425
102158.18519395778
102455.22047081655
102486.0275521665
102486.0275521665
134834.28815929216
153248.1097807899
187043.42300903887
195618.80515590735
195618.80515590735
195618.80515590735
195618.80515590735
195618.80515590735
195618.80515590735
195618.80515590735
195618.80515590735
195666.6661572903
204466.66493478708
249714.1035613047
250125.68616814006
250708.96324085607
250710.38256710395
251271.57756400952
251271.57756400952
251271.57756400952
251307.11573285252
251316.46788254802
251327.69046218263
251327.69046218263
251327.69046218263
251327.69046218263
251327.69046218263
251327.69046218263
251344.06222541432
251353.27134223212
274949.2731454244
291048.4157122227
291083.7118254265
291085.0651365001
335878.0002903445
336017.22629298817
336018.11199657695
340349.3290749471
343778.31126460317
343793.09866365115
371676.2084062378
435070.9818993116
435247.33593624644
435261.91978850693
435261.91978850693
435842.9743503541
435888.0792182092
435888.3927902872
435895.2913760038
444860.4161095363
444893.9188105044
444956.13811230223
445011.8494181649
445011.8494181649
445037.66685258906
445037.66685258906
445101.2394654605
445101.2394654605
448055.22047081654
448108.0326102736
448108.0326102736
448108.0326102736
448108.0326102736
448156.8838392714
448156.8838392714
448178.0086950542
448178.0086950542
448199.13355083705
448199.13355083705
448245.78427402413
448245.78427402413
448269.10963561764
448269.10963561764
448303.1019491286
448303.1019491286
448324.2323061759
448324.2323061759
448347.6456880019
448347.6456880019
448368.13239709963
448422.49589315325
448422.49589315325
448428.5362816036
448490.26046959404
448490.26046959404
448504.8718281771
448504.8718281771
448545.0530642808
448545.0530642808
448554.49873547326
448554.49873547326
448578.390727313
448578.390727313
448605.8970499469
448605.8970499469
448619.65021126386
448619.65021126386
448647.6076375889
448648.45483232604
448670.48189549125
448686.4355626189
448686.9856890716
450864.1661381887
454990.1145332712
454990.1145332712
455049.3301446374
455067.3522872271
455067.3522872271
455067.3522872271
455067.3522872271
455067.3522872271
455067.3522872271
455067.3522872271
495565.8463160629
509616.3509806768
514086.23843397334
606117.332803582
606117.332803582
606117.332803582
606117.332803582
606117.332803582
606117.332803582
606117.332803582
606117.332803582
606117.332803582
606117.332803582
606117.332803582
606117.332803582
606117.332803582
606117.332803582
606161.2328945056
633756.8960643037
688852.7864668892
725638.1689957901
725699.3100497406
725740.1294325293
725740.1294325293
725740.1294325293
725740.1294325293
725740.1294325293
725740.1294325293
725740.1294325293
725740.1294325293
725740.1294325293
725740.1294325293
725740.1294325293
725740.1294325293
725740.1294325293
725801.3254991252
725828.5237509456
732994.0088173045
733026.3342476638
733026.3342476638
761863.7978590912
761899.2480077017
761927.0624011491
767977.6777023051
769218.5814378166
802887.002498491
816829.6493707928
825555.0069911903
825578.7284438298
825580.3513168652
828827.5772278211
828886.1491912376
828886.1491912376
828896.6621077483
836905.2159628358
837219.4371900763
904588.6652556942
904627.3116389947
904627.3116389947
904635.0409156549
906413.7592738331
906413.7592738331
906480.5336226592
927957.1512618526
927984.2174833243
928038.3499262678
928082.2500171914
928083.5043055036
966681.9715920812
966711.3703497123
966727.1589789042
966727.1589789042
971710.0228455291
971731.263227867
971731.263227867
976943.7003644588
976992.5405909276
976992.5405909276
979528.1834366095
979561.378066764
979561.378066764
982039.0540881272
982073.2389458966
982073.2389458966
1010955.3343164297
1011005.3958236233
1011005.3958236233
1011025.4204265007
1017884.2320005501
1017909.8238831287
1017969.5016007152
1020729.5190213862
1020756.596245387
1020757.7735159957
1027588.1105448544
1027612.6461846438
1027612.6461846438
1027618.4555199841
1034256.7654092711
1034256.7654092711
1034256.7654092711
1034256.7654092711
1034256.7654092711
1034256.7654092711
1034256.7654092711
1034256.7654092711
1034256.7654092711
1034256.7654092711
1034256.7654092711
1034256.7654092711
1034256.7654092711
1034256.7654092711
1034272.9391269798
1094156.255472612
1094182.298458882
1094182.298458882
1104299.5255159347
1104324.0831607822
1104324.0831607822
1161357.1448437106
1161396.2698370249
1161399.0644794046
1168338.8656698172
