146563.76530994277
146570.58687795597
146600.72280503367
146600.72280503367
153470.83947768548
153752.70776824394
153752.70776824394
202204.02784251102
202264.27769160827
202264.27769160827
212312.67292690196
212314.0427417691
212425.12427509378
212425.12427509378
234136.4423627931
248744.9787972096
248815.92310454696
248815.92310454696
257777.04291750398
257788.32050978387
273684.32338266645
273721.7869940938
273895.8139961338
273897.17280847195
277284.7029699188
291363.34110132256
308973.10890211567
309050.6987370014
309050.6987370014
332771.4362120737
332783.2199206901
332830.3547551555
332830.3547551555
332833.82055180735
332834.975817358
332838.44161400985
340327.21399154945
344115.9788812568
344139.3867618182
359381.45982166735
359387.1536304526
359408.2454786482
359408.2454786482
375212.8393401539
482245.29343897797
482326.31606292835
482327.7793992925
513319.60421457986
513326.7338534066
513548.01671773166
525999.0617287724
532947.3678741433
566179.296602205
589394.3908495634
589421.3470457445
589489.7772751931
589490.8940318921
606117.332803582
606117.332803582
606161.2328945056
606161.2328945056
606161.2328945056
689567.6922959374
758505.7709793015
758529.2393737728
786305.1074656744
786316.2915364574
786316.2915364574
800580.0362166581
804879.5825151476
804885.3918504879
865200.7500057305
865212.8967978057
865266.6991648774
865267.6563849051
865296.3069705606
865299.3106609922
888507.3082771109
888514.6359614606
890628.4418432292
893150.9806768084
893200.6570954851
893220.2966098457
893220.2966098457
893220.2966098457
893220.2966098457
893220.2966098457
893220.2966098457
893220.2966098457
893220.2966098457
893220.2966098457
893220.2966098457
893220.2966098457
893220.2966098457
893220.2966098457
893220.2966098457
893220.2966098457
893220.2966098457
893220.2966098457
893220.2966098457
893220.2966098457
893228.7135445717
893228.7135445717
893510.7633768595
901401.579168545
908144.3470686665
908176.0343523407
908190.1175895293
908370.1299673745
908371.9233796102
911538.6492867457
911551.7698026422
911703.8577617494
911703.8577617494
911709.7716211156
911712.1371648621
923834.8337013577
923834.8337013577
923834.8337013577
923834.8337013577
923834.8337013577
923834.8337013577
923834.8337013577
923834.8337013577
923862.6095859534
923927.9646085316
923929.598484096
923932.8662352249
932123.555956265
932274.5436624668
932290.1782562518
932290.1782562518
932351.9794619458
937618.5710465392
939286.6204662322
939435.1436059261
939436.0018031922
939500.3005829812
940094.5526784281
942253.067337006
942253.067337006
942253.067337006
942298.2657263579
942305.2193247197
942305.2193247197
942305.2193247197
942305.2193247197
942305.2193247197
942305.2193247197
942305.2193247197
942305.2193247197
942305.2193247197
942305.2193247197
942305.2193247197
942305.2193247197
942305.2193247197
942305.2193247197
942305.2193247197
942305.2193247197
942305.2193247197
942305.2193247197
942415.2776228425
942415.2776228425
957727.0241979233
957727.0241979233
957727.0241979233
957733.757745704
957740.0952024389
957750.789660679
957750.789660679
957750.789660679
957750.789660679
957750.789660679
957750.789660679
957750.789660679
957750.789660679
957750.789660679
957750.789660679
957750.789660679
957750.789660679
957750.789660679
957750.789660679
957750.789660679
957750.789660679
957750.789660679
957750.789660679
957843.871056472
957843.871056472
957959.8597177545
977783.9139968979
979968.4386341582
1018015.9982884955
1018043.438595955
1018043.438595955
1018043.438595955
1018043.438595955
1018043.438595955
1018107.0002062974
1018115.3951359653
1018115.3951359653
1018115.3951359653
1018115.3951359653
1018983.4946782907
1019011.3365780606
1167557.5760817244
