195321.6268461709
195380.23731843915
195422.02492378454
195653.9032235882
195655.49859030094
195669.85689071583
195676.2383575669
195677.83372427966
195682.61982441795
195687.40592455625
195785.07537496465
195927.38208574333
195950.58641951726
204963.34110132259
205230.26795742632
205241.22647636366
205260.40388450402
205431.8067833648
205435.19556231328
205508.8684968559
205533.21159238688
205552.9006181282
205595.26035498438
279414.6055516928
279628.2471595902
279643.6947103814
279651.4184857769
279657.2113173237
279663.00414887036
279666.8660365681
279674.5898119637
279680.3826435104
292634.92538909987
292642.7041771407
292677.15309560735
292677.15309560735
293327.16050703323
311815.0841617066
311833.23833464494
311853.2079248772
327025.14536327444
333169.90380427724
338313.5751342843
339765.7164250949
339772.9505879477
339809.82006280613
339809.82006280613
339925.2365925779
339996.96207947796
339996.96207947796
349680.28789951024
354446.36343492847
354446.36343492847
354446.36343492847
354466.3110201026
373531.94446779083
373538.6780155716
373552.14511113317
373552.14511113317
375206.8649668778
393841.0617440537
393873.387174413
393906.6698248
393907.8415941442
393941.8229051261
393941.8229051261
394597.7826847699
394597.7826847699
394597.7826847699
394624.3207848471
421481.7142551517
429193.27684349666
431305.5203661397
431319.00396549486
435094.5713216024
435974.43806875055
440751.763690126
445148.44031510025
445168.5089280939
445200.8673660404
445200.8673660404
482335.0960811131
482359.9727993032
482359.9727993032
482586.37183963816
482599.3108138051
482599.3108138051
507789.0509554627
507789.0509554627
507789.0509554627
507789.0509554627
507789.0509554627
507789.0509554627
507789.0509554627
507838.56233620364
507863.31802657415
516037.60297679534
517994.9969055387
518015.09852611955
521881.21669633785
522413.062446993
522457.73271495046
522500.6205732012
522500.93964654376
532875.5818733334
564149.6160575799
564251.0373703956
564251.0373703956
575117.19007633
590713.5995843488
606117.332803582
606117.332803582
606117.332803582
606117.332803582
606117.332803582
606117.332803582
606161.2328945056
606161.2328945056
673685.1840249391
673694.2941189954
673712.5143071081
673712.5143071081
701877.9269401509
701883.0431161608
701962.3988569595
701962.3988569595
701983.9198037883
701983.9198037883
701983.9198037883
701985.1465857778
726030.2661236714
726030.2661236714
726030.2661236714
726030.2661236714
726030.2661236714
726030.2661236714
726030.2661236714
726030.2661236714
726030.2661236714
726030.2661236714
726030.2661236714
726030.2661236714
726085.3227790555
785154.204417821
786281.8536205197
786300.3983832395
786300.9870185439
795998.4840959971
796012.4022952499
796039.8426027093
796039.8426027093
800576.2568479283
804878.1301813126
804885.3918504879
870622.6422879148
888503.6444349361
890620.1569388519
898421.3351263381
901399.3071462954
904259.0239839852
904275.0436662872
904294.4961376538
904295.6404006754
905342.9931463413
905342.9931463413
905342.9931463413
905353.3795337678
905389.7318897608
905391.0301881891
905673.7291696911
905673.7291696911
905673.7291696911
905675.2365161715
905737.0377218652
905738.5450683456
906509.1512007273
906509.1512007273
906509.1512007273
906509.1512007273
906509.1512007273
906509.1512007273
906509.1512007273
906509.1512007273
906509.1512007273
906509.1512007273
906555.911949205
906591.670168629
906617.663643518
906618.7033825136
910818.6547880103
910832.2484126559
910939.0994735595
910939.0994735595
911868.3400698355
911876.2728932832
911906.8709265811
911906.8709265811
915305.6731790432
915305.6731790432
915305.6731790432
915305.6731790432
915305.6731790432
915305.6731790432
915305.6731790432
915305.6731790432
915305.6731790432
915305.6731790432
915305.6731790432
915324.9276048869
915400.0198656775
915421.1997341055
915509.0109184819
915510.9198572726
923741.0921538215
923741.0921538215
923741.0921538215
923741.0921538215
923741.0921538215
923741.0921538215
923741.0921538215
923741.0921538215
923786.4005684641
923834.8337013577
923854.4402081311
923854.4402081311
932331.4982541126
941972.832922012
941972.832922012
941972.832922012
941972.832922012
942059.2467851986
942074.4962904667
942074.4962904667
942074.4962904667
942074.4962904667
942074.4962904667
942074.4962904667
942074.4962904667
942074.4962904667
942074.4962904667
942074.4962904667
942074.4962904667
942074.4962904667
942074.4962904667
942074.4962904667
942074.4962904667
942074.4962904667
942074.4962904667
942292.1813277914
942292.1813277914
943892.5761963341
948844.8475309254
948847.6531758341
949065.8883396114
949066.8510609036
957852.7831050054
957852.7831050054
957852.7831050054
957852.7831050054
957852.7831050054
957852.7831050054
957852.7831050054
957852.7831050054
957852.7831050054
957852.7831050054
957852.7831050054
957863.3675379549
957877.2087195043
957877.2087195043
957877.2087195043
957877.2087195043
957877.2087195043
957877.2087195043
957877.2087195043
957877.2087195043
957877.2087195043
957877.2087195043
957934.1798149436
957934.1798149436
958039.7215748898
958045.217338152
958050.4160331298
958050.4160331298
977666.511510632
983812.6232627083
985169.2681025986
985337.6618097632
1018819.7770459738
1018871.7639957519
1018971.5679367966
1018971.5679367966
1018995.4269210492
1050108.065006609
1080665.5979950947
1091026.51456689
1091106.0078393018
1091269.7804842643
1091269.7804842643
1091595.1032633197
1091626.509982503
1109179.3672017665
1138884.4627480344
1184983.2385638643
1196509.0258941466
