78729.36681973426
78806.93464956181
78808.0844138479
78809.23417813401
224737.76847316988
224737.76847316988
224793.41926512276
224793.41926512276
224830.51979309134
224830.51979309134
277349.4198458118
277513.62709067157
277515.24996370694
435146.6132840257
437636.37558355427
437650.23877016176
437651.2510028347
437651.5040610029
524637.7738216216
524637.7738216216
524642.5269141727
524642.5269141727
606117.332803582
606117.332803582
681319.5088593281
681319.5088593281
681319.5088593281
681326.2424071089
681432.7248832892
681658.1391972738
773150.577250743
775587.5274108145
775649.3176139793
775650.6049098786
775664.7651647705
775664.7651647705
775734.7412495511
786321.0006188923
786331.0074190665
786331.5960543709
844905.7709793015
844983.9989608723
844983.9989608723
844983.9989608723
844983.9989608723
898489.9799051032
978345.4115633524
1002430.5197930913
1002531.4624958931
1002533.173389161
1002533.173389161
1002533.173389161
1006234.3141374858
1006298.656927391
1006298.656927391
1006324.0947745627
1006324.0947745627
1092530.6483087433
1092682.197143927
1092682.197143927
1117995.0335806354
1117995.0335806354
1118011.9829766424
1118011.9829766424
1118073.2615622063
1168390.7535968337
