71844.09416331115
133051.2513084605
189488.63606842962
189817.19909229135
189817.19909229135
196983.65238120707
199144.09248236922
212760.89945675014
212790.85934336294
219442.11920934604
231613.71648622007
243549.56257306368
255007.26625356247
262135.83233368225
328012.43530283694
381973.1562741158
405318.9220577786
405431.70898310654
423291.32771491224
515663.90207749145
593406.8591599874
613455.2330014746
693131.659013287
695150.9806768083
723044.042206924
740299.8421442707
741513.1460356512
741711.972738178
741713.5901099489
741800.9831982212
741800.9831982212
764044.829193377
787619.387067444
787972.8488145539
787972.8488145539
800636.4571856448
800648.0428487381
800723.2891449354
800813.8509615752
800813.8509615752
800815.2262777069
800837.8694824991
800839.9159529031
812661.4292590866
815998.9089158688
859196.0427570505
862527.1739545688
863188.7725303525
873263.5298252584
882987.7465445183
961675.5843183398
1176559.735328051
