251731.46127338993
251735.8072723661
251746.23766990885
251746.23766990885
252090.49580146547
252744.77219416408
252790.8012744596
253701.66214595162
257208.12414520283
287112.866082412
291645.3359209651
299213.6895911491
302028.752664675
302264.84493310616
306537.83112646034
307143.52035085845
313059.73425836075
334219.34152919875
338894.48116198933
342003.3722751549
347171.1391437893
348771.6990502678
356510.27834870375
356511.5051306932
356760.52537076233
356760.52537076233
356821.10529573116
370676.2600569992
390518.27596482245
427924.371671544
429000.18245860684
429074.8676258223
429074.8676258223
429084.2637856341
429105.1685908358
442658.6285041909
454779.1850487855
454860.28469043924
454904.9549583967
454944.76210851246
510263.4977345487
510404.8912354159
526839.7759762835
539594.7878574866
539596.8123228325
539603.897951543
539603.897951543
539604.910184216
596501.5295043513
614717.9657546283
