44898.81799219127
56239.84535334164
58356.68793312906
58399.20720665652
58444.229555543665
76208.19780102232
77365.55933343011
83956.580352845
83994.47306290544
110808.18099160292
131190.83367079517
133896.16852207002
163513.34285867098
166043.02783487036
172387.14109979445
176709.33610434065
186372.7363442569
201444.99086942902
201563.80167941382
201695.1608737842
216789.70652281877
216830.3883739943
230293.6605566974
230308.93206702374
230316.55681965785
230324.1705697629
230345.1083825518
230348.91525760433
230362.2393202882
239003.6311402135
239335.2913760038
255512.61241299214
287133.0667257543
303762.3881600562
306551.1991992604
328537.49799433065
340800.9278799502
342058.6929912362
347136.19511151523
353306.947027407
364078.7475454428
379747.44917060796
411960.65373360127
614864.585456796
614884.103943337
614949.0958824563
614949.0958824563
614969.373543502
614969.9841838644
614970.5948242269
614971.2054645894
614972.4267453144
614973.0373856769
635740.3109742586
693108.5647048036
788844.474667441
788872.3935849144
883065.3418806684
909176.3402837736
1204982.106525875
