456984.1248787048
499635.8688559662
539589.7266941221
539592.7633921409
551058.5594327585
602588.4036400033
609458.2782570161
614693.9362311754
615752.7261057924
615757.0335959168
616510.2337273359
619810.2442714262
619957.5791379825
619957.5791379825
621809.2717701083
630319.9260385546
698154.9351691257
698158.1699126675
698158.4394746292
698159.5177224765
716765.806584708
741296.1541576571
741317.0039502135
741317.0039502135
787326.6262731225
787346.2492836895
787519.1980378823
787540.4989341301
787552.1176048105
787552.7062401149
787555.6494166367
787555.6494166367
787556.8266872454
794039.8523827352
821668.347099229
886688.3151613323
892448.9092979011
892461.2321304411
892464.7529397382
892464.7529397382
908896.6559952323
909505.13986201
909508.0005195639
909508.0005195639
909509.4308483409
909510.8611771178
909512.2915058949
918806.2268201926
1112435.235599294
1153071.288747622
