45195.07759075177
45215.256229035986
45260.80669931768
45260.80669931768
45273.70166336845
45342.92957617341
45363.801373787996
55808.52420938425
71799.09381948212
72568.55568884235
84483.42545404534
84707.56897592433
95343.91735878178
95693.24765623208
95727.6415620535
95727.6415620535
95733.22534554818
96475.74202125627
103538.59549660374
110720.87042229847
139895.34149863615
172369.46553686992
179737.56217575012
195069.34985750195
195259.53407345715
198786.48828307065
198842.86524194104
198995.9654337212
199007.29803864638
199014.09760160148
199044.16751350483
199045.71887010138
199067.4378624531
201637.62314809862
201647.1733433171
201650.75466652404
201653.14221532864
201655.52976413327
201657.91731293788
201659.1110873402
203033.84958625905
206222.5695489727
207454.36869169233
207529.59298283147
207781.2153210217
207789.03261791426
207822.92040739922
207824.4607614667
208777.69237234394
208792.7878422054
211045.28610395864
211136.93717097474
215478.9807379335
215504.99071661613
215504.99071661613
222674.15612894352
227125.59234101727
228180.4378089686
230169.27696574698
230259.29965846316
230263.11753604474
230266.9354136263
230268.84435241713
230270.75329120792
230274.5711687895
230280.29798516186
235788.4886039777
247862.15787101066
251339.9692846064
254971.83811001002
255021.12944016996
255614.89742433853
255845.74148641113
262131.62386631928
273432.9486013799
273444.73230999627
273452.5881157405
282354.71236791235
282424.8534906287
282424.8534906287
287062.4965044048
293374.92798691924
300636.99875457486
306762.71181778586
306797.969422138
306797.969422138
315478.4422252615
315491.71127530007
315506.4546642318
315506.4546642318
315509.4033420182
315510.87768091133
315512.35201980453
315513.8263586977
315516.77503648406
315518.24937537726
315519.7237142704
321307.4390849563
333980.53713735583
333986.6105333934
333988.1288824028
338419.7715447093
342918.9422290818
343018.1465322932
343801.5486059643
356320.67726678844
356320.67726678844
356453.84637718805
356957.58066611143
357087.16845330416
357088.17518471257
367024.3886337763
367045.40346426854
367924.68157611234
368918.2979698806
370669.52650921844
372814.2935077438
374207.5437617952
376617.73577120854
376619.2101101017
385962.98137974774
389176.09394937305
389178.2669488612
400752.3443791594
401506.13864714734
422170.0104676839
422222.2724806883
426424.5564223443
426436.17509302485
426456.5077667158
426456.5077667158
426460.864768221
426462.31710205605
426463.7694358911
426466.67410356126
426468.12643739633
426471.0311050665
433149.9018177095
433158.3682638162
433235.1109039647
433283.92912537535
433284.88634540304
437203.5635969101
442369.81211653515
442433.4397420518
442437.76373596984
443246.0700341537
454661.75505619694
473125.4731469526
473147.25815447856
478546.68877360004
499473.99964853027
499509.03170103685
499549.76306359307
499549.76306359307
499576.3671788446
499703.4023792969
499711.7973089648
499714.1958602984
499768.28429312573
499769.676113051
499776.6352126774
499779.4188525279
499779.4188525279
499782.2024923785
499783.59431230376
499875.3003919651
499876.43915372214
499877.5779154792
499878.71667723625
499879.85543899325
502679.1243820628
502701.85560708743
502702.7248068827
502703.5940066779
502705.33240626834
502705.33240626834
502707.0708058588
502708.8092054493
502709.6784052445
502710.5476050397
502711.41680483497
502712.2860046302
502714.02440422063
502714.8936040159
502714.8936040159
502734.01599951094
502734.01599951094
502754.18363526615
502758.0345204349
505219.0802191337
505291.977475378
505291.977475378
511085.89277118555
522531.5596848998
523078.33036621613
523088.5352119133
530505.8241581919
531941.6927085323
532148.4357307131
538999.5070255733
539036.1784549088
557830.2859893489
557856.5105173481
557938.7104119072
564971.345441209
565329.1256809725
565491.0994124344
565558.2698523062
565558.2698523062
565567.3799463626
565921.2212807249
575219.9536976902
575295.6180899916
575295.6180899916
588217.2082610655
591467.2563207237
591473.2306939998
591474.2264228791
591475.2221517585
591475.2221517585
591478.2093383964
591478.2093383964
591479.2050672758
591480.2007961551
591481.1965250345
591481.1965250345
591482.1922539138
591483.1879827932
591484.1837116726
591486.1751694313
591486.1751694313
591487.1708983106
591488.16662719
591488.16662719
592075.4101116298
592901.1499170989
592906.1560678183
592934.6141092154
592935.8188861468
597878.176942061
599159.5809870185
600900.2525997295
602384.30672606
602422.4194867014
602459.8720955997
602618.6110835199
612319.3264007212
612930.7149351691
613396.9911139297
613429.2835367019
613545.7563092627
614701.9460723264
614803.0483117995
614808.494563681
625937.0905951299
626092.0722193782
627927.3820857434
632674.7093116542
632783.5683341102
633205.537328372
633207.0996874976
660129.6501348574
660155.5610907786
662515.3890234492
662865.5445105785
662959.434592257
666111.4226117254
675751.1784167056
680066.8929316392
680541.5200299514
683749.7144690898
687915.2994750877
692812.4206327982
693306.7422581163
694690.4973295945
694813.9126979882
694813.9126979882
694829.6793221219
698090.0532552969
698110.930554176
698110.930554176
698112.069315933
698112.9055081411
698119.2979775213
698130.7131014144
708292.5829201018
709154.080944995
740270.0252905355
758092.6810259859
769821.151445228
780169.6406604574
780224.9283689515
780225.5060017268
780228.3941656033
780229.549431154
780230.7046967046
780232.4375950305
783925.3539528878
783931.1302806409
784577.0667563169
784614.2883121051
802647.0813499492
802661.6707034742
802661.6707034742
802663.9152194011
802665.0374773646
802667.2819932916
802671.7710251454
802671.7710251454
802672.8932831088
802674.0155410724
802675.1377990358
802677.3823149627
802678.5045729262
802679.6268308896
802680.7490888531
802682.9936047801
802684.1158627435
802685.238120707
802686.3603786704
802687.4826366339
802810.4689063944
802811.6461770032
802826.9506949167
804417.5643151307
821095.6929683143
823915.8172052047
824033.357223084
824055.538321656
824069.7975993092
824098.492195081
825321.5993398483
827680.7726220402
840160.4902237946
840284.5712451959
842299.0517959336
848013.4353104776
868145.0377829904
868155.3801603008
868828.9879965464
870027.2514307108
870031.3443715187
870102.5087294371
870102.70677496
870109.2422772179
873158.2851335966
877331.9294921263
877361.3942649318
877361.3942649318
877989.5946637734
884897.1309377364
886043.8145156977
911876.2728932832
938321.4291062738
944286.5987667999
944313.5549629811
945234.147571421
945559.0522543724
951584.5542829637
951607.835634441
951667.6563849051
951668.6136049328
951673.3997050711
951675.3141451264
951675.3141451264
951676.2713651541
951677.2285851816
951678.1858052093
951679.143025237
951680.1002452647
951681.0574652923
951682.01468532
951682.01468532
951682.9719053477
951683.9291253753
951684.8863454029
951685.8435654306
951686.8007854583
951686.8007854583
951687.758005486
951688.7152255136
951689.6724455412
963787.5967878727
963812.50651365
963814.0633715111
972490.6412793496
972660.2837735618
972664.8168155319
972665.9500760244
972667.0833365169
972668.2165970095
972668.2165970095
972670.4831179945
972670.4831179945
972671.616378487
972672.7496389796
972675.0161599645
983807.6501195761
995976.6563008581
1000360.0858808517
1000390.1557927552
1000390.1557927552
1009374.3259040794
1009428.304311616
1009442.3655437465
1009457.9891350025
1009465.8009306305
1009467.3632897561
1009473.6127262586
1009475.1750853842
1009478.2998036355
1009480.1097196648
1009483.7295517233
1009485.5394677527
1009489.1592998113
1009490.9692158406
1009496.3989639286
1009498.2088799579
1009501.8287120165
1009503.6386280458
1009509.0683761337
1009514.4981242217
1009518.1179562802
1009519.9278723096
1009658.598247236
1009694.449988157
1009924.672407338
1009929.3594847149
1009935.6089212173
1009938.7336394686
1009940.2959985941
1009943.4207168453
1009946.5454350966
1009949.6701533478
1009951.2325124734
1009966.9661290199
1010015.2947378876
1010462.6685717342
1010462.6685717342
1010510.3645351814
1022637.2695390398
1027953.5210385165
1050603.0467836706
1050607.2057396527
1050628.000519564
1050628.000519564
1051178.0774608608
1051207.811795628
1051207.811795628
1053912.7835634442
1053949.8180762385
1053963.4172021486
1053997.8771231445
1054021.048449331
1083102.9442462123
1083142.8504190894
1083142.8504190894
1089731.6929377515
1089845.2830477005
1109298.4640775067
1111443.4841342003
1125484.1965479564
1125524.0807157755
1125531.259865983
1125533.6529160521
1125534.6101360798
1125537.0031861488
1125538.9176262044
1125542.92254678
1125580.6282138466
1134164.2127461242
1144600.8542241307
1178568.6541003522
