12109.763063593087
110132.3231381658
116853.10798523827
138112.65672873417
138112.65672873417
138112.65672873417
138112.65672873417
138112.65672873417
138112.65672873417
138112.65672873417
138112.65672873417
138112.65672873417
138118.2515147579
138192.848661741
138194.71359041557
175531.24580719598
185898.884924243
186103.77402027827
186104.63221754445
187072.2276301011
189345.05306428074
189345.05306428074
189345.05306428074
189345.05306428074
189345.05306428074
189345.05306428074
189345.05306428074
189345.05306428074
189367.27817296892
189378.390727313
189378.390727313
213705.95068727605
228827.07844650402
228904.3437067826
228914.54855247977
228914.54855247977
228914.54855247977
233762.38938255946
245132.33139006258
245452.53799310813
263423.2547620321
265086.9031701037
265109.1062737338
265109.1062737338
265111.5378326546
265245.2405657133
265245.66966434644
265245.66966434644
265245.66966434644
290263.440276897
290589.34068872774
290603.7485005234
290632.05250651366
290633.4003163227
292081.09108413116
293402.24176529463
298030.12553580024
298032.6671200116
300620.89105204045
300638.0054859833
327474.54366246687
327474.54366246687
327474.54366246687
327474.54366246687
327474.54366246687
327512.51339023066
327541.549064403
327541.549064403
327541.549064403
346333.09851083823
362543.7847171815
362552.6197480115
362635.21573361655
362635.21573361655
362635.21573361655
362635.21573361655
362635.21573361655
362635.21573361655
362654.508668312
362654.508668312
379772.8925190443
399201.3508660671
399307.96537259605
399307.96537259605
413708.63652686833
413769.5575302379
413769.5575302379
420785.1771483584
421893.70945682656
432621.0212486342
432623.50782020035
432733.09851083823
432733.09851083823
435297.259911827
436174.9371556934
436184.61938126053
436184.92195080954
436673.8743419495
444887.5373436533
444994.1848577694
444994.1848577694
471431.85384973907
471514.0427417691
471514.0427417691
482114.0992825434
482201.23931264755
536297.3959153111
539468.6108543006
582562.2659097335
582859.4167131473
582861.0065785955
605767.7824555505
613562.854239412
613581.1844528152
613585.2993986813
613585.2993986813
613585.2993986813
613585.2993986813
613585.2993986813
613585.2993986813
661247.4190664659
734514.2062515758
734514.2062515758
734514.2062515758
734514.2062515758
734514.2062515758
734514.2062515758
734514.2062515758
734514.2062515758
734514.2062515758
734514.2062515758
734514.2062515758
734514.2062515758
734514.2062515758
734514.2062515758
734514.2062515758
734543.1704093093
772848.557828223
772848.557828223
772848.557828223
772848.557828223
772848.557828223
772857.0682844459
799310.3278600845
799935.9591683922
817089.3860741601
817304.9091145257
817304.9091145257
823023.0389902124
905221.7672812293
938725.8765730178
939419.6960551349
939496.6037332192
939496.6037332192
939496.6037332192
939496.6037332192
939496.6037332192
939517.5525485371
939517.5525485371
942708.4180044163
942769.4435318118
942770.7363289755
983050.4450675815
983050.4450675815
983136.4573384577
983147.8174497054
1020515.9819375147
1039731.6238663192
1060012.4756454434
1060242.1424369074
1060274.280824273
1060274.280824273
1093256.3531200574
1093299.7470946447
1093412.7210629666
1093412.7210629666
1097450.4511800976
1097450.4511800976
1097450.4511800976
1097450.4511800976
1097558.5290229907
