1442.1014830492288
21406.90561511014
21505.576295662402
21505.576295662402
86472.28661588185
233583.8238372848
374913.64206633606
385538.8338847332
385556.69649065164
385556.69649065164
399201.3508660671
432733.09851083823
436656.941449736
475201.48534142226
475242.9098633089
475242.9098633089
475447.88697957655
475447.88697957655
475447.88697957655
475447.88697957655
475447.88697957655
475447.88697957655
475447.88697957655
475523.94196165923
475578.2669488612
475626.1279502441
475628.5210003133
482114.0992825434
482114.0992825434
484566.51349719975
484618.7149962943
485805.6678305916
485805.6678305916
485805.6678305916
485805.6678305916
485840.7108856272
485865.741639224
485865.741639224
485865.741639224
485865.741639224
485865.741639224
504769.79194523185
504788.0836497834
504788.0836497834
581932.261096127
582068.99502594
605839.4089196891
611957.3982075047
611966.7943673164
611967.1299444524
613399.301645031
634180.4824303364
634225.603801985
775362.7457422505
779055.634593785
931831.2682706928
936467.3709304014
987567.6213907503
987897.0041030265
987897.0041030265
1020490.5220852848
1034560.413206091
1037709.1444769596
1043049.3924923021
1124167.7824555505
