56194.42691340857
56201.820612932555
56257.801480757036
56257.801480757036
56257.801480757036
56257.801480757036
86550.78966067894
185365.21825502947
327541.549064403
327541.549064403
327541.549064403
327571.5364573384
327619.77704597375
371763.1008794382
383186.12458836025
426830.2361723424
427029.55248741206
427467.2881058077
427468.3058397451
432694.1495579887
448350.57236073015
471514.0427417691
485865.741639224
485905.4057564621
490247.2017665172
490496.17799647
490496.17799647
503486.04986285046
536249.8209796834
561893.5199688262
563259.9020469289
565861.6095783128
565875.4727649202
566074.0959206595
566214.3506597697
566214.3506597697
605767.7824555505
605839.4089196891
613418.2810076483
613418.2810076483
613418.2810076483
613418.2810076483
613418.2810076483
613418.2810076483
613418.2810076483
613418.2810076483
613418.2810076483
613418.2810076483
613423.562221594
613444.6870773768
700273.0155334317
763302.7636213602
772848.557828223
772848.557828223
772881.3838736543
777330.1134635808
787887.4636878339
939333.216176774
939374.9377669451
939385.3681644878
939385.3681644878
939385.3681644878
939385.3681644878
939385.3681644878
939385.3681644878
939385.3681644878
939878.8095874815
1019809.9771544709
1020557.7915479182
1039739.5731935604
1039761.3582010865
1039761.3582010865
1039767.107022517
1039864.9745184483
1098632.056785275
1118360.999702015
1122641.819696055
1122719.442538528
1122719.442538528
1124065.4589353525
1124106.05826756
1154928.1030570222
