6136.110453166666
6140.775525485373
6144.8574637642405
6151.5635052223815
6151.855072242301
6319.302561908328
6323.978636756088
6329.204838056526
6331.515369157772
6331.9004576746465
8747.60473414375
11334.013248878735
17820.466232168645
19417.323787620626
20453.349429625836
20782.138005333167
20804.396121608504
20930.133023632516
20975.705498972333
21349.417400805323
39817.54750571139
40040.953858143774
41181.189954079724
41387.13529290414
41592.16192055257
44626.80796766479
48069.60933381214
48113.90551578175
59526.23476646368
60371.685602732294
60592.88044682493
62219.631873715414
66539.99495717419
68987.68358560196
71364.05382070462
71384.38649439559
71457.97140870575
71529.09175650791
71529.75190825113
72625.65331336578
78624.46870773769
80434.12067634992
84004.63939975093
86223.40940869047
86240.35330343294
86472.28661588185
86472.28661588185
86472.28661588185
86472.28661588185
86472.28661588185
86539.95216956119
86539.95216956119
93595.59898837857
93714.0852237563
93716.49477761902
93724.66415544129
93724.84569717068
93964.51928880875
93987.89416178303
96132.84820330229
96153.97305908511
96176.15415765707
96176.84731698745
98450.07984474208
98470.43452349116
98628.51886093261
98628.51886093261
99959.66533974129
108620.61965632378
110115.29122319088
112860.07014112272
113415.05971164205
113415.05971164205
113415.05971164205
113415.05971164205
113415.05971164205
113486.35609990908
113533.88702542042
113533.88702542042
113533.88702542042
113533.88702542042
113533.88702542042
113533.88702542042
113533.88702542042
113533.88702542042
113533.88702542042
113533.88702542042
113533.88702542042
113533.88702542042
113533.88702542042
113533.88702542042
113533.88702542042
113624.39382941496
114234.77013118987
114263.88282306558
115484.0137837239
115513.93516148503
117209.36987599233
120750.33580635549
120916.80407093574
120984.32659173741
120992.82604543128
121016.6245157741
121057.86749593135
121080.60972348505
121180.35865188457
121201.15343179578
121213.63029974252
121228.87980501074
121253.20639674815
121343.24559325789
121354.41316024725
121361.11370044087
121376.74829422597
121377.8650509249
125955.58829147533
126129.48326316674
133228.36451990006
133253.60982281342
133253.60982281342
133253.60982281342
133253.60982281342
133253.60982281342
133253.60982281342
133253.60982281342
133253.60982281342
135194.96206419668
137489.2479312953
137821.19973410555
137821.19973410555
137821.19973410555
147356.39850548978
147580.9326171502
147600.68765806584
147755.20717609394
147755.20717609394
149120.84108222098
149151.38410287365
149152.92995820567
151781.29661748637
153823.71809075557
153839.39669465687
153846.7133764775
153868.54239411975
153868.54239411975
157096.64040831607
157114.0244042207
157129.67000053485
157129.67000053485
157769.8631560449
157839.57518012822
157845.3845154685
160321.97678771996
164549.58855125724
171492.84453579262
173037.85817434423
174952.42475874664
175265.9968367729
175272.73038455367
175501.41795093176
175985.20465468106
177853.79167016863
178225.07201308076
178233.70899838782
178324.78243262862
178324.78243262862
186167.0605673943
187176.784663697
187176.784663697
187176.784663697
187176.784663697
187176.784663697
187231.0821445763
188871.0641126537
189229.56501807013
189235.73743686918
189547.3895735756
189639.26069117273
189701.36996768008
189701.36996768008
192257.7965907441
192353.85417064617
194140.34031433612
204750.0240680323
212500.86568509843
216243.4309553099
220866.36358774133
220927.32860122708
221561.92146944886
225331.1953789378
225485.88543616622
225594.09530940792
225842.092314275
225842.092314275
228007.428540866
228280.40678794918
228480.23472061983
228907.2593769818
229968.57983328114
231115.69250987552
233933.48421060672
234007.27267170438
234070.92780354372
238250.99763904064
238483.0079691929
242786.6912186065
242810.6547268851
242821.30517500898
242854.6318355122
242855.91363014694
243992.28233712056
248098.09610403504
259450.857662421
259450.857662421
259450.857662421
259450.857662421
259450.857662421
259455.83630681774
259494.66973311227
259669.89601081915
259691.81304869385
259691.81304869385
259691.81304869385
259691.81304869385
259691.81304869385
259691.81304869385
259691.81304869385
259691.81304869385
259691.81304869385
259754.52746429908
259754.52746429908
259817.9130341766
259902.58849777275
259902.58849777275
262750.5491331688
262785.5701831463
262795.42844917823
262802.2060070752
262802.8221487022
262829.16220325645
262829.16220325645
262832.26491644955
262833.2991541806
263463.7715752718
265080.63172854314
265245.66966434644
265245.66966434644
265245.66966434644
265245.66966434644
265245.66966434644
265276.3667204059
265276.3667204059
265276.3667204059
265276.3667204059
265276.3667204059
265276.3667204059
265276.3667204059
265276.3667204059
265276.3667204059
265293.9597643625
266706.948555536
266784.42836513114
295310.6964448078
295326.8041473422
295360.251835665
295364.4327967054
298060.6245463367
298144.4968253119
298149.57999373466
298182.6205884825
298182.6205884825
298944.7987836093
299101.298756867
299107.8452616539
299679.43214725057
299699.31921851484
299699.31921851484
299699.31921851484
299711.02590942784
299711.02590942784
301122.4908503274
301260.7981417951
301337.25471618824
301452.08811192017
301452.08811192017
302598.870712643
302647.88697957655
302647.88697957655
302647.88697957655
302647.88697957655
302647.88697957655
302663.09797599306
302665.27097548114
302708.7309652427
308942.5163700823
308949.6955202897
309892.9643411089
310621.19973410555
310621.19973410555
310621.19973410555
310621.19973410555
310621.19973410555
310621.19973410555
310655.5606323398
310657.4695711306
314261.8045675777
316136.7400423292
318662.1780423139
318879.6980417027
319488.3579489452
319601.5739729063
319601.5739729063
324522.03699600394
326408.91571604303
327280.40953858144
329667.9033305572
333525.36801167496
336289.0822821079
336324.1253371435
336347.70925816975
336689.9319218515
337656.4380840318
346333.09851083823
346333.09851083823
346333.09851083823
346333.09851083823
346333.09851083823
346333.09851083823
346333.09851083823
346626.27740126377
351028.16372374486
352203.7179379427
352864.0842304724
352927.4202889692
353961.04187837616
363178.6086385135
367705.5497062172
374857.33112264
374927.9233490476
379791.2117299185
381605.9963783342
381684.5214281894
381758.16135514487
381758.16135514487
387477.1219217751
388403.44684785185
390652.1712421397
390854.3592172923
391017.2736649883
391087.898898983
398685.90438496624
398989.4421564957
399201.3508660671
399201.3508660671
399307.96537259605
399307.96537259605
399307.96537259605
399307.96537259605
399307.96537259605
399307.96537259605
399307.96537259605
399307.96537259605
399307.96537259605
399405.6678305916
399479.3407651342
399574.5566515636
399575.72291964333
405888.3579489452
405961.88234934554
406932.2724042818
408133.7650807234
408524.6739354671
408524.6739354671
408586.89323726494
419297.36015709164
420204.8982648095
420281.29982655734
420317.44313449826
420317.44313449826
422343.1682699287
424408.08441384794
424518.96240038506
424518.96240038506
424881.2536770605
425575.0456528549
425723.8493570397
428936.56583561917
429009.27054760506
430238.34106311935
430355.8590759404
430357.12986804603
432694.1495579887
432694.1495579887
432694.1495579887
432733.09851083823
432733.09851083823
432733.09851083823
433733.22840180626
436167.8680307765
436961.1723805958
442237.96330962185
442237.96330962185
442237.96330962185
442237.96330962185
442237.96330962185
442237.96330962185
442237.96330962185
442237.96330962185
442237.96330962185
442237.96330962185
442237.96330962185
442237.96330962185
442237.96330962185
442237.96330962185
442237.96330962185
442237.96330962185
442237.96330962185
442237.96330962185
442237.96330962185
442302.11905653315
444790.7315917756
445063.5668059811
447543.8009153493
448552.83185232163
448561.7218957969
448851.0003896729
449258.9851695077
454693.002238709
454820.4005226201
454834.758823035
454985.0753749647
454986.33516454126
455293.12418340606
455293.12418340606
455321.7307589453
455346.90454541985
455352.6258605277
455614.5850747637
455911.3562909252
456178.0080838026
456469.44857463764
456492.6529084116
456513.4146807356
463579.46439077315
464299.5084008894
464616.5572780966
465402.6769764439
465484.9318836482
465484.9318836482
469562.6892014762
470814.9090381192
471291.4395739576
471293.3705178065
471431.85384973907
471431.85384973907
471431.85384973907
471431.85384973907
471514.0427417691
471514.0427417691
471514.0427417691
471514.0427417691
471768.72928430076
478737.0930401363
478754.57055753784
478824.4806271441
478824.4806271441
478856.4594778383
479165.86159735324
479805.26257077145
481651.76200918405
481663.5457178004
481700.8772988791
481700.8772988791
482114.0992825434
482114.0992825434
482114.0992825434
482114.0992825434
482114.0992825434
482114.0992825434
483319.15127713385
489864.830874319
497872.0754284492
497894.6086079509
503398.9098327463
503605.6638574561
506197.54613039526
508285.3585372749
511893.46189992287
518567.04589735554
518664.7978667319
523391.2202874411
523410.08412350336
523419.59580987017
523419.59580987017
542653.5239419616
543927.5617937178
543979.6697713155
557675.9920231664
561506.7425637421
563354.133207008
566781.1459439636
574860.182000168
595453.4230854454
605839.4089196891
605862.6792686374
610849.7626051544
610926.120156786
617649.8976917611
623945.5008060881
625742.1257803008
636333.3197839225
643708.9146463528
643855.3032954102
644014.0477845949
644016.0172372955
660032.9599095348
676771.3934244608
676771.3934244608
676771.3934244608
676771.3934244608
676771.3934244608
676771.3934244608
676771.3934244608
676771.3934244608
676771.3934244608
676771.3934244608
676771.3934244608
676771.3934244608
676771.3934244608
676771.3934244608
676771.3934244608
676771.3934244608
676771.3934244608
676779.3152453793
676830.8070813499
676830.8070813499
676830.8070813499
676830.8070813499
676927.9374078347
676927.9374078347
677071.1023158795
680940.1086499743
681429.5891625088
682212.782188128
683236.6995469098
685887.3408262593
688806.487824632
690197.3285248206
697518.4773722293
700829.550959283
700835.1622491004
700851.0884099053
700865.611748256
700896.5728650127
700896.5728650127
715922.0556391781
724792.8116810183
725043.3392675677
745024.6912033252
745037.7071951955
765117.6197862148
775362.7457422505
775457.5820414276
775458.9738613529
775887.2363022333
775953.3174917289
777514.0537442982
779015.0352615775
779015.0352615775
779015.0352615775
779055.634593785
800676.9024824457
801003.1494739415
801074.2808242728
801928.1871041191
813756.0708746247
832532.5138486694
897753.1020255351
901346.7645688002
901725.6366567592
902137.5823470535
902231.8080058681
902433.1817938708
902435.6298565852
911910.2707080586
911972.2369516882
911972.2369516882
911972.2369516882
911972.2369516882
911972.2369516882
911985.2199359714
911985.2199359714
912069.6093338121
912069.6093338121
912069.6093338121
912069.6093338121
912069.6093338121
912069.6093338121
912069.6093338121
912069.6093338121
912069.6093338121
912069.6093338121
912069.6093338121
912069.6093338121
912069.6093338121
912069.6093338121
912069.6093338121
917168.9019628818
920004.7653175835
922979.4420800892
924834.6335164541
925997.1827413107
926254.9499919773
931806.7766410196
938015.5312922623
938653.589957136
938653.589957136
946276.4446549867
978483.4657966518
978650.9187875824
978652.1840784237
984696.1208444441
986819.306382231
995045.8698492501
995077.6396518921
1003759.7353280511
1015064.1737788339
1022058.4154830034
1031367.5122823372
1039660.7235690982
1058946.1930485412
1058963.9841380208
1059084.0822439047
1059084.0822439047
1059849.3301446375
1071839.8643021416
1073882.4178057595
1081469.167704521
1085932.1400683075
1101349.747476677
1106005.8362304112
1121136.3876557737
1121398.7319585267
1121521.5476890868
1124106.05826756
1124167.7824555505
1124216.7272060453
1156342.2581162753
1161933.75438382
1165894.1532254983
1165976.776717426
1194892.9249153798
1195457.5692051437
1198775.9319676955
1206444.4416598538
