1516.8966755552838
23321.730758945287
33703.71717387817
33726.83348741969
33931.22196838302
33932.89985406368
51926.44687077376
56383.43385875504
86472.28661588185
86472.28661588185
86472.28661588185
86539.95216956119
86539.95216956119
86539.95216956119
94904.404831944
94904.404831944
94936.03710297297
94945.66431589483
94945.66431589483
94945.66431589483
94971.08015800854
94971.08015800854
95431.63502166122
96961.27262586053
96963.25308109017
97166.74485593563
97166.74485593563
97166.74485593563
97166.74485593563
97174.10554787246
97240.3517753039
97240.3517753039
97240.3517753039
100392.24627327532
100472.63075054059
100484.99759319676
100484.99759319676
107317.48561648544
110875.55497826237
116635.45595550087
116641.88143246816
116641.88143246816
116641.88143246816
116732.32222128836
116732.32222128836
116732.32222128836
116732.32222128836
125737.78222633118
125778.5465964746
125831.85384973907
126170.64372435608
126190.74534493692
133036.63994987737
136395.10693082924
136707.29269019476
136707.29269019476
136997.69344203424
136997.69344203424
137019.3794267988
137021.05181121494
141327.26564231084
142286.6861757807
157363.3417125742
165129.36681973428
165254.07498529178
178287.84144133131
178287.84144133131
178287.84144133131
178287.84144133131
178287.84144133131
178287.84144133131
178287.84144133131
178287.84144133131
178287.84144133131
178287.84144133131
178292.92460975406
185655.1569006487
185721.04004462136
189620.08878429694
189776.71528663882
189776.71528663882
189782.33757898517
192851.44904835764
193226.31621574124
198587.66158054385
200020.03682790976
200020.03682790976
200034.56016626046
218309.43084834082
218383.80794474285
221908.34159796452
231876.7374445098
231986.89476539398
231986.89476539398
231986.89476539398
231986.89476539398
245349.37828070202
252019.77154470922
262027.42991618213
262047.05292674914
265245.66966434644
265276.3667204059
265276.3667204059
265276.3667204059
290198.5693655972
299869.0497329594
321706.7428693679
353243.18187027716
353245.21733815206
353245.21733815206
353245.21733815206
353245.21733815206
357939.7764347221
371702.036843191
388215.5841655269
416482.5556429985
420336.50501608354
425751.8122846293
455924.06421198207
457002.32306175935
509594.9620641967
537273.078186722
613545.7563092627
681396.1414741861
735449.9713475805
735521.7078370097
735557.5760817244
735557.5760817244
735557.5760817244
735665.1808158681
735665.1808158681
735665.1808158681
735665.1808158681
735665.1808158681
735665.1808158681
735665.1808158681
787767.5416224146
821875.0791188808
939888.4918130486
939921.4113799769
939921.4113799769
