91100.94056342117
91126.24638024434
91126.24638024434
91139.22936452753
91139.22936452753
94891.61439191925
113620.03682790975
113620.03682790975
113620.03682790975
113620.03682790975
113620.03682790975
113620.03682790975
113620.03682790975
113620.03682790975
113620.03682790975
113620.03682790975
113620.03682790975
113673.7731798073
113707.17685801389
113707.17685801389
113707.17685801389
113707.17685801389
113707.17685801389
113707.17685801389
113707.17685801389
113707.17685801389
199446.3924693801
199481.35300544777
199481.35300544777
219247.61650073732
245570.75466652407
264122.9165870766
265196.1582836055
265211.3417736994
265211.3417736994
265215.9628359019
265215.9628359019
265245.66966434644
265245.66966434644
367951.74779758404
368003.4376790776
368003.4376790776
368037.89760007337
368037.89760007337
399201.3508660671
399307.96537259605
426912.4745757532
427145.420120875
427145.420120875
432694.1495579887
432733.09851083823
437787.22025687847
437787.22025687847
437796.46238128346
437796.79245715507
437807.0248091749
471431.85384973907
471514.0427417691
482201.23931264755
561906.5579657546
562033.3071004516
562033.3071004516
600048.557828223
600121.504595848
600121.504595848
605767.7824555505
634086.3777993413
680370.5407284591
680411.5141466545
680411.5141466545
735346.1074733151
735372.5135430436
735372.5135430436
777600.0
777633.6677389039
777634.3278906471
777639.6091045928
779015.0352615775
779015.0352615775
779015.0352615775
853356.3734441736
853397.7154470924
853397.7154470924
853397.7154470924
938653.589957136
938653.589957136
999908.145997448
1005836.6937400193
1005838.2010864997
1006657.8014807571
1008107.8247847249
1008107.8247847249
1008107.8247847249
1008144.1331306016
1041343.8244485364
1041369.5703665217
1041385.9421297534
1041385.9421297534
1124106.05826756
1124106.05826756
1180907.8247847247
