7897.345792678733
7933.659639819986
7934.781897783449
16182.233666210775
16490.260469594054
16490.260469594054
16490.260469594054
16490.260469594054
19593.80985490415
19659.681996347772
19661.365383292963
20056.592730690176
20092.59850701793
20093.627243484436
20574.64130991221
20586.17196036033
20634.511571757117
20707.22728627205
20763.340184445173
20763.340184445173
20770.35429671681
20845.35303601036
20845.35303601036
23172.591477624374
23226.228806760446
23226.228806760446
26019.869956219107
26058.96194194638
26060.111706232477
33708.97088150124
33738.391644190444
33740.49312723967
40016.42922088341
40169.45239496023
40170.15105555513
40191.809533997046
40966.596627419225
40989.52589796683
40989.52589796683
41259.16487748225
41270.49748240741
41320.850556621
41321.813277913185
41345.58974319792
41375.450607049264
42456.68564093552
42461.455237280235
42531.15625883449
42532.53157496618
43277.07271602014
43356.538482109434
43358.76649424278
45611.64434324835
45634.639628970275
45635.849907166164
45647.95268912508
75729.63729857349
75729.63729857349
75729.63729857349
75729.63729857349
75729.63729857349
75729.63729857349
75776.17799647003
75789.05095546268
75789.05095546268
75789.05095546268
75789.05095546268
75789.05095546268
75789.05095546268
75789.05095546268
75789.05095546268
75789.05095546268
75789.05095546268
75789.05095546268
75789.05095546268
75789.05095546268
75789.05095546268
79090.38180303943
79100.85621069842
79100.85621069842
86472.28661588185
86472.28661588185
86472.28661588185
86472.28661588185
86472.28661588185
86472.28661588185
86472.28661588185
86472.28661588185
86472.28661588185
86472.28661588185
86472.28661588185
86472.28661588185
86472.28661588185
86472.28661588185
86472.28661588185
86472.28661588185
91110.66129784
91112.85630238616
91112.85630238616
91115.36487901038
91115.36487901038
91119.75488810275
91119.75488810275
91119.75488810275
91139.22936452753
91139.22936452753
91139.22936452753
91139.22936452753
94899.28865593411
94917.4703351951
94918.15799326095
95017.73088119562
95039.84596459325
95040.2860657554
97313.95869467218
97313.95869467218
97313.95869467218
97313.95869467218
97313.95869467218
97313.95869467218
97354.16193583386
99969.46859312801
100002.96579283154
100004.2090786146
101726.71551585816
101781.42559157695
101781.42559157695
102175.51417721712
102203.83468700097
102203.83468700097
104221.47846484158
112924.15437159513
112938.55668212623
112996.68304311617
113018.7761214557
113020.15693885193
113033.96511281413
176010.42795253632
178439.14822087577
178440.99664575676
178441.2276988669
180313.52806791005
180321.5929217063
180322.1650532171
182715.50118812034
182862.05487511365
182866.60992214183
182876.16011736033
182876.16011736033
182898.67129180388
182899.22141825655
185800.97891945994
185837.66685258903
185837.66685258903
185837.66685258903
185837.66685258903
185837.66685258903
185837.66685258903
185837.66685258903
185837.66685258903
185837.66685258903
185837.66685258903
185837.66685258903
185837.66685258903
185837.66685258903
185837.66685258903
185837.66685258903
185837.66685258903
185837.66685258903
185837.66685258903
185837.66685258903
185837.66685258903
185852.97137050252
189316.74355702594
189408.64768221028
189433.20532705783
189433.20532705783
189492.48695359836
190609.33167276645
196464.44853643441
199382.87486915395
199422.91857364436
199424.29939104058
205063.3320853613
205106.63803971605
205106.63803971605
216365.2289519327
216471.5959015579
216473.98895162708
227863.21289129657
227975.6312319012
227975.6312319012
228448.94352799153
228544.04938913044
228587.56989280175
228589.1817633081
231037.5305434791
232100.11078935507
232100.11078935507
232106.49225620614
236555.58492959145
236563.2426898127
236629.2303578114
236630.77621314343
241264.33728864064
241383.49467829062
241383.49467829062
241383.49467829062
241383.49467829062
241383.49467829062
241383.49467829062
241383.49467829062
241383.49467829062
241383.49467829062
241383.49467829062
251519.50855370227
251526.90225322626
251568.15073464805
251568.15073464805
256954.58186569274
256980.23976344563
256980.23976344563
262070.4498047815
264322.35943123035
264328.89493348816
264332.0196517394
264334.39619801496
264334.39619801496
264922.1513000558
264925.5840891205
264945.212600952
264945.212600952
265200.38325476204
265201.615538016
265201.7915784809
265203.0238617349
265203.19990219973
265206.7207114969
265206.7207114969
265215.9628359019
265215.9628359019
265215.9628359019
265224.87488443527
265224.87488443527
265245.66966434644
265245.66966434644
265245.66966434644
265245.66966434644
265245.66966434644
265245.66966434644
265245.66966434644
265245.66966434644
265245.66966434644
265245.66966434644
265245.66966434644
265245.66966434644
265245.66966434644
265276.3667204059
265276.3667204059
265276.3667204059
265276.3667204059
265276.3667204059
265276.3667204059
265276.3667204059
265276.3667204059
290574.93287693214
290661.70432231296
290665.74775174016
291501.2908105961
292575.32468921674
292611.37997692527
292618.8396916236
292623.81283475575
304373.45762116153
304423.90421687206
304425.34554817807
304425.34554817807
304465.6423108367
304494.6559799509
304496.2678504573
320609.4166367408
320911.12248718285
320913.24047402566
327031.26827069273
327039.14058023057
327059.3577273665
327059.3577273665
346333.09851083823
346333.09851083823
346333.09851083823
346333.09851083823
346333.09851083823
346333.09851083823
356115.1280190099
359189.289649218
359210.4255075298
359210.4255075298
361349.2731454244
361389.67443210905
361390.7636824854
366378.21010246105
366449.5064907281
366592.4953583081
366592.4953583081
366592.4953583081
366592.4953583081
366662.8015189603
366662.8015189603
366662.8015189603
366662.8015189603
366662.8015189603
366662.8015189603
366662.8015189603
366662.8015189603
366662.8015189603
366662.8015189603
367736.85740263906
367739.8390880126
367739.8390880126
367739.8390880126
367739.8390880126
367739.8390880126
367739.8390880126
367739.8390880126
367739.8390880126
367739.8390880126
367785.5876038172
367822.8861773088
367822.8861773088
367946.1090014441
367951.74779758404
367951.74779758404
367951.74779758404
367951.74779758404
367954.619457667
367954.619457667
368020.6676395755
368027.8467897829
368037.89760007337
368037.89760007337
368037.89760007337
368081.170546841
368082.30930859805
369481.319386609
369541.3271800671
369541.3271800671
374967.53245364036
374993.43240703247
375022.46808120474
375022.46808120474
379908.1686137577
379954.95686855796
379956.11213410855
385414.67584562843
387392.76553152147
387405.198389352
387440.13692036155
387440.13692036155
399201.3508660671
399201.3508660671
399201.3508660671
399201.3508660671
399201.3508660671
399201.3508660671
399201.3508660671
399307.96537259605
399307.96537259605
399307.96537259605
399307.96537259605
399307.96537259605
399307.96537259605
399307.96537259605
399307.96537259605
399307.96537259605
399307.96537259605
399307.96537259605
399307.96537259605
399307.96537259605
399307.96537259605
399465.741639224
399465.741639224
399465.741639224
421990.366674562
426244.9511380741
427544.5038547055
427552.09559975244
427580.9442309308
427580.9442309308
432694.1495579887
432733.09851083823
432733.09851083823
432733.09851083823
432733.09851083823
432733.09851083823
432733.09851083823
432733.09851083823
432733.09851083823
432733.09851083823
436708.4662932938
437769.72623568337
437787.22025687847
437787.22025687847
437790.85109146615
437790.85109146615
437807.0248091749
437807.0248091749
437807.0248091749
437807.0248091749
440718.64607767476
440743.90788438177
440743.90788438177
446343.397489284
446384.54144667974
446385.83424384356
450189.0509554627
450307.13559852995
450436.19526432815
450437.41104378854
450478.7475454428
453930.3069247167
453974.129997937
453974.129997937
458372.43499721115
463200.61980913667
463263.92836131086
463263.92836131086
463972.7442905279
464894.46465819573
467359.2402142437
467402.28760916577
467446.29772537993
467446.29772537993
471431.85384973907
471431.85384973907
471431.85384973907
471431.85384973907
471431.85384973907
471431.85384973907
471514.0427417691
471514.0427417691
475209.3521496955
475260.73396037566
475262.21930179786
475578.2669488612
476139.28040403733
479112.19676189456
482114.0992825434
482114.0992825434
482114.0992825434
482114.0992825434
482114.0992825434
482114.0992825434
482201.23931264755
482201.23931264755
484529.42947302473
500550.696139182
500636.52686832874
500636.52686832874
503508.3189816548
511906.747453755
511906.747453755
511906.747453755
511906.747453755
511906.747453755
511906.747453755
511906.747453755
511906.747453755
511906.747453755
511906.747453755
511906.747453755
511906.747453755
511906.747453755
511906.747453755
511906.747453755
511906.747453755
511906.747453755
511906.747453755
511906.747453755
511906.747453755
511916.2536388573
531591.5482239319
531611.5178141642
531612.8491201797
534465.782898708
534509.6609845735
534511.2893588734
535347.8006402861
535490.3384041749
535490.3384041749
535490.3384041749
535490.3384041749
535490.3384041749
535490.3384041749
535490.3384041749
535490.3384041749
535490.3384041749
535490.3384041749
535490.3384041749
535490.3384041749
537460.7703298467
542741.7752275002
542775.409958817
544276.2099343668
544329.9462862643
544329.9462862643
555970.5009971042
556017.3717708724
556017.3717708724
561913.0769642189
561965.2289519327
562144.7847248222
562146.8697040777
562161.4645588673
562165.6345173786
562591.8779941779
562635.888110392
562637.6485150406
574003.9541866916
574099.3571161148
574101.0955157053
593480.7741501692
597915.6295509593
600083.8154325751
600091.1101093376
600092.325888798
600121.504595848
600121.504595848
600121.504595848
600121.504595848
600121.504595848
600121.504595848
600134.9716914096
600134.9716914096
605767.7824555505
605767.7824555505
605767.7824555505
605767.7824555505
605767.7824555505
605767.7824555505
605767.7824555505
605767.7824555505
605839.4089196891
605839.4089196891
613391.1817785894
613391.8749379198
613392.535089663
613396.6610380581
613396.8260759938
618069.4461296311
618093.4756530841
618094.3338503503
618193.8242193171
621609.8894398643
621633.3908419227
621633.9244645819
633423.2883808708
633450.7781997111
633450.7781997111
634209.9141955547
634282.0467760297
634282.0467760297
634282.0467760297
634329.9077774127
634329.9077774127
634329.9077774127
634329.9077774127
634329.9077774127
634329.9077774127
634329.9077774127
636157.3233291819
636219.9222182321
636221.2700280412
649743.5707791166
649812.2265604107
649812.2265604107
660963.8068750526
661003.9330985108
661004.9893413
675351.2969995186
675356.5782134644
680139.3005753406
680147.1233734977
680147.1233734977
680154.0769718596
680154.0769718596
680370.5407284591
680957.4156281756
690198.0216841509
701505.3152912232
701507.0481895491
701538.2403594159
701538.2403594159
707136.7672430259
707151.9067230037
707151.9067230037
707713.0907173802
707742.3134345463
707743.2266444579
715971.4789996868
716067.256015098
716067.256015098
716067.256015098
716067.256015098
716067.256015098
716067.256015098
716067.256015098
716067.256015098
720929.8732416965
720972.1394570558
720973.0526669673
733504.6141856218
733514.7640186738
733551.6775036484
733551.6775036484
735543.2287838385
735575.5102040817
735575.5102040817
736159.4144209537
741668.7988141718
741732.9985711994
741732.9985711994
742392.9192613024
742396.1540048443
742436.588299116
742436.588299116
774183.0105670122
774208.4704192422
774209.9612619289
774218.9063180494
774218.9063180494
776938.8745329656
776961.7652946614
776962.5244691662
777600.0
777600.0
777615.1834900939
777619.8045522964
777619.8045522964
777623.7654627557
777623.7654627557
777639.6091045928
777639.6091045928
777639.6091045928
777639.6091045928
777639.6091045928
777646.1446068506
777650.5016083558
779015.0352615775
779015.0352615775
779015.0352615775
779015.0352615775
779015.0352615775
779015.0352615775
779015.0352615775
779015.0352615775
779015.0352615775
779015.0352615775
779015.0352615775
779015.0352615775
779015.0352615775
779015.0352615775
779015.0352615775
779055.634593785
779055.634593785
779055.634593785
779055.634593785
779055.634593785
779055.634593785
779055.634593785
786910.8902115695
786949.9766960322
786949.9766960322
791164.5669664346
794668.2893359514
794815.1070836422
794815.1070836422
794854.716188235
794854.716188235
794854.716188235
794854.716188235
794854.716188235
794854.716188235
794854.716188235
794854.716188235
794854.716188235
795175.7589834885
795222.778291399
795222.778291399
806077.0757722781
806115.8046745467
806119.3254838438
806401.9254425843
806414.9414344548
806414.9414344548
806420.9103064663
806420.9103064663
818873.897263885
818895.8198030242
818896.7825243163
830805.4743694558
830852.7137279472
830852.7137279472
831096.7168147678
831275.9810206373
831277.7579290795
846014.5618472025
846030.9171066405
846032.154891159
853984.1777519693
853984.1777519693
853984.1777519693
853984.1777519693
853984.1777519693
853984.1777519693
853984.1777519693
853984.1777519693
853984.1777519693
853984.1777519693
853984.1777519693
853984.1777519693
853984.1777519693
853984.1777519693
853984.1777519693
853984.1777519693
853984.1777519693
853984.1777519693
853990.366674562
879577.2761099947
879619.9714239871
879621.0661756279
890564.275093789
890613.2528518708
890616.0144866633
905667.9253356154
905709.9054852192
905712.9201781799
912953.6130318843
912959.581903896
913000.7313625563
913000.7313625563
919593.474277768
922079.1601402822
922079.1601402822
922079.1601402822
922079.1601402822
922079.1601402822
922079.1601402822
922079.1601402822
922079.1601402822
922079.1601402822
922079.1601402822
922079.1601402822
922079.1601402822
922082.5049091146
923338.3995904614
923372.8595114572
923372.8595114572
927142.2929576174
927160.6451760787
927192.761558386
927192.761558386
938653.589957136
938653.589957136
938653.589957136
938653.589957136
938653.589957136
938653.589957136
938725.8765730178
938725.8765730178
938725.8765730178
938725.8765730178
938725.8765730178
938725.8765730178
938725.8765730178
938725.8765730178
938725.8765730178
958407.9047058733
958416.255625425
958418.0710427188
958424.2104539307
958424.6010437121
958433.9751984657
958433.9751984657
966870.7144767304
967079.283918734
967091.386700693
967091.9368271456
973311.3364252478
973426.1588184506
973482.3597368562
973482.3597368562
978731.7323634807
978803.9749692464
978805.537328372
989740.9179471114
989817.7431062278
989921.832532339
989921.832532339
1005646.3334835994
1005814.4796338603
1005814.4796338603
1005817.098235775
1005817.098235775
1006514.5485524798
1006554.4877329442
1006594.4269134086
1006657.8014807571
1006657.8014807571
1006746.2618143476
1008026.9561961812
1008080.8685885436
1008088.955447398
1008088.955447398
1008107.8247847249
1008107.8247847249
1008133.5431963876
1008579.5032052506
1011332.4349972111
1011378.3650547452
1011380.3620137684
1019209.9267262127
1019209.9267262127
1019209.9267262127
1019209.9267262127
1019209.9267262127
1019209.9267262127
1019209.9267262127
1019209.9267262127
1019209.9267262127
1019209.9267262127
1019209.9267262127
1019209.9267262127
1019209.9267262127
1019209.9267262127
1019209.9267262127
1019214.9438794611
1022698.0034994155
1022885.5085995462
1024364.4575523958
1037279.0281099336
1041341.783479397
1041343.8244485364
1041343.8244485364
1041343.8244485364
1041343.8244485364
1041343.8244485364
1041343.8244485364
1041343.8244485364
1041369.5703665217
1044997.5828054921
1045009.7461013608
1045009.7461013608
1052496.6920590773
1052516.0014975665
1052516.0014975665
1056150.7144767304
1056173.4402004906
1056173.4402004906
1063304.300307918
1063340.6141550592
1063341.6428915258
1074859.3323604243
1074973.912697988
1074973.912697988
1091961.9330832295
1091966.042527831
1091992.069010307
1091993.4388251742
1101947.030768878
1102003.9798592592
1102003.9798592592
1124106.05826756
1124106.05826756
1124106.05826756
1124106.05826756
1124106.05826756
1124106.05826756
1124106.05826756
1124106.05826756
1124106.05826756
1124106.05826756
1124106.05826756
1124167.7824555505
1124167.7824555505
1124167.7824555505
1124167.7824555505
1124167.7824555505
1124167.7824555505
1140062.0359263136
1140099.2244745146
1140099.2244745146
1149679.2365467339
1149712.8382704635
1149713.86700693
1161611.149229441
1161774.547788415
1161777.1993979171
1170139.0994735595
1170139.0994735595
1170192.197678772
1180884.9120179708
1180892.9988768252
1180892.9988768252
1180907.8247847247
1180907.8247847247
1184174.3711366989
1184178.3650547452
1184222.298153256
1184222.298153256
