195325.47773133963
195531.9456902941
195542.61264221152
195545.66034275937
195548.70804330718
195556.32729467677
195562.42269577243
195565.47039632028
199486.9642952651
202731.36255625426
202782.02370128134
203395.82729085645
209370.31609349092
209511.68758930004
212550.54210377525
212965.26043139084
214416.85159574874
214485.78794153378
214559.6479190703
214606.44167513505
214607.68496091812
216036.96849761996
222559.55378632172
224564.87473162235
224572.33444632066
224577.92923234438
224589.11880439185
224609.6330198122
224626.4393829415
224639.64791907027
224679.27352745665
224683.047394922
224688.70819612007
224688.70819612007
224713.23833464496
224715.12526837765
224720.7860695757
224733.9946057045
224739.3143285019
224742.40603916594
224782.5982777986
226651.7244172098
227421.08176254402
227602.51896790165
227602.51896790165
227732.5138486694
227993.43882517438
228464.58912430567
231095.95397275346
232176.6883915678
232240.80562962737
232290.30050657477
232290.30050657477
233840.270784465
233840.270784465
233840.270784465
233840.270784465
233890.76139029177
233935.42615698467
233935.42615698467
235724.6739354671
235724.6739354671
235724.6739354671
235724.6739354671
235753.39053629685
235820.395938233
235859.30088096636
235859.30088096636
238412.34972761097
239062.0050581071
239183.09889287053
239183.09889287053
240443.43859595503
240495.00744962902
240515.3951359653
240515.3951359653
240515.3951359653
240515.3951359653
240543.23153447077
240543.23153447077
240632.1429717525
240641.76468340983
240642.6393844696
240651.3863950672
240651.3863950672
240651.3863950672
240651.3863950672
240651.3863950672
240651.3863950672
240679.85543899328
240704.9081976482
240704.9081976482
241656.33539376064
241666.3697002575
241688.22072295786
241689.23295563078
243597.2145263946
243618.59244034564
243618.59244034564
245294.1455848532
245809.1519647919
245840.0140587871
246094.33751786
246115.88046974686
246116.85969483262
247702.46716432736
247702.46716432736
247702.46716432736
247702.46716432736
247702.46716432736
247702.46716432736
247702.46716432736
247702.46716432736
247702.46716432736
247702.46716432736
247721.4795345319
247732.17399277195
249834.75729490598
250924.05718258847
251028.00357582193
252293.36043215488
252404.62350720895
252405.60823355924
256869.994422329
256869.994422329
256869.994422329
256869.994422329
256869.994422329
256890.2115694649
258288.33044262257
258297.58907082112
259265.20648843588
261911.2432093766
261911.2432093766
261911.2432093766
261911.2432093766
261911.2432093766
261911.2432093766
261911.2432093766
261911.2432093766
261921.8001360035
261944.58087240887
261944.58087240887
261944.58087240887
261967.0260316781
261989.47119094737
262024.89933449982
262025.5319799204
262027.42991618213
262683.95082480763
262686.75646971626
262944.67775578966
262955.3722140297
262955.3722140297
264386.97728436184
264387.4723981693
265071.868214152
265245.66966434644
265245.66966434644
265245.66966434644
265245.66966434644
265245.66966434644
265245.66966434644
265245.66966434644
265245.66966434644
265245.66966434644
265245.66966434644
265245.66966434644
265245.66966434644
265245.66966434644
265245.66966434644
291622.0490682233
293072.18789874617
293127.8661970217
293127.8661970217
296420.87363136944
296436.8493035552
296451.50467225455
296519.8963928514
296524.7815157512
307582.41123480466
308713.8122999106
322207.63300453086
324340.5172716784
324342.14564597834
326020.2293721682
326020.2293721682
326020.2293721682
326020.2293721682
326020.2293721682
326020.2293721682
326020.2293721682
326050.1012385486
326081.12837047956
326161.5128477449
326162.6241031793
326164.8466140481
326167.0691249169
334213.90077858174
334216.01326416
334216.67891716777
334237.3141604077
334238.6454664232
334430.2325048327
334441.785160339
334523.18187027716
334523.18187027716
346333.09851083823
346333.09851083823
346333.09851083823
346333.09851083823
346333.09851083823
346333.09851083823
352209.43925305054
352211.4197082802
352213.4001635098
352213.4001635098
352231.88441231975
352231.88441231975
352279.07425943046
352279.19528725004
352281.4618082351
352281.63784869993
352927.02419792325
352927.02419792325
352927.02419792325
352927.02419792325
352927.02419792325
352927.02419792325
352927.02419792325
352930.1929262907
352964.65284728643
352966.8918619488
352967.0954087363
355435.2707462618
355435.2707462618
355447.31851557543
361490.430091917
374809.8992198901
379724.15681660164
380140.12943252927
380214.9246250353
380319.0965701144
380320.8459722339
390852.74734678597
399201.3508660671
408275.026551242
408374.57193285396
408402.39732883044
408572.53493685
408574.1303035628
411280.4773875106
411324.76256695116
411350.0683837743
411351.3336746155
415155.1280190099
415158.6708333652
415190.55616256234
415204.35883526003
415205.4205793137
416343.5771972585
422257.55759136303
425689.4334461602
432694.1495579887
432733.09851083823
432733.09851083823
432733.09851083823
432733.09851083823
432733.09851083823
432766.7607484776
433168.7161423911
437807.0248091749
437807.0248091749
437807.0248091749
437808.8567302623
442246.4792671093
447535.3509730362
455705.85105326294
469215.54840730753
469253.94723370444
469449.2916357857
469449.2916357857
469527.53612115013
469543.15971240617
469952.9158994186
471431.85384973907
471440.07273894205
473201.2145569572
475154.2844917825
482114.0992825434
484254.3112340406
484295.7907685725
484406.92181327794
484406.92181327794
488257.801480757
488318.24937537726
488322.6723920568
488337.4157809885
488338.8901198817
490555.12954713893
490579.88523750944
501555.1280190099
507810.0932922776
508672.99413962517
508673.99536976905
508685.00890135166
508697.02366307814
508697.02366307814
513106.573247045
513115.41928040405
542646.4603183093
556204.6458178927
556226.6948861162
556226.6948861162
556226.6948861162
556226.6948861162
556226.6948861162
556226.6948861162
556289.6183497735
556314.4950679635
565709.9947279549
573598.9180846431
573598.9180846431
573598.9180846431
573598.9180846431
573604.9969819451
573907.5390245953
573968.3224963517
573968.3224963517
579396.3376859542
579517.9486395831
579517.9486395831
591348.2034550997
591354.8874914998
591376.4744535028
595331.1244737506
605767.7824555505
605767.7824555505
605839.4089196891
605839.4089196891
605839.4089196891
608066.7609012905
608074.0885856401
610923.8206282139
614234.074526853
650033.4049007097
681370.0104676839
682415.0141733969
688869.994422329
688912.3541591852
688927.7576998601
688927.7576998601
688927.7576998601
688927.7576998601
688927.7576998601
688927.7576998601
688927.7576998601
688927.7576998601
688927.7576998601
688927.7576998601
688927.7576998601
688927.7576998601
688927.7576998601
688927.7576998601
688927.7576998601
688927.7576998601
688927.7576998601
688927.7576998601
688927.7576998601
689024.178363221
689024.178363221
689563.4838285744
689604.1656797499
774063.3030509095
775319.0932082304
777039.6301927734
777103.8959649752
777103.8959649752
777103.8959649752
777103.8959649752
777103.8959649752
777103.8959649752
777103.8959649752
777103.8959649752
777103.8959649752
777103.8959649752
777119.4425385279
777119.4425385279
777124.6247297121
777128.9432223657
777155.7178768176
777155.7178768176
777155.7178768176
777155.7178768176
777155.7178768176
777155.7178768176
777155.7178768176
777155.7178768176
777155.7178768176
779015.0352615775
779015.0352615775
799574.129997937
838520.4532430718
838520.4532430718
838520.4532430718
838520.4532430718
838520.4532430718
838520.4532430718
838520.4532430718
838520.4532430718
838520.4532430718
838520.4532430718
838520.4532430718
838520.4532430718
838520.4532430718
838520.4532430718
838520.4532430718
838520.4532430718
838520.4532430718
838520.4532430718
838520.4532430718
838520.4532430718
838562.3893825595
838651.9224627328
838704.3550149375
838704.3550149375
838710.1808540713
838710.1808540713
901895.47169523
938725.8765730178
1003562.8780782248
1035087.2363022333
1035139.3387785665
1081879.36949396
1081886.169056915
1081935.4658883396
1081937.1657790784
1085916.8410516586
1101378.1780117513
1101391.5570870803
1123883.0149985864
1123894.7987072028
1123937.7415780989
1123938.9023449142
1124065.4589353525
1124106.05826756
1135108.477295823
1135121.4877864288
1135358.0146547575
1135358.0146547575
1135358.0146547575
1135358.0146547575
1135358.0146547575
1135358.0146547575
1135358.0146547575
1135358.0146547575
1135358.0146547575
1135358.0146547575
1135358.0146547575
1135358.0146547575
1135358.0146547575
1135358.0146547575
1135358.0146547575
1135358.0146547575
1135358.0146547575
1135358.0146547575
1135358.0146547575
1135358.0146547575
1135368.191994132
1135368.191994132
1145250.3885268073
1145250.3885268073
1145265.2969536749
