1081118.1210125384
1081123.5012492456
1081881.0693846988
1082655.0973036163
1082686.223458309
1082762.7185415537
1083079.937957961
1083220.6823096143
1083552.62861116
1084064.224207092
1084984.9048357643
1086261.412755293
1087773.9469280785
1088501.7972325583
1088535.0358728291
1088590.9837330666
1088598.4434477647
1088898.9555238045
1090016.1413213732
1090079.2518280242
1115135.8338618113
1152106.9005722844
1152600.4960306848
1156070.1490689875
1156385.4980554557
1156435.14696781
1158264.5099672216
1158448.8023288685
1159490.1696987294
1159859.6236218186
1160057.724157428
1160488.143094003
1160984.4341720215
1161035.4749043009
1162714.042741769
1162723.1308307673
1170139.0994735595
1173974.5645978346
1174468.1270486482
1174478.6399651587
1174994.7135904157
1175052.8564551992
1175117.0122021104
1175133.9946057047
1175170.2314351422
1175171.7772904744
1175249.3396190375
1175249.3396190375
1175982.7351981602
1176010.324039762
1194849.9985482774
