38957.204746368785
56359.07976069499
72809.36804223747
86472.28661588185
97028.68512137166
100392.24627327532
100438.62193323605
101929.01351630132
110979.40784999885
116603.3285706645
125938.71041190717
150067.59770475017
174399.21759793398
174477.96269837025
178276.61886169668
178287.28031234958
185732.2076116107
187271.83551219065
189290.26046959404
189336.83417507773
193442.8459875152
199495.9423589728
199803.52906119393
199815.05971164204
219411.0700723569
228929.19291865005
231784.55825609915
231836.1161072441
245332.02729238456
254926.83776618095
255753.6338144393
255755.5922646108
262027.42991618213
262040.35238655552
265245.66966434644
290168.95055738505
291775.89193071466
301793.7496466201
333661.6233314741
390577.0184674394
390875.31353387475
399314.47886979574
422282.00521092
425069.06684800464
425119.678481651
426997.15003934933
445230.156098381
445263.43874876795
458940.1104837292
464825.7593655208
471460.6199619496
478805.0611633646
479047.2818404786
485829.6973540446
533421.4228409447
533449.3472596826
542951.9455374812
556116.4495449995
556160.5476814462
556177.0844826136
575281.314802222
575283.1027131932
576479.1601402822
576676.2154356313
576708.1007648285
576708.1007648285
605767.7824555505
887405.7350682692
889931.5746605643
889950.4329953621
889972.8121394571
890056.6624133742
1003487.3567188013
1104301.1098801184
1110052.6434340114
1119769.3014158115
1119964.761344448
1119964.761344448
1119983.5426615423
1124065.4589353525
1134318.9358109399
1134318.9358109399
1134318.9358109399
1134351.2832463572
