400678.70445220394
400689.9710419548
401172.514459921
401301.09551570535
401323.6947103814
401749.16250888223
402042.3138929851
402346.56132763845
456421.0044392148
458017.5704276469
458360.0351469678
458400.7775120531
468164.4327967054
468214.6043291896
468304.3959687956
468489.2274543663
550258.62055792
550437.6592119439
550729.8093659028
550758.3279212096
550761.892740623
550769.0223794497
550774.3696085697
550786.433881677
550798.7622154815
550800.1320303486
550805.6112898174
550817.9396236219
551886.0431390826
551912.8563023861
551932.8699027346
551954.0607736917
552006.0147158826
556036.9012599424
556043.5302836972
559313.960528427
559994.3294187762
560024.9769634549
560038.9061652366
560057.478434279
560065.603801985
562064.4167513505
562095.5264022495
562121.84995301
562134.3598285438
562169.8044758899
562169.8044758899
562556.6699012065
562642.9297289863
562673.285706645
562716.3276003025
563792.1273848363
563805.5449690172
563953.7710404267
564553.0347878574
564627.6099297825
564659.5172640377
564696.529771774
564697.8060651441
564731.264755996
564731.264755996
566071.2902757509
566074.0959206595
566229.9302409095
566247.9413809702
566310.2707080586
566312.5372290437
566323.4187302776
566372.2369516882
566459.8720955998
566459.8720955998
566466.3635877414
566606.7888660519
566606.7888660519
567052.3747889273
567053.8436265559
567686.9291482973
567686.9291482973
567686.9291482973
567686.9291482973
567686.9291482973
567707.5258826856
568297.6355259437
568297.6355259437
568318.9254196624
569941.3253463123
570485.2683776618
570587.6854193568
572061.7657531002
572067.0964784266
572160.0733501937
572160.0733501937
572269.1414207015
572582.548460792
572626.51456689
572626.51456689
572626.51456689
572721.9064937844
572721.9064937844
572721.9064937844
573497.012660549
573516.729192613
573516.729192613
574427.078446504
574444.5724676991
574633.5078966068
574633.5078966068
575912.7499446053
575958.4324452357
584294.6086079509
591321.4673094996
595359.0874013402
596323.1565033351
596345.8657233017
599936.3320318768
599959.0522543724
600004.5917221251
600004.5917221251
600127.1158856653
602232.9999465155
603966.8885000648
604000.5562389689
604000.5562389689
604000.5562389689
604000.5562389689
604271.9611243973
604724.8912354159
604725.9749845277
605050.8576624211
605050.8576624211
605050.8576624211
605050.8576624211
605050.8576624211
605050.8576624211
605050.8576624211
605050.8576624211
605050.8576624211
605050.8576624211
605090.6868175949
605328.3964577969
605328.3964577969
605396.7771758648
605409.8316765869
605665.4589353525
605681.6986682356
605681.6986682356
605697.9384011186
605767.7824555505
605767.7824555505
605767.7824555505
605767.7824555505
605767.7824555505
605767.7824555505
605767.7824555505
605767.7824555505
605767.7824555505
605767.7824555505
608497.0147999297
608518.1121493898
608580.7990586726
608598.3205861902
608606.996080349
608610.775449079
608611.1220287441
612423.7624064975
612427.6132916663
612480.0073350194
612480.0073350194
612845.4673400621
612879.751220593
612962.6552770116
612962.8643250635
613303.381596742
613304.404831944
613304.404831944
613304.404831944
613304.404831944
613304.404831944
613304.404831944
613304.404831944
613304.404831944
613345.6643158948
613345.6643158948
613345.6643158948
613345.6643158948
613345.6643158948
613345.6643158948
615700.464092788
616493.0697820124
616923.5492324972
616958.0146547575
616958.0146547575
616958.0146547575
616958.0146547575
616958.0146547575
616958.0146547575
617019.0786910047
617019.0786910047
617019.0786910047
617736.9937117491
621036.4541293867
621829.4504083925
630198.1830545771
630205.7472933014
630422.7996852054
630422.7996852054
634135.7131396175
634146.099527044
634159.2915593793
635464.9946897516
635479.0339168239
635521.151598041
635521.151598041
635521.151598041
635521.151598041
635546.006311173
635547.3871285692
635604.0006418142
635604.0006418142
635604.0006418142
635604.0006418142
635604.0006418142
635604.0006418142
635604.0006418142
635604.0006418142
635604.0006418142
635604.0006418142
635604.0006418142
649670.712031724
649833.3514161935
649836.8722254907
649836.8722254907
649836.8722254907
649836.8722254907
649840.2720069683
663426.9210492134
663567.6929071891
664011.424903919
664092.5630544244
664106.4922562061
664310.6111752077
664312.1735343332
667983.5854491554
668041.9868733715
668314.6350445832
668314.6350445832
673829.4381833602
673875.637802856
673876.6500355289
674117.9134926153
674152.1863706171
674153.165595703
674233.7701235493
674239.3484057795
675033.5439604521
675033.5439604521
675093.6562779362
675094.8830599256
675107.1508798203
680084.8270539965
680114.4018520924
680115.0289962485
680787.3165290077
680832.4268981273
680832.4268981273
681005.2106143843
681038.0366598155
681226.2624255992
681226.2624255992
681271.6753642678
681273.7108321427
681380.4628702848
682556.919291865
682694.7699783769
682696.1893046248
685206.7023739484
685371.5037553771
685418.8861467462
685444.9511380742
685834.7487373834
685835.9810206373
685902.5243163533
685995.0335806356
686075.9351767664
686075.9351767664
689058.9738613529
690124.4752786926
690264.9610709128
690371.0969674279
690371.9386609005
695472.7496389796
695520.6711542723
700783.3788461097
700840.4379617815
700861.2547467508
700861.2547467508
700907.4433637176
700917.8957663185
700947.6851137311
700947.6851137311
710011.3870063189
724717.5653848212
724788.850770559
724870.9736474148
724872.029890204
730111.4562305642
730159.7463305801
730159.7463305801
733487.6702908793
734139.5206259215
734154.4235515246
734240.9034298856
734240.9034298856
734240.9034298856
734240.9034298856
734240.9034298856
734240.9034298856
734240.9034298856
734308.2389076934
734308.2389076934
734330.6840669626
734330.6840669626
734330.6840669626
734330.6840669626
734330.6840669626
734330.6840669626
734330.6840669626
734330.6840669626
734330.6840669626
734330.6840669626
734330.6840669626
734330.6840669626
735224.777084177
735275.1026520679
735449.9713475805
735455.3515842877
735484.0461800594
735491.2198290023
735589.8575019675
736012.3381138304
736975.7470640821
736977.1223802138
741108.990135927
741126.0220509019
741700.4090801426
741702.2685075528
747616.7605192582
747623.1694924319
765561.8028866358
765561.8028866358
765561.8028866358
765561.8028866358
765561.8028866358
765561.8028866358
765561.8028866358
765561.8028866358
765561.8028866358
765561.8028866358
765561.8028866358
765561.8028866358
765561.8028866358
765561.8028866358
765561.8028866358
765561.8028866358
765561.8028866358
765561.8028866358
765561.8028866358
765561.8028866358
765577.7950626151
776933.9068910979
777283.3252087806
777288.0783013317
777600.6601517432
777600.6601517432
778287.5700456147
778333.0985108382
778333.0985108382
778387.6545511503
778388.8153179655
779015.0352615775
779015.0352615775
779015.0352615775
779015.0352615775
779015.0352615775
779015.0352615775
779015.0352615775
779015.0352615775
779015.0352615775
779015.0352615775
779015.0352615775
779015.0352615775
779015.0352615775
779015.0352615775
779015.0352615775
779015.0352615775
779015.0352615775
779015.0352615775
779015.0352615775
779015.0352615775
779015.0352615775
779015.0352615775
779055.634593785
779055.634593785
779055.634593785
779055.634593785
779055.634593785
779055.634593785
779055.634593785
779069.4977803925
786861.6483927902
787900.4906822332
787904.968711558
787925.7634914692
787925.7634914692
787925.7634914692
787925.7634914692
787953.4898646842
787953.4898646842
787953.4898646842
787953.4898646842
787953.4898646842
787953.4898646842
787953.4898646842
787953.4898646842
787953.4898646842
787953.4898646842
787970.1917037874
787976.265099825
787976.265099825
787976.265099825
787976.265099825
787976.265099825
787976.265099825
788016.8644320327
794521.6366261968
797158.2936911193
797220.4469777428
797421.7162417194
797421.7162417194
797421.7162417194
797442.2029508172
797442.2029508172
799225.8284369532
799305.7893168499
799396.5601815417
799396.5601815417
799476.4385424706
799813.5450301423
806214.6073854476
806236.3098740057
806297.0768419685
806297.0768419685
824110.8150276209
824705.705269753
824720.3111270715
824723.3478250903
825239.0253593014
825240.4281817556
834099.7470946447
834099.7470946447
834169.8056983931
834998.2136171579
834998.2136171579
834998.2136171579
835076.4801075803
835076.4801075803
835112.7499446053
835112.7499446053
835226.9561961812
835798.8456513267
836104.9580146548
836214.5432040282
837888.3579489453
837888.3579489453
837888.3579489453
837888.3579489453
837888.3579489453
837888.3579489453
837888.3579489453
837888.3579489453
837888.3579489453
837888.3579489453
837891.6257000741
837911.2322068476
837986.3904828123
837986.3904828123
837986.3904828123
837986.3904828123
837986.3904828123
837986.3904828123
837986.3904828123
837986.3904828123
837986.3904828123
837986.3904828123
837986.3904828123
838522.450202095
838522.450202095
838542.4197923272
838544.4167513504
838729.6003178508
848225.8061262694
850514.7832730996
850620.3745444266
850621.3097593961
853984.1777519693
853984.1777519693
853984.1777519693
853984.1777519693
853984.1777519693
853984.1777519693
853984.1777519693
853984.1777519693
854003.9823042657
861932.4487503725
866504.6157137508
866504.6157137508
866504.6157137508
866514.3364481697
866528.6617409973
866591.0955921117
866734.023945782
866734.023945782
869959.8499377287
869960.3120439489
870006.7207114969
870009.3393134116
870009.3393134116
884933.730850633
887266.5200681546
887303.4225506001
887394.0998937951
887394.0998937951
888579.4078499988
888614.0878215757
888799.783005677
888799.783005677
889590.452249788
889601.2347282604
897024.9711565644
897043.3013699676
897102.8250521475
897104.2333758663
897939.6113967864
898038.9092214947
898245.1516286036
898245.1516286036
898290.0969597873
901406.1232130441
901437.931524538
901646.1818931991
901647.5076979501
901672.6979882182
901769.7347932059
911563.9275972462
911613.7745551234
911613.7745551234
911972.2369516882
911972.2369516882
911990.0885550776
911990.0885550776
912715.8703840952
912967.9383247121
913921.7640721581
913930.2800296457
914037.1916044591
914037.1916044591
914102.5631308308
914102.5631308308
914114.0992825434
914114.0992825434
914114.0992825434
914114.0992825434
914114.0992825434
914114.0992825434
914114.0992825434
914114.0992825434
914114.0992825434
914114.0992825434
914114.0992825434
914114.0992825434
914114.0992825434
914114.0992825434
914114.0992825434
914114.0992825434
914114.0992825434
914114.0992825434
919841.7958572422
922995.4947699783
925937.4170034918
926014.2586664018
926065.4864416751
931917.4345769756
931930.2250170005
932254.5410646475
932254.5410646475
932870.1325651938
935551.0528044988
938653.589957136
938653.589957136
938653.589957136
938653.589957136
938653.589957136
938653.589957136
938653.589957136
938653.589957136
938653.589957136
938653.589957136
938653.589957136
938725.8765730178
938725.8765730178
938725.8765730178
938725.8765730178
938725.8765730178
938772.9453923089
942655.4298244944
942668.9849402884
942694.8628886223
945536.3320318768
945566.8420449423
952118.2099496482
952160.6246991496
952284.799242048
952285.5914241398
960588.3033947386
960637.9633096219
960692.3488107336
960704.154524408
960704.968711558
960793.1814882448
960793.1814882448
964293.7791395106
965767.1773164526
965778.3723897646
965826.5579657546
965827.9442844153
965857.0569762911
965876.4654375416
965912.113631675
966446.9905790845
966447.7387510601
966468.4235056809
966667.9433675379
966667.9433675379
967601.7060032549
973231.5680896095
973290.5966579819
973467.3522872272
973467.3522872272
973467.3522872272
973467.3522872272
973494.63855928
974473.9681690722
974514.8920758868
974908.5295578359
974908.5295578359
978225.0659005647
978527.6794596536
978579.3033259729
978579.3033259729
980203.1885940449
980812.2005822172
980823.2141137999
980823.2141137999
983682.831928728
983698.3840035452
983796.4605475287
983797.7038333117
986817.050863775
987037.310492898
987240.8902879759
987242.6286875664
991302.4463817725
991320.8261065565
991554.1897477823
991554.1897477823
991557.1604306267
997606.8570206068
999584.8366812094
999705.8094881532
999789.9128202385
1003372.8864065281
1003411.7803467325
1003573.4735137036
1003794.9434210225
1004388.5518685199
1004388.5518685199
1005817.098235775
1005817.098235775
1006163.3918352067
1006165.003705713
1006657.8014807571
1008107.8247847249
1008198.5956494167
1008767.3163761948
1008767.3163761948
1008767.3163761948
1008767.3163761948
1008767.3163761948
1008767.3163761948
1008825.4702435074
1008879.8722484127
1008879.8722484127
1008879.8722484127
1008879.8722484127
1008879.8722484127
1008879.8722484127
1008879.8722484127
1008879.8722484127
1008879.8722484127
1008879.8722484127
1008879.8722484127
1008879.8722484127
1008879.8722484127
1008879.8722484127
1009946.5454350966
1009955.9195898501
1009955.9195898501
1009955.9195898501
1009955.9195898501
1009955.9195898501
1009955.9195898501
1009955.9195898501
1009955.9195898501
1009955.9195898501
1009955.9195898501
1009955.9195898501
1009955.9195898501
1009955.9195898501
1009955.9195898501
1009955.9195898501
1010038.7686336234
1010038.7686336234
1010038.7686336234
1010038.7686336234
1010038.7686336234
1010038.7686336234
1010332.8662352249
1010347.9176949702
1012828.899976314
1012832.0136920362
1013036.8477754261
1017903.4864263939
1018301.4919123771
1018302.6306741341
1019957.7851297763
1019976.3849051414
1019989.6704589735
1020068.0579772155
1020068.7841441331
1022049.1568548048
1029905.5072242301
1029922.7151796698
1029929.8008083802
1029929.8008083802
1029976.5615568579
1029976.5615568579
1029985.9137065534
1029985.9137065534
1029985.9137065534
1029985.9137065534
1029985.9137065534
1029985.9137065534
1029985.9137065534
1029985.9137065534
1029985.9137065534
1029985.9137065534
1029985.9137065534
1029985.9137065534
1029985.9137065534
1029985.9137065534
1029985.9137065534
1029985.9137065534
1029985.9137065534
1029985.9137065534
1029985.9137065534
1034030.2838499683
1034141.4203959382
1034167.6449239374
1034167.6449239374
1034167.6449239374
1034255.280067849
1034255.280067849
1034256.7654092711
1037061.8106800938
1037082.7209865601
1037414.804819719
1037414.804819719
1039350.3312219684
1039366.064838515
1039546.8253883357
1039547.5735603113
1039608.4505535647
1041343.8244485364
1041369.5703665217
1043058.238525661
1051667.2774089044
1051667.2774089044
1051693.056334477
1051705.9457972632
1051845.2103087585
1051845.2103087585
1058902.5680208437
1060210.9062569242
1060221.2486342345
1070082.8319287281
1085878.8713238947
1086003.0403655285
1086031.003293118
1086049.0969521466
1086129.839011606
1086129.839011606
1088388.8342667655
1088409.7940846125
1088419.575332941
1088442.8456818892
1088504.8999457513
1088504.8999457513
1088745.49774983
1106047.7063547245
1111315.1671391134
1111326.1806706958
1111349.0714323916
1111384.0099634014
1111398.4672865777
1111421.435065977
1111453.589957136
1111453.589957136
1111525.8765730178
1111773.7635525945
1111773.7635525945
1113038.0366598156
1115025.0548980357
1115045.6956425402
1115193.382590026
1115193.382590026
1115204.2420862017
1118291.353693106
1118308.6551700425
1118394.8214763254
1118394.8214763254
1121980.551196143
1122229.9070133483
1122280.5406520527
1122288.3304426225
1122288.3304426225
1122288.3304426225
1122288.3304426225
1122288.3304426225
1122288.3304426225
1122288.3304426225
1122288.3304426225
1122288.3304426225
1122288.3304426225
1122703.8959649752
1122707.350759098
1122730.670619427
1122755.7178768176
1122764.8829835192
1122764.8829835192
1123245.5999816626
1123865.8070431466
1124065.4589353525
1124065.4589353525
1124065.4589353525
1124106.05826756
1124106.05826756
1124106.05826756
1124106.05826756
1124106.05826756
1124106.05826756
1124106.05826756
1124106.05826756
1124106.05826756
1124106.05826756
1124106.05826756
1124167.7824555505
1124167.7824555505
1124167.7824555505
1124167.7824555505
1124167.7824555505
1124167.7824555505
1124167.7824555505
1124167.7824555505
1124167.7824555505
1124167.7824555505
1124167.7824555505
1135425.086071868
1135461.1303570475
1135565.3023021263
1135565.3023021263
1135565.3023021263
1135565.3023021263
1135565.3023021263
1135565.3023021263
1135565.3023021263
1135565.3023021263
1135565.3023021263
1135565.3023021263
1135565.3023021263
1135565.3023021263
1135565.3023021263
1135580.9478984405
1135580.9478984405
1143125.3160552878
1150398.4993772872
1150507.176858014
1150507.176858014
1150507.176858014
1150507.176858014
1150507.176858014
1150507.176858014
1150507.176858014
1150507.176858014
1150507.176858014
1150507.176858014
1150507.176858014
1150507.176858014
1150507.176858014
1150507.176858014
1150507.176858014
1150507.176858014
1150507.176858014
1150507.176858014
1150507.176858014
1150507.176858014
1150507.176858014
1150507.176858014
1150507.176858014
1150507.176858014
1150507.176858014
1150507.176858014
1150507.176858014
1150507.176858014
1150507.176858014
1150507.176858014
1150507.176858014
1150507.176858014
1150507.176858014
1150540.3604856394
1150608.801717617
1150631.6154616096
1150631.6154616096
1150631.6154616096
1150631.6154616096
1150631.6154616096
1150631.6154616096
1150631.6154616096
1150631.6154616096
1150631.6154616096
1150631.6154616096
1150631.6154616096
1150631.6154616096
1150631.6154616096
1150631.6154616096
1150631.6154616096
1150631.6154616096
1150631.6154616096
1150631.6154616096
1150631.6154616096
1150631.6154616096
1150631.6154616096
1150631.6154616096
1150631.6154616096
1150631.6154616096
1150631.6154616096
1150631.6154616096
1150631.6154616096
1150631.6154616096
1150631.6154616096
1150631.6154616096
1150657.4604023565
1150717.765264099
1150717.765264099
1150717.765264099
1150717.765264099
1150717.765264099
1150717.765264099
1150728.6027552166
1156209.6006234766
1156240.066626426
1156253.005600593
1156253.005600593
1156353.524706026
1156610.1366911423
1156610.1366911423
1160431.5240794932
1165949.1823745598
1165965.4881226171
1165970.5052758656
1170139.0994735595
1170139.0994735595
1173462.2373337205
1179104.642303196
1194975.0642960293
1195486.1207680376
1206548.250521474
1207957.129868046
1208098.8974549011
1208163.8123763169
1208190.57602824
1208401.4670038738
1208401.4670038738
1208750.054630613
1208750.054630613
1208790.4559172976
1208800.5562389689
1208800.5562389689
1208800.5562389689
1209006.7876435486
