3034.7879280912402
3034.7879280912402
3034.7879280912402
3034.7879280912402
3034.7879280912402
3034.7879280912402
3034.7879280912402
3034.7879280912402
16713.33284224079
16713.33284224079
16713.33284224079
16713.33284224079
16713.33284224079
16713.33284224079
16713.33284224079
16713.33284224079
16726.94746484151
16775.871555813203
16775.871555813203
17020.56580266407
17360.02741577496
17545.946340666622
55966.06080793265
55967.43518379139
94363.10144157014
94370.64206079511
94370.64206079511
176232.71124719357
176232.71124719357
266576.94858581363
266577.3544417719
266577.3544417719
266577.3544417719
266577.3544417719
276539.61931787245
280086.0348013798
280098.15513613407
280098.15513613407
284737.4300273197
284871.12728157855
284912.6998453059
287036.85307899007
287059.6132966509
287196.50666658126
287204.3378417764
287210.07978118624
288624.8106357833
292256.3590185409
294058.16576935514
295596.885619209
295623.40461648337
295705.2676080697
298020.43602612184
301646.62987742975
330210.2187817275
330233.09429937636
330278.84533467423
330278.84533467423
330278.84533467423
330278.84533467423
330278.84533467423
330278.84533467423
330289.08397362195
330289.08397362195
333831.6530495245
333874.1157291603
334539.8348007392
334539.8348007392
343520.01127377665
365261.0047112856
369491.1721845184
369527.0166448344
369550.50094642077
369551.7369622937
371397.49606859067
371409.3396833734
371459.6104782067
371459.6104782067
374696.82828949264
374696.82828949264
374722.13894289127
374750.16145201115
374750.16145201115
374907.45369584503
374907.45369584503
381225.15051452623
382165.36196189333
392034.9717675168
433272.6351492014
433272.6351492014
433272.6351492014
433272.6351492014
433272.6351492014
433272.6351492014
433272.6351492014
433272.6351492014
433272.6351492014
433272.6351492014
433282.6708601699
433310.2690653335
433310.2690653335
433310.2690653335
433310.2690653335
433310.2690653335
433310.2690653335
433310.2690653335
472667.0022323359
607539.629182427
607686.2999913525
607687.0563592748
608228.1269196647
648869.8692305968
649207.5229398934
702606.424899673
702633.2390649171
702646.1203795932
702646.7983435235
709607.6892280986
709610.8853437701
709743.4895541414
709743.4895541414
747598.3158515064
747602.3928590874
747918.5684865916
809247.6237633275
867291.6809136884
872746.8415810191
872757.8734838853
872772.2998184025
872772.2998184025
872772.2998184025
872772.2998184025
872772.2998184025
872772.2998184025
872772.2998184025
882270.2839262208
933901.2404357058
1014283.7571141694
1014325.2466619052
1074089.67648745
1074594.4229395732
1098568.1868116031
1186693.2406663059
