280000.98030612146
280282.10473722813
280307.83969458315
280317.9676455422
280320.48579728336
280323.0039490246
280325.5221007658
280330.55840424815
280331.8174801187
280333.07655598933
281966.95118006336
282000.65567259927
282001.68876049307
282008.9203757498
287354.90117830184
294848.2474081524
294859.7958549654
295083.3579199882
295083.3579199882
314901.17061515746
327924.81620861613
344977.65678396303
344995.5744021215
347121.6831236048
347121.6831236048
347121.6831236048
347128.8363348696
354130.8062992227
354860.572208219
354863.4777679203
354867.3518475222
354901.5959440027
354901.5959440027
356933.8965951273
356933.8965951273
356933.8965951273
360150.04679257853
360170.1366625137
360170.1366625137
360170.1366625137
360170.1366625137
360424.8205003379
360424.8205003379
365181.5999154467
370016.386690538
370035.48959257465
370073.69539664796
370073.69539664796
370748.3110153125
370798.78473812493
370871.72812262794
370871.72812262794
373550.82481127634
377059.1313427004
377062.5073263534
377750.4331756499
377811.223941402
377812.46456927445
377824.8708479994
377824.8708479994
377824.8708479994
377824.8708479994
377824.8708479994
377824.8708479994
392104.88045633177
401719.1422961993
401736.79703038477
401842.1719955545
401842.1719955545
419158.58834381175
426066.4320098389
440762.5408274055
440787.0213208895
440787.0213208895
443131.3375759459
443174.3398595262
443237.8194210019
443237.8194210019
445115.83485198364
445227.44524051255
445227.44524051255
452972.053204539
452972.053204539
453004.6692651868
453029.1313106726
453029.1313106726
453699.2732897969
453743.0872852938
453776.653417844
453777.82486572355
492111.4228338815
493901.2476099273
501132.08805075765
508835.4509030231
508835.4509030231
508835.4509030231
508835.4509030231
508835.4509030231
508835.4509030231
508835.4509030231
508835.4509030231
508835.4509030231
508835.4509030231
508835.4509030231
508860.2634604729
528151.611797751
528151.611797751
528151.611797751
528151.611797751
528151.611797751
528162.6529246162
550465.3141123983
550570.2832216098
550570.2832216098
553805.4440811072
627565.6275361994
627593.4240573426
627634.7475730955
627635.7806609892
634772.2872635149
669576.1467384516
669596.195100391
669695.8511861486
669696.6444500671
702404.133376464
702577.5999026356
707827.2729310858
707827.2729310858
707827.2729310858
707827.2729310858
707827.2729310858
707827.2729310858
707827.2729310858
707827.2729310858
707827.2729310858
707829.5973788468
711979.7328243052
711983.4823799198
712044.7251216255
712045.974973497
737749.8336157115
737749.8336157115
737749.8336157115
737749.8336157115
737789.1278516729
787437.3949889344
787459.4587946667
787550.0661373544
787550.5734573022
795346.4253480618
795410.4721854794
795411.7128133518
805526.0260898251
805579.5391203251
809363.763135391
818993.2491856938
819059.4728868875
819060.4275707894
873777.1807231231
873808.5423198998
873808.5423198998
875569.8926108722
875591.0386286988
875600.1012077674
875621.1319256059
875621.1319256059
889777.664470629
889838.9487203303
889839.9356882288
895548.2905175368
895554.7288688751
904346.1915453081
904427.5979489414
904427.5979489414
935791.9527013826
969514.4320354612
969514.4320354612
969514.4320354612
969514.4320354612
969532.5433575998
969578.3543488914
969578.3543488914
969578.3543488914
969578.3543488914
988929.0083880741
990418.3567830021
990429.314893876
994044.9841622656
1038955.7592664359
1048316.1997123905
1048338.5125660973
1048339.1305740337
1054108.3269010887
1054160.027415775
1054160.027415775
1054165.3035432326
1054166.6225750973
1054175.855798148
1054239.169327641
1054239.169327641
1060464.5569758094
1060566.7312133082
1060567.870377191
1066965.8805556179
1066992.4364488884
1067009.943599089
1067011.2903029507
1074453.9137620146
1085695.920878586
1111820.8320175256
1111886.027242825
1111887.194078705
1111888.360914585
1115949.9182971471
1126127.1438591545
1126162.010575571
1126162.010575571
1126166.4934391105
1153788.5841481735
1153970.319989495
1153972.293925292
1168512.701638861
1168585.4513193842
1168587.1623712084
1188617.4867805361
1197949.9508373663
1198058.554202204
1198058.554202204
1199572.470718607
1199669.534860631
1199669.534860631
1200874.5949927778
1200896.6772465082
1200991.310864782
1200991.310864782
1201007.7757030895
1201007.7757030895
