438.7395149073277
2991.896332499543
2991.896332499543
2991.896332499543
2991.896332499543
2991.896332499543
2991.896332499543
7687.197793926894
30542.136700947063
81782.46607457988
88597.37333815884
89072.83820529163
102030.25087355754
102784.64947202214
102784.64947202214
102800.77763436452
104462.20434360678
144529.45754558351
144654.0461007786
145285.47495588174
145287.10299171443
146577.88174705105
146579.96175883728
160131.79659800982
162486.09322004043
162486.09322004043
162486.09322004043
176232.71124719357
176232.71124719357
176232.71124719357
203758.8769781154
203823.7355274494
203853.79192836027
203853.79192836027
205463.77639488963
209267.21861198032
246969.64138500908
265965.70645263576
274830.2508735575
274830.2508735575
274830.2508735575
274830.2508735575
274830.2508735575
274830.2508735575
274830.2508735575
274830.2508735575
274830.2508735575
274849.87493154063
274866.0861098745
327515.36289069883
327803.5575170788
327803.5575170788
333824.2046702901
343570.42504059523
354218.7202341871
354218.7202341871
354218.7202341871
354223.70119367517
354536.67148150876
354537.28026544617
365211.0521444197
382029.1696158909
389948.2034019902
389955.99768118915
391086.8691889607
391086.8691889607
392061.5922287808
443131.3375759459
443230.16350178875
452415.3479657559
455751.9220828302
457079.8320463506
457081.0127182292
486253.7268479225
516717.0168049733
539004.200122346
539254.7239365978
542277.0594659689
542277.0594659689
567055.3220873142
571848.4625066858
571848.4625066858
571848.4625066858
571848.4625066858
571932.2394780753
571992.0801719251
639760.3861268492
702539.5970265414
725471.989853601
834319.8091144641
834411.8092810086
837658.7491872952
837658.7491872952
837658.7491872952
837658.7491872952
837658.7491872952
837658.7491872952
837730.9315918764
848056.8203466046
848104.0426097511
848104.0426097511
864429.7461158317
864433.9430354004
864542.6663122259
864542.6663122259
864549.5658635169
864652.505692937
864653.3358528516
864727.6351652152
882500.828558526
932998.2708845111
933212.6135624814
933212.6135624814
933869.3576829827
935709.8222138238
936983.7856188887
937014.547655727
957656.3032902132
1011999.9964128892
1025948.5093312921
1027944.7625941216
1027970.7881074469
1027971.7520153477
1031856.3700360954
1031949.9198344805
1031950.975982372
1032336.1517347844
1054160.027415775
1054160.027415775
1054160.027415775
1054239.169327641
1060832.8528099568
1060832.8528099568
1060832.8528099568
1060881.3064769767
1060889.857124098
1060889.857124098
1060889.857124098
1060889.857124098
1060889.857124098
1060889.857124098
1063291.601997252
1181803.3958408732
1186670.480448645
