279935.51297285006
280255.08303200535
280266.6637628151
280271.8107542861
280278.24449362484
280285.96498083137
280288.53847656684
280292.39872017014
280316.7085696716
280328.04025250697
281438.3975863869
281461.1393560496
281461.1393560496
282144.0519618613
282276.2180322776
282556.77057544305
286084.14772490703
286095.09199978225
286364.4281601004
287264.05401163886
287352.1893225805
287380.663807654
287450.55404847086
287475.01609395666
287717.4689090379
287736.5625870755
287776.1335430085
287780.93002251553
293883.32486732496
293899.7066896413
293922.9142712561
297413.2293925292
297439.47628183156
297482.59847739956
297571.0750763062
306658.74803429533
307020.4025891253
314829.99362647283
354136.75577861123
377824.8708479994
377872.71111908247
377943.9987957557
401876.9925919758
401892.3136544011
415032.9149438393
415032.9149438393
415093.5719616051
440792.62951231305
440802.4438473044
440803.14487123233
440814.36125407956
440823.8066291088
445107.6301048269
445110.9461324861
494782.2271473822
494801.42690140894
494834.3980860202
494834.3980860202
501037.49594047957
501148.838833036
501224.74312123476
501224.74312123476
526404.0144893652
526480.0571375497
526481.0441054483
546959.3458647339
550586.4113839522
668317.5182318107
668716.2440388305
700965.5584843176
702381.3132028095
702424.0387664182
702513.4516012287
711910.6450714059
771665.186769967
771682.6201281751
771739.8181462964
771739.8181462964
787376.5996111828
787386.4785141675
876359.6744697001
958670.0253980252
958704.2648825061
958704.6615144653
1009083.2433886667
1011478.6744344697
1039038.9643498842
1054239.169327641
1054239.169327641
1054239.169327641
1054239.169327641
1054240.5252555015
1054420.1441890406
1054420.1441890406
1054420.1441890406
1054420.1441890406
1054420.1441890406
1059005.9844537184
1070752.8210384045
1070805.9789449412
1070805.9789449412
1085712.9068728401
1085779.6286699825
1085779.6286699825
1126127.1438591545
1126162.010575571
1132652.5605244867
1132717.506701812
1132722.9626972512
1132722.9626972512
1144385.9577425544
1144456.9917592537
1144456.9917592537
