2991.896332499543
2991.896332499543
2991.896332499543
2991.896332499543
2991.896332499543
3034.7879280912402
3034.7879280912402
3034.7879280912402
56015.53833884746
58236.17921461491
58255.49426862976
58255.49426862976
97595.25988937606
97604.89896838539
97604.89896838539
103171.29645228342
105098.56342620321
105098.56342620321
105162.44423163767
105507.22809220156
105514.43203546116
105865.5804553709
106093.8836559064
156219.96316805936
156223.64354368107
156223.64354368107
156223.64354368107
156223.64354368107
156223.64354368107
156223.64354368107
156223.64354368107
156223.64354368107
156383.01579930115
157395.96770319223
157395.96770319223
160407.64951365825
160407.64951365825
160407.64951365825
160407.64951365825
160407.64951365825
160407.64951365825
160407.64951365825
160407.64951365825
160407.64951365825
160437.28622261225
170644.07931358073
176232.71124719357
176232.71124719357
176232.71124719357
176232.71124719357
176232.71124719357
184164.2988960026
184180.45011834262
184181.40019024498
204652.95920622363
204661.42683735336
237614.6938304898
239686.0119976043
260215.10109567016
260217.94208737818
260218.34794333644
260219.15965525302
260219.15965525302
260219.15965525302
260219.15965525302
260219.15965525302
260219.15965525302
260221.4425950184
260221.4425950184
260264.81845056033
273557.7264123448
273592.36714078445
273703.1704293964
273703.1704293964
273703.1704293964
273722.1441954463
273722.1441954463
275106.7494691396
275119.73685980483
275119.73685980483
353501.2545279266
353527.0309932774
353529.272425047
377062.5073263534
377062.5073263534
377062.5073263534
377081.09368444316
378048.36834502884
378170.47103247937
378273.1572019255
378851.76943845703
378910.8445403854
440827.3486447447
440830.8906603807
440849.1910744998
440849.7814104391
440854.34728996985
440854.34728996985
455613.3453330728
455621.0934922765
472433.1692443687
472445.7046590803
472548.60759250424
472548.60759250424
472548.60759250424
472548.60759250424
472590.91807615565
472590.91807615565
485448.4625066858
485448.4625066858
485525.05859481345
485541.8139890914
485541.8139890914
485553.7821278613
485553.7821278613
485592.0801719251
485592.0801719251
526322.5481297381
526355.0581143969
526355.0581143969
531055.5388512919
601823.8213618849
601857.4013304338
601857.4013304338
627527.2418641446
634623.3289028245
634707.6178061615
634707.6178061615
634707.6178061615
634739.1638829192
634739.1638829192
653147.3604309657
656208.4828763504
656208.4828763504
656208.4828763504
656208.4828763504
656211.9326519958
656255.0548475638
656255.0548475638
656263.6792866774
656263.6792866774
656311.9761457136
656311.9761457136
656311.9761457136
656311.9761457136
668216.3263502109
668332.6917102512
668332.6917102512
668332.6917102512
668332.6917102512
668332.6917102512
668350.3556684357
695300.5195545576
695305.1131060856
695332.3239032889
695332.3239032889
696198.5727142578
696217.2190283415
696217.2190283415
701259.324406125
715649.565415128
715676.711644338
721164.4007443255
721202.2560364348
721202.2560364348
721202.2560364348
721202.2560364348
721202.2560364348
721202.2560364348
721202.2560364348
721202.2560364348
721202.2560364348
721355.3236887029
721455.7315303831
721455.7315303831
737596.876651432
737708.2103199895
737708.2103199895
737754.7453952067
737970.2733570551
737976.5641244086
738030.035646913
738030.035646913
785780.0452872731
785780.727863203
785791.6490780805
785792.3316540103
849495.999410689
849539.9056461764
849547.5892373867
849548.6868932738
849554.1751727099
849554.1751727099
849561.85876392
849561.85876392
849561.85876392
853620.7873067524
853620.7873067524
853620.7873067524
853620.7873067524
853620.7873067524
853620.7873067524
853620.7873067524
853620.7873067524
853620.7873067524
853620.7873067524
853620.7873067524
853620.7873067524
853620.7873067524
853620.7873067524
853638.2022169626
864420.8357327475
871388.0727286703
871396.111443844
871396.4942398047
879235.3714741424
879235.3714741424
879235.3714741424
879235.3714741424
879235.3714741424
879235.3714741424
879244.8768051654
879276.561241909
879277.6173898005
879298.7403476294
884259.2963497945
884351.2550083433
884351.2550083433
884355.1429239437
887891.1721845184
887891.1721845184
887914.6564861047
887922.0725813425
887923.3085972156
887965.3331368964
887965.3331368964
887965.3331368964
887965.3331368964
887965.3331368964
887965.3331368964
887965.3331368964
887973.2104320867
888692.5532221543
888717.3196596089
888727.2262345906
888727.2262345906
888737.1328095725
888737.1328095725
889628.6968859395
939540.678156097
939540.678156097
939568.0872692799
956950.5151667526
956950.5151667526
956950.5151667526
956953.8588664089
956955.3300942577
956955.463842244
956958.5400459279
956958.5400459279
956958.5400459279
956958.5400459279
956959.5085658283
956962.4141255297
958035.2712912638
958060.789484641
958060.789484641
969360.3497432974
1002640.6490108222
1006460.2931822476
1006560.7794279199
1019647.789282866
1019699.9417735059
1024744.9711589891
1024770.2080203953
1024910.698749956
1024912.2022618015
1024942.2724987109
1024942.2724987109
1029305.2609462927
1029312.234289576
1029317.215249064
1029351.0857735828
1029373.5554352734
1029708.9123688062
1029710.033084691
1030735.9124232534
1030850.2438915027
1031024.5544135874
1031024.5544135874
1042079.6786973664
1042088.2339564872
1044408.3464380311
1044411.1643697415
1044411.3811337191
1054160.027415775
1054160.027415775
1054160.027415775
1054160.027415775
1054239.169327641
1054239.169327641
1054239.169327641
1059230.4596946472
1059246.6016929883
1059272.4288903337
1059272.4288903337
1059272.4288903337
1059272.4288903337
1059272.4288903337
1059272.4288903337
1059272.4288903337
1059296.4205118679
1059296.4205118679
1059357.1052016309
1059357.1052016309
1059357.1052016309
1119741.2770754797
1119815.3826838634
1119826.7835466918
1119826.7835466918
1124049.0414407374
1126162.010575571
1129980.8015270843
1131204.014489365
1131230.4181866515
1131231.0315825886
1133416.390661982
1133438.583603701
1133438.583603701
1140249.4461436959
1140277.2380528394
1140284.4696680962
1140290.668195459
1140386.1734816432
1140387.0774335505
1140481.1161038855
1140615.4267540812
1140615.4267540812
1199944.2993443916
1204553.1857707005
