565197.0091183074
565237.8991061049
565659.3436227897
565684.0408802514
565685.4936601021
566228.6119482815
566265.083640533
566318.2138750724
567148.097069779
567565.3354428961
567621.564941117
587150.2191020052
599055.809934375
599982.6604191154
599990.0534543556
599990.0534543556
599990.0534543556
599990.0534543556
605972.4071755026
606010.0041956385
611093.8204971352
611093.9957531171
611093.9957531171
611093.9957531171
611093.9957531171
639997.5812624708
649222.2444423804
700947.9083621317
702530.5990154663
711930.8087333335
715740.0805178251
715740.0805178251
715740.0805178251
715740.0805178251
715750.3376047709
747140.8101105279
752337.4728164264
756020.8600738561
756339.8813050677
756339.8813050677
775043.9007267102
792713.0612467132
793439.9861640014
834866.1650263108
835729.4575455835
835729.4575455835
835729.4575455835
835729.4575455835
835729.4575455835
835729.4575455835
835729.4575455835
835803.3417779899
851414.2360895369
851424.7376124575
851424.7376124575
851424.7376124575
860044.8598945005
874218.4383897716
874227.7915248104
874756.5480464658
874756.9907984204
881176.2300106653
881200.6367121568
881278.3950241649
881345.061477313
881345.061477313
881603.7623667244
881603.7623667244
893453.7278728113
893818.2372553479
893818.2372553479
916404.9514939355
916495.3835806411
916702.5499873491
916702.5499873491
935749.6698897283
946251.690906354
947980.2498806965
954924.440714988
957679.2018678598
957720.1887076474
957720.1887076474
966081.444068296
966411.5709943663
966411.5709943663
966619.7335929718
969397.3794874916
969423.2989248276
969475.1377994997
969475.1377994997
969475.1377994997
972775.5769002879
973450.9534988742
973678.6248554746
980568.8968033079
988814.8752358046
989527.6782105442
989610.9432499864
990010.6099049096
990010.6099049096
1008380.5822008846
1008487.2761979188
1008529.4575455835
1008778.5885359783
1008780.0367038295
1012378.1711500213
1012633.2147238085
1012634.999567625
1014112.9286517268
1021198.5280034846
1022651.5292301483
1023538.1953630188
1023941.0904176102
1024360.6071184932
1024391.9687152699
1032634.5896121117
1034887.864996525
1037223.8058604422
1054160.027415775
1054160.027415775
1054160.027415775
1054160.027415775
1054160.027415775
1054239.169327641
1054239.169327641
1054239.169327641
1054239.169327641
1054239.169327641
1054239.169327641
1054239.169327641
1054239.169327641
1054670.0223233588
1054935.0185921232
1059256.286891993
1075184.7681028987
1075231.6998100753
1122161.1932267663
1124172.2648440727
1126127.1438591545
1126162.010575571
1126453.0646416573
1147474.9827850712
1147848.4855666836
1161263.9389678729
1162250.1228265152
1171859.8233988516
1171931.9135634422
