2991.896332499543
2991.896332499543
2991.896332499543
2991.896332499543
2991.896332499543
2991.896332499543
2991.896332499543
58516.865505766604
58523.39609709541
59626.84465568541
59626.84465568541
59650.504213253735
59711.74234295981
63965.75846574149
68619.27521146338
71427.34646685605
96506.62507326354
176232.71124719357
215484.18474901436
215519.18060141755
215520.45812528624
216362.0880827854
216390.4472678707
216427.53235605918
216429.71383183496
217155.99768118912
217155.99768118912
217173.1727674239
217194.02822928043
217194.02822928043
227677.16771984665
227677.16771984665
227677.16771984665
227689.2419346057
237538.91406627826
237587.60294527412
260264.81845056033
260264.81845056033
260264.81845056033
276557.3063360546
330306.14837186807
347021.2291619292
368642.7994837123
373657.16368434706
373691.76290479105
377911.58105108753
384511.2555207876
384511.2555207876
384511.2555207876
384511.2555207876
384511.2555207876
384561.0651156683
384577.6683139619
384577.6683139619
392946.51041383087
392946.51041383087
392946.51041383087
392946.51041383087
392946.51041383087
392946.51041383087
392946.51041383087
392946.51041383087
393012.09304709046
393033.95392484363
393033.95392484363
393033.95392484363
579717.9910898731
700985.316290287
700986.4785141675
700986.4785141675
700986.4785141675
701004.2992803359
701004.2992803359
707896.8449439354
771811.6269789161
771828.0272492304
771828.0272492304
771836.1305323977
771850.0218749699
775026.4489205038
785024.1201169654
785024.1201169654
785036.7016516723
835948.177011104
867587.6744312668
867588.9104471398
869173.9624442316
941570.7881074469
941622.4425021379
941622.4425021379
998768.6263607801
1005040.7474001454
1005043.6160638506
1016639.4281120588
1017390.5844748566
1017390.5844748566
1023327.6114646621
1023506.0589503217
1023538.1953630188
1023583.4390783687
1023648.8095596501
1042453.0431189928
1054160.027415775
1054160.027415775
1054239.169327641
1055431.002245147
1074534.6145297203
1098550.8364693862
1124146.253166746
1128412.5741042632
1128813.5505670516
1128813.721211034
1128829.3143814316
1128861.709066102
1128861.709066102
1128878.8472563408
1128886.5954155445
1128915.5126525722
1128915.5126525722
1135421.8909838612
1135421.8909838612
1135421.8909838612
1135421.8909838612
1135421.8909838612
1135446.9110812896
1147420.7456706455
1147424.3614782738
1147474.9827850712
1160771.9446944392
1181590.1738787878
1181626.3780750667
1199271.9436054947
1199477.569604361
1199690.1274385145
1199721.5582152843
