2991.896332499543
3034.7879280912402
56007.29208369499
156144.15573185065
156156.16999061586
156174.57186872457
156175.79866059846
174801.25728231523
176232.71124719357
225741.23479881755
225823.66967834506
260219.15965525302
260219.15965525302
260235.90121353237
260236.66219345416
273480.4108522911
273489.11830739613
273513.0638089351
273514.3044368076
273515.5450646801
302018.28324723203
377953.82235474605
377953.82235474605
377966.3577694577
378012.3209567337
378012.3209567337
378039.58709793136
440807.3510148
440817.9032697155
440818.49360565486
443221.7419906543
455674.3713108007
472150.1308334588
472150.1308334588
472171.8533512262
472269.4893811913
472399.74147180433
472401.1342956612
481322.014290793
481389.1650038914
481422.74036044057
485448.4625066858
485592.0801719251
485608.1437662741
485608.1437662741
527135.6251981718
527149.8117087139
527150.2360126702
531058.5458749828
531074.5910213337
531075.3796732527
533357.6553106855
533365.8554458427
533385.7700597958
533385.7700597958
533385.7700597958
533395.0401788431
533395.9671907477
546583.3756633752
546609.1382927274
546609.1382927274
550550.43317565
550550.43317565
550550.43317565
550550.43317565
550606.2614299121
557914.4773867897
558086.3204891282
558086.3204891282
567039.5674969334
571416.0368191296
571458.4948867658
571460.2059385899
613351.0806491389
613367.3979034618
613367.3979034618
617631.0484932534
617655.7734227122
617655.7734227122
632593.1128754856
632620.5957806611
632621.6796005496
653152.0462224841
656208.4828763504
656289.5526040182
656289.5526040182
656311.9761457136
656311.9761457136
658481.322362753
660715.5594131231
660740.8101105279
660747.5436298358
668162.6980197227
668247.7202309844
668302.3447533702
668302.3447533702
700064.493688927
700076.6693676757
700076.6693676757
704426.3844806215
704458.138097358
704458.9820932713
737729.8544337649
739811.4342998249
834540.0228678309
849561.85876392
849561.85876392
849572.4848108279
849572.4848108279
864431.5447956468
864442.3368745376
864463.3214723809
864463.3214723809
864465.7197121343
867362.1614904444
887891.1721845184
887891.1721845184
887949.2649305478
887949.2649305478
887965.3331368964
887965.3331368964
888692.5532221543
956950.5151667526
956957.6038100241
956957.6038100241
956958.5400459279
956958.5400459279
967409.3863158132
967456.576294963
967457.6093828569
969277.2830198348
969277.2830198348
969287.2910588061
969326.3224107947
998753.2176703637
1006565.5759074269
1007240.6711740422
1007294.2487725355
1007706.8659221277
1007706.8659221277
1054160.027415775
1054239.169327641
1054239.169327641
1059043.028033911
1059088.8390252027
1059233.6880943154
1059235.3022941495
1059450.0831120748
1059514.005425505
1059514.005425505
1059514.005425505
1059514.005425505
1059514.005425505
1059514.005425505
1059514.005425505
1059514.005425505
1059514.005425505
1059514.005425505
1059514.005425505
1059514.005425505
1059514.005425505
1059514.005425505
1059514.005425505
1059514.005425505
1059514.005425505
1059514.005425505
1059514.005425505
1059592.1004134787
1059603.754936281
1059603.754936281
1060949.8776859294
1060956.5466372438
1060956.5466372438
1060956.5466372438
1060956.5466372438
1060956.5466372438
1060956.5466372438
1060956.5466372438
1060956.5466372438
1060956.5466372438
1060957.6166211339
1061020.7456706455
1061025.265430181
1061074.9827850712
1063209.4622856942
1063466.327599294
1069312.1292384758
1069321.0073375632
1069357.788033783
1069357.788033783
1083041.290847423
1083107.9111805758
1083107.9111805758
1085792.2517126852
1085812.0879226464
1085812.0879226464
1126051.696158909
1126078.0952441958
1126078.0952441958
1126127.1438591545
1126127.1438591545
1126127.1438591545
1126162.010575571
1126162.010575571
1126162.010575571
1126539.1245528122
1126549.8751237073
1126649.2498774938
1126650.0016334166
1126655.2639248758
1160889.4261583646
1190035.2523308212
1190039.089514427
1190069.298111322
1190069.298111322
