3034.7879280912402
3034.7879280912402
3034.7879280912402
7779.345544456151
7970.64206079512
7999.688433809799
7999.688433809799
8049.461132694273
10687.478741564684
14886.593621988986
16876.5976254608
16899.551547101648
25634.637141328956
59802.617181619906
62984.952198546576
63016.05552334985
63016.05552334985
82900.05963571608
88126.17918258713
88157.59612335818
167732.98060077697
167732.98060077697
167732.98060077697
167732.98060077697
167801.36732974832
174806.40427378623
175547.8293175842
175560.37395629488
176270.2990433304
205940.3527539082
205955.50317235108
280830.92345682177
280834.3409484705
301980.50174711505
360451.28415361803
360451.28415361803
360451.28415361803
360451.28415361803
360488.73358976905
368625.47220149316
373557.3507906056
377886.7131496434
377894.8810008039
381827.4868766194
514360.926115127
531088.7867558748
608397.8715622188
702550.9978893696
711967.5018015623
835852.5979329274
835852.5979329274
835852.5979329274
835852.5979329274
835891.6984649088
883986.099945873
884001.3010963107
884061.9996220723
891041.6290607215
891054.9116193563
891112.9444093918
891169.9256635355
891175.4231669705
891581.74032521
891583.6865890101
891660.3749171281
891664.2028767347
919613.4642201718
919875.1582972754
919875.1582972754
923740.7979399735
941706.4915814995
1006640.7791716978
1054239.169327641
1104116.0071614103
1104116.0071614103
1104116.0071614103
1104116.0071614103
1104116.0071614103
1104134.6673114924
1124102.8542512066
