395.5896473421751
1758.8044672339852
2005.9430738336282
2012.3998731700128
2012.3998731700128
2023.0074720797872
2991.896332499543
2991.896332499543
2991.896332499543
2991.896332499543
2991.896332499543
2991.896332499543
2991.896332499543
2991.896332499543
2991.896332499543
2991.896332499543
2991.896332499543
2991.896332499543
2991.896332499543
3034.7879280912402
3034.7879280912402
3034.7879280912402
3034.7879280912402
3034.7879280912402
3060.3568534633228
10722.898897924279
14761.98661879582
14767.714722207096
18674.8715846382
23891.17218451841
23891.17218451841
23891.17218451841
23934.43274007219
25457.674719516763
25457.674719516763
26367.428522014292
26380.821768637765
26637.770098229186
26637.770098229186
34372.58678726191
55744.131390742055
55870.108157794435
56004.5433319775
68724.11057268865
71459.11391959105
81315.09526661522
81332.98060077698
81526.68458086853
81526.68458086853
81830.43086965015
82397.37935938046
82397.37935938046
88575.06048445211
89056.56707096394
102857.92030849152
102891.81850500754
103138.29298367545
103138.29298367545
104313.01077094056
104390.67223095869
105512.46732366309
105514.43203546116
105868.7212270481
105868.7212270481
106070.0857383523
106114.50851778663
106192.51126576967
143325.37515733644
143376.64214406733
143505.04021087085
144320.92137501642
144320.92137501642
159972.8670943442
159989.5256366321
159995.25374004338
160116.16191961672
160117.2042315096
162070.73654272984
162426.22946619306
162486.09322004043
162486.09322004043
162486.09322004043
162486.09322004043
162486.09322004043
162486.09322004043
162486.09322004043
162502.2536663795
162502.2536663795
165958.6659791371
166591.37235810896
166633.94111373386
166633.94111373386
166643.0728727953
176232.71124719357
176232.71124719357
176232.71124719357
176232.71124719357
176232.71124719357
176232.71124719357
176232.71124719357
176232.71124719357
176232.71124719357
202884.44186798792
202884.44186798792
202884.44186798792
202907.06372566288
203391.6557398576
203391.6557398576
204275.3748050309
204275.3748050309
204351.50969320594
205398.1107456386
208494.9623513511
209169.8961979829
209247.61761399487
209247.61761399487
209284.5136102028
209316.79760688468
209316.79760688468
209316.79760688468
210062.0828942859
210062.97301019443
210089.6764874499
211075.69892610871
211076.56137002006
218719.74224047092
218747.4142376269
218747.4142376269
218747.4142376269
218747.4142376269
218747.4142376269
218747.4142376269
218747.4142376269
219161.5948550583
219161.5948550583
220651.80108189824
221049.3923370347
221082.93079758767
221118.0742339757
221119.2456818553
221153.21767036372
221153.21767036372
221153.21767036372
221153.21767036372
221459.8233988515
221459.8233988515
221459.8233988515
221459.8233988515
221520.1437406519
224279.2032770819
224280.92816490462
224369.75527577515
225036.8026032175
225036.8026032175
225560.64734537792
225560.64734537792
225578.52345554065
228308.08925500195
235189.9996476945
237312.93531350387
246937.74479628733
260219.15965525302
260219.15965525302
260219.15965525302
260219.15965525302
260219.15965525302
260264.81845056033
260264.81845056033
260264.81845056033
260264.81845056033
260272.68190975214
265908.10719055566
265911.56619020016
265911.56619020016
265935.6408277258
265935.6408277258
265947.8165064744
277854.54189072765
278482.6777781692
278487.97235362505
278637.1705382908
278638.1528941898
278650.9235208773
278650.9235208773
279861.3612444712
287509.4677304158
297701.15652293665
297723.1004166813
302099.4728868875
302294.15461087856
302294.15461087856
302633.2195920302
302633.2195920302
312575.0164142345
314919.84921323776
316418.9519871633
326315.1084620583
326449.3176482646
326449.3176482646
327494.8394928082
327494.8394928082
333742.2724987109
333850.8297435536
343606.2879489093
343737.2595114483
343738.67078330327
343772.54130782216
343772.54130782216
354141.51536212204
354141.51536212204
354141.51536212204
354142.0780260642
374920.570222497
374932.5937052612
375104.3814636052
375104.3814636052
375774.92929868784
375783.00952185737
376226.9790442271
376226.9790442271
376894.1047756614
376895.8711714799
382100.6556085437
382116.7976068847
382116.7976068847
384511.2555207876
384511.2555207876
384511.2555207876
384511.2555207876
384511.2555207876
384511.2555207876
384511.2555207876
384511.2555207876
384511.2555207876
384511.2555207876
384514.57616044633
384535.60687828483
384535.60687828483
384553.3169564646
391117.5020898123
391135.65491994657
391135.65491994657
391210.092592296
391210.092592296
391556.744312668
391558.077180531
391608.7261593254
391988.7134122711
414061.83999564423
414151.7693744015
420770.0809341861
421894.1451306573
427640.4567160642
430273.26737746975
431508.1025785561
431698.65195097186
431698.65195097186
431698.65195097186
431740.5058466702
431741.77414653986
431774.7499431507
431812.05179531686
432130.88854654756
432446.5337941063
432447.13335404464
443131.3375759459
443131.3375759459
443131.3375759459
443131.3375759459
443174.3398595262
443276.18664505857
447725.23500379524
452021.215710264
452393.95751195436
452394.81995586574
457077.4707025933
457134.1429527686
457904.75272956706
457904.75272956706
458037.90115588234
470607.4169920155
477531.11671241303
477905.35280194983
481562.9543700297
482211.1247834122
483493.0023796637
483493.0023796637
483511.9761457136
483511.9761457136
483511.9761457136
484526.9296573989
484529.03272918274
486036.7414942238
486108.99307879794
486108.99307879794
490166.39966178674
506652.1995074128
513895.183342995
514174.7350822633
514174.7350822633
514429.2344401065
527293.2956259669
527298.1382254692
527309.2762043244
527309.2762043244
527309.2762043244
536667.2815145295
542309.7124226129
542365.3331368964
542365.3331368964
542489.857124098
542489.857124098
542489.857124098
542892.5538627098
542892.5538627098
543703.1635113971
543703.1635113971
553167.7613546468
553661.8725358631
553663.6112596844
556865.270554625
565170.2733570551
565745.0576339802
565746.5104138309
565746.5104138309
565746.5104138309
565746.5104138309
566564.0150018096
566945.6487385861
566945.6487385861
576745.2806754017
576826.3780750667
579681.0997056647
587187.3272501914
587377.4477066512
587377.4477066512
592451.5557491457
599074.3317244714
608768.9945520756
608776.1892713361
608776.1892713361
608799.1570289755
639402.2551396571
639780.3099648015
639867.6427878255
639867.6427878255
640166.1959651409
640166.1959651409
640248.1050767225
640268.5823546179
640268.5823546179
640268.5823546179
640268.5823546179
645775.8586165922
645850.946580875
645851.9935047673
649229.6051936239
649229.6051936239
649229.6051936239
649258.9282866102
649474.783700425
649474.783700425
653212.4818642727
653224.3347030545
654591.1099865804
654591.1099865804
655631.7984556208
655683.0239343559
656107.0142747791
656107.0142747791
658713.075338934
658871.1470106877
660186.885907459
660186.885907459
662184.2276021766
690662.093271285
700971.9507156607
701037.3949889344
701037.3949889344
701037.3949889344
701037.3949889344
701037.3949889344
702520.706276483
704491.053937975
709360.5782934962
709420.2437313639
709580.958078846
709580.958078846
711479.9765556691
711512.3758523392
711866.4159959517
712510.9244817105
712512.1420495854
713082.0929510072
714481.2260232073
714482.5266070736
714615.0754734506
715507.7510417034
715507.7510417034
715531.4797792647
725503.9279503184
725517.9807128742
725517.9807128742
725517.9807128742
725517.9807128742
725606.5311037732
725606.5311037732
725606.5311037732
725688.9936552979
725773.9466865666
725773.9466865666
726748.7758023757
726750.5191381966
748075.9391344173
748305.0402108709
748305.0402108709
748305.0402108709
748305.0402108709
748635.9972968558
748671.8371451723
748822.4419896934
748824.0008455332
749716.8655057666
749716.8655057666
749726.6613927598
749814.8243756986
749814.8243756986
749814.8243756986
749910.2927658865
751087.9345608512
751087.9345608512
751116.2384019422
752026.3980603981
752223.0398841875
755330.2823248322
775333.4974009461
775527.9208529637
776847.930461296
776848.9404891923
777307.5300500594
777307.5300500594
790845.4781586592
790845.4781586592
790864.0460687508
793486.6780472025
793533.9049223487
793545.7116411352
793611.5709943663
793648.9281905268
795059.5082455506
795059.5082455506
795553.4211107873
796354.599220444
796362.4442316376
796581.3666251373
796582.3674290344
796903.0997120703
796991.9821669352
796991.9821669352
796991.9821669352
797181.5999154466
797181.5999154466
809206.2356795813
834021.7079131022
834451.6661809122
854790.1505625679
864684.8819296093
864695.6740085002
864736.7669242767
864741.3328038075
864780.3503197973
865219.0437147093
865252.2962312918
867434.214759039
867672.5167745468
867672.7335385246
867918.6315172517
867919.1203892014
867928.8978281965
867933.2976757444
868110.5552655263
868111.0994814703
868166.9231237329
868170.1699713992
874261.6067053349
874261.6067053349
874261.6067053349
874261.6067053349
874261.6067053349
874261.6067053349
876380.1886435917
881663.2802206073
881675.2114633811
881675.2114633811
882247.2654365867
882247.2654365867
916720.4260975118
918877.1677198466
918934.0890179963
920253.3145864094
920254.7074102663
920709.8840914841
920757.0279506388
928317.5341175868
933278.6066636987
935723.9902763676
966654.5726373912
967062.9144634226
969578.3543488914
969578.3543488914
969599.1498547541
970278.4927729327
970738.2952896752
970739.591261542
971317.216530175
971317.216530175
972414.614145387
972415.7302492722
989996.4141703686
990043.7332855052
990091.0524006418
990176.0054319105
990176.0054319105
990276.7315015581
990688.6752992196
990690.1511390678
995867.5818069429
995867.5818069429
1004775.4744114096
1004814.9070073568
1008936.4572797529
1009014.8243756986
1009014.8243756986
1009014.8243756986
1009014.8243756986
1011671.7742426231
1011903.7393707824
1011903.7393707824
1023999.0724756509
1032350.3059613296
1032566.1844351422
1032581.860621531
1032651.690906354
1032651.690906354
1034696.2825362154
1034701.0282837277
1035648.0009223999
1035650.3161461619
1049075.9343943067
1054160.027415775
1054160.027415775
1054160.027415775
1054239.169327641
1054239.169327641
1054239.169327641
1054239.169327641
1054239.169327641
1054965.4670129935
1060641.3625896377
1060691.1721845183
1060691.1721845183
1060708.4764067398
1061995.9806424133
1063250.8319214422
1074178.0055023718
1074485.1646708027
1075231.6998100753
1075264.112942744
1075301.1565229367
1075301.1565229367
1075418.882422837
1075419.9247347298
1097906.5309116065
1097930.2089171729
1097930.2089171729
1097930.2089171729
1098382.397022698
1098382.397022698
1098424.9288823267
1112541.5215114546
1118551.5057217618
1118699.979822502
1118699.979822502
1119256.2238613327
1119257.6443571867
1119273.2698115807
1119639.8361459058
1126127.1438591545
1126127.1438591545
1126127.1438591545
1126472.1721556934
1139066.9940332256
1147892.5532221543
1147973.4569178391
1160364.599060305
1171909.8451457105
1176920.2568627512
1177046.182897809
1177046.182897809
1179773.1798135343
1181072.1079720333
1181072.1079720333
1181072.1079720333
1181072.1079720333
1181095.6107216177
1186306.5429540498
1196384.4444942656
1196468.493573627
1206755.0696443957
1206771.1747467404
1209140.1283032647
1209356.9937449757
1209358.2620448454
