699705.2097018533
699722.873660038
699818.7202341871
699819.2183301359
707958.7149175765
707962.718133165
708360.8628282447
708361.7667801518
709860.9617940679
726771.4391680465
731681.9180793584
731729.7122304463
748838.0305480913
752314.8878547477
775257.2887207787
775309.5057794119
780833.2514916937
780904.0364604185
781237.041274193
781237.2764861688
790986.3286241828
791393.9186942917
791487.6760326555
792533.0549052139
792533.0549052139
792636.7557145556
795479.9427343392
798819.3855151187
821062.1921730525
821062.1921730525
821125.45958255
860013.6089857124
864273.5838118816
864718.5034061539
864754.9889344039
873731.4112398272
873731.4112398272
874077.6709402393
874106.6250732635
874119.9537518936
874139.1304459227
874958.1108737497
875458.323730339
875483.6067117404
906708.9604104679
906708.9604104679
906756.2287936098
945828.0326298967
955308.4588555195
968075.2114633811
973579.3377296792
988811.3332201686
990340.1695550381
990352.857165734
990363.7322606164
993950.4335599832
996010.0925922961
996010.0925922961
996010.0925922961
996010.0925922961
996010.0925922961
996010.0925922961
996039.4249092813
1005168.3245310334
1022813.6732974835
1032156.0854372912
1032242.4220684177
1033728.685035663
1042085.1024088089
1063396.7186904482
1160177.397999545
1161609.5622123505
1161678.0042853162
1161750.9522818187
1170751.2278487904
