23898.648369868348
201596.72674760656
272712.2829483721
283662.120890288
285050.15594556805
285066.4396885673
293647.4276239886
293990.0628825098
294884.0238693755
294896.41821835435
333536.20000152814
336349.9537740967
375456.48484478024
378559.132022708
378605.0125688613
378622.81466086995
378623.8929087172
378623.8929087172
378728.1748790868
378728.1748790868
389603.73474736203
406399.4254234827
406458.83908037195
519234.2942718083
626834.6109001444
707106.4882830706
737911.5231626158
737926.1345211989
737926.1345211989
737927.9609410219
737929.7873608448
737929.7873608448
755707.9378662735
755769.8160896706
755771.4884740869
782033.7441453557
807930.8148748081
807945.6352814431
807980.2492378457
807981.5805438611
838037.6347618792
871075.3743534104
871081.9758708426
935110.9956524728
935115.4626792687
935115.4626792687
959956.4226499286
965760.0531788905
965765.1418485778
965776.3369218897
965779.3901237021
965780.4078576395
965781.425591577
965783.4610594519
965784.4787933894
1026182.1193621589
1026243.5134742778
1048817.1162676977
