403360.774455795
403695.8839844436
403777.8308208345
403824.63557942834
403847.2017665172
453095.7210858885
453156.32301591546
453203.897951543
453209.97134758055
453695.9695596696
453931.8912889004
453996.4816357093
457390.61881585285
457642.8242880829
458165.3674004233
458527.24058099464
471901.298756867
473359.87102590944
473439.01221739163
473459.14684555965
473468.20742823527
474151.381963493
475268.1606674868
475271.13135033124
476024.77708417695
476028.98555154
476232.3673010949
476234.1277057435
478534.2284094469
479003.3762482904
479003.3762482904
484773.6306053683
484781.11232512473
487414.4796338603
492384.7566072479
492527.8004874732
492527.8004874732
492530.3035628329
496764.27478816314
497006.52847286424
497063.7636290008
497065.447015946
498546.2663987347
498563.5128630261
498563.5128630261
500065.39108642336
500069.89662207075
500107.3932410853
500107.3932410853
500116.09624156664
501391.8944979714
501428.05981097044
501428.05981097044
501430.91496725986
501431.86668602296
501432.8184047861
501433.7701235492
501435.6295509593
502501.758112455
502559.2188204372
504958.8979133398
504967.0342835749
504970.6651181626
504971.3912850801
504972.11745199765
504972.11745199765
504972.8436189152
504973.5697858327
505001.8902956166
505001.8902956166
508917.75089968595
508926.2613559089
508927.4771353693
508929.90869429015
508931.1244737506
508931.1244737506
508932.340253211
508933.5560326714
509111.9950488619
509113.342858671
510077.49998089834
511351.78538955824
511396.21910314105
511506.5194569029
511506.5194569029
511617.42494976276
511665.41798149433
511666.0561281795
511678.8190618816
512772.0413511717
513395.0595588292
516859.04079340457
516864.7346021898
516870.42841097503
516873.84469624615
516876.1222197602
516878.3997432743
516880.6772667884
516882.9547903025
516886.3710755736
516887.50983733067
517001.85362051975
517102.47174871445
517102.47174871445
517411.8848707585
517412.57803008886
518014.1413060919
518018.9274062302
518024.67072639614
518029.4568265345
518041.900686894
518042.85790692165
518043.81512694934
518045.72956700466
518046.6867870323
518049.5584471153
518196.94832631666
518570.2971446909
520385.97849922447
520402.1742219913
520427.8541248023
521743.96564765926
525610.4854101881
525612.1577946042
525613.8301790203
525614.6663712284
525615.5025634365
525616.3387556445
525616.7568517486
525617.5930439567
525618.0111400607
525618.8473322687
525619.6835244768
525620.5197166849
525622.6101972051
525637.8597024733
525773.201812361
525773.201812361
526797.4327432209
526840.8982342469
526865.8629726694
526905.7801480758
526979.0514903078
527469.1646482629
527473.290596658
527474.6109001443
527476.0962415666
527477.5815829888
527478.5718106036
527480.0571520259
527480.5522658332
527486.4936315222
527487.483859137
527488.9692005592
527493.425224826
527494.4154524407
535438.8905783204
535450.833823608
535456.3460906638
535458.1835130157
535472.8828918313
535473.8016030074
535478.3951588871
535482.988714767
537165.6880018949
537178.7590064105
537489.7234850511
538301.2865318347
539232.8926718573
544028.9611014754
544041.2839340154
544042.8242880829
544044.3646421504
544045.9049962178
544045.9049962178
544048.9857043528
544050.5260584204
544052.077415017
544053.6287716135
544053.6287716135
544056.7314848066
564065.4687153783
564077.527487221
564508.2544946095
564632.7151032634
564632.7151032634
583741.0603687376
583854.9805545581
583854.9805545581
595545.4647422428
607226.6352890838
607227.5099901436
607231.8834954423
607232.7581965021
607234.5075986217
607235.3822996814
607236.2570007412
607237.1317018009
607237.1317018009
607238.8811039204
607240.63050604
607243.2546092193
607244.1293102789
607245.8787123985
607250.2522176973
669041.3135797187
669060.8375675243
669131.8203837132
669199.0018261143
669200.5916915624
757885.5584165527
757891.8628657004
757892.913607225
757895.0150902743
782039.9825793289
782045.0437426936
819602.3031960819
819934.8986468418
917525.8515117017
917529.0642501853
1048381.03102866
1052456.626349529
1052458.5958022296
1052496.0484111279
1052496.6920590773
1052497.335707027
1052497.9793549767
1052497.9793549767
1066910.9018253502
1072359.2496886437
1145571.8494181647
1146271.4452280349
