83550.91710664048
83571.24978033145
83576.33294875419
83579.7217277027
95986.53657194813
95996.00974946324
95996.91195684564
95998.26526791923
104479.02566492715
203537.7214067956
203701.1199657699
203702.62731225026
203747.84770666037
203759.90647850305
203761.41382498338
203761.41382498338
203764.42851794406
203765.9358644244
203767.44321090472
203770.4579038654
203771.96525034573
203773.4725968261
203774.97994330642
203774.97994330642
203783.82597666548
203800.0437044904
215744.48826778933
218688.930080456
249933.56000580688
250017.4872974274
250018.45551998413
269105.0267804613
269359.10268263053
272774.37021982134
272804.2090786146
275247.73875106015
275257.8610777894
275260.50168476225
275264.0224940594
275266.66310103226
275266.66310103226
288891.6119469128
313228.0729528802
336318.7340979072
336320.0819077163
336337.60343523405
336353.32054798707
336358.9318378044
361622.30090388836
361631.278967596
361638.0125153768
365792.96357704443
392493.5049931616
403853.64924854256
417545.01486105483
417716.494777619
417716.494777619
418402.67850457295
433696.39193453494
433699.56066290237
433700.6169056915
433701.1450270861
433731.4955034803
433732.0731362556
433732.6507690309
454017.5184712597
461311.04546947946
461325.32675219094
461325.32675219094
461326.6250506193
461327.9233490476
461334.4148411892
461335.7131396175
461335.7131396175
461337.0114380458
461342.2046317591
461342.2046317591
461343.50293018745
461349.8733945094
461349.8733945094
461351.05066511815
461352.22793572687
461358.11428877054
461427.6942825052
461427.6942825052
473471.22762246046
481424.7908373383
496573.1608585029
496692.3622582691
496692.3622582691
496774.30909466
502562.73962973437
510421.769114984
510545.0854606163
527514.5665844023
527522.2408484172
527523.7757012201
527524.7989364222
527525.8221716242
531887.7748149054
531897.5780682921
531899.2119438566
531900.845819421
531904.1135705499
531905.7474461143
531918.81845063
531920.4523261944
531925.3539528877
598241.9755652166
602752.9134544121
602784.3806875052
602826.1462877925
602826.1462877925
602865.9314328502
602948.5384209842
603825.7480573659
607226.6352890838
607231.0087943826
607245.0040113387
607256.3751251156
607260.7486304144
607267.9772920025
626657.8002582538
626667.1194003621
626668.4507063776
626669.7820123931
626671.1133184086
626672.4446244241
626672.4446244241
626675.1072364551
626676.4385424706
626676.4385424706
626679.607270838
626679.607270838
734596.6427005096
777380.6645833174
778862.8702847668
778914.3291131504
778920.9911444923
779001.5681660159
779001.9642570618
779021.8018169454
779022.4784724822
782030.9715080342
783186.6221471741
783193.3116848387
783193.6637657684
783194.0158466981
783194.7200085575
783194.7200085575
783195.424170417
783195.424170417
783196.1283322764
783196.1283322764
783196.8324941358
783197.1845750655
783197.5366559953
783197.888736925
783198.5928987844
783198.9449797141
783200.3533034329
783200.3533034329
783201.0574652924
783201.0574652924
783201.4095462221
806849.7558813866
806879.8863071997
806879.8863071997
819703.928055685
819960.0669320518
838037.6347618792
838047.124443188
844242.1644419654
845070.5888645237
845105.0707905776
845105.8629726694
858097.9518486541
860588.8859175269
864574.2439963631
864579.8772912385
864587.6230716922
864588.3272335517
869917.600226163
887349.1930714629
902952.121577946
917557.978896538
917561.1916350217
935054.2776152018
935077.4929515048
935077.4929515048
935078.6097082037
935078.6097082037
935079.7264649026
935079.7264649026
935080.8432216016
935081.9599783005
935081.9599783005
935083.0767349995
935084.1934916985
935084.1934916985
935085.3102483974
935086.4270050963
935087.5437617953
935087.5437617953
935089.7772751931
935090.8940318921
935096.4778153867
935097.5945720857
935097.5945720857
981217.4237272595
981236.216046883
981244.2698981502
981253.666057962
981253.666057962
981256.350675051
981257.6929835955
992249.7256244317
992286.7106258452
992288.0804407124
992292.189885314
992294.9295150483
992296.2993299154
992297.6691447826
992299.0389596497
992301.778589384
992308.6276637199
992311.3672934542
992312.7371083214
992315.4767380558
992316.846552923
992318.2163677901
992319.5861826573
992322.4908503274
992324.0257031304
992327.0954087363
992328.6302615392
992331.6999671452
993063.8082503687
1001277.6087836857
1001293.4909343745
1034883.4254540454
1034947.0860871491
1034947.0860871491
1034950.7169217368
1034951.4430886543
1034963.0617593349
1035187.331810298
1037437.0464322007
1037439.5220012378
1037454.3754154601
1037454.8705292675
1037455.8607568823
1038488.998235011
1038490.5825991947
1038497.9762987187
1038498.5044201133
1038562.6051543793
1048611.104913699
1048624.9901053645
1048629.462633425
1048687.6054982084
1051348.8752206236
1051751.5567814547
1062335.1975488812
1062399.694374193
1062493.9640431236
1062528.0938882479
1062736.459783464
1062738.088157764
1069817.423421634
1069860.5533355237
1069867.0228226073
1069872.4140618434
1069878.8835489268
1069883.1085200834
1069887.33349124
1072352.4721307468
1072359.2496886437
1072364.3328570665
1072371.1104149634
1072374.4991939121
1092362.0345509974
1092767.0046378716
1097672.0421152362
1097892.7033366698
1097945.1358888745
1098325.5263258428
1098327.0996874976
1098372.7271754825
1098401.0476852665
1103803.7405542524
1103832.330625998
1103832.330625998
1110700.6703902078
1133603.3313212967
1133604.0079768337
1145584.7718885383
1146025.1866227584
1146033.1634563222
1146279.6311096507
1149486.0541416118
1171878.0491904735
1171894.690515667
1172026.4292972898
1172028.0026589443
1185511.0628901504
1185546.6010589935
1185546.6010589935
1198806.1229074183
1198809.35765096
