800848.101834519
800858.3341865387
806272.4806882693
806767.1543945171
806800.6570954851
806804.122892137
806806.4334232383
806813.365016542
806817.9860787445
806821.1383033183
819906.3085750961
819908.0029645703
820172.4157427852
820243.6571184071
820418.6303379458
820419.6425706187
820578.9261837269
820580.3675150329
822944.4204188602
831552.3975580499
831906.0078393018
831910.7774356466
832121.9984871522
832121.9984871522
832126.9716302844
832144.3776312472
832422.8461403281
832602.48993345
833014.4796338603
833057.7965907442
834590.1573208842
834885.5037095333
835413.9991900916
835415.5395441592
835470.992290589
835489.476539399
835552.6860688117
835552.6860688117
835555.9318148824
835555.9318148824
835557.5546879178
837668.2798615516
837729.6574698768
837992.0842915975
837993.9822278592
838024.349208047
838028.1450805706
838031.940953094
838031.940953094
838033.8388893558
838045.2265069262
841466.33088578
843533.8931379366
844018.6370617135
844061.6349452548
844063.1147854124
844064.5946255701
844067.5543058856
844069.0341460432
844161.9450026359
844753.7325315749
844768.134842106
844768.134842106
844784.5946255701
844785.6233620367
844824.1762238403
851646.7784747744
856499.2348657921
856511.7887514422
856513.582163678
856517.1689881494
856521.6525187388
856526.136049328
856551.4528686802
857931.8851763842
858014.1840937048
858014.1840937048
858097.9518486541
860214.2938133697
860387.2370662978
860387.2370662978
861113.6405382071
861603.7151873105
861921.6167605192
862023.571695994
864287.6996309569
864329.2616844567
864329.2616844567
864336.2592929348
864338.5918290941
864340.9243652534
864342.0906333331
864345.5894375722
864562.2732447528
864562.2732447528
869843.9492966785
870646.6278012515
870652.1290657783
870652.1290657783
877063.5668059811
877076.5167826772
877095.3531124168
877095.3531124168
880284.7277256091
880572.834450141
880598.3328112225
884594.5063761184
884641.1791043637
884644.5128706668
884649.5135201217
884656.1810527281
884667.8492347894
884679.5174168507
884795.2310149069
884795.2310149069
884797.8496168217
887345.7602823982
887346.9045454197
887348.0488084414
887350.3373344844
887351.4815975061
887479.870109032
888284.1329777886
888867.256015098
889653.6287716135
889841.8820437198
889841.8820437198
889845.2708226682
889850.155945568
892688.3958465452
892699.9705071095
892703.150238006
892704.883136332
892704.883136332
892706.6160346579
892708.3489329838
892710.0818313098
892711.8147296357
892711.8147296357
892715.2805262876
892715.2805262876
892720.4792212654
892720.4792212654
892819.7165320639
892820.9103064663
897474.9305847386
901453.8356802849
901566.5950992903
901566.5950992903
901570.5009971042
901574.4068949183
901590.0304861743
901595.8893328953
901597.8422818023
901601.7481796163
901603.7011285233
901607.6070263373
901609.5599752443
901611.5129241514
901613.4658730583
901615.4188219653
901621.2776686864
901623.2306175934
905243.299230587
905357.2744290528
905357.2744290528
905470.220891052
905948.583347978
905986.9546680521
905988.4895208551
905994.6289320671
905994.6289320671
910698.7382238556
910709.696742793
910711.5231626158
910717.0024220846
910724.308101376
910726.1345211989
910727.9609410219
910729.7873608448
910731.6137806677
910735.2666203134
910744.8608256481
910752.6286111599
911095.9680315406
931793.3370517807
931975.2803734747
931975.2803734747
940741.4848829835
941152.1982900236
941153.3205479871
953411.5792449515
953412.2559004882
953412.932556025
953413.5046875358
953414.0768190465
953414.6489505573
953414.6489505573
953415.7932135789
953416.9374766005
960243.3025924709
960245.7121463337
960246.5153309546
960247.3185155755
960248.9248848173
960249.7280694381
960249.7280694381
960250.531254059
962427.7117031761
986673.5723836521
1026037.7441759182
1026120.7912652144
1026121.528434661
1026132.6079814179
1026139.5395747217
1033954.305885589
1034183.9836795819
1034646.4474820254
1034919.5797645154
1035023.8947424721
1035036.1185522506
1048753.4226270067
1052433.9776434721
1052440.8707279242
1052441.8554542745
1052442.8401806247
1052919.4312303732
1053021.2926443508
1053022.4589124306
1053031.7890570678
1066529.1085659275
1072219.8916556514
1072355.8609096953
1073455.9047669985
1073524.7035811704
1077362.242682172
1077427.3116389948
1077573.271189419
1077574.5199764667
1077594.500569228
1082776.235148496
1117108.163723745
1126429.1487557208
1128340.7336547498
1128354.5858388282
1128356.610304174
1128365.2692945392
1128369.2742151145
1128372.7070041792
