527251.2485578283
536881.1791043635
536882.3948838239
537915.2187898747
537920.2854545038
538899.6920819994
539672.7407758312
539672.7407758312
543063.2911315031
543885.5651403205
544411.3539987317
544413.8405702978
544417.5704276469
544425.6187776495
544749.4067039021
544760.0351469679
548611.3604168736
548892.4420266048
553492.4288846949
553497.1324658653
553501.8360470358
553503.4039074259
553506.5396282062
555925.5831722431
560928.405626571
570045.9483950825
593764.5073694023
594419.223863263
594420.3241161684
594428.025886506
598636.3282115541
599059.6835244768
599766.5905149031
599785.9494647728
608334.1058534982
608334.6724837444
611437.1106136201
613645.8133084758
640510.5454656591
660200.0773233293
660753.2734816128
660753.2734816128
660772.1538214687
673235.8682447147
674885.3949067459
675134.2281038212
675137.7599156473
675138.937186256
675141.2917274735
676724.2750937889
676724.2750937889
676728.4340497712
676732.9560892122
676735.2171089327
676738.2318018934
676739.7391483737
676741.2464948541
677801.164128699
677918.0384935703
680801.6198167774
683093.0505275866
683095.6581269723
683096.5273267676
683098.2657263579
683100.0041259484
683100.0041259484
683100.8733257437
683101.7425255389
683102.6117253341
683104.3501249246
683105.2193247197
683633.379228142
683634.5289924281
683647.1763995751
684134.9735251644
684714.141153279
688535.1764607003
740614.3274322083
750272.050367133
755800.6341735496
757289.5404151927
757293.5673408263
757315.715431811
758543.5811703941
767176.3139999543
832223.1557392707
870914.2753230083
870957.0916648202
882606.3823837285
906846.9728527877
935853.4573155358
935859.2501470824
935868.904866327
935893.908113601
935898.9692769657
935905.9283765921
936236.1417798118
936237.2695390398
937143.1627686642
937742.415513566
937818.1679260997
938003.9126215817
938543.0475477349
941021.8348245326
944303.8507323558
961199.8679696514
961201.0947516409
961358.4694259583
971776.6486602129
972131.5077285126
990464.9943841258
994407.943214725
994428.9855515399
1002309.4644671796
1009749.8862307933
1009756.2676976443
1009762.6491644954
1009767.7543379762
1027929.9811276064
1048948.1673912546
