623355.435172946
623360.0562351485
623415.723530895
623417.2803887561
623908.0096883381
623914.1050894338
623944.037469724
624684.2546168598
624685.3328647071
624704.7193208995
625077.9856203058
625081.2698752283
625226.3162157412
625228.2471595901
625235.9709349857
625559.1317170822
625640.3688903492
625640.3688903492
625837.0225933878
628017.9769099703
628019.3522261019
628154.9143865708
628157.2029126139
628173.4151391743
628375.9661977858
628416.8515957488
628652.3002162302
628653.4829881035
628662.835137799
628666.3009344509
628679.0088555077
628681.319386609
628788.4675157971
628788.4675157971
628789.6172800831
628988.3559623774
630154.310469976
630167.9260996798
630240.5427914333
630281.7472627389
630283.6562015297
633057.2452417882
633072.5167521145
633086.6770070065
633089.251598805
633120.1467003874
633125.2958839844
633129.1577716823
633133.01965938
640439.0510318691
644252.4010727466
646418.0123625639
646424.9769634549
648538.5297870552
648658.1382803963
648678.6524958167
660454.1587267629
660459.3739255342
663469.3357987148
664364.2044942274
664364.2044942274
665132.4725891855
665252.8182519731
665501.0408086859
665505.6398658303
668424.1597200468
668429.8700326256
674840.5320945301
674853.3500408775
677551.5002406803
677558.2392897255
678423.8082503687
683639.1280495725
683641.4275781447
683654.0749852917
683654.0749852917
683655.2247495778
683658.6740424361
683658.6740424361
699533.5025481551
701788.0087714607
701814.359828544
709764.677297351
714276.9024824457
716614.8243797706
722937.7852825893
739726.5443654062
739809.7784976964
740403.0403655284
740403.0403655284
743302.3773103401
743310.9317766792
743314.3535632149
743324.6189228218
743331.4624958931
743337.2113173236
743339.230281405
743343.2682095676
743361.4388862996
743363.4578503809
743365.4768144622
743371.5337067063
750237.6784663696
750245.4902619977
757273.4327126583
757299.6077292766
757305.6481177271
757329.8096715286
757386.3351645413
757388.4971615003
757392.8211554183
757394.9831523774
757399.3071462954
757407.9551341315
757414.4411250086
757423.0891128447
757429.5751037217
759283.4132290131
759284.9150742289
759289.4206098763
759290.9224550921
759295.4279907396
759298.4316811712
759299.933526387
759301.1768121701
759302.420097953
759303.6633837362
759304.9066695191
759306.1499553022
759307.3932410852
759308.6365268683
759309.8798126514
780876.6631774387
780877.8514505764
799021.2364092025
802799.8734709158
802803.405282742
802882.7115121601
802882.7115121601
802884.1418409371
803974.2064043888
811600.0152812904
811754.5733081701
817677.6472925374
817713.4605246068
820726.1950351088
822880.1491453939
825246.039471573
830143.5567203294
830161.2157794605
830196.9299887683
848438.4960154035
862827.3229471496
862887.6278088922
863176.9888217361
863177.8305152087
882629.7352516446
882639.0763988112
883047.0556773815
883051.6272282032
883051.6272282032
883054.674928751
883056.1987790249
883059.2464795727
883059.2464795727
883062.2941801206
883062.2941801206
883065.3418806684
883065.3418806684
883182.0842151912
883239.2643586824
883309.2734510503
884069.9663047548
884074.0812506208
884254.7977903254
884256.3436456574
884257.8895009895
884271.8021989777
884827.0778352524
884863.5457178004
884865.5811856753
887076.9024824457
898423.0185132832
898455.8445587145
899059.8889050192
899061.4292590866
899090.8610243049
899103.4039074259
899109.6753489864
899125.3539528877
899133.1932548383
899148.8718587396
899159.8468814706
899167.6861834213
899186.9241054715
899206.4645970705
899209.7213456704
899217.86321717
899230.8902115694
899239.0320830691
899240.6604573689
899245.5455802687
906614.5444265314
906655.1382574744
906931.2412228088
906934.552984054
906951.1117902795
917855.7293377853
938981.509333048
961794.8407307513
961811.5755774417
961820.8727144919
961827.3807104272
961832.9589926573
961841.8655399262
961846.8991969682
961891.1953789379
961899.9533920644
961916.0390895407
961957.001505207
961974.0224176529
961984.0347190916
961996.0494808181
962001.0556315375
962009.0654726884
962019.9964853032
962022.1584822623
962838.0840318156
962931.8750907326
963592.8795299474
963622.168262288
963631.4874043964
963632.8187104119
965352.9541026443
972126.9691852779
975112.4614338435
975141.8271838874
1002189.1188043918
1003200.5868015494
1063614.1315260662
1063658.796292759
1063784.7917542157
1063786.2330855217
1064327.519006105
1066832.8553855089
1066836.2441644573
1066980.839401279
1110524.0963026916
1136914.9165259514
1190119.2521336502
