10406.714598980738
57512.74994460532
86875.37527028783
86903.3106915548
127944.47695963447
159807.37200009168
173008.8004951138
192083.03241925748
192134.67278937035
194430.0369043162
200374.12021791117
200381.7064616936
202542.1080540041
217471.28569136377
227208.52390375844
227237.45505390476
227244.91476860308
227339.404488115
227433.5256229036
227475.0051574355
227477.07913416208
227499.89287815464
227655.8207199016
227703.4506681744
227849.12965410802
227895.60433683023
227906.87092658106
228004.99698194518
240770.7748378273
296153.8587550333
296158.1827489513
398874.2181709824
526323.7738674653
526996.9911139297
550293.1850029416
561714.2062515758
561716.4342637092
561754.310469976
561754.310469976
563275.0360256421
565786.8473933939
565786.8473933939
565794.274100505
565795.7594419272
565795.7594419272
565797.2447833495
565798.7301247717
565798.7301247717
565800.215466194
565801.7008076161
565801.7008076161
565803.1861490384
565806.1568318829
565806.1568318829
565807.3120974335
571136.2220065863
584749.4311539667
638672.1878987461
638712.7652258957
638788.2700815257
652651.3411624478
658786.2193323604
658789.7181365995
658790.8844046792
658790.8844046792
658792.0506727588
658793.2169408385
658795.5494769978
658795.5494769978
658795.5494769978
658797.8820131572
658797.8820131572
658800.2145493166
658801.3808173962
658802.5470854759
658802.5470854759
658803.7133535555
658951.7028705904
658951.7028705904
673273.0017802704
682553.4424926841
683648.3261638612
688197.5858617501
688278.894551456
696408.9273298237
696410.1651143422
696410.1651143422
696410.5777091818
696410.9903040213
696411.4028988609
696411.8154937003
696412.2280885398
696412.8662352249
696413.50438191
696414.142528595
696414.7806752803
696415.4188219653
696416.0569686504
696416.0569686504
696416.6951153355
696417.3332620206
740735.3442492684
742001.6033129838
742010.2402982909
750603.760114304
750612.3090793787
757317.7288946279
884928.9337479656
1047403.4453197229
1071312.1389986172
1071313.3052666967
1071319.1366070951
1072082.96518158
1072766.3707699478
1072768.2577036805
1082462.4540224175
