347347.9497856799
356613.4765699615
356614.21924067265
359097.57806829206
359099.2119438565
359130.25557958113
359239.02108054
359239.02108054
359240.26436632307
367099.9870109032
367536.64438145154
367536.64438145154
382651.1486181893
385527.27572796243
385536.732401684
386066.17409974104
391113.7218346717
398746.9024060391
400435.66958794
400459.4845620764
400474.13993077574
401640.1989624004
401641.6567975
405012.30907937867
417338.5248970423
417574.36410730524
417577.3347901497
417580.30547299417
417581.295700609
433827.4485593564
465149.2997348696
466712.0989616363
466717.3471679949
469773.40963790985
478295.2534784037
488415.4787246235
494009.989685129
494024.9311195837
494035.6035727657
494044.14153531124
498022.4359904951
514411.6602357903
526853.9252286464
660047.5492630597
663381.1230220279
663407.116496917
675144.8235392997
675153.0644335608
688759.3529901665
701860.7629948272
750307.2584601043
833603.0489230511
881276.0610945988
882589.3229624309
892736.0753061988
892982.641982289
894783.288380871
894801.2390070218
899312.1768962172
899313.7997692525
903489.3860741601
903823.2908258773
1071382.6267009985
