10320.564796491413
15068.997776572252
24985.291146784435
25084.11586274345
25099.827474231923
51669.21874403074
65439.04889248849
89264.15635816287
91071.64632981608
91074.3199443761
91088.83778146227
91088.83778146227
92670.39632026528
92673.32299299353
92673.74108909756
92674.78632935765
92674.99537740966
92675.20442546169
92675.62252156572
92675.83156961775
92676.24966572177
92676.66776182581
92676.87680987782
92677.08585792984
92677.29490598186
92677.50395403388
92678.05408048654
92678.39515888722
92678.73623728787
92679.4183940892
92680.10055089051
92680.44162929118
92681.12378609249
92681.46486449314
92681.80594289381
92682.14702129447
92682.48809969513
92683.17025649645
92683.5113348971
92683.85241329778
92684.19349169843
92684.87564849976
92685.21672690041
92685.89888370174
92686.2399621024
92686.58104050305
92686.92211890372
92687.60427570503
92687.60427570503
92688.28643250636
92688.62751090701
92688.96858930767
92689.30966770834
92689.650746109
92690.33290291032
98474.50545924097
98905.68357032067
98905.68357032067
98917.07118789111
101220.48915410417
101225.8363832242
101227.17319050421
101229.84680506423
101231.18361234423
101232.52041962424
101233.85722690425
130602.44042206924
130611.24244531209
130625.32568250064
130682.25276782371
130682.25276782371
158342.75384133434
158346.5222075352
158349.53690049588
160395.19861857133
181976.39529641884
181977.8256251958
181979.25595397275
181980.11415123893
186824.70923524784
189620.6554145432
189708.2135407514
189708.2135407514
191660.3042504909
191664.1661381887
191665.65147961094
191665.65147961094
191667.13682103317
191670.10750387763
191670.10750387763
191673.0781867221
191674.56352814432
191725.06513650014
191725.06513650014
194453.88488603977
194462.30182076574
194462.30182076574
226943.500485181
226945.8440238694
226968.28918313864
227000.3725578588
227007.5021966855
227063.0814721995
227083.74972302662
227093.28891571602
227094.87878116427
227098.05851206076
227117.1368974396
227136.6498827161
227151.39327164786
227158.76496611373
227166.13666057962
227167.9795841961
227171.66543142902
227186.40882036078
227414.85983236425
227450.11743671636
227454.26539016954
227483.30106434188
227541.33940509937
227545.04725739043
227548.75510968146
227609.93467248374
227633.83766685257
227648.49303555192
227663.14840425123
227710.77835252407
227712.6102736115
227736.01265290842
227739.51145714746
227743.0102613865
227744.759663506
227746.50906562552
227750.00786986452
227753.50667410356
227797.24172709143
227798.99112921095
227814.7357482866
227843.49635923258
227851.94630154571
227854.76294898344
227884.33774707938
227885.74607079822
227887.1543945171
227894.19601311136
227930.4273412847
227937.27641562052
227941.385860222
227944.12548995635
227949.60474942502
227952.34437915936
227956.45382376088
227977.0010467684
227979.74067650273
227982.48030623703
227985.21993597137
227992.06901030723
227994.80864004156
228001.3496435639
228043.90192467853
228052.41238090146
228062.1386165848
228077.4211294402
228085.19991748105
228088.53368378428
228603.6885978652
228635.81048143707
228686.6861757807
246896.11381505054
266173.997050711
277104.4815440216
279483.0082748187
279488.2234735901
281597.69435891166
284307.68327997613
300020.72509722726
300033.1469525287
310381.5976589063
311090.59512985277
320772.7271754827
354494.07590216916
354650.95546267927
354651.2580322282
382836.8493035552
441207.2298840914
444218.06095706724
451163.0608424575
466922.02721597813
498125.7827458951
534132.340253211
537060.8724088662
537068.6566981716
537070.2135560327
537071.7704138937
537157.5186240727
537159.1524996371
599936.9811810909
599939.5777779475
599966.1928957282
599966.1928957282
605623.3247503419
605628.1108504802
605632.0277508233
605641.0938347634
608331.8393325132
613959.9355129546
613960.5956646978
613960.7607026336
613961.4208543769
613961.4208543769
613961.5858923127
613961.7509302485
613961.7509302485
614530.933763247
614536.677083413
614537.1556934268
615063.5111820842
618114.9305847386
618131.9294921263
618131.9294921263
620065.6789859335
620653.7421587879
620656.5643074901
620657.5050237242
620749.0680705078
620757.7490659312
623439.0763988112
623443.7469723944
623443.7469723944
623445.3038302554
675173.0780339092
675182.2431406107
675183.728482033
675185.2138234553
682593.4256832647
682681.621956158
682681.621956158
682689.0926733853
683632.2294638559
701732.390987095
701737.3586289627
703357.0299284072
703901.0884863117
750359.7460249544
751455.6804376561
753177.9723255832
753291.1993520733
753440.921767434
753440.921767434
757265.3788613911
757285.5134895591
757436.0610945988
759143.7416239427
759152.7526952376
759152.7526952376
759154.2545404534
759154.2545404534
759157.258230885
759158.7600761008
759160.2619213166
759160.2619213166
759161.7637665324
759161.7637665324
759163.2656117482
759164.767456964
759166.2693021799
759166.2693021799
759167.7711473957
759169.2729926115
759169.2729926115
759170.7748378273
759172.2766830431
759173.7785282589
759173.7785282589
759176.7822186905
759176.7822186905
759178.2840639064
759179.7859091222
759181.287754338
759182.7895995538
759184.2914447696
759184.2914447696
759185.7932899854
759187.2951352012
759188.796980417
759190.2988256328
759190.2988256328
759191.8006708487
759193.3025160645
759194.8043612803
759196.3062064961
759196.3062064961
759197.8080517119
759199.3098969277
759200.8117421435
759202.3135873593
759203.8154325752
759205.317277791
759205.317277791
759206.8191230068
759206.8191230068
759208.3209682226
759209.8228134384
759211.3246586542
759212.82650387
759214.3283490858
759215.8301943016
759215.8301943016
759217.3320395175
759218.8338847333
759220.3357299491
759221.8375751649
759223.3394203807
759224.8412655964
759224.8412655964
759227.844956028
759230.8486464598
759232.3504916755
759232.3504916755
759233.8523368913
759235.3541821071
759236.8560273229
759236.8560273229
759238.3578725387
759239.8597177545
759241.3615629703
759241.3615629703
759242.8634081862
759244.365253402
759245.8670986178
759245.8670986178
759248.8707890494
759250.3726342652
759250.3726342652
759251.874479481
759253.3763246968
770326.7781691486
770371.1843764088
770372.1966090817
771217.3888859176
771222.312517669
771278.6784740104
771278.6784740104
780946.9363305038
804875.2255136424
805163.2827267934
805164.3664759052
805168.7014723523
858517.758845957
858551.4155823318
858602.7093727794
858603.9416560334
873680.4651624783
874028.1010704545
897710.0216230259
897722.6305213213
897727.8842289443
897735.2394196166
897737.3409026659
897740.4931272398
897748.8990594366
897761.507957732
897773.1651372642
897780.6358544916
897781.7030998098
897800.9135155373
897983.2364244837
897983.2364244837
897993.3037385677
918095.4579420687
918108.3474048548
918109.5191741991
918110.6909435433
918113.0344822317
918116.5497902643
942512.7270226697
942536.8995790004
942540.9925198084
942542.0157550103
942547.1319310203
942568.6198702619
947762.6497757471
947767.6449239374
947824.0878979821
947825.5732394044
963497.7076536343
963508.3030891129
963553.4574683487
963676.3117077606
968324.7261974801
968327.8894245831
968329.0281863401
968329.0281863401
968331.3057098541
995906.570190787
995956.6316979806
996573.3674615484
1000699.5139021539
1034207.7491423376
1034212.2051666043
1034268.0870116672
1034268.0870116672
1048008.3643670871
1048542.9772537993
1048544.561617983
1048547.7303463505
1082534.8066534738
1132310.9852611953
1144907.3021645949
1144946.6362059612
1157624.7019002284
1157629.7520610641
1157632.2771414819
1157639.852382735
1157643.2191566257
1157644.0608500983
1157645.7442370434
1157647.4276239886
1157687.647368944
1157772.4273565658
1157772.4273565658
1173005.1482667197
1173012.5419662436
1196079.4761573668
