966385.9870567471
969742.6936330504
969745.3672476105
969998.2493753773
970762.97465598
970958.786665546
970958.786665546
970964.55199077
975585.119079455
975615.1779888293
975617.5325300468
980826.3608371092
986418.077155235
986424.1175436855
987166.1391055861
987220.0294928905
1004418.599775365
1004531.782791739
1004964.270203776
1004964.270203776
1016434.3187218729
1017172.4783960758
1017191.5787865127
1017192.7725609151
1017219.0355977659
1017220.2293721682
1017894.7724233834
1017901.1098801183
1017924.875342874
1017924.875342874
1027406.0406940762
1033288.6583791135
1033294.8803092933
1033298.7972096364
1033298.7972096364
1033300.7556598079
1033308.589460494
1033312.5063608371
1037367.2023777688
1049232.3077040627
1057713.4146807357
1057721.7380939648
1057722.9373696316
1060768.9215229333
1060772.3708157917
1060893.0025443349
1061594.3917664406
1061594.3917664406
1062599.5223068637
1068751.646941068
1075186.6686022968
1114477.3490017497
1114499.5521053798
1116803.6027170136
1126101.9115366102
1148022.7177774892
1148078.6326301394
1166818.9488000367
1169045.6241261011
1197592.1038516492
