126994.84867702228
182951.45042367376
182953.21632958687
182954.98223549995
217831.59101154504
225621.68415100971
225636.2900083283
225636.2900083283
249382.55335080496
310277.19466071716
310297.85741027974
316117.07302164595
316140.3158642716
351083.72649546526
351085.7839683983
351085.9710113922
351160.5901634334
355109.94796720636
355112.95165763795
355114.23895353725
445246.1317705667
445271.16252416355
445279.7444968253
445279.7444968253
447004.65498666704
447011.64159261604
483032.42536999827
483044.4786405764
489797.08280167176
489817.0798982266
489818.62025229406
489837.10450110404
521044.56788331206
523849.6901718381
523849.88271609653
523851.6156144225
523853.70609494264
571189.2266903017
571207.078293691
571208.7011667264
607104.8207886674
631079.8487152255
693570.3848592974
693614.3894742472
693614.3894742472
694796.6607324323
752424.8327080739
752565.6320723722
752565.6320723722
752576.0569686504
773622.277676327
773645.6360455077
773655.1917419907
774224.8696887965
774478.6375201523
774492.7977750441
779788.1609731126
1027794.8700708288
1048414.9518257321
1048422.1584822623
1048423.5998135683
