1018322.7157909214
1018324.2176361372
1019179.257176476
1025518.8208956365
1027370.029416484
1027384.5032434539
1033318.3817113517
1033322.2986116947
1037393.2563665676
1047318.9073877399
1049282.9083351798
1049299.9897615355
1059474.2539292017
1059860.9158077308
1060721.7536808809
1060721.7536808809
1060763.172701503
1060766.621994361
1061900.9497321954
1062416.6382689355
1062416.6382689355
1062597.8279173896
1062602.9110858121
1064495.9567233857
1064537.5792907951
1064803.7689774525
1064803.7689774525
1064804.891235416
1064826.676242942
1065100.8372618984
1065100.8372618984
1065102.1245577978
1065175.8525049856
1065196.1631736185
1065847.067291162
1068165.3276690685
1068173.3320089548
1068210.4875495688
1068233.4003163227
1068269.7911811674
1068333.3197839225
1068629.463855928
1068995.248435578
1073118.6222388619
1113570.102461052
1124845.2686832875
1144337.0905951299
1147671.8911360875
1147674.3336975374
1147931.044705415
1147944.5228035054
1202891.427960177
