1.3203034864263938
1.9804552296395908
25278.420525829202
25287.002498490972
25299.87545748363
25504.654528228362
25504.654528228362
32712.114242926677
33210.9304013631
33215.35341804262
33216.459172212504
33217.56492638239
33218.67068055227
33219.77643472215
33220.882188892036
33221.98794306192
33223.093697231794
33226.41095974144
33226.41095974144
33227.516713911325
33234.06321869818
33234.06321869818
33235.14696780996
33237.31446603351
33237.31446603351
33238.39821514529
33239.48196425706
33241.64946248061
33241.64946248061
33243.81696070416
39542.605307192134
39546.500202477095
39547.79850090541
39549.09679933373
39550.39509776205
39551.69339619037
39552.991694618686
39552.991694618686
39556.88658990365
39558.18488833197
39559.483186760284
39565.97467890188
39567.2729773302
39575.06276790012
39577.65936475676
39580.255961613395
39582.85255847003
39584.15085689835
39585.44915532667
39588.04575218331
39753.413763858225
39753.413763858225
39755.32820391354
39987.20650371717
39988.119713628614
39989.9461334515
39990.85934336295
65181.61721895797
77691.32771491224
77696.07530619887
77697.81370578933
77701.29050497025
77703.02890456072
77704.76730415117
77706.50570374164
77708.2441033321
77709.98250292256
77713.45930210348
77715.19770169395
77716.9361012844
77725.62809923671
77729.10489841763
94614.5762116153
94690.97777336318
94709.74258666401
128744.96596092575
128832.83765921193
136525.71795322397
172408.39798592596
200676.9538275812
200689.2986651793
200719.59963019277
239361.94500263603
239372.92002536694
239376.0557461472
239379.19146692747
239380.7593273176
239383.89504809785
239385.462908488
239387.03076887812
239388.59862926826
239393.30221043865
239394.8700708288
239414.08598782078
239415.36228119102
239417.91486793142
239421.74374804206
239424.2963347825
239425.5726281527
239438.33556185482
239454.92737566758
239458.75625577822
239461.30884251863
239463.86142925906
239466.4140159995
239467.6903093697
239468.9666027399
239470.24289611014
239471.51918948034
239472.79548285055
239474.07177622075
239477.9006563314
239479.17694970162
239489.76138265117
239490.81212417578
239506.573247045
239507.6239885696
239517.08066229112
239518.13140381573
239522.3343699142
239525.48659448803
239711.16527479579
239769.29163578575
239895.46863897188
245821.30975939607
245825.98583424385
246862.99620259937
252774.06092650464
253106.00722805035
253106.00722805035
270475.5843183399
270543.0243201736
270543.0243201736
276091.35766624135
276092.0728306298
276093.50315940677
336887.5153385952
337133.09178707044
337435.3752702878
382851.50467225455
382895.4707783525
382902.7984627022
382905.2410241521
382910.12614705187
382915.01126995165
382919.8963928514
382924.7815157512
382932.1092001009
382936.99432300066
382941.87944590044
382954.0922531499
382961.41993749957
383395.4587061331
383415.6703520045
383673.3055723225
383673.3055723225
405342.6545129471
405348.90394944954
405350.4663085751
405352.0286677007
405353.59102682635
405355.15338595194
405356.7157450775
405358.2781042031
405362.96518157993
405362.96518157993
405364.5275407056
405366.08989983116
405477.31446603354
405477.31446603354
447007.44962904666
447010.2442714262
455244.008893711
455257.31095133675
459638.5730331069
693890.5584547559
784683.8242957236
784684.4734449377
954504.1303799693
954507.6401867374
954507.9592600799
954509.8737001353
1060468.9815784045
1078236.998754575
1078240.0189488002
1079777.484852421
1080646.948708349
1137819.7205051994
1137849.6143766379
1153608.2066641708
1199759.9101460127
1199798.2319547064
1199804.5033962668
1199809.729597567
1199813.9105586077
1199822.2724806883
1199826.4534417286
1199833.3960375614
