25063.915219401122
42416.93900472955
42426.47819741898
42470.994429969665
59789.52528671521
59802.024159720044
59806.71123709686
59808.27359622246
59812.96067359928
59843.00307918001
59988.054920957526
59989.727305373664
67640.59994345921
67644.63787162188
71026.16615347
73576.67341590323
75105.99194676
91960.04553824525
97946.3180494961
108228.51152591324
108255.13764622284
108257.80025825379
108260.46287028475
108263.12548231572
108265.78809434667
108269.78201239312
108505.54970621719
108507.04054890395
110395.3661015136
110405.21886628107
110407.70543784717
110410.19200941328
110412.67858097938
110415.16515254548
110417.65172411158
110420.1382956777
110421.38158146074
110426.35472459295
110430.0845819421
112863.01881890907
112937.52794565972
112941.64289152576
112945.75783739178
112948.8440467913
112956.04520205685
112961.1888843894
112982.87486915395
112988.39813873883
113003.58713009726
113017.39530405948
113028.44184322924
113043.63083458768
113058.90784617854
113073.49719970355
113077.9862315574
113086.96429526509
113090.33106915548
113101.55364879011
113113.89848638819
113122.90955768304
113128.60336646826
113137.7134605246
118222.17468043002
120444.27295440827
120494.1199122854
120495.12114242927
120497.12360271701
120500.12729314863
120501.12852329251
120504.13221372412
120505.133443868
120806.94381833602
120828.06867411884
120829.75206106403
120832.27714148181
120833.11883495441
120834.8022218996
120838.16899579
120839.01068926259
120841.53576968038
120844.06085009818
120845.74423704337
120848.26931746116
120851.63609135155
127383.45250192926
127655.7650960047
127656.89835649721
128591.99779949419
135491.34269057677
162344.9787972096
166855.91668640502
190188.67748072647
190427.05277393622
190428.47760144866
190434.1769114984
193073.3480543097
196382.7327531537
202832.85538550874
207326.13421557317
208603.56084627786
208617.0279418394
208628.81165045575
208650.6956807433
215423.90207749142
218449.16296732094
218450.37324551685
225783.0637459027
225821.35254700907
228362.0345509975
229883.95938233027
231887.34938378198
231903.63862804577
231950.6964448078
232235.10631957764
232372.48939860484
232372.48939860484
233861.63219462248
233952.90367438624
234908.79239602992
235274.04885428524
236792.3373497658
241784.47084711833
242273.7478128653
244374.77425713826
244408.8490896171
244562.12532186217
244584.30642043412
245121.02629146006
252273.11577869634
253656.50776671583
261234.78571810605
261255.25042214565
261501.23396419594
261502.13067031378
267404.21733051137
268312.00849639747
268364.2264992856
268364.8866510288
268365.2167269004
268365.54680277203
268860.28652419406
268875.0189105968
268875.5140244042
268898.6633455329
268898.6633455329
286674.6903628542
286686.17700318614
299706.63590033544
299716.8792548843
299969.52482827654
299969.52482827654
299992.00299513293
300081.7781309454
300096.3674844704
300107.0949502976
305250.04011338716
307706.9598636909
308110.1805484455
308261.17925717647
308261.17925717647
308298.1422535319
308301.5420350094
308303.2419257482
308306.64170722576
308308.3415979645
308310.0414887033
308323.6406146135
308325.34050535224
308337.2397405237
308338.93963126244
308340.6395220012
308344.0393034788
308345.73919421755
308347.4390849563
308352.53875717265
308354.2386479114
308355.93853865017
308359.33832012775
308361.0382108665
315279.56051008945
319880.34505153616
319907.93939440243
319910.2389229747
319914.83798011905
319921.7365658356
319928.6351515522
319930.9346801244
319935.53373726876
319942.4323229854
319953.9299658463
319963.1280801351
319970.02666585165
319974.6257229961
319979.22478014044
319983.8238372848
319992.8239060506
320001.62592929346
320003.8264351041
320010.42795253627
320014.8289641577
336266.16951535386
337892.3983221144
344540.7260141047
354876.6008297741
355049.85215351585
355257.8659678023
355536.802084368
355536.802084368
355553.2948754193
355554.472146028
355555.64941663673
355694.8204066351
355832.0714553137
355835.3447077071
370787.9247243637
371023.9014662398
372294.8201010094
372307.1649386074
372316.14300231513
372446.17089067004
372446.17089067004
372487.18281771714
373793.9806997303
382484.9389130418
382512.1536686558
386829.7001046768
392123.1378601609
392139.1575424629
392144.0866754789
392152.1680330687
392163.12655200606
393279.7072104768
414656.6144301224
444146.19793855393
444163.10332444473
444343.2972440193
444344.1774463436
444368.7791013073
444370.51750089775
444375.73269966914
444378.3402990548
444390.50909618806
444402.67789332126
444407.89309209265
453513.9602228012
453550.29057373607
454160.17176170356
454160.17176170356
461634.7453754995
476028.98555154
478457.1226858396
479716.8682523552
479744.07200544013
479792.27958648826
479814.35065976967
480190.0540193614
486877.8037729506
511810.40930936206
511852.7745474828
511853.60523842636
540248.4811161454
540257.8002582538
540539.8390880126
540541.1098801183
540547.4638406467
540789.0793786627
544920.0394257292
554723.3643288839
561113.6607095103
565636.0577327149
565694.1510861177
566189.6829896317
566272.8731118055
567626.0686588376
588020.2849960651
595835.5794283269
596955.3178126361
597013.411166039
597130.659616898
597152.6371686825
597159.1011545014
597227.6304067115
597227.6304067115
602382.458301179
602418.3705560097
602451.7742342163
602465.9454916372
602518.1304869383
602745.8333269662
602746.6200077934
602750.5534119301
608709.3361043407
613757.1258949107
662989.1744282887
662990.786298795
662994.0100398078
662995.6219103141
662998.8456513267
663000.4575218331
663006.9050038585
663016.5762268965
663018.1880974029
663019.7999679092
663021.4118384155
663024.6355794283
663026.2474499346
663027.8593204409
663039.1424139853
670666.4421335738
680056.1324582248
680106.8761222197
683263.0616065221
684238.1057312479
684414.4707707119
684414.4707707119
694924.9062110805
694926.0064639859
696042.257046585
732421.7672812293
732439.8994491094
762183.4323306261
762212.6550477922
762719.1894803598
762719.849632103
763168.3787315001
764912.9012293798
764928.1672384416
764934.2736420664
764935.2913760039
764936.3091099412
764955.6460547529
765458.3901160614
769540.2073671101
780515.2576043521
781823.2547620321
787836.6540086644
787861.3821927124
790183.2348963546
793636.5161714256
829001.9453082618
829025.0176116871
867889.3335065213
867961.3175528542
867966.422726335
867980.384935704
868015.5380160301
868016.0331298375
882682.6684189213
898457.5279456597
901574.4068949183
903798.4031051582
912620.060361097
915482.2857754108
919388.2936147129
930010.5532591172
930188.4971615003
930338.2085743321
930413.0257718962
930530.5877948334
930536.8592363939
930554.1057006853
931282.9847416315
931286.5825686321
931445.6681362175
937071.2392362411
937111.0683914149
937112.0641202943
937172.2094453656
941940.18841831
942067.7187325698
967601.7060032549
967635.5717876818
967683.5318118263
967719.977689316
967873.7765416913
967873.7765416913
967879.3878315085
967889.6751961736
968741.2159322733
969255.1550668939
969271.5928452999
969498.8665866946
969500.3904369685
969671.4467561641
982992.8358254571
984163.6094407813
986010.2684158651
986091.120500615
986091.120500615
988257.4249497628
995421.0285836535
997435.9217292309
1000123.8505795429
1001588.0671459899
1001683.145500806
1002591.7233475195
1002622.0078087394
1003961.1916350217
1003962.7980042635
1004678.9801266819
1026825.0246410806
1029855.797797966
1068409.9303937224
1073797.0986942137
1073831.690645558
1073855.4726121074
1074046.6195493548
1080241.2029431765
1080438.0932005898
1080457.2376011428
1080796.7206350905
1080796.7206350905
1080917.3248573109
1081265.180815868
1081266.8862078714
1081306.1102239473
1090435.112126468
1094621.700960429
1127974.877558661
1135852.2372573141
1135913.3012935612
1136023.6016473232
1136032.8052628764
1136045.9532850955
1136534.1960131112
1136544.3953575438
1149112.0341689652
1149279.657699096
1149411.8310806165
1149411.8310806165
1151520.1467003874
1159939.5790004507
1168409.490903812
1173246.1641669024
1173653.9233948914
1185016.9063027683
1194544.0292178271
1208411.8093811842
1208423.4445556584
