366707.33975656907
370043.8016794138
370043.8016794138
372690.31701036834
372846.178836941
372886.8441843229
372988.0619503511
373721.606063616
373785.3767220104
373831.939424965
374678.31447367417
374769.4649256183
374775.2412533714
375138.9738613529
375141.2403823379
375292.4206327982
375585.4124802298
376026.36083710904
376026.36083710904
377439.66870162514
377836.22185377334
378052.18499530095
385202.15099442995
386821.7672812292
386877.2970453625
388708.23890769336
388774.73819329304
388798.3386181129
389247.6654008665
392174.0850709434
392208.3304426226
392385.6416995851
393060.4543127622
393060.4543127622
393868.4140312808
393900.7394616401
393935.9640584051
398450.8958656469
400954.25178982114
420645.9676495083
424529.7228737995
426860.2235652779
436028.90608883015
461187.9491744283
483257.6141321373
514297.4869918016
521350.9057984856
521444.971920629
532963.948685427
565547.6414092405
596794.9339466225
642708.6417225071
663002.0693923394
663005.2931333522
681403.4581560066
732367.1727320654
762936.6104569869
883185.0108879195
911721.5993398483
912627.4045492401
916298.981501998
983435.753635037
983454.0838484402
984240.8306909435
995429.8306068964
997447.2818404787
1001069.550959283
1001849.8338159673
1004348.8987538108
1005769.9634013097
1005826.142314657
1005924.3068788729
1015355.0256343646
1015547.0307688782
1015547.0307688782
1073718.557140565
1073766.8307367875
1112246.817289252
1114885.0092069774
1119071.4935169125
1140666.2948219348
1140724.465193041
1146828.1842006738
1148105.5228111462
1151529.1577716824
1151594.600814493
1152129.3127239663
1155823.3348359934
1155826.723614942
1155913.737115962
1155916.982862033
1156463.324444716
1156980.6358544915
1157065.9164571858
1157112.7652258957
1157112.7652258957
1159200.3355771361
1159437.5996149115
1159437.5996149115
1159480.6855186853
1159483.0565636964
1159487.7986537183
1159725.3157496618
1159846.6076299483
1159893.0933151995
1159904.2498796599
1160006.1222961666
1160186.2887094186
1161777.1993979171
1161801.0638834343
1162313.605696865
1162339.2085819726
1163719.8059276124
1163781.2660549055
1163781.2660549055
1163794.8486770224
1164277.2600646398
1167030.2688743037
1167050.678565698
1167067.4629237694
1168415.256229036
1168700.848875679
1172035.8694672177
1172136.900190252
1208509.264282276
