292832.42078561115
300581.9420991909
300583.2403976192
802507.5912866083
803204.3154363955
816303.321388458
820967.6785427761
825233.414069484
826243.5617631553
826245.030600784
838712.1228004493
840383.8470648461
840400.8514734984
840402.3973288304
840407.0348948265
840408.5807501585
840411.6724608226
840419.4017374826
840556.5812697224
840564.5581032863
840566.1534699991
840572.5349368501
840577.3210369884
840580.511770414
840583.7025038395
840586.893237265
840588.4886039777
840591.6793374033
840716.2939814639
840749.9397153097
841319.8487152255
847096.7320960582
857182.1728466752
857190.8373383048
857192.8067910054
857193.7915173557
860037.1420930783
861088.2907112676
861144.1395487436
861144.1395487436
865208.8478671139
865345.1361945003
865345.8678626823
865358.3062217773
865364.7372000092
865967.5822706469
865969.7827764576
865971.9832822684
865972.4233834305
865972.8634845926
865973.7436869169
865974.1837880791
865974.6238892413
865988.0909848028
866019.5362128378
866019.9983190581
867506.8635915617
867511.5396664094
867512.5739041404
867513.707164633
867514.8404251254
867515.9736856179
867517.1069461105
867517.6735763567
867518.8068368492
867521.6399880805
867522.2066183268
867523.3398788193
867524.4731393119
867525.6063998044
867526.7396602968
867527.3062905432
867528.4395510356
867529.0061812819
867531.2727022669
879706.3467783219
889789.3559700181
889794.4391384409
889856.6694427677
889856.6694427677
889858.2978170676
889859.9261913676
889861.5545656675
889863.1829399674
889863.1829399674
889866.4396885673
889866.4396885673
889871.3248114671
889872.9531857669
889872.9531857669
889876.2099343668
889877.8383086667
889877.8383086667
889879.4666829667
889881.0950572665
889882.7234315665
889882.7234315665
889884.3518058665
889887.6085544663
889889.2369287662
889889.2369287662
889890.8653030661
889892.4936773661
889894.122051666
926962.9627365735
927032.3666898432
932964.3912315957
932974.8326316675
933137.3509883175
933137.3509883175
933147.1432391751
935524.4706943055
981089.5633371281
981110.6221777367
981165.33775472
981166.7185721162
981180.5267460784
981183.288380871
981194.3349200407
989708.8180685977
1054134.6990731896
1059358.2102552739
1059387.20191933
1059468.0044926994
1059468.0044926994
1060480.9633325436
1060509.2838423275
1060511.858434126
1060512.7166313922
1060527.04192422
1060617.9998319058
1060617.9998319058
1060622.7309193988
1060623.913691272
1066532.9319447735
1066988.8712474883
1067218.4940288358
1067229.5075604185
1067279.8551333675
1067305.028919842
1067332.0951413137
1068974.8277416546
1069005.4147724232
1069034.9895705192
1076159.732271793
1076173.8430153043
1076187.9537588155
1086186.480031174
1086205.6079279336
1086212.5835313534
1086216.0713330635
1086221.3030356285
1086235.2542424684
1086257.9249535832
1086296.8133925227
1086297.9466530154
1086334.2109887758
1086407.9939486089
1086409.677335554
1086411.3607224992
1086525.2864095846
1101039.8117345027
1101044.3172701502
1101054.8301866609
1107976.768771155
1109734.8353822997
1109761.5715279
1109762.90833518
1109770.6651181625
1109772.1174519975
1109775.748286585
1109777.2006204203
1109779.379121173
1109780.831455008
1109783.736122678
1109787.3669572657
1109788.0931241834
1109789.5454580183
1109796.8071271938
1109800.4379617814
1124154.408881486
1124178.5264251714
1127743.5328815167
1127784.3577655698
1127791.7514650938
1127830.4473597752
1127830.6178989755
1137666.8403640003
1137674.3330862857
1137675.5818733333
1137679.328234476
1137681.8258085712
1137684.3233826663
1137686.8209567615
1137690.5673179042
1137691.816104952
1137695.5624660947
1137696.8112531423
1137700.557614285
1137701.8064013326
1137703.0551883802
1137708.0503365705
1137710.5479106656
1137714.2942718084
1137714.2942718084
1137720.5382070462
1137732.29440934
1137733.8017558202
1137738.3237952613
1137838.743877933
1137840.102690271
1139096.079890586
1139103.649630575
1139120.6815455498
1139121.6277630485
1160678.82792503
1161376.7073403678
1161379.5019827473
1161418.3299077775
1187722.9893260188
1207991.540277661
