292823.17866120616
300561.16932433774
300562.4676227661
803195.0733119905
816267.3541209819
816475.8740516049
818566.5966274192
818580.4158039106
820958.7664942427
821673.4137638583
825230.6084245753
833340.8256481178
834007.7879568151
837763.7653099428
837827.4589506338
837973.3194782968
838035.7368256175
838043.3285706644
838045.2265069262
838049.0223794497
838060.40999702
838075.593487114
838122.7943367538
838140.3158642715
838157.8373917893
839341.1538902345
839356.3043727413
840002.7139571665
840208.2136935643
840234.9388366354
840238.7567142169
840240.6656530077
840244.4835305893
840250.2103469616
840276.9354900328
840286.4801839867
840318.9321434301
840332.2947149657
840336.1125925473
840341.8394089197
840357.5675242017
840365.2968008618
840373.026077522
840385.3929201781
840402.3973288304
840411.6724608226
840420.9475928147
840427.1310141428
840434.8602908029
840439.497856799
840468.2969765967
840479.0354449529
840493.8008389429
840499.170073121
840515.2777756554
840519.3047012889
840527.8646688927
840532.650769031
840547.0090694459
840547.0090694459
840548.6044361587
840780.5267460785
840780.5267460785
840892.1969147075
841116.1038822118
841139.6052842702
841141.0631193698
841157.0993054654
841161.4728107642
841289.954843787
841346.6508759999
841358.1375163319
841364.518983183
841460.147464452
841532.7971637925
841534.0789584273
841572.037683662
841577.4509279564
842456.0138754116
842823.3608141871
842999.2197373146
843064.9378433515
843190.1686290391
843191.7529932228
843578.563405894
843585.4674928751
843585.4674928751
844368.8970728689
844373.672170478
844387.9974633058
845333.4887949938
845336.2724348444
846386.6178684128
846406.2463802443
846417.4524560854
846470.1325651938
846501.3797477059
846528.7100298749
846557.9657546284
846558.7689392493
846586.8804009812
846668.8437411655
846670.2025535036
846676.6500355289
846680.6989662207
846685.7601295853
846690.82129295
847006.1702794184
847007.1219981815
847396.3034558638
847418.3085139709
847421.609272687
847423.8097784977
847426.0102843083
847429.3110430244
847649.5046569732
847649.5046569732
847664.8861925901
847670.013371129
853034.2854086598
853088.6379021845
853090.6293599431
853093.6165465812
853107.6942825052
853110.1588490132
853111.3911322672
853112.6234155212
853196.4186767931
853196.4186767931
856252.1125619848
858012.6877497536
858037.2343920721
858038.7912499332
859507.9974633058
859825.7505023724
859940.4133589041
860350.6591584593
860547.7584639248
860581.0521168407
861540.8687413565
861578.761451417
861600.0183375485
861746.417989135
861808.868344043
861814.435623744
861815.8274436693
861817.2192635946
861818.6110835199
861820.0029034452
861822.7865432957
861822.7865432957
861825.5701831463
861828.3538229968
861829.7456429221
861831.1374628474
861832.5292827727
861833.921102698
861833.921102698
861838.0965624738
861840.8802023242
862688.9936506238
862699.583584838
862701.5090274223
862702.4717487145
862735.3473055265
862773.7021218071
862797.5886123824
862845.4221074427
863202.239625914
863291.904736436
863322.5522811146
863323.2619442386
863325.3909336104
863328.2295861063
865367.7408904408
865626.1462877926
865626.1462877926
865627.8846873831
865648.7454824686
865649.1800823662
865715.3217857716
866006.3991931479
866016.9616210393
866032.9372932251
866035.2478243263
866036.1720367668
866151.1044552602
867708.8150123396
867715.9666562245
870106.2715943734
870107.0637764652
881226.3296632768
881360.4614949686
883488.1965785191
883652.9484485671
883652.9484485671
883657.9986094026
888660.8925801694
888666.8889585036
888678.881715172
888688.4759205066
888689.6751961735
889748.6906226361
893131.0330916343
893153.2912079096
896402.8716600831
896412.4603641531
896417.9396236219
896419.309438489
896422.0490682233
896544.7052621123
896546.0640744505
898830.2661236714
899047.5660724791
899047.5660724791
899073.7520916266
899084.5895827443
907961.6500737322
907977.0811207298
908026.1799066314
917064.4274482537
917067.6181816793
919856.7592967551
919919.605742709
922112.607828605
922142.7107480955
922172.8136675861
922264.9323420869
922269.767953606
922282.2888316689
922297.4723217628
922300.5090197816
922302.0273687909
923805.1488779712
931099.6496000122
933026.720558684
933030.7969956982
933115.1148771002
933176.5199917482
934231.1234040603
934355.4189747783
934355.4189747783
934414.9206518999
934530.1721437358
949874.1891365306
949880.1305022195
949881.6158436418
949882.3585143529
949883.1011850641
949883.8438557752
966085.7500439336
966093.4738193293
966103.1285385737
966435.0198274743
966435.0198274743
971683.7873150009
971711.4036629254
971718.3077499064
971731.263227867
971856.9616210393
972579.2336432888
976707.7731339633
976728.1498177707
976729.9212249483
976733.4640393035
976735.2354464812
976742.3210751916
976752.9495182574
976754.720925435
976758.2637397902
976760.0351469679
976761.8065541454
976763.5779613231
976767.1207756783
976768.892182856
976772.4349972112
976772.4349972112
976775.9778115664
976777.7492187441
976779.5206259217
989703.025237051
991508.6392775006
991513.5904155747
991585.1948746552
991585.1948746552
999115.8703840952
1019218.7067443974
1019263.8611236332
1037370.0190252066
1037381.2856149573
1037384.8064242544
1037391.8480428488
1037393.2563665676
1037394.6646902865
1037396.0730140053
1037397.3988187563
1037404.8585334546
1037407.3451050207
1037409.2100336953
1037409.8316765869
1037411.0749623699
1037412.318248153
1043041.9987927781
1043062.2819550883
1043062.6670436051
1049269.2431940953
1056544.8195661642
1056583.267903942
1056595.2001467005
1056603.1549752061
1056624.9509852612
1057159.497856799
1057212.799608799
1057212.799608799
1057597.194966343
1057601.7775196938
1057602.4321701725
1057603.086820651
1057603.74147113
1057604.3961216086
1057605.0507720872
1057605.705422566
1057606.3600730447
1057614.6174710994
1057615.4481620428
1057616.2788529864
1057619.6016167605
1058636.4993620063
1058645.8185041146
1058712.878918696
1058712.878918696
1059332.216780385
1059340.8812720147
1061426.9607805682
1061448.7457880944
1061603.826435104
1061865.0374773645
1061865.0374773645
1062801.4077124672
1062811.3539987316
1062823.3192490772
1065010.4294806654
1065024.347679918
1065098.2626701
1072364.3328570665
1072386.8825403617
1074513.7979354977
1075954.9642035773
1075986.4754467867
1075998.2921629902
1076027.718426944
1076037.3731461884
1078117.9623927444
1078128.5523269586
1078136.254097296
1078139.1422611726
1078140.1049824648
1078198.819978759
1078371.5706874288
1078372.6544365406
1081032.3673010948
1081551.6206572484
1081653.4160560516
1081653.4160560516
1081740.0499698196
1082096.2678504572
1082096.2678504572
1082340.898081434
1082739.5472153667
1082947.9516194346
1082959.8123457544
1083319.441010399
1083319.441010399
1083323.137860161
1083601.1772706087
1083891.0994124343
1085672.4198687335
1086824.8137592738
1086851.2913454412
1097501.0408086858
1097533.2342086965
1098130.1874250262
1098132.272404282
1098159.3771346053
1098165.6320723721
1109361.2500095507
1111759.504274941
1112315.0879820292
1115019.157542463
1124237.0213708845
1124369.6568586251
1124459.0414046564
1137099.7535127865
1137351.7719420227
1137394.978873616
1137396.9428250522
1137406.7625822325
1137422.4741937208
1137429.0206985078
1137435.5672032945
1137444.7323099962
1137448.6602128684
1137451.278814783
1137455.2067176553
1137457.82531957
1137461.753222442
1137469.6090281862
1137472.2276301011
1137476.1555329731
1137481.3927368028
1137487.7521985958
1137489.342064044
1137494.1116603888
1137498.8812567333
1137502.06098763
1137612.9829842832
1137650.474102033
1137664.3427899051
1139082.9043620443
1139086.6672269804
1144380.6166000657
1144423.1303723287
1144543.3660098258
1144573.6229647233
1144729.330755889
1144734.9200406482
1144901.580849487
1144901.580849487
1149849.1541041725
1156374.440513757
1156416.4591722125
1157219.5997830057
1157220.6725295885
1157245.345700991
1157326.1592768894
1163647.6128332277
1164144.8556300094
1164145.999893031
1164271.8688254037
1172650.949350163
1173631.610265971
1173640.9074030211
1173644.6262578412
1173646.4856852514
1173648.3451126614
1173650.2045400713
1173653.9233948914
1173655.7828223016
1173657.6422497116
1173661.3611045317
1173665.0799593518
1173665.0799593518
1173666.939386762
1173668.798814172
1173670.6582415819
1173672.517668992
1173674.377096402
1173676.2365238122
1173679.9553786323
1173681.8148060422
1173826.0689644634
1173837.7756553763
1173839.4480397925
1173841.1204242087
1173842.7928086247
1173844.465193041
1173846.1375774571
1173849.4823462893
1173851.1547307055
1173854.4994995377
1173856.171883954
1173857.84426837
1173861.1890372022
1173862.8614216184
1173867.8785748668
1176541.3335982088
1183147.9176949703
1183171.3310767962
1183221.5026092804
1190896.2067252959
1190903.402379297
1190909.3987576312
1190912.9965846315
1190915.3951359652
1190918.1787758158
1190920.9624156663
1190923.7460555169
1190925.1378754422
1190927.9215152927
1190932.0969750686
1190934.8806149191
1190936.2724348444
1190937.6642547697
1190939.056074695
1190941.8397145455
1190943.2315344708
1190944.6233543959
1190947.4069942464
1190952.9742739475
1190954.3660938728
1192377.4992168339
1192392.1875931204
1192403.8887827687
1196478.6039013134
