576979.8852375094
576983.598591065
577304.404831944
579457.7483018666
579471.3419265122
580115.3584608685
580586.7343118453
799967.5419280404
800611.9985635587
800659.6285118315
801284.3961216086
801560.8731729308
803019.3629230051
806602.6335775793
811958.4226652099
814439.1518883855
814575.4787246234
815051.5636580352
816547.0384095233
821398.994185469
821633.194018903
821737.5915158276
824065.0445067581
824156.2774776702
824160.3869222717
824165.8661817404
824350.6866647819
824480.6815455497
824794.7102285316
824800.7836245692
824827.2557094721
824869.5054210378
824883.5886582263
825082.008267178
825113.5965280908
825211.3429962026
825243.2338266643
825251.6507613902
825261.4705185705
825272.6930982051
826546.4503854705
826759.3383201277
826769.5376645604
826862.2559768946
827540.215313381
827894.4307337312
830860.795085537
831575.7229196434
831576.889187723
831601.3808173962
831602.5470854759
831614.5398421442
831615.8931532179
833392.4055043209
837735.1147242874
840513.9354671108
840636.8557216971
843198.0904499576
843941.9494342102
844106.0301499858
844121.1806324925
844242.1644419654
844298.167314848
844774.307260905
847299.068605353
847323.8242957235
851394.402463344
853799.2362411082
859156.4556575157
859529.3203646116
860783.5426615423
860876.0629283537
861752.2493295333
865997.9492508348
866021.3846377188
866178.9188487076
892856.7235385355
892987.5931203631
893051.4022876091
893071.190336112
898529.6330198122
898727.843580712
898741.8387976681
908894.4939982733
908984.0600860337
916348.4378700939
923067.3632897561
923783.2758502128
927036.8557216971
934489.8093659029
934512.7111301279
934537.2137623301
934543.3751786001
934572.4218553015
935400.3621665813
937137.1113776847
940590.9152728857
940642.7921973732
945712.9941396251
945826.3366926704
971864.3168117116
988816.0453548698
989679.8539108642
1022802.8851076185
1023195.1527747002
1023214.3851954859
1023314.7832730996
1023316.1200803795
1024802.2041733204
1051314.2942718084
1056347.3076658593
1058636.4993620063
1059945.1181625775
1060033.776541691
1060068.5665385583
1060091.077713002
1060423.6511587037
1060626.2792350187
1062623.2437595031
1065757.8862919183
1065864.4072769503
1065971.7754567196
1066918.1854995836
1067764.4285179442
1067953.6720176653
1070189.0008328303
1083393.2624790836
1083393.2624790836
1083692.080165649
1083767.0458973555
1084490.9297901115
1084539.340917947
1084771.2797316604
1085580.8018093046
1085932.1400683075
1086594.0577174337
1086843.600577633
1095543.4708394776
1095687.3509119109
1095712.9317919605
1104227.899051796
1107933.3307864517
1108445.7900809145
1109496.3060536832
1109612.7128110698
1113698.7385294815
1123977.207649814
1124123.5467874906
1129056.3821545092
1129108.8202079784
1132673.8101605298
1140798.5562236875
1144976.8931608587
1162809.808754651
1162868.518249681
1163488.774822546
1175970.6379174658
1178439.0388068368
1179362.475569037
1189793.3022104385
1190878.2175902934
1193478.9348940626
