47599.18520159841
47608.91143728175
47692.3326125658
47692.3326125658
47702.67498987614
47703.8577617494
47705.040533622654
47708.58884924243
47710.95439298894
47712.1371648622
47713.319936735454
47715.68548048197
284305.4387640492
284718.0170997639
284906.3748958962
284906.3748958962
421805.21061438427
436545.1117444357
458715.02074435167
799620.1480757035
799622.7776801473
799624.0924823692
799625.4072845911
799626.722086813
799629.3516912567
799630.6664934787
799631.9812957007
799633.2960979225
799635.9257023663
799637.2405045882
799638.5553068101
799639.870109032
799641.1849112539
799645.1293179196
799646.4441201414
799646.4441201414
799647.7589223634
799649.0737245854
1022896.7366804453
1022901.9188716295
1022903.6462686909
1022904.5099672216
1022906.2373642831
1022907.9647613445
1022908.8284598752
1022911.4195554673
1022912.283253998
1022914.0106510593
1022917.4654451822
1022919.2423536243
1022923.8084031815
1022925.6348230045
1022928.3744527388
1022929.2876626502
1023085.8976611985
1023086.8438786971
1035907.8764354861
1036260.0783930195
1111837.9798134156
1145459.1505130695
1145462.5502945469
1149854.4188143248
1149960.4886956655
1149960.4886956655
1149962.7662191796
1162475.9920231665
1202797.7304227569
