47065.13344386799
292692.8427020378
292699.90632569016
292767.72591477627
292769.0462182627
421835.253019965
421851.9548590683
454988.85474369454
454999.125604566
455059.6285118315
455059.6285118315
455154.71236791235
455160.2136324391
455162.9642647025
455162.9642647025
455165.7148969659
455167.0902130976
455171.21616149263
455173.96679375606
455175.34210988774
455176.71742601943
455178.0927421511
455179.4680582828
455180.8433744145
455183.5940066779
455184.9693228096
455186.3446389413
455187.719955073
455190.4705873364
455191.8459034681
455195.97185186314
455198.7224841265
455200.09780025826
457908.77742036537
588882.8392637474
588931.0523460602
588931.9325483844
608102.8932067023
720236.2298000442
720242.7322947149
720308.2358514353
720309.6606789478
779557.9000450798
779560.9807532148
779616.9616210393
779616.9616210393
799099.9870109032
805300.7593273176
805318.3688750678
805409.8163952965
805409.8163952965
853660.81892435
853694.5526784281
885307.2612107367
912876.776870239
1100938.775510204
1101948.659143178
1107712.4770207596
