42722.842320005504
45060.670695833556
50310.219362923
89450.726243324
119112.11424292668
128249.72562443173
184695.05971164207
193968.4698079906
210582.59674966952
210759.31937132773
215430.1405114648
215612.5569419082
215621.66703596452
215688.1883266223
215786.13284025705
218528.77726755248
218840.59994345924
237746.34463894131
240519.5705957411
260824.40788820208
260882.13265688156
260886.8857494327
260887.41387082727
260888.4701136164
260889.52635640555
260891.63884198383
260891.63884198383
260892.1669633784
260892.69508477297
260908.53872661007
260909.06684800464
260911.2783563444
261132.00009168775
261190.20347038104
265920.11369280017
282055.49859030097
282827.05094018136
288917.638429389
291577.9344279831
304760.92268431146
307086.4722377158
316494.9218744031
319051.1724570023
320389.71263533493
321694.28800647927
325674.9535066741
329800.060208284
329818.08235087374
334364.3053507438
338844.0125612207
339569.2937751664
347709.7129409607
347748.9039494495
364801.1075879247
364861.14838896994
366384.7566072479
366386.0659082053
367843.2848661741
372774.09026658215
372775.5260966236
383047.0196135362
386936.2540972959
387187.82692410547
393092.9007709411
393111.4180273382
393123.3997814775
397731.4624958932
398204.1916579436
399392.6408361922
399548.89875381073
400363.5865188457
400527.26564231084
400657.57959642116
402208.5290993971
404370.54256221396
404790.66863285936
404837.8419761765
405330.8598018017
405686.51655345777
408717.8233330022
410613.26202064496
410835.2875556812
414803.8887827688
415144.4995759442
415201.173603099
415202.2353471527
415204.35883526003
415205.4205793137
415207.544067421
415209.66755552834
415211.7910436357
415212.85278768936
415213.91453174304
415394.10295005306
418044.88726228045
421580.7150115756
423019.29568532767
425891.9900060361
425914.63321082835
428012.721979844
431482.35851435293
431490.5278921752
431492.01323359745
431492.7559043085
431496.4692578641
431497.21192857524
431497.9545992864
431499.4399407086
431500.1826114197
431500.92528213083
431556.3725272962
431556.3725272962
432319.9315398192
434288.6800785459
434377.27244248503
434695.7296434111
434823.00139823806
434880.6051390979
434928.8182214106
435179.950947058
437263.38984863885
439812.9618961025
439857.43411853694
439915.9070591921
442708.6239962102
442718.93886719795
445068.27588841604
452547.2560150979
456247.63758891803
456282.9557071799
457123.3948914646
457966.5957105418
464491.7115809259
486332.96403548314
491277.46758456284
491320.53148327844
491348.60993742314
492878.6436326683
495568.7619862621
495636.85663857457
509406.2686909283
511145.75753176596
513362.03546787496
514356.4550462641
515972.2919643335
517728.9392492302
517854.9567157451
518016.05574614723
520370.2228776198
521276.9578007167
521283.69134849746
523196.3489941091
524283.6024113876
524893.7476600524
525100.2101177423
525186.5799708127
525187.4051604917
525202.5996531147
525330.7131014144
525390.1597658906
534705.8580826564
538249.750685748
539681.0256802085
541906.4192116383
541967.8463313442
542099.8436723998
542736.5490261997
544100.1694695101
544221.5493700288
544243.576433194
544243.576433194
549958.2955248741
550035.1096814615
551043.6675096846
553398.2747423192
553548.8718587396
553695.9481658632
554612.5138486694
555178.3079027194
556031.0424132214
556582.2966251271
556857.6624210149
557194.6203745444
558199.3603251858
558568.7537343653
558628.3929431002
563834.5696406604
576172.877237754
577600.1033015228
579504.3550149375
579519.890585961
591138.9848638818
598965.716425095
599196.1313885344
606436.1420854378
615161.0816097311
624980.646245769
638429.7801786383
652734.9053706095
675530.53920033
675604.5862208605
675811.7418378808
683751.4528686802
701147.8926336541
701541.9372091779
701682.9346189993
702761.0064257826
708350.9403342019
708367.2460822591
712690.2057625746
712908.8150123396
713020.5236898203
713903.9387525882
713944.1364924854
713991.3758509769
765370.6669519173
768426.2013004378
771927.8111843765
777429.5708249604
782544.7566072479
782611.4759434286
788894.9652732677
790776.0346579666
790950.0616600066
791065.4396809266
791095.9441927276
794360.1745123359
800662.2031036301
801487.0957143621
801612.6785809794
801620.1382956777
801638.7875824235
812876.4736894383
814274.499041099
814646.8246242712
814690.4056418524
817294.396198015
820309.3257130632
821382.3143514238
821396.9092062133
821574.2754758212
821857.1449965235
823610.9921377761
824262.2098273978
824408.9450561205
824430.3064662779
824836.0577327149
824909.9947279549
824922.977712238
825099.4362731988
825119.0427799723
835642.8517944055
838406.0269409149
840464.270050963
841139.6052842702
841205.207863752
841504.5976818283
841582.8641722507
844402.3227561335
844760.9336868405
850721.0256802083
859541.4671566867
859570.3157878651
859576.3891839026
860766.0981517279
865688.998235011
865955.2594381069
865995.132603397
866172.7574324376
867760.0042787613
876311.7915020745
887716.1494204571
898503.9751220593
898727.843580712
922464.8647987837
934494.7880102997
945836.8826167681
945896.8023899938
945896.8023899938
945900.8733257436
945901.8910596811
945902.9087936186
945904.9442614934
945918.1748026804
945918.1748026804
945920.2102705552
945921.7286195646
945924.7653175833
945926.2836665928
945952.0955997524
951247.8933977186
951384.4952971828
954198.3205861902
954203.3432407032
954228.1044323383
954228.4510120035
954229.4907509991
954230.1839103295
954230.5304899946
954230.9595886277
954232.67598316
954233.5341804262
954235.2505749585
954235.6796735916
954341.8155701067
961753.7297809428
967498.1942099191
1024776.9533691425
1031762.035467875
1031969.4386417989
1051170.4252019043
1051294.3136790472
1051846.2445464896
1052455.6416231787
1052682.9043620443
1052708.380718068
1057237.9018788347
1057930.0049664192
1058507.3021645949
1060012.4756454434
1060104.566813622
1060227.7126200534
1060406.652251316
1060628.644778765
1060640.4724974977
1060965.668747469
1061145.9561885407
1065766.7983404517
1067926.1436899733
1068425.163395197
1070132.876932128
1073391.4409492735
1075001.859121784
1076668.5662329327
1078870.0402662
1078988.465987668
1083349.4284033342
1083349.4284033342
1083771.237860925
1084233.8832050979
1084464.2761634793
1084499.1266742563
1087832.4253699982
1093894.345769757
1101529.1547154242
1106963.3478250904
1112582.119362159
1113611.0263678667
1118291.353693106
1118930.7986766403
1128171.3607224992
1129043.6852359814
1129044.3893978407
1140748.0326102737
1144275.3884121974
1147104.4246976215
1162408.139426493
1174638.3801832227
1179319.8737765418
1179481.390903048
1181080.234414994
1185094.9197350224
1189876.6243629614
1194450.029110858
1195893.4674011872
1195917.1228386525
1196112.1096585398
1199957.477058963
1204787.4937919758
1207170.4435394525
1209362.3453724433
