292828.45987515186
300574.152308621
300575.4506070493
802504.4885734152
803199.694374193
816283.0327248833
818648.1473727642
818660.0080990839
820963.2225185094
825232.0112470296
837052.2042497268
837930.838713621
837939.0080914433
838170.3527685878
838215.408125062
838978.1419479061
838986.4818649287
839021.865998365
839043.3924464582
839048.3600883259
839051.671849571
839054.9836108162
839114.5127942603
839117.6595175696
839150.7001123175
839253.936842427
839300.5325529688
839325.9483950825
839464.3217017244
839474.5210461571
839496.6196257612
839714.2056403243
839714.2056403243
839818.2015449385
840356.0216688697
840553.3905362969
840626.3813140382
841284.3655590279
841285.7628802176
842224.8397374675
843076.9856126652
843153.2881516515
843173.3677671743
843267.802474041
843285.5385508753
843333.6196028392
843361.4780064028
843369.102759037
844672.7649202698
844816.1443776313
847099.1251461273
847179.9277194967
847186.1276446183
847305.2575279457
847306.4953124642
847480.5498208269
847521.6222617838
847682.8313174765
847698.2128530933
847701.3485738735
847703.4390543937
847705.529534914
847707.6200154341
847709.7104959543
847711.8009764744
847713.8914569946
847715.9819375147
847719.1176582951
847720.1628985552
847721.2081388152
847723.2986193354
847724.3438595955
847726.4343401156
848825.8840608501
848876.2536388573
848877.7939929247
848882.4150551272
848887.0361173297
848888.5764713973
848893.1975335998
848894.7378876673
848897.8185958023
848900.8993039372
856477.7139189633
856521.6525187388
856523.4459309744
856597.1793794268
856597.7680147311
857158.7924724363
859211.9194064747
859229.017336624
859231.4598980738
859237.5663016986
859319.0730369273
860614.4337899892
860708.6154386876
860883.7867037493
860900.5215504398
860901.808846339
860903.0961422382
860905.6707340368
860908.2453258353
860909.5326217345
860910.8199176339
860913.3945094324
860914.6818053316
860915.969101231
860917.2563971302
860918.5436930294
860940.460730904
860970.3215947554
861534.399254273
861536.0166260438
861555.6561404045
861563.974052369
861567.670902131
861626.4684173932
862267.233704414
862415.3882593845
862416.7910818389
863213.1816410578
863224.1236562015
864453.458232413
864546.1655422184
864770.243048923
864770.243048923
864776.0468829988
864816.1456001344
864829.0680705078
864836.5607927934
865100.1703863874
865953.0589322962
865975.5040915655
866049.9692082
866050.4973295946
866138.7816227202
866141.8623308552
866142.7425331795
867427.447336853
867429.7193591027
867430.6930829239
867431.342232138
867432.3159559593
867432.6405305663
867434.2634036017
867434.9125528159
867435.56170203
867436.2108512443
867436.5354258514
867437.1845750655
867437.8337242797
867438.1582988867
867438.8074481009
867439.132022708
867440.1057465292
867440.7548957433
867441.0794703504
867441.4040449575
867442.0531941716
867724.191046692
867730.4074756072
867741.7070729453
867743.7865509364
867766.1656950313
867810.4288694138
867810.775449079
868108.2783334225
868109.5546267927
868251.2451959443
883678.1992527449
896589.4470465087
899101.8360470358
899928.6320952942
899928.6320952942
899936.179830225
899977.692372344
908139.2804040373
908163.7115198007
908569.6223229088
908645.8698492501
908673.4036782065
908744.4910184216
921179.2742915212
921745.6459783465
921747.1588260913
921748.6716738362
921801.6763575517
921826.3220226316
924033.2093001934
937200.9260461953
972169.3289221341
972185.9702473277
972188.9959428174
972190.5087905623
972195.0473337969
972200.5540995882
972213.867159743
972221.8549958358
972224.5176078668
972235.1680559906
972253.8063402073
981311.6713911322
981332.7742418569
981512.3795261271
981512.3795261271
989706.8871247488
1009770.3069247167
1009896.5499430771
1010118.9220577785
1010120.6274497819
1010173.9016954591
1010173.9016954591
1010177.0264137104
1010178.588772836
1010180.1511319616
1010183.2758502128
1010183.2758502128
1010186.4005684641
1010186.4005684641
1010189.5252867152
1010192.6500049664
1010192.6500049664
1010195.7747232177
1010197.3370823433
1010197.3370823433
1010200.4618005945
1010200.4618005945
1010203.5865188456
1010203.5865188456
1036271.2184536862
1036283.1011850641
1051360.9339924664
1051419.7205051994
1054238.2383728481
1054243.8496626655
1054247.5905225438
1056913.173236348
1057928.9927337463
1058032.240466385
1059191.9510387457
1059193.386868787
1060795.3661015136
1061876.2600569993
1062114.1787452532
1062122.7607179151
1062835.9666562243
1062835.9666562243
1064049.0835046112
1064072.3208459723
1065125.2958839845
1065520.4792212655
1065553.4042894582
1065586.329357651
1065710.1023082389
1065710.1023082389
1066181.659700945
1073607.860695757
1073611.337494938
1073614.814294119
1073616.5526937093
1073618.2910932999
1073621.7678924808
1073625.2446916618
1073626.9830912522
1073630.4598904331
1073633.936689614
1082356.6316979807
1082379.516958412
1082543.8507323558
1082543.8507323558
1082556.4926382385
1082560.6185866336
1082564.7445350287
1082566.1198511603
1083593.409485097
1083593.409485097
1083659.309132863
1085491.6648201772
1085540.075948013
1085569.7882777222
1085602.82887247
1085702.91887927
1085754.8068062866
1085789.4262639536
1085802.2057014494
1085819.8977681675
1086007.974999809
1086117.8242498797
1086117.8242498797
1092703.1459592448
1092709.1313350499
1092710.6276790013
1092806.481712116
1111775.1718763134
1161453.3729628131
1161477.633539376
1161488.4160178485
1172583.0472421092
1174534.5548178088
1174682.2857754107
1175252.761405573
1175252.761405573
1175328.0407093575
1175335.1923532423
1189629.0784617853
1189634.9978224162
1189657.1954247816
1189660.1551050972
1189660.1551050972
1189664.5946255703
1189667.5543058857
1189669.0341460435
1189670.513986201
1189673.4736665166
1189674.9535066742
1189677.9131869895
1189679.3930271473
1189682.3527074626
1189683.8325476204
1189688.2720680935
1189691.2317484089
1189692.7115885667
1189694.1914287244
1189698.6309491973
1189700.1107893551
1189700.1107893551
1189703.0704696705
1189706.030149986
1189706.030149986
1189708.9898303014
1189710.4696704592
1189710.4696704592
1189714.909190932
1189716.477051322
1189716.477051322
1189719.6127721025
1189719.6127721025
1189724.3163532729
1189730.5877948334
1189730.5877948334
1189733.7235156137
1189736.8592363938
1189738.427096784
1189739.9949571742
1189743.1306779545
1189743.1306779545
1190098.457353739
1190118.0968680996
1190128.4942580552
1190300.4857922203
1190300.4857922203
1192409.731125696
1192423.3632591935
1192430.1793259422
1192456.7669374002
1193228.9959428173
1194986.1548453153
1196001.8423123648
1196039.470961728
1196579.409072502
1201711.7918077002
1201718.3383124871
1201719.2735274567
1203877.6066443052
1207799.436120386
1207809.9985482774
1207830.5622750786
1207833.8960413816
1207840.5635739882
1207945.6927390948
1207970.497940846
1207977.5120531176
