221981.4368997318
222948.95529458506
244415.21955393913
244475.24935245528
244476.0910459279
249495.02120279038
249502.0298137975
249503.03104394136
254226.41676663177
258651.6724608226
263363.4120065098
263364.64979102835
263851.7592585518
263852.0893344234
263856.941449736
263856.941449736
264057.8531315184
264148.23340642883
266693.76202446537
266695.5609379656
272505.49041481066
291513.7676785428
291695.78801794024
291836.88995178754
291836.88995178754
293263.5823928973
316579.4047937408
334890.5673179043
370765.47956509446
378331.58871935145
378333.2115923868
378336.45733845764
378336.45733845764
378339.70308452845
380782.0389825717
404896.3369218897
404903.9396694657
404915.4263097976
404915.4263097976
413240.5999434592
431708.27894467406
455145.1181625776
455151.9617356489
455154.71236791235
455156.08768404403
455158.8383163074
455213.85096157517
455213.85096157517
458638.10756500275
458642.2500171914
458643.6308345877
458645.0116519839
458645.0116519839
458662.27462006896
458663.3968780324
464905.4066733395
464949.95591347734
464951.48526501574
473817.63124718255
473833.7939623622
473835.03724814527
473862.05395823624
604136.0358804697
604176.1896102506
604259.3357223084
604259.3357223084
609026.4234903995
609750.2358667166
704649.8711023158
704671.667112371
704789.289649218
704789.289649218
704835.2912231908
704863.6227355038
704863.6227355038
704874.6142620284
705059.9243576129
705059.9243576129
705076.8517485617
705097.762055028
705097.762055028
705102.7406994248
705125.9560357278
705127.2818404787
705132.5850594825
705184.2914447696
705184.2914447696
705190.9204685244
705281.9058825327
705281.9058825327
706738.5197014036
707166.5125803223
707223.049075864
707240.2570313037
768425.233077881
949422.9754200444
1032326.2836665928
1032332.3570626304
