80963.12227324475
81044.60700341537
81226.32477326386
81469.76673110279
81508.65517004256
81533.49337938096
81533.49337938096
81678.95231473347
81700.83634502099
82449.88302172236
116227.96628947348
116233.24750341919
116242.75368852145
116244.86617409973
118987.75265703436
122739.9616439612
137382.19882486877
137384.2617990663
137388.38774746138
170728.50984497133
195951.96173564898
199670.62401149154
199676.5378708578
199677.72064273106
199678.90341460434
207725.37748607493
222880.7726220402
222896.15415765706
222908.97210400447
222911.53569327394
238738.36016473232
291425.13130448735
291431.29272075737
343092.3475882304
350662.4561617983
370776.7021447291
380629.0818236692
380636.7835940067
380845.54558026884
404888.7891869589
474424.8883319707
474451.9160445908
474467.8146990732
474472.5842954179
477868.63041435217
596796.4853032191
596799.5880164122
628403.0324192576
628407.7855118086
768262.0380656943
768264.8217055448
806153.3893137937
806193.4165144905
814846.6195493548
814863.717479504
819288.8026344945
819288.8026344945
872033.194018903
872034.7563780285
900050.2925603038
900058.346411571
944334.8778642868
948387.5274108145
948499.7532071609
1030374.0609265047
1030377.0151055555
1139437.6203974662
1139836.5941060064
1140259.1022241919
1140259.1022241919
1144931.5077285126
1144936.0462717472
1154749.554015541
1164411.2268583959
1196171.39128508
1199527.1131350333
1199891.016282215
1200589.984947929
