16073.704719626525
16077.225528923662
16078.98593357223
16080.746338220799
16082.506742869367
16083.386945193652
16086.027552166504
16088.668159139357
16090.428563787926
16090.428563787926
16093.069170760778
16093.949373085063
16098.350384706484
16099.230587030768
16100.990991679337
16102.751396327905
16104.511800976474
16105.392003300758
16107.152407949327
21598.11856753184
23004.274788163115
23036.45718564476
66876.98591829093
66885.74943268209
66886.90469823271
66888.05996378334
66889.21522933396
66891.5257604352
66892.68102598582
66893.83629153644
66894.99155708707
66896.14682263769
66897.30208818831
66898.45735373894
66898.45735373894
66913.47580589703
66914.63107144766
67248.2057472933
67254.20212562749
67255.40140129432
67256.60067696116
67256.60067696116
67258.99922829484
67260.19850396167
67262.59705529535
67263.79633096218
67264.99560662902
67264.99560662902
67266.19488229585
67267.3941579627
67268.59343362953
67291.37967129944
67292.57894696629
67578.08357337692
67581.51636244163
67583.23275697399
67583.23275697399
67584.09095424016
67585.80734877252
67586.6655460387
67588.5579810359
67589.50419853452
67590.45041603311
67590.45041603311
67611.26720100244
67611.26720100244
68027.84495602809
68036.85602732295
68038.35787253876
68039.85971775457
68039.85971775457
68041.36156297039
68042.86340818618
68044.365253402
68048.87078904943
68051.87447948105
68054.87816991267
68056.38001512848
68056.38001512848
68057.88186034429
68090.9224550921
68090.9224550921
116282.01621344905
116285.23445319722
116286.30719977994
116288.45269294539
116289.52543952811
116323.85333017519
137404.89154104172
137406.95451523925
137409.0174894368
137411.08046363434
149057.84610212487
149069.29973486962
149071.2086736604
149073.1176124512
149075.026551242
149076.9354900328
149076.9354900328
149080.75336761438
149082.66230640517
149086.48018398674
149088.38912277753
149090.29806156832
149092.20700035914
149092.20700035914
149111.29638826704
149111.29638826704
149571.35063684775
149578.99739453997
149582.05609761688
149583.5854491553
149583.5854491553
149585.11480069376
149586.6441522322
149588.17350377064
149589.7028553091
149591.23220684752
149594.29090992443
149595.82026146285
149595.82026146285
149619.1016129402
149619.1016129402
149996.46085315442
150003.7500286524
150005.207863752
150005.207863752
150006.6656988516
150008.1235339512
150009.58136905078
150011.03920415038
150011.03920415038
150013.95487434958
150015.41270944919
150018.32837964836
150019.78621474796
150021.24404984756
150021.24404984756
150042.44592333375
150043.84324452357
150630.800663208
150639.81173450287
150641.31357971867
150641.31357971867
150644.3172701503
150645.81911536612
150647.3209605819
150648.82280579774
150650.32465101354
150650.32465101354
150653.32834144516
150654.83018666098
150656.33203187678
150674.3541744665
150675.8560196823
161912.6234155212
161915.08798202922
161916.3202652832
161916.3202652832
190344.1047074015
190346.72330931624
190348.0326102736
190349.341911231
190350.65121218836
190351.96051314572
190353.2698141031
190353.2698141031
190355.88841601784
190355.88841601784
190358.5070179326
213153.77226292988
231238.60176193278
231249.85734915454
231251.7332803582
231251.7332803582
231253.60921156182
231257.36107396908
231257.36107396908
231259.2370051727
231261.11293637633
231261.11293637633
231264.8647987836
231266.74072998724
231266.74072998724
231289.9065549095
231289.9065549095
231733.39649600012
231741.9234560166
231741.9234560166
231743.62884801993
231743.62884801993
231747.0396320265
231748.7450240298
231750.45041603313
231752.15580803642
231752.15580803642
231755.56659204303
231777.73668808592
231779.44208008924
232235.10631957764
232242.2304571398
232243.65528465225
232245.08011216467
232246.5049396771
232247.92976718955
232249.354594702
232250.77942221443
232252.20424972684
232253.62907723928
232253.62907723928
232255.05390475172
232256.47873226416
232260.75321480146
232265.3027605651
232298.1123022028
232298.1123022028
232471.17108168616
232471.17108168616
232472.87647368945
232811.4683027835
232819.83022486418
232821.50260928035
232823.17499369648
232824.8473781126
232826.51976252874
232826.51976252874
232829.86453136103
232829.86453136103
232831.53691577716
232833.20930019332
232834.61212264764
232836.01494510198
232836.01494510198
232838.82059001064
232868.27986155153
232868.27986155153
254228.50724715195
320014.8289641577
320030.2325048327
320030.2325048327
320034.6335164541
320034.6335164541
320036.8340222648
320039.03452807554
320041.2350338862
320043.43553969695
320045.6360455077
320045.6360455077
320050.0370571291
320050.0370571291
320069.8416094255
320069.8416094255
320944.52066412487
320952.9375988508
320954.62098579603
320956.3043727412
320956.3043727412
320959.6711466316
320959.6711466316
320961.3545335768
320963.037920522
320964.7213074672
320966.40469441237
320991.65549859026
320991.65549859026
321511.0628901504
321520.4150398459
321522.28546978504
321522.28546978504
321526.02632966323
321526.02632966323
321527.89675960236
321531.63761948055
321533.5080494197
321535.37847935874
321539.119339237
321540.98976917606
321542.8601991152
321557.823638628
321559.6940685671
322186.89323726494
322194.87007082877
322194.87007082877
322196.46543754154
322198.06080425426
322199.65617096703
322201.2515376798
322202.8469043926
322204.44227110536
322204.44227110536
322207.63300453086
322207.63300453086
322210.8237379564
322212.4191046692
322214.01447138196
322226.3813140381
322226.3813140381
322592.78203531506
329520.10085651634
329540.1144568647
329540.1144568647
332228.7914791525
332233.46755400026
334872.8642486572
334872.8642486572
334874.5366330733
334874.5366330733
334875.3728252814
370806.9370945682
405082.48871094675
405094.9875839516
405094.9875839516
405096.5499430772
405098.1123022028
405099.67466132843
405101.237020454
405101.237020454
405102.7993795796
405105.92409783084
405105.92409783084
405107.4864569564
405109.048816082
405121.5476890869
405123.11004821246
405604.7787651189
405613.1406871996
405616.48545603186
405616.48545603186
405618.157840448
405619.8302248642
405621.5026092803
405623.17499369645
405624.8473781126
405626.5197625287
405628.1921469449
405629.86453136103
405650.04316964524
405650.04316964524
406112.78203531506
406125.2974121135
406127.8004874732
406132.80663819256
406132.80663819256
406135.30971355224
406137.8127889119
406140.3158642716
406142.8189396313
406145.32201499096
406147.82509035064
406147.82509035064
406192.88044682494
406195.3835221846
406862.147785359
406873.1228080899
406875.3178126361
406877.5128171823
406884.0978308208
406884.0978308208
406886.292835367
406888.48783991317
406890.5728191688
406892.6577984245
406894.7427776801
406896.8277569358
406898.9127361914
406928.10244577046
406928.10244577046
408939.551799754
409162.9306458637
409196.4608531544
409197.918688254
413248.23569862236
431699.1688506177
431703.0802496963
431704.1199886918
431705.15972768737
431706.1994666829
437125.990265818
437174.7094644672
437174.7094644672
439359.8007319738
446092.853398941
446092.853398941
446094.81735037704
446098.7452532492
446098.7452532492
446102.6731561213
446102.6731561213
446104.6371075573
450409.87171356747
459348.6563925458
474612.46494854026
474612.46494854026
474612.46494854026
474623.9020774914
474623.9020774914
474625.98155548255
474627.0212944781
474629.10077246925
474630.1405114648
474632.2199894559
474633.2597284515
474635.3392064426
474636.37894543813
474639.49816242483
474639.49816242483
474640.5379014204
474643.6571184071
474645.7365963982
474646.7763353938
474647.8160743893
474649.8955523804
478254.4120905569
493960.89640049206
493980.1068162196
493982.2413068559
493984.37579749234
493984.37579749234
493986.51028812875
493988.6447787651
493990.7792694015
493992.9137600379
493992.9137600379
493995.04825067427
493999.3172319471
493999.3172319471
494016.3931570382
494018.52764767455
494591.03324444714
494602.4868771919
494608.2136935643
494608.2136935643
494612.03157114587
494612.03157114587
494613.94050993666
494621.5762650998
494623.4852038906
494623.4852038906
494625.3941426814
494627.3030814722
494629.21202026296
494631.12095905375
494633.0298978446
494634.9388366354
494636.84777542617
494638.75671421696
494638.75671421696
494640.66565300775
494642.57459179853
494665.48185728805
494665.48185728805
495131.5874968482
495139.2342545404
495140.76360607886
495143.8223091558
495145.3516606942
495146.8810122327
495146.8810122327
495149.93971530953
495152.99841838644
495152.99841838644
495154.5277699249
495169.8212853093
495169.8212853093
495583.34033725807
495590.629512756
495592.0873478556
495593.5451829552
495595.0030180548
495596.4608531544
495597.918688254
495599.3765233536
495602.2921935528
495602.2921935528
495603.75002865243
495605.207863752
495606.6656988516
495608.1235339512
495609.5813690508
495622.70188494714
495622.70188494714
506689.7332650769
578301.8225995003
578309.9919773225
578311.6258528869
578313.2597284515
578314.8936040159
578318.1613551448
578319.7952307092
578323.0629818381
578323.0629818381
578324.6968574026
578327.9646085316
578327.9646085316
578329.598484096
578331.2323596604
578331.2323596604
578334.538619641
578344.5729261378
578346.245310554
578799.6760366445
578809.1657179531
578811.0636542148
578811.0636542148
578812.9615904767
578814.8595267384
578820.5533355236
578820.5533355236
578822.4512717853
578824.349208047
578828.1450805706
578828.1450805706
578830.0430168323
578850.9203157114
578852.8182519731
579479.1097120241
579488.8194439139
579492.7033366697
579492.7033366697
579494.6452830477
579496.5872294257
579498.5291758035
579514.0647468272
579514.0647468272
579516.0066932051
579517.9486395831
579519.890585961
579521.832532339
579523.774478717
579525.7164250949
579547.0778352524
579549.0197816304
580094.1785924403
580104.7685266545
580104.7685266545
580106.8865134972
580109.00450034
580111.1224871828
580113.2404740256
580115.3584608685
580119.5944345541
580121.7124213969
580121.7124213969
580123.8304082397
580154.6209857961
580156.3043727413
592220.8635457179
592222.2938744948
592223.0090388833
592223.7242032718
597227.6304067115
597257.52427815
597258.6740424361
603646.7149046066
603655.7644847531
603655.7644847531
603657.0572819168
603659.6428762445
603665.0506192743
603665.9913355083
603667.8727679765
603668.8134842106
603674.4577816151
603677.2799303173
603678.2206465513
603685.746376424
603686.6870926581
603688.5685251262
603690.4499575944
603691.3906738284
603692.3313900626
603696.0942549988
603702.6792686374
603979.5139021538
603979.5139021538
609027.4797331886
609032.2328257398
665572.3261944238
665595.0244118613
665597.224917672
665599.4254234828
665601.6259292935
665603.8264351041
665606.0269409149
665608.2274467256
665608.2274467256
665610.4279525363
665612.628458347
665617.0294699684
665619.2299757791
665621.4304815899
665623.6309874005
665647.8365513184
665650.0370571291
666286.4453426448
666296.3806263801
666299.6923876252
666301.3482682478
666303.0041488704
666304.6600294929
666306.3159101155
666309.6276713606
666309.6276713606
666311.2835519832
666316.0861559149
666336.5398574255
666338.1132190801
666941.271861796
666949.5457636443
666949.5457636443
666952.4064211983
666953.8367499752
666955.2670787522
666956.6974075291
666958.127736306
666959.558065083
666960.98839386
666960.98839386
666965.2793801909
666965.2793801909
666968.1400377448
667003.8982571688
667003.8982571688
673014.5358690087
673022.8702847668
673024.5371679184
673026.20405107
673027.8709342217
673029.5378173733
673031.2047005248
673032.8715836764
673034.5384668281
673036.2053499797
673036.2053499797
673039.539116283
673041.2059994346
673042.8728825861
673046.2066488893
673047.873532041
673067.8761298603
673067.8761298603
685536.8222556714
686765.760740837
686765.760740837
696742.0729070363
696745.8852833533
696746.4299085415
696746.9745337296
696746.9745337296
755116.133833541
755123.8246013494
755127.6699852536
755128.9517798884
755130.2335745231
755131.5153691578
755136.6425476968
755136.6425476968
755137.9243423315
755139.2061369662
755140.487931601
755141.7697262358
755143.0515208704
755144.3333155052
755158.5045729262
755159.8578839997
756623.117230419
756633.0745192125
756637.0574347299
756639.0488924886
756641.0403502472
756643.0318080059
756647.0147235233
756647.0147235233
756650.9976390407
756650.9976390407
756652.9890967994
756668.9537664561
756668.9537664561
757105.8751977017
757112.916816296
757112.916816296
757115.7334637337
757117.1417874525
757118.2585441514
757120.4920575493
757122.7255709472
757123.8423276461
757124.959084345
757126.075841044
757127.1925977429
757127.1925977429
757148.4109750227
757148.4109750227
757671.9938263587
757680.8728673048
757682.3527074626
757682.3527074626
757685.312387778
757685.312387778
757686.7922279357
757688.2720680934
757692.7115885665
757694.1914287242
757694.1914287242
757695.6712688819
757716.4770513222
757716.4770513222
768334.907815616
768406.0666722698
768406.0666722698
768410.5557041237
768411.6779620871
768416.5190748706
774374.118995408
774378.129417248
774379.4827283216
774380.8360393951
774383.5426615423
774383.5426615423
774386.2492836894
774387.602594763
774388.9559058367
774391.6625279838
774393.0158390574
774394.369150131
774395.7224612046
774397.0757722781
774398.4290833517
774398.4290833517
774399.7823944254
774401.135705499
774402.4890165725
774402.4890165725
774403.8423276461
774405.1956387197
774527.5547643243
774543.0573277607
774543.0573277607
774544.355626189
774546.9522230456
774548.2505214739
774550.8471183307
774552.145416759
774553.4437151873
774557.3386104723
774593.6909664652
774596.2875633218
774598.8841601785
774796.6656224452
774798.2664904224
774803.0690943543
774807.8716982863
797306.8168308132
797306.8168308132
797320.2839263747
806484.4884206022
814987.9470350477
815031.1154577893
819312.9201781799
819314.4275246602
825211.3429962026
825397.4727802015
825398.7710786299
825406.5608691998
825409.1574660564
825410.4557644847
825411.754062913
825414.3506597697
825415.648958198
825416.9472566263
825418.2455550546
825419.5438534829
825420.8421519112
825422.1404503396
825423.438748768
825424.7370471962
825426.0353456246
825427.3336440529
825428.6319424812
825429.9302409095
825432.5268377662
825433.8251361945
825435.1234346228
849471.4794581254
849475.3413458233
849476.6286417225
849476.6286417225
849477.9159376217
849477.9159376217
849478.5595855714
849479.2032335211
849479.8468814706
849480.4905294203
849481.1341773699
849481.7778253196
849482.4214732692
849483.7087691685
849484.3524171181
849488.2143048159
849488.8469502365
849782.4769443532
849787.7031456536
849788.7483859138
849790.838866434
849792.9293469541
849793.9745872142
849795.0198274743
849796.0650677343
849797.1103079944
849798.1555482545
849799.2007885146
849802.3365092949
849803.381749555
849804.4269898151
849818.097632164
849818.097632164
850114.87434959
850120.1555635358
850121.0687734472
850122.8951932701
850123.8084031815
850123.8084031815
850125.6348230045
850125.6348230045
850126.5480329159
850126.5480329159
850128.3744527388
850128.3744527388
850129.2876626502
850130.2008725617
850130.2008725617
850131.1140824731
850132.0272923845
850132.940502296
850132.940502296
850134.7669221188
850135.6801320303
850135.6801320303
850138.4197617647
850138.4197617647
850139.3329716761
850140.2461815876
850148.4650707906
850148.4650707906
850443.3548544839
850447.0407017168
850447.7778711634
850448.51504061
850449.9893795032
850450.7265489497
850451.4637183964
850452.2008878429
850452.9380572896
850453.6752267361
850454.4123961827
850455.1495656293
850456.6239045225
850463.2584295417
850463.9955989884
855588.0824272801
855610.1094904453
855611.8038799197
855698.5258139197
855698.5258139197
860588.8859175269
860723.3203187677
864738.902344914
864758.6353807715
864766.7607484775
864783.0114838897
864807.5306198855
870436.4629925351
880934.3885573698
900617.8470190023
900633.6906608394
905606.4046944124
909233.4049007097
909291.4322389383
909302.7153324827
909310.7746850144
909318.8340375461
909323.5486212455
909325.0394639323
910960.0592914065
910962.8539337862
910962.8539337862
923859.3418348245
923869.1450882112
923870.7789637757
923872.4128393402
923874.0467149046
923875.680590469
923877.3144660335
923878.9483415979
923880.5822171624
923882.2160927268
923883.8499682912
923885.4838438558
923887.1177194202
923888.7515949847
923890.3854705491
923892.0193461135
923893.653221678
923895.2870972424
923896.9209728069
923898.5548483714
923926.330732967
923927.9646085316
924466.1038058053
924477.4914233757
924479.3893596375
924481.2872958992
924483.185232161
924485.0831684227
924486.9811046844
924488.8790409461
924496.4707859932
924498.3687222549
924500.2666585166
924502.7697338763
924525.2974121134
924527.8004874731
925224.8327080739
925235.8077308048
925238.002735351
925242.3927444434
925244.5877489895
925244.5877489895
925248.9777580819
925251.1727626281
925251.1727626281
925259.9527808129
925262.147785359
925264.3427899051
925266.5377944513
925268.7327989975
925273.12280809
925273.12280809
925275.3178126361
925279.7078217284
925300.9977154471
925303.0826947028
925922.1179868428
925934.0172220143
925934.0172220143
925935.717112753
925939.5514941282
925941.6859847646
925941.6859847646
925945.9549660373
925945.9549660373
925948.0894566737
925952.3584379465
925954.492928583
925954.492928583
925958.7619098556
925958.7619098556
925960.896400492
925963.0308911285
925965.1653817649
925969.4343630376
925969.4343630376
926009.989685129
926009.989685129
935005.3493685008
935179.8714843481
935181.9399598102
935216.9885161103
935218.259308216
935219.5301003216
935219.5301003216
935220.8008924273
935222.071684533
935224.6132687444
935230.9672292728
935236.0503976956
935237.3211898013
935239.8627740126
935241.1335661183
935244.9459424354
935244.9459424354
935247.4875266468
935247.4875266468
935250.0291108581
935251.2999029638
935252.5706950695
935256.3830713866
935257.6538634923
935258.9246555979
935262.737031915
935265.2786161264
946464.7694435318
946494.5752947379
946497.4139472337
946498.8332734816
946500.2525997295
946503.0912522253
946504.5105784732
946505.9299047211
946508.768557217
946510.1878834649
946511.6072097127
946514.4458622086
946865.6080807463
946865.6080807463
946884.0483194401
948422.2844000948
985242.500935979
985326.4942427739
985402.8958045217
985402.8958045217
1021880.2405275102
1021886.0498628505
1021889.9227530772
1021889.9227530772
1021890.890975634
1021891.8591981907
1021892.8274207474
1021893.7956433041
1021894.7638658609
1021895.7320884175
1021896.7003109743
1021897.668533531
1021898.6367560877
1021898.6367560877
1021901.5414237578
1021902.5096463145
1021903.4778688713
1021904.4460914279
1021906.3825365414
1021906.3825365414
1021909.2872042116
1021909.9473559548
1021910.607507698
1021915.2285699005
1021915.8887216437
1022170.4432338267
1022174.1400835887
1022175.0642960292
1022175.9885084697
1022175.9885084697
1022176.9127209102
1022178.7611457912
1022178.7611457912
1022179.6853582317
1022180.6095706722
1022181.5337831127
1022181.5337831127
1022182.4579955532
1022183.3822079937
1022184.3064204341
1022185.2306328746
1022186.1548453151
1022187.0790577556
1022187.0790577556
1022188.0032701961
1022188.9274826366
1022188.9274826366
1022201.8664568036
1022202.7906692441
1022430.8070813499
1022439.0259705529
1022439.0259705529
1022441.7656002872
1022442.6788101987
1022443.5920201101
1022444.5052300215
1022445.418439933
1022446.3316498444
1022446.3316498444
1022448.1580696673
1022448.1580696673
1022449.0712795788
1022449.9844894903
1022450.8976994017
1022452.7241192246
1022452.7241192246
1022454.5505390475
1022456.3769588703
1022457.2901687818
1022458.2033786932
1022469.1618976305
1022470.075107542
1022784.070782937
1022793.4779452777
1022793.4779452777
1022795.0458056679
1022799.7493868383
1022801.3172472283
1022801.3172472283
1022804.4529680087
1022807.5886887889
1022809.156549179
1022810.7244095692
1022812.2922699593
1022815.4279907396
1022829.0326179143
1022829.0326179143
1024109.8480275675
1024111.8834954423
1024112.9012293798
1024113.9189633173
1030739.3668961406
1030757.323023556
1030758.8193675074
1030967.1632576655
1030967.1632576655
1031661.5273649707
1031685.738430153
1033056.5435249353
1036384.5224978798
1036395.9541255664
1036412.2268660365
1036414.1413060919
1036415.0985261196
1036417.9701862026
1036418.9274062302
1036591.8596566294
1036591.8596566294
1046864.0793404594
1079654.0584814982
1079660.0383560387
1079661.6942366613
1079665.0059979064
1079666.661878529
1079668.3177591516
1079669.9736397741
1079674.9412816418
1079676.5971622644
1079679.9089235095
1079681.564804132
1079684.8765653772
1079688.1883266221
1079689.8442072447
1079691.5000878673
1079694.8118491124
1079696.467729735
1079698.1236103575
1079699.77949098
1079703.0912522252
1079727.9294615637
1088297.5572857372
1088305.1930409004
1088351.1065946408
1088367.8744489185
1090176.2391216315
1093433.6808808136
1096958.3080555322
1096965.1296235453
1097061.6218033452
1097061.6218033452
1097064.5924861894
1097066.0778276117
1097066.0778276117
1097069.0485104562
1097070.5338518785
1097072.0191933007
1097073.504534723
1097073.504534723
1100428.4727114358
1105497.2388236462
1105507.0090694458
1105509.4516308957
1105510.6729116207
1105511.8941923457
1105513.1154730706
1105514.3367537956
1105515.5580345204
1105516.7793152453
1105518.0005959703
1105519.2218766953
1105520.4431574203
1105520.4431574203
1105522.8857188702
1105524.1069995952
1105524.1069995952
1105526.549561045
1105527.7708417699
1105527.7708417699
1105530.2134032198
1105530.2134032198
1105535.0985261195
1105536.3198068445
1105537.546588834
1105548.5876267392
1105549.8144087286
1105906.0047830439
1105911.0659464085
1105912.0781790814
1105914.1026444272
1105914.1026444272
1105915.1148771
1105916.1271097732
1105917.139342446
1105918.151575119
1105920.1760404648
1105920.1760404648
1105921.1882731377
1105922.2005058108
1105923.2127384837
1105925.2372038295
1105925.2372038295
1105926.2494365023
1105927.2616691752
1105927.2616691752
1105928.2739018484
1105930.2983671941
1105942.2471137464
1105942.2471137464
1106234.6998372544
1106239.3484057793
1106240.2781194844
1106242.1375468946
1106243.0672605995
1106243.0672605995
1106243.9969743046
1106246.7861154196
1106246.7861154196
1106247.7158291247
1106248.6455428298
1106259.80210729
1106260.731820995
1106510.2086660198
1106515.159804094
1106516.3975886123
1106517.635373131
1106521.3487266866
1106521.3487266866
1106523.8242957236
1106523.8242957236
1106526.2998647606
1106527.537649279
1106528.7754337976
1106530.0132183162
1106532.4887873533
1106532.4887873533
1106534.9643563903
1106549.8177706124
1106549.8177706124
1108518.4232764614
1109541.8730277584
1109557.2765684335
1109756.2242987799
1109756.2242987799
1109766.3081166572
1109776.4744535028
1109778.6529542552
1109797.5332941113
1112748.3455711
1119102.4381298756
1119113.677213304
1119115.0140205838
1119117.687635144
1119120.361249704
1119121.698056984
1119124.371671544
1119344.4497589376
1119344.4497589376
1124705.9821667343
1124776.3763476186
1124830.4922867687
1125212.0324880234
1125212.7366498827
1128149.091603695
1150067.0756958718
1150950.3862346136
1150953.587970568
1150955.1888385455
1158076.1466698248
1190153.734059704
1190163.7353586138
1190164.8466140481
1190165.9578694825
1190167.069124917
1190168.1803803514
1190169.2916357857
1190170.40289122
1190171.5141466546
1190173.7366575233
1190173.7366575233
1190174.847912958
1190175.9591683922
1190177.0704238266
1190178.181679261
1190179.2929346955
1190180.4041901298
1190180.4041901298
1190181.5154455642
1190182.6267009987
1190183.737956433
1190185.960467302
1190187.0717227363
1190188.1829781707
1190189.294233605
1190200.4067879491
1190200.4067879491
1190542.2773707013
1190550.1001688582
1190551.4039685512
1190552.707768244
1190555.3153676298
1190555.3153676298
1190556.6191673225
1190557.9229670153
1190559.2267667083
1190560.530566401
1190561.8343660939
1190563.1381657869
1190564.4419654796
1190564.4419654796
1190565.7457651724
1190567.0495648654
1190568.3533645582
1190568.3533645582
1190569.657164251
1190599.6775647735
1190599.6775647735
1190910.5980332978
1190916.7869558905
1190918.1787758158
1190920.9624156663
1190922.3542355916
1190923.7460555169
1190923.7460555169
1190926.5296953674
1190927.9215152927
1190927.9215152927
1190929.313335218
1190932.0969750686
1190933.4887949938
1190934.8806149191
1190937.6642547697
1190937.6642547697
1190939.056074695
1190940.4478946202
1190950.190634097
1190950.190634097
1190954.3660938728
1190954.3660938728
1190968.2842931256
1190968.2842931256
1191434.5384668282
1191444.5397657377
1191444.5397657377
1191447.873532041
1191447.873532041
1191451.2072983442
1191451.2072983442
1191452.8741814957
1191454.5410646475
1191456.207947799
1191459.5417141023
1191461.2085972538
1191462.8754804055
1191464.542363557
1191464.542363557
1191467.8761298603
1191467.8761298603
1191469.543013012
1191469.543013012
1191486.8279861552
1191486.8279861552
1191975.5768305075
1191989.0714323916
1191991.5249963708
1197170.9930546535
1197175.8341674372
1197176.8023899938
1197178.7388351073
1197180.6752802206
1197196.1668411281
1197197.1350636848
1197202.944399025
1198987.070500233
1199899.0261233659
1204732.783716257
1204747.3675685176
