16556.16561862484
16559.499384928065
19856.220172831392
19858.37666852589
25571.968000978006
25576.5890631805
25735.85067123068
25735.85067123068
49214.554512183
80928.00220050581
80938.24555505467
80939.70889141879
80967.51228233712
80967.51228233712
81209.37537725685
104001.4058787124
116250.14738804544
116253.31611641287
116255.42860199115
116255.42860199115
122742.33268897224
124151.3605696865
125568.75037248146
130327.14064135576
130330.87049870491
130332.73542737949
130336.46528472865
130899.28865593411
137386.32477326386
157232.5986598308
157258.48761069385
157862.81252148934
157862.81252148934
157883.1451951803
157886.04986285043
161907.69428250522
162476.4810244577
162493.3479014968
162586.2917656767
162586.2917656767
171301.17497841516
190026.98981502
190029.63042199286
190030.95072547928
190031.6108772225
190034.25148419535
190037.5522429114
190269.1004668434
190271.90611175206
190272.84132672162
190273.7765416912
190321.84659112614
192533.7510219363
192580.61629443988
192617.7388274666
192617.7388274666
195930.1107129486
196024.85349062877
196039.91595290307
199734.34515850517
199735.78648981117
199737.2278211172
207524.34477647292
207536.59059130953
207599.76711313505
207599.76711313505
208637.22858518173
210173.632744749
217341.9234560166
217358.97737604962
221998.10573124795
222039.2276835856
251444.37228279558
257418.44849059056
257492.3194706561
257493.59026276178
262705.9283765921
264063.6184567425
273661.84521581
273674.3330862858
273716.79184590344
273716.79184590344
276202.06511357817
291597.3924006143
291678.1234575448
291678.1234575448
291684.91751923534
291686.2763315735
299000.3175452135
334891.3044873509
370786.5219019094
371230.50145554286
477939.54721536685
478031.15977353125
604694.5462602862
604727.0587336394
604727.0587336394
604732.4774791984
604733.5612283101
604735.7342277982
604736.8234781744
604739.0019789271
604740.0912293034
604783.6612443554
604783.6612443554
609021.6703978484
609024.3110048212
630245.4774257138
630251.2042420862
630251.2042420862
630253.113180877
630253.113180877
630255.0221196677
686818.8039334042
744028.1756431513
744049.2729926114
744054.1416117176
806258.0123625639
812666.0503212891
814648.9866212303
814657.6346090664
819163.9844436465
819165.0681927582
819986.9131029424
894726.6748676258
895194.9425041451
895196.361830393
895216.2323978636
900151.8899135843
947211.9621940877
947232.2618601915
947339.1624324757
947339.1624324757
985240.9715844406
1076659.401126231
1110463.8574561237
1110465.0127216743
1119496.5927306903
1119626.422573522
1119626.422573522
1120335.6676013723
1121880.3291589941
1122031.201338641
1125030.776824395
