850052.8145844636
850059.3005753406
850136.5933419418
850136.5933419418
854422.5405145211
855561.4783120287
857796.3890310897
857898.4594931196
857898.4594931196
863203.9230128592
863209.8148671674
863212.3399475852
863249.3744603795
864720.7646757691
876123.5492324972
876128.4728642487
876130.4423169493
876134.3812223504
876300.6129325561
876300.6129325561
880863.4662550905
880867.7572414215
880912.9116206573
880913.5827749296
880916.9385462909
880916.9385462909
880918.2808548354
882315.2499637069
882357.99478908
882373.1782791739
882374.4435700151
882376.9741516974
882378.2394425386
882379.5047333797
882382.035315062
882382.035315062
882428.8510761849
882428.8510761849
884426.3162157412
884432.109047288
884432.109047288
884434.0399911368
884435.9709349857
884437.9018788346
884439.8328226835
893076.8896461618
899564.3328570664
900116.7368332583
904283.0535074382
904284.1977704597
904300.2174527617
904311.6600829774
904316.2371350636
904326.5355022578
904332.2843236884
904335.3540292942
904625.7657836628
904627.3116389947
904638.132626319
909210.932235118
920221.8892259263
927213.3802978323
927233.4049007097
927253.4295035873
927253.4295035873
927663.4057411809
927680.1735954585
927735.164235668
927736.4405290383
928712.4308712628
928734.1718686726
928841.011927047
928842.6788101987
936201.2912690347
936207.5627105953
946176.4591722124
946369.8231190642
946377.8439627442
946381.8543845842
946385.8648064242
946387.2016137043
946389.8752282643
946392.5488428243
946394.6723309316
946396.795819039
946401.0427952537
946456.2534860444
946456.2534860444
946464.7694435318
946464.7694435318
966356.77534211
966478.105731248
966478.105731248
967916.6093872966
967921.8465911262
967923.1558920835
967924.4651930409
967927.0837949556
967982.8831210508
967984.3079485632
967985.7327760756
967987.1576035881
967992.8569136378
967994.2817411503
967998.5562236876
967999.9810512
976969.4187761215
977036.7267476066
977089.2088111921
985092.8555383217
985112.0989616364
993919.5959626831
994066.8098014196
997618.4536862293
1024456.36167758
1030500.18841831
1064761.1231748408
1066278.9110552496
1066288.4282428809
1066299.5958098702
1066299.5958098702
1070896.1223725732
1070900.1272931485
1070938.2895651709
1070938.2895651709
1074088.143094003
1074100.3559012522
1074168.7476218492
1074171.1901832991
1083765.6485761658
1083772.6351821148
1083774.0325033045
1083775.4298244943
1083779.6217880638
1083783.8137516333
1083785.211072823
1083789.4030363923
1083790.8003575823
1083792.197678772
1084931.3555268608
1086976.5496374513
1086986.715974297
1101396.095630315
1101589.3385493471
1124966.9621558844
1132220.3354243233
1132243.088654406
1132243.088654406
1139504.0206603045
1142144.374574989
1142147.3452578336
1142147.3452578336
1142148.8305992559
1142150.315940678
1142150.315940678
1142151.8012821001
1142153.2866235224
1149229.0680705078
1152257.9047822799
1152264.4072769503
1154750.8028025886
1154818.1327791316
1154818.1327791316
1164416.2330091153
1199153.3957319355
1199866.9537511747
