16030.53079562038
20656.18105272809
20671.18300109261
21343.36600982587
21770.841769879047
22177.96285118315
22221.752916816295
22228.552479771388
47914.803750028645
48721.92177507469
48721.92177507469
49018.42342927437
49239.227683585596
49257.32134261417
56694.002246349686
57449.7549645092
57641.78210408087
57649.86896293523
57653.912392362414
80982.99284071547
81002.70937277944
82327.04528610395
102679.21545855331
102680.13416972928
102681.05288090526
117953.30037668381
117972.43377470793
117973.60554405213
118317.54460226622
118318.89791333981
137359.50610869582
215854.3705254472
229713.49719970353
235139.119339237
258974.5581796927
258989.82418875452
277526.61007495475
328312.0781790815
332928.16723844165
366422.92438053474
366431.23128997016
366500.18413954874
366500.18413954874
366890.691401982
366893.4530367744
366894.8338541707
366896.2146715669
366897.5954889631
366900.35712375556
366900.35712375556
366901.7379411518
366903.118758548
366904.4995759442
366905.8803933404
366907.26121073664
376308.86727435264
376704.732768435
385188.0457521833
385204.7035811704
385227.6768618342
385251.92643586826
385263.4130762001
385267.24195631075
385283.0745956188
385287.92671093147
385289.5440827023
388390.5738888592
399523.5379243423
399758.78299803636
400057.3476264336
405130.9218438405
405141.8583577197
405143.4207168453
405148.10779422213
405154.3572307246
405157.3004072464
405158.6812246426
420054.4496825312
427213.14068719966
427224.13221372414
427226.574775174
427229.0173366239
427230.2386173489
427231.4598980738
427233.9024595237
427235.1237402487
427236.3450209736
427237.56630169856
427240.00886314845
427242.45142459834
427243.67270532326
427243.67270532326
427246.11526677315
427247.3365474981
427248.55782822304
427250.98938714387
427253.4209460647
427254.63672552514
427255.8525049855
431715.557117643
437022.1373940815
437042.1729994881
456162.4119988692
464830.84253394353
465427.14660105895
465427.14660105895
467381.16275338293
467594.07819436275
467930.5190290268
467930.5190290268
467968.2577036805
467973.91850487853
468040.2252462198
468153.9803941045
468153.9803941045
468158.16135514487
468162.3423161852
468164.4327967054
468218.78529022995
468245.9615369922
468261.71715859685
468313.88014883973
468318.62223886186
468325.735373895
468325.735373895
468330.47746391705
468330.47746391705
468332.8485089281
468335.2195539391
468337.59059895016
468337.59059895016
468339.9616439612
468342.33268897224
468344.7037339833
468344.7037339833
468347.0747789943
468349.44582400535
468351.8168690164
468351.8168690164
468356.55895903846
468356.55895903846
468358.93000404956
468375.5273191268
468428.32845605485
468430.58397451084
468432.8394929668
468432.8394929668
522301.08420755045
522302.32199206896
522302.32199206896
522303.147181748
522304.3849662665
534047.7638123763
558438.4232764614
577746.0573506827
577758.8202843848
577826.5573545031
577836.53114709
577839.380802115
582355.8694672178
582377.4509279564
582484.7585938156
582484.7585938156
582492.2843236882
582494.7929003125
582496.0471886246
582498.5557652488
582499.8100535609
582501.064341873
582502.3186301851
582604.2130517501
592217.1776984849
596946.1086958182
596963.503694252
596964.526929454
596965.5501646559
596968.6198702619
596971.6895758677
597894.3726648279
598279.2906425019
598279.2906425019
609031.7047043452
615841.698056984
624053.4246135744
625207.0067772522
657755.7224612046
688210.5688460333
744346.9024060392
744364.33041206
745074.8077231641
819226.1377302699
819227.2984970851
819971.8121318164
845457.0802038524
856082.8001436441
856088.4114334614
856089.3466484309
859738.7204975588
859748.7327989975
860180.8901351631
884657.8479358797
905830.064105013
905833.7939623621
905842.8765500959
912656.8693220456
936282.3799081594
936344.8742731836
936346.4421335738
971368.5098449712
1046825.6805140626
1053273.8006861298
1053293.0000993283
1072848.279097487
1073130.477463917
1108460.0988699486
1111574.4637413183
1111580.537137356
1111589.6472314121
1117291.7244172099
1117448.3509195514
1149922.9095576832
1149939.9909840387
1150051.8922057778
1150051.8922057778
1152595.78694825
1198851.1232512475
1198873.7004408652
1198875.3728252815
1198876.2090174896
