12702.309767036728
12708.41617066145
12724.573384576592
12781.52797622231
12781.52797622231
13595.506078133238
13609.182221746803
13614.15536487901
13679.499384928064
13680.720665653007
14533.801755820263
14544.353181182621
14547.367874143294
14562.441338946663
14565.456031907335
14572.99276430902
14634.667440918713
14636.026253256827
25483.65620152966
28072.721827031073
28385.22665973915
28396.16317361838
28399.28789186959
28402.412610120802
28405.53732837201
28411.78676487443
28443.62808395541
28445.388488603978
29102.536541385554
29109.66067894773
29112.5103339726
29119.634471534777
29181.017581124543
29182.172846675167
33687.87353204105
33696.323474354176
33698.43595993246
33700.548445510736
33718.42755522277
33719.47829674739
37942.2434462366
49634.92813973211
59937.883388473325
59957.952001467005
60003.10638070278
60004.77876511893
62751.38410287364
62757.56752420174
62760.65923486579
62768.38851152591
62771.48022218996
62774.57193285401
62779.209498850076
62785.39292017817
62870.98159368576
62872.323902230295
100944.35318118263
100968.47072486802
101050.97318897607
101050.97318897607
101537.34548705292
101548.56806668756
101555.32361952643
110772.56030379204
111388.78995102346
121700.81678496931
122228.81165045575
122242.27874601731
122351.27530008634
122358.82303501708
122364.48383621513
122370.14463741319
122377.69237234392
122385.24010727466
122392.7878422054
122400.33557713614
122408.00984115098
122416.06369241819
122424.11754368538
122436.19832058619
122446.26563467018
122454.31948593739
122470.42718847179
122516.7368332582
122520.7637588918
124906.62367530314
124921.51559837713
124932.12203638475
124953.33491240001
125088.10489077697
125090.64097372381
137347.12826351056
137357.44313449826
137367.758005486
137413.1434378319
137427.2596826076
158295.80604986288
158328.43404977114
158351.79792021637
190240.1088027873
192355.33401080387
192373.09209269632
192427.84617853133
192429.32601868903
205694.46465819573
205701.75933495825
205705.4066733395
205759.13202270799
205760.66137424644
205768.30813193865
205774.42553809242
205779.01359270775
209214.79534531897
209223.81741914287
209291.4829728222
209293.7384912782
221991.5262188739
222006.33012171547
222040.8725616791
274210.2442714262
274221.42284094467
274265.89506337914
274266.92930111015
276200.62378227216
279083.17636901257
346859.9986246839
366760.3719466072
381504.1019567692
458547.8153103248
467926.7451615614
502575.94266459864
539830.6930829239
630121.3303891381
630164.9004041901
630164.9004041901
630166.4132519349
630167.9260996798
630169.4389474246
630172.4646429144
630172.4646429144
696273.0185896896
713075.1072364551
740043.3731920323
797705.9720810825
882198.7331810298
887656.5157129868
890301.5677075773
890312.427203753
890335.2354464812
890337.0068536587
890629.8226606254
890639.4883823991
890665.6413939593
890666.7636519228
897245.9844589276
897253.5707027101
897302.0148381329
897302.9225467799
900509.5271204701
922216.5762268965
922242.3661549981
922253.6492485425
922286.843878697
922288.3622277065
934456.5102117222
971369.7091206381
971385.299704307
971385.299704307
986880.2053805423
1054066.455886735
1064982.3400239917
1064989.9317690386
1064993.98069973
1064997.7765722538
1065044.5923333766
1065045.8576242176
1065741.0524224665
1065984.4833777766
1070976.9634547941
1070987.1407941687
1071020.8360393953
1071023.6966969492
1072997.8804850283
1076979.233643289
1088521.981372107
1088527.5761581308
1088531.30601548
1088536.9008015038
1109434.61487328
1109437.602059918
1134735.9096570115
1141781.6211920935
1148870.6936941755
1148903.272182703
1149102.2639231656
1149184.0017115045
1156082.3068635915
1156098.1119965771
1156163.7200773233
1156165.2494288618
1178006.2268201928
1191340.9619572277
