1010758.6145982167
1010771.6856027324
1024114.9366972548
1024126.1317705667
1024627.0989234331
1024627.0989234331
1024629.7065228188
1026381.815264481
1026411.5220929256
1026412.6223458309
1026453.5902627618
1026453.5902627618
1030713.5549629811
1033002.1470212946
1052679.141497108
1052686.6672269804
1052785.987056747
1052785.987056747
1054268.165251874
1054270.0356818128
1054270.0356818128
1054270.9708967824
1054272.8413267215
1054555.29275132
1054555.29275132
1054561.7017244936
1056352.3743304885
1056533.7510219363
1056543.4937614133
1062344.742242835
1062476.8991205618
1062480.0018337548
1065817.806065144
1065946.706194271
1065949.555849296
1065949.555849296
1065950.9806768084
1065955.6017390108
1065956.7570045616
1071861.4292590867
1073175.527319127
1073228.3284560547
1073255.3946775266
1073257.6501959825
1074080.8154096531
1074085.700532553
1074088.143094003
1074090.5856554527
1074093.0282169026
1074097.9133398025
1074100.3559012522
1074102.7984627022
1074107.683585602
1076019.9561426966
1076214.6073854477
1076216.1752458378
1080380.6599989303
1083231.7728589003
1083850.5275865493
1083853.77333262
1083855.3962056555
1083855.3962056555
1083857.019078691
1083858.6419517263
1083863.5105708325
1083865.133443868
1083865.133443868
1083879.7393011865
1084896.4555047029
1086953.3122960902
1086967.8356344409
1090380.4680659235
1090433.3352180258
1090459.9888446582
1097362.8435425088
1097395.3835221846
1097530.9346801243
1097530.9346801243
1097535.5337372688
1097537.833265841
1097542.4323229853
1097549.330908702
1097553.9299658462
1101402.1470212943
1109398.5375805134
1109454.5294508669
1109456.5209086256
1119530.634555582
1119534.6394761575
1119540.6468570207
1119546.6542378839
1119559.5767082572
1119561.881738094
1119564.1867679306
1119568.796827604
1119573.4068872775
1119591.8471259712
1119601.067245318
1119640.2527525425
1124969.2286768693
1125038.09900748
1128155.627105953
1132219.9008244257
1142053.8677709945
1142057.7296586924
1142060.3042504909
1142062.8788422896
1142064.1661381887
1142065.651479611
