14936.41180021241
14955.74874502403
14958.543387403632
14962.735350973036
14966.92731454244
14973.913920491446
14976.708562871048
14980.900526440451
14994.873738338465
15000.463023097669
15001.860344287472
15004.654986667074
15013.038913805882
15018.628198565086
15020.025519754887
15023.491316406757
15277.78176789248
23072.809541637696
23182.218690546233
23280.845360982286
23280.845360982286
23283.915066588226
23286.98477219417
135540.63952200123
135955.7429381337
157944.2752466018
157954.82667196417
157956.44404373504
157963.45265474217
157967.22652220752
157967.22652220752
157970.46126574927
157973.15688536738
157978.00900068
157978.00900068
157980.1654963745
157980.70462029814
157996.1081609731
158006.72560150977
158009.9108336708
158014.15780988545
158018.40478610012
158022.6517623148
158237.9052407185
158237.9052407185
158376.34456253488
161906.46199925122
189500.18872393583
189508.88072188818
233422.91735114114
233432.92965257989
233464.2483515308
235408.21369356426
236774.74430580917
236795.04397191296
236804.51714942808
236805.87046050167
236805.87046050167
236807.22377157526
236808.57708264884
277531.47869406093
277569.3824066504
279575.1434531132
279605.0758334034
279661.07320502144
279661.07320502144
279670.72792426596
279691.96830660384
279699.6920819994
279704.0160759174
279711.2227324475
279718.4293889776
279725.6360455077
279735.7253646498
279744.3733524859
279748.6973464039
287588.3513779904
293318.1494357384
370288.47592050675
385395.53144507523
385404.14642532414
385419.4619457667
392006.42303196085
427141.52522559004
427145.420120875
427205.81300285
427205.81300285
431692.03921179107
456513.4146807356
468441.8615667907
468450.88364061463
468525.31574966194
468525.31574966194
468529.82678657386
468529.82678657386
468531.5871912224
468540.3892144653
468540.3892144653
468561.5140702481
468561.5140702481
468563.27447489667
468566.7952841938
468568.5556888424
468570.3160934909
468572.07649813953
468573.8369027881
468575.59730743663
468577.3577120852
468577.3577120852
468579.1181167338
468582.6389260309
468582.6389260309
468584.3993306795
468586.15973532805
468589.6805446252
468589.6805446252
468591.44094927376
468591.44094927376
468593.2013539223
468594.9617585709
468596.72216321947
468598.482567868
468598.482567868
468600.24297251663
468602.0033771652
468602.0033771652
468603.76378181373
468605.5241864623
468607.2845911109
468609.04499575944
468610.805400408
468633.6906608394
468642.8887751282
468674.49904109904
468676.3584685091
468687.5150329694
468689.3744603795
468691.2338877895
468694.9527426096
468696.81217001966
468698.6715974297
468702.3904522498
468704.24987965985
468706.1093070699
468706.1093070699
468707.96873448
468709.82816189
468711.68758930004
468711.68758930004
468713.5470167101
468715.40644412016
468717.2658715302
468722.84415376035
468722.84415376035
468728.42243599053
468730.28186340054
468752.23190886236
468769.61590476695
468771.35430435743
468778.3079027193
468780.0463023097
468781.7847019002
468781.7847019002
468792.215099443
468818.29109329986
468820.02949289035
468821.7678924808
468823.50629207125
468825.24469166173
468826.9830912522
468826.9830912522
468828.72149084264
468860.9258933824
468881.7371770872
468883.33804506453
468886.5397810191
473749.0964937079
473750.6038401883
473752.1111866686
477937.61627151794
478018.7159131717
478018.7159131717
478083.080708135
506848.32371885487
513800.55776709784
918564.270203776
