21028.82020797836
21082.165970094513
21083.134192651225
33932.89985406368
33944.64505382835
33994.98162424836
33996.65950992903
35728.20452479007
41740.052414825914
60267.563169034
60273.50453472292
60279.44590041183
60330.83871362098
60332.47258918543
74454.4496825312
78596.82485349065
78603.45937850993
80548.35443424844
100418.52581391972
100426.25509057986
100477.26831653665
100478.81417186868
123278.53544113266
123289.74151697369
123364.66873982838
123366.83073678741
137351.25421190565
137369.8209796835
137422.09399521694
150272.51430710807
151436.82943787772
152086.80384171638
193274.5898119637
193302.57474461145
193353.02134032198
193353.02134032198
197764.29832135024
199223.21166879332
199224.68600768648
199229.10902436601
199230.58336325918
199232.05770215235
199246.8010910841
199248.2754299773
199251.22410776364
199252.69844665684
199254.17278555
199257.12146333634
199258.59580222954
199260.0701411227
199261.54448001587
199264.49315780224
199265.9674966954
199267.4418355886
199268.91617448177
199270.39051337494
199273.3391911613
199276.28786894763
199360.16014792287
199360.16014792287
199362.2176208559
218663.21717005782
218669.98372542576
218671.33703649935
218674.04365864652
218678.1035918673
218679.45690294087
218680.81021401446
218683.51683616164
218684.87014723523
218687.5767693824
218691.63670260317
218692.99001367675
218695.6966358239
218699.75656904466
218701.10988011825
218702.46319119184
218705.16981333902
218709.22974655978
218710.58305763337
218712.51400148225
218714.44494533117
218716.37588918005
218727.96155227345
218729.89249612237
218733.75438382014
218735.68532766905
218739.54721536685
218743.40910306465
218749.20193461134
218751.13287846025
218753.06382230914
218754.99476615802
218760.78759770474
218764.64948540254
218766.58042925142
218768.51137310034
218772.37326079814
218774.30420464702
218776.2351484959
218783.9589238915
222019.48914646351
222034.2930493051
234963.8490514139
235056.35281443165
257636.43059619953
273895.8139961338
273912.691875702
273947.01976634905
273947.01976634905
273961.32305411866
276201.34444792516
276209.27177010826
277479.5467569282
393577.1055707944
393590.08855507756
393591.711428113
393593.33430114837
393596.5800472192
393611.1859045378
393612.80877757317
393614.43165060855
393622.54601578554
393624.168888821
393625.79176185635
393627.4146348918
393633.90612703335
393633.90612703335
393637.15187310416
393650.13485738734
393651.7577304227
393653.38060345815
393655.0034764935
393661.49496863515
393663.1178416705
393664.74071470596
393674.9785679903
393677.66318507935
393679.0054936239
393680.3478021684
393681.69011071295
393688.4016534356
393689.74396198016
393692.4285790692
393693.77088761376
393705.8516645146
393707.19397305907
393708.5362816036
393709.8785901482
393717.9324414153
393720.61705850443
393721.9593670489
393723.3016755935
393730.01321831613
393731.3555268607
393743.4363037615
393757.87162187975
393766.8826931746
396754.1023388015
507693.51599569066
507726.6886207871
507831.1356290925
507997.2188051559
507997.2188051559
515458.7599232879
540136.0462717472
540140.5848149818
540142.0976627267
540143.6105104715
540145.1233582164
540146.6362059612
540148.1490537061
540149.661901451
540151.1747491958
540152.6875969407
540154.2004446855
540155.7132924304
540157.2261401752
540158.7389879201
540203.2167116192
540203.2167116192
580611.0499010537
598437.809579841
604414.1413060919
724008.8154707784
724020.6761970981
724034.231312892
724044.3976497375
812320.8459722339
889859.9261913676
952833.6328975619
974411.4352951964
986652.2329785527
990644.6656835703
1032161.9058825327
1032168.6394303135
1032169.7616882769
1032174.2507201307
1032265.2526379328
1032265.2526379328
1032268.3058397451
1032270.34130762
1032273.3945094324
1032274.4122433699
1032374.8708348933
1066761.6910275903
1066780.3293118072
1066993.6903552136
1072628.811650456
1088291.8304693648
1088373.4637336778
1088435.0888989065
1088590.9837330666
1088592.848661741
1090681.6072861194
1090691.806630552
1090706.5390169546
1090714.4718404023
1090730.3374872976
1090990.8663727564
1090992.054645894
1092840.1989624004
1092970.46340513
1092973.126017161
1092977.1199352073
1093015.5517691914
1098336.5398574255
1098382.1673454107
1098388.4607920293
1098391.6075153386
1098396.3276003024
1098402.6210469212
1098411.5771055706
1098417.931066099
1098424.2850266276
1098428.521000313
1098434.8749608416
1098441.22892137
1098445.4648950556
1098449.7008687411
1098458.1728161124
1098460.2908029554
1098464.526776641
1098472.9987240122
1098475.116710855
1098479.3526845407
1098489.9426187547
1099208.325246984
1099208.325246984
1110073.8838163493
1111478.8902726946
1111545.6151101398
1111545.6151101398
1127311.7881401908
1127321.6023961063
1127424.3110048212
1127467.699478144
1127467.9800426348
1127472.188509998
1138888.3246357322
1147371.3680575187
1147447.637588918
1147449.9921301357
1162531.9893947847
1162539.3500867214
1162583.2501776451
1162584.8180380352
1162606.7680834972
1162608.3359438872
1162611.4716646674
1162614.6073854477
1163532.2843236884
1163605.957258231
1163607.492111034
1163616.7012278517
1163638.332199971
1163638.332199971
1163640.983809473
1163642.309614224
1163643.6354189748
1163644.9612237257
1163647.6128332277
1163650.2644427295
1163650.2644427295
1163651.5902474804
1163652.9160522316
1163654.2418569825
1163655.5676617334
1163656.8934664843
1163658.2192712354
1163659.5450759863
1163660.8708807372
1163662.196685488
1163663.522490239
1163664.8482949901
1163666.174099741
1174528.7784900556
1174549.9583584839
1174551.8838010682
1174553.8092436525
1174571.138226912
