77604.31971515676
98914.79366437702
155170.6697025497
155191.5249963707
155195.20534233912
155198.88568830752
155216.19816777328
155229.99533920645
155680.36736222007
155717.91349261533
155737.49799433065
155737.49799433065
155762.95784656057
155840.2781194844
156271.76980264217
156316.67112370968
156318.65157893932
169932.27882242377
282861.04875495686
282874.95595168055
288884.3337739438
310097.61688276957
311160.9563031502
370161.0996416537
370167.96521978313
370172.54227186943
370174.83079791255
370175.97506093414
370185.1291651067
421810.189258781
421886.75035720016
421893.70945682656
421899.2767365276
451964.70510929945
486084.9120179708
539132.47809045
544938.5566821262
544942.6716279923
544957.0739385234
544970.447512588
559604.2182473887
559605.2194775327
559813.1012614706
559815.6978583272
566158.2652679192
566210.4557644847
566710.1851328326
567259.3488642181
567260.8011980532
1167330.8359629887
1192319.163807792
1207897.4026390787
1208141.422229693
1208141.422229693
1208144.4754315054
