1073.021645947784
7513.902153897876
47325.94839508248
47440.814798401574
47534.29228524056
47534.29228524056
47752.35140855294
55879.20445602427
56054.77731339634
56158.48165099061
56159.812957006085
72574.57407223465
77113.34285867099
77141.64686466126
77142.99467447032
77145.46474224284
77152.19829002362
92134.45212753766
92177.30697820123
92185.17928773905
92185.17928773905
92191.84131908098
97701.97388427479
99520.84597223389
119625.30520557157
160372.92949976693
160375.83416743707
160392.2939509012
171498.62086354572
171658.35007908067
182283.272335516
182285.41782868144
186710.70653045943
193522.65833326965
194564.79037889958
194599.22279357267
194600.55409958816
198028.1279655254
200765.61220669473
200967.1565338977
206019.77643472215
206066.57569205144
206090.4181725105
206160.40525982014
206668.42503380985
208684.36341964715
208753.16223381902
214693.5597001811
215104.61418562182
215168.45636045508
215170.13424613574
217302.69943994068
220357.8486999442
221590.24197923273
222003.04036552846
222967.83563444097
225140.46103652992
225142.0564032427
225681.9174963134
225800.61277974313
225805.3988798814
225922.212730843
225929.47440001834
226192.74291521174
226233.4522727099
226412.01231672004
226413.78922516218
226436.88903491013
226438.66594335227
240916.09624156664
266852.8916021669
266853.634272878
276695.66057197866
276717.918688254
285909.40945453435
285967.3212662077
290574.93287693214
290707.0952559234
290749.5540155411
290878.4981547842
290878.4981547842
290885.0721658937
290886.3869681156
290892.96097922506
290894.27578144695
290896.90538589074
290913.57971867145
297814.3219309439
299111.5146050932
306365.86159735324
311124.5599370411
311171.7772904744
312563.03608676716
325738.427096784
327687.8551944926
337623.0674134124
340126.53886414174
344469.7542004447
344497.03497123293
344497.975687467
345939.7580971737
345996.5696559418
345996.5696559418
346026.6725754323
348235.32575890707
358703.594006678
358708.30308911286
363410.34390543937
363432.6130242438
389018.9228218431
389034.5189067765
389242.87930072815
389300.31250238774
389300.31250238774
421510.7609318531
435930.70851702715
435964.2442255824
438399.09290260467
438417.945736138
438418.27031074505
438668.5173328036
444651.01597658906
451966.3114785413
451972.73695550853
452245.52265833324
452376.88185270363
452376.88185270363
452380.35865188454
452380.35865188454
452382.097051475
452383.8354510655
452385.7663949144
452387.6973387633
452389.6282826122
452389.6282826122
452393.49017031
452393.49017031
452395.4211141589
452395.4211141589
452399.2830018567
452401.2139457056
452403.1448895545
452405.0758334034
452407.0067772523
452408.93772110116
452410.8686649501
452412.799608799
454013.574064594
454051.8793694939
460235.7352974885
465374.0814034337
465393.9739759625
465456.0392423536
465457.15049778804
465461.59551952564
474531.15625883447
486234.4638941312
486969.25129317923
488089.76535578666
488439.76130624465
488888.46644610673
500584.8204830416
517711.9073342553
517733.9068910979
517881.6158436418
517881.6158436418
517942.762398857
517945.3534944491
518698.6526486296
519980.117207497
521003.3249031548
521016.8415100971
521182.7376431666
521861.2966174864
527362.4951290888
528390.3403907426
539556.3230159155
549795.7441606369
558432.0968222556
558468.7902566493
559302.4463817725
574276.2117681217
583170.9643258277
585171.2846216735
585335.4258513589
585352.6228042697
585502.1581766364
585883.5498437488
585883.5498437488
585891.603695016
585970.3597979813
585972.9343897799
585973.792587046
585974.6507843123
585975.5089815784
585977.2253761108
585977.2253761108
585978.9417706431
585979.7999679093
585981.5163624417
585981.5163624417
585983.2327569741
585984.0909542402
586943.2419257483
589098.3788079065
589106.2016060636
589107.0708058588
595160.0021393807
595179.3610892504
595231.3975504091
611826.6221471741
611830.5500500462
611830.5500500462
652729.1620504435
669858.7134681653
669989.0714323918
669990.5622750785
676579.6853582317
676619.3384729407
676619.3384729407
677438.5977887973
677553.4256832646
677553.4256832646
677558.2392897255
677559.2020110177
677560.16473231
687875.5583401462
720374.0859878209
759992.7517783601
773728.6391246876
786095.7073327272
800761.5889485708
800765.7148969659
855807.3628313175
858347.9513138089
866755.8034520434
866760.2924838973
866834.1304563757
881890.3102866006
890859.9790646322
890893.0966770834
895971.1214174925
895971.1214174925
895984.1044017756
903231.5803146417
907695.5264022495
907702.7055524569
910092.5208780629
910105.1077713002
910116.1213028828
915524.2824288083
947599.8673583998
948007.4120370725
948135.9215764179
948135.9215764179
948455.7540934756
948491.5893306031
948521.9123006747
948536.9197503036
971280.8471947372
974500.6162944399
974507.2783257818
975858.8399972493
977504.1801969758
977707.1768580138
979867.4134123886
983629.728222251
984765.3542585135
984804.6332872347
993037.4186844337
993316.3382972057
1021555.0497788033
1022640.6528167238
1028683.489329839
1031122.6620007794
1033365.3845154685
1055787.746544518
1065068.654864417
1083826.1844910183
1085200.125306581
1088700.0297985163
1099762.9627365735
1100891.030035376
1101047.3209605818
1101047.3209605818
1101850.2965334393
1103251.276064151
1103388.5986292681
1103390.1664896584
1105725.6733318563
1113518.0494960996
1113936.2556254251
1125013.4698461937
1133919.808066993
1142756.8138509616
1154326.1436899733
1157789.4262639536
1166000.410149833
1166276.8156847165
1166493.4114716647
1166493.4114716647
1166499.3528373537
1170043.9000909238
1170074.9822355
1170822.1914898495
1172772.64282276
1176435.951374934
1184180.3620137684
1184210.3163991168
1199125.6198473398
1207731.242445312
1208138.3690278807
1208475.3984978492
1208494.2128225307
