590073.5659655101
594191.5265244998
594858.4448230809
594899.154180579
595183.5695566133
595233.1689575867
595234.0546611756
600121.504595848
600121.504595848
600142.8274971538
600465.0090541645
600465.0090541645
600467.5066282598
600941.4130609189
600958.1149000222
606128.3078263128
610845.6696643465
610845.6696643465
610845.6696643465
610848.7393699525
613235.2869444296
617010.9368195051
617266.9656705812
617304.5448085637
641230.5839745108
651804.7735694802
651920.3111270715
651971.9349933908
652340.8277874984
652377.301171311
652377.301171311
652410.1272167421
652772.2369516882
652817.6773966794
652817.6773966794
658222.4497436563
676688.2143048159
676710.9895399567
676717.9486395831
677132.3313900626
677133.8992504528
693335.2608134231
693335.2608134231
693335.2608134231
693342.3024320174
699694.1724799242
699704.404831944
699704.404831944
699704.404831944
710061.5915463902
772238.4455871454
786727.8686420281
786734.519670841
786734.519670841
786734.519670841
786734.519670841
786734.519670841
804528.5798332811
804528.5798332811
804528.5798332811
804528.5798332811
804528.5798332811
804528.5798332811
804545.8758089533
805182.7902108054
805411.2027139572
888867.256015098
889111.0500538666
909225.3455481781
909265.6423108367
990412.7763812375
992070.2468692457
992079.7585556124
1015571.1813201506
1016177.9983037768
1016177.9983037768
1016983.8950480978
1055094.1526142468
1089623.3070240451
1125880.2160774455
1125911.2432093767
