823179.516958412
823215.275177836
823221.3265688155
823247.9526891251
823653.1868366965
823938.9885313916
824060.2914142071
824141.6221089709
824282.3004454497
824285.9532850954
824289.6061247411
824295.0853842099
824302.3910635014
824304.2174833243
824306.0439031472
824315.1760022616
824331.6137806677
834416.2348428702
834418.0942702802
834920.0846583486
834922.9783234897
835082.2069239527
835084.1158627435
836132.5523575211
836133.8066458332
836342.0460119653
836343.4708394777
983674.1619358339
1069733.1330465544
1069829.2841479536
1069854.0838484403
1070142.8617272442
1070144.6771445381
1070145.5848531849
1070147.4002704788
1070148.3079791258
1070157.9186882542
1070170.3515460845
1070259.3730086568
1070264.929285829
1070315.2108436036
1070319.9199260385
1070321.0971966472
1070325.806279082
1070331.6926321257
1070332.8699027344
1070334.0471733431
1071392.8260454312
1071403.0253898639
1084889.7439619803
1084899.140121792
1087901.3012018735
1087955.7197105724
1087955.7197105724
1101584.3378998921
1102048.705139862
1102048.705139862
1102056.1593532958
1120991.9024442425
1120997.7337846407
1120997.7337846407
1120997.7337846407
1125880.2160774455
1125880.2160774455
1125880.2160774455
1131601.8612611648
1131619.575332941
1131636.409202393
1131636.409202393
1132147.3941579626
1144777.5548407307
1144784.409416331
1148921.8884618618
1183958.5290229907
1184017.0294699685
1184019.229975779
1198293.9606812398
1198375.9350239534
1199955.7936720178
1200007.4835535113
1200007.4835535113
1201502.611725334
1201577.8690240604
1201577.8690240604
