412854.2021256275
418521.4673094996
422092.0300430168
427599.1644190435
429305.2055715585
431869.62003071536
431903.2162531804
436526.3304273413
436538.57624217786
436569.5703665218
436589.1108581209
436589.1108581209
438787.6802237181
438787.6802237181
438790.56838759466
438926.60365681275
438926.60365681275
441619.73120210273
441749.1209437725
441755.35937774583
442380.3250330458
444641.2457307895
447899.86476058036
449494.3512710213
449494.3512710213
449506.13497963763
454791.37585097685
454815.7574553595
454817.2813056334
456354.31811062124
456366.8609937423
456366.8609937423
456366.8609937423
458313.9785603496
458436.4807188319
469749.5231473346
488471.6686405
493628.5210003133
495345.47116038477
499446.7133764775
499454.217101292
499628.29911597737
499629.245333476
503509.2872042115
510729.3668197343
510729.3668197343
510729.3668197343
510742.2947913722
511114.4003239633
514481.8013585067
514541.41306091886
514752.6616187471
514752.6616187471
514752.6616187471
514863.30305090966
514863.30305090966
516606.47773898026
516977.042917504
517012.00345357164
517012.00345357164
517120.2793419876
527364.5085919056
527365.85090045
527365.85090045
527365.85090045
527365.85090045
527365.85090045
527365.85090045
527517.6362900083
527517.6362900083
527534.519670841
527534.519670841
527534.519670841
527535.6749363916
527539.5258215604
528003.2274085224
528094.8234628933
531663.438748768
534724.963974358
536803.5452593617
543580.910612092
543596.3416590897
543608.114365177
543609.2916357857
568738.0227538414
577586.894765394
577586.894765394
577586.894765394
577586.894765394
577586.894765394
577586.894765394
577586.894765394
577586.894765394
577586.894765394
577586.894765394
577586.894765394
577586.894765394
577586.894765394
577607.6510364535
580454.8139884932
580465.4864416751
606115.1873104165
606117.332803582
606117.332803582
606117.332803582
607595.1649997325
607624.2666890792
607624.2666890792
616958.0146547575
617441.2457307895
617444.9095729643
617510.8587321113
617510.8587321113
617514.5225742862
640692.7803543732
640692.7803543732
641109.1380588177
651915.4425079654
706316.0225857471
738517.036346549
777972.4136034047
778003.1546695803
778117.944055196
778117.944055196
788946.0280106053
789143.4793970003
804907.1768580138
804907.1768580138
804907.1768580138
804907.1768580138
804907.1768580138
804907.1768580138
804952.8043459989
805117.7652640989
805121.0165114342
805122.100260546
805182.7902108054
805182.7902108054
805182.7902108054
811430.7963844467
815955.8065083016
889443.568486923
889455.0221196677
889558.1048143705
889558.1048143705
889558.1048143705
945493.7522444396
945568.1403433706
945642.4514245983
970411.2898173122
972282.7759992054
977199.2561067856
978265.2691417264
990413.689591149
1017056.2036690378
1101172.964341109
1116228.1539437189
1125911.2432093767
1125930.1345517617
1163768.0960276285
