67231.40488542852
92853.97351752382
92968.1797690997
92992.7319126827
94186.34127705744
103625.66951153356
198512.58032228242
202511.52102323523
219495.08538420984
219552.62861115992
219552.62861115992
260316.97674951673
280995.04733379686
280996.5601815417
281023.1863018513
281023.1863018513
282987.2477632011
282987.2477632011
283028.6447787651
283058.21407559654
283059.36934114713
304169.97684884514
304235.11182084214
309502.9026811024
309502.9026811024
309502.9026811024
309518.99938110774
347529.95362128376
347529.95362128376
347529.95362128376
347530.6357780851
370325.6534661787
370325.6534661787
370325.6534661787
370375.5224291139
370405.1742449132
370406.5220547223
372615.05971164204
372615.05971164204
372615.05971164204
372615.05971164204
372672.49291330157
372718.0433835833
372718.0433835833
380496.0282398246
386430.71539360785
386430.71539360785
386430.71539360785
386430.71539360785
386474.48345418286
386503.6621612329
395348.25969024823
455787.2477632011
455787.2477632011
455787.2477632011
455787.2477632011
455807.3548850465
455835.7414100047
455835.7414100047
804814.2935077439
1060751.675058642
1062848.6140633714
1062860.1117062324
1070744.6450538281
