202213.44600738087
260316.97674951673
260359.3089800503
260359.3089800503
260374.4319562344
440726.8869719359
440732.18468967517
440748.52894658427
440748.52894658427
456304.14657813706
456304.14657813706
456304.14657813706
456313.55374047783
460002.64671948896
488194.42691340856
488194.42691340856
488212.383040824
488212.383040824
573485.7460707981
660724.0947745627
660724.0947745627
660724.0947745627
660761.8554542746
660761.8554542746
757790.1664896584
805182.7902108054
875221.1052957312
875226.4140159995
888725.6534661787
888725.6534661787
888725.6534661787
888759.3487114052
888760.6965212142
890570.447512588
890570.447512588
890633.9651128142
890633.9651128142
890653.2965563613
956882.6901183536
956882.6901183536
956882.6901183536
956885.63879614
956885.63879614
1087991.3018895315
1088007.47560724
1088007.47560724
1101202.1815570106
1112754.237425408
1125880.2160774455
1125911.2432093767
1125911.2432093767
1125911.2432093767
1134318.9358109399
1134318.9358109399
1134374.3885573698
1134405.1791349263
1134406.24087898
