67129.0428563788
67207.30934680124
67586.6655460387
67626.40668098013
67627.35289847874
70720.97800258253
75971.91298833274
75986.21627610236
84279.85116023196
106901.13341330543
121398.27474231925
121410.59757485922
121418.2993451967
121570.8219042016
132309.22974655978
156661.75994620987
158782.5029225468
168545.65209086257
168625.75050237242
185983.56038783916
198354.28693678894
202121.431856906
202171.0642654666
218701.10988011825
218735.68532766905
218735.68532766905
221408.3096600677
226467.09647842665
226490.19628817457
260316.97674951673
260316.97674951673
260316.97674951673
260316.97674951673
276746.7233093162
281637.89760007337
281659.5340734572
281690.28064089734
281690.28064089734
304129.08594961755
363741.56404006755
371903.1190641738
371913.9785603496
371913.9785603496
371935.2354464811
371935.2354464811
374578.68107182975
380433.3248267484
431823.40940869047
431859.60772927664
440752.22579634626
440755.460539888
440759.61949587025
440765.8469273146
440765.8469273146
453796.5601815417
453796.5601815417
453843.15589208354
453895.45091267506
453895.45091267506
494959.7720031479
495029.3740019407
495036.8557216971
495194.2909099244
495195.8202614629
495370.62844306574
495376.54780369654
495376.54780369654
495376.54780369654
495376.54780369654
495376.54780369654
495376.54780369654
496214.2803658341
496214.2803658341
496214.2803658341
496214.2803658341
496214.2803658341
496221.78959191317
496960.8129646467
496969.49396006996
496991.37799035746
496991.37799035746
501665.879476463
501772.097891946
501772.097891946
501790.802191337
501791.9024442424
501804.00522620126
508080.0953552518
541693.124183406
541730.8848631178
541758.3471756355
541758.3471756355
542852.3506444885
542869.4485746376
542892.6529084117
542892.6529084117
544599.3652151988
544618.6306435716
544619.7639040641
568593.9776434723
597404.8316383834
597422.3421633723
613241.4593632286
618743.19149749
620916.9886689231
620937.3433476723
620945.4852191719
620951.1845292216
621041.1192017054
621041.1192017054
621046.9505421038
621046.9505421038
624693.2766906838
629009.0517195272
672348.904866327
689420.5609761688
689461.6774272419
702414.7348314092
707462.1120271396
707471.8657691455
708755.8884160179
713386.8583959229
792301.2492454863
792326.9951634717
792367.0443692266
792367.0443692266
805182.7902108054
806541.0524224666
806553.9253814592
827233.2447527869
827443.4810779423
827443.4810779423
827480.6036109688
836441.4153531124
865953.4990334584
866038.0204616478
866059.4753933023
874495.1749325712
888771.4789996868
890296.9136377876
890317.5213747049
890409.6345479413
890474.8135300545
890474.8135300545
905813.9013898333
905825.0909618807
905832.5506765791
905918.2163677901
905919.5861826573
938461.6233314741
938475.1179333583
938484.1290046531
938598.4672865777
938598.4672865777
938598.4672865777
938598.4672865777
938598.4672865777
938598.4672865777
938598.4672865777
938598.4672865777
938634.2970224406
938634.2970224406
938653.589957136
938653.589957136
938653.589957136
938653.589957136
938653.589957136
938653.589957136
938653.589957136
938653.589957136
938653.589957136
938653.589957136
938653.589957136
958457.1740309751
958463.8635686397
958468.8807218882
958512.5937698178
958513.2649240901
967098.5383445778
967102.9393561992
967108.8807218882
967181.1233276539
967181.8714996295
974568.1113089189
990463.7290932846
992120.4569105816
992135.530375385
992141.5597613063
992146.0818007473
996106.1670703475
1026129.6372985735
1026177.1682240849
1038913.277760374
1038921.0015357697
1038931.6959940097
1038950.664354098
1038958.1460738545
1038969.0605826756
1038972.1412908107
1038976.4542821996
1039044.8460027965
1039055.4359370106
1039066.2624255993
1039078.8163112494
1039086.8866663101
1039111.6368554161
1044996.1084665989
1047341.6166077064
1047348.003575822
1047352.2615545657
1047374.6406986606
1047375.6309262754
1061017.518165634
1061025.0438955065
1061030.6881929112
1061099.4374957022
1061099.4374957022
1071413.2247342966
1071526.0941785926
1071527.843580712
1084907.1939730593
1084965.5953972752
1084966.8826931745
1098369.5804521732
1125880.2160774455
1125880.2160774455
1125880.2160774455
1125880.2160774455
1125880.2160774455
1125880.2160774455
1125911.2432093767
1125911.2432093767
1125911.2432093767
1125911.2432093767
1144919.4049465538
1144982.944551838
1145007.2106296658
1145007.2106296658
1145028.5115259134
1145029.8428319287
1181679.8722484126
1181679.8722484126
1181736.3152224573
1200019.8834037548
