56897.91070015918
56908.89648303008
56910.727446841905
56912.55841065372
56914.389374465536
56916.22033827736
56932.69901258371
56934.52997639553
56934.52997639553
56936.36094020735
56938.191904019164
56941.8538316428
56943.68479545462
57021.58146744857
57021.58146744857
57025.86140300868
57025.86140300868
57028.00137078874
57030.1413385688
57032.28130634886
57034.421274128916
57034.421274128916
57038.70120968904
57042.981145249156
57045.121113029214
57045.121113029214
57049.40104858933
57049.40104858933
57051.54101636939
57053.68098414945
57055.820951929505
57055.820951929505
57060.10088748963
57060.10088748963
57062.24085526969
57066.5207908298
57068.66075860986
57072.94069416998
57075.080661950036
57079.36059751015
57090.06043641045
57092.20040419051
57100.76027531074
57102.9002430908
57105.04021087086
57106.8573386841
221122.76002549412
284311.7101870742
679921.0323192272
679930.3670062679
679931.5338421479
679933.8675139081
679936.2011856682
679938.5348574284
679939.7016933084
679942.0353650686
679943.2022009487
679945.5358727089
679946.7027085889
679950.2032162291
679952.5368879893
679953.7037238694
679954.8705597494
679956.0373956294
679962.5910469559
679964.4635187634
679965.3997546672
679967.2722264747
679971.0171700899
679971.9534059936
1039518.5431205942
