2834.609066389566
3539.2055257145917
5369.850319761001
6964.100275827291
17055.427379487926
17088.500981822905
17404.592639002436
17407.651342079324
17408.416017848547
17408.416017848547
17409.94536938699
17409.94536938699
17411.474720925435
17411.474720925435
17413.00407246388
17413.00407246388
17590.007258612914
17590.007258612914
22529.328616508377
26958.847790707445
26961.730453319477
26963.171784625494
26964.61311593151
26966.054447237522
26967.49577854354
26967.49577854354
26973.2611037676
26974.702435073617
34016.381543257514
34019.59978300568
34021.745276171125
34023.89076933656
34023.89076933656
34024.963515919284
34026.036262502006
34027.10900908473
34028.18175566745
34028.18175566745
34029.25450225017
34030.327248832895
34031.39999541562
34032.47274199834
34125.15804674547
34126.159276889346
69241.86401179717
69328.68496855875
69329.66419364451
72864.73276843496
98259.27948715989
98382.97542004447
98382.97542004447
110309.04575982396
110337.8778872088
110385.01822293874
110397.75915158277
110525.36098228133
110525.36098228133
111270.35872829103
115791.07786581498
130375.6782982755
131101.71318546138
131101.71318546138
131194.39849020852
131199.74571932855
131210.17611687133
131218.82410470743
131238.28207733863
131249.09206213374
131255.5780530108
131264.2260408469
131283.6840134781
131298.81799219127
131326.92395265857
151603.9798592593
151626.34249956065
157225.9641348115
190800.4951138074
190804.8301102545
190805.91385936626
190806.99760847806
190808.08135758984
190809.1651067016
388645.3924617395
389458.13828039635
389478.6524958167
396108.7379946363
398517.96178149286
399084.3389695826
400359.87866655464
402332.64862965024
402793.97917160124
443110.2713193102
455785.13527762285
456563.3881676969
456907.59128660825
456921.0363771117
464100.8687413565
464118.2472359966
464247.31240305933
464315.5500882495
464569.1143728177
490455.48514276545
534606.1311593151
534614.2950358728
534615.4613039525
534615.4613039525
534616.6275720322
534618.9601081916
534620.1263762712
534620.1263762712
534621.2926443509
534622.4589124306
534624.79144859
534625.9577166697
534625.9577166697
534627.1239847493
534631.789057068
534631.789057068
534632.9553251477
534634.1215932274
553466.0503212891
554432.1713949527
554438.2117834031
554466.4002628382
558183.0875847157
558290.824349208
558290.824349208
558340.9353677825
558991.7569663582
559995.413167888
560093.3246739354
560266.1634028377
560327.0954087363
560530.1910925359
561048.8558133849
561064.8919994804
561073.5619923746
561170.5052758654
562381.2895880928
562449.7693289221
562449.7693289221
562454.8359935513
562461.5915463902
562463.2804345998
562464.9693228096
562468.347099229
562471.7248756485
562471.7248756485
562476.7915402777
562478.4804284874
562480.169316697
562481.8582049068
562485.2359813262
562486.924869536
562490.3026459555
562491.9915341651
562491.9915341651
562495.3693105846
562497.0581987943
563762.3105311012
564299.7565690448
565980.9485096921
566245.5098220493
568559.1216314306
568602.9337021218
570419.6988057671
571065.9158459341
571076.808349697
571262.2559768946
571776.2391216315
571785.0411448743
571787.241650685
571790.542409401
571792.7429152118
571794.9434210225
571796.0436739279
571797.1439268332
571798.2441797386
571800.4446855492
571801.5449384546
571802.64519136
571803.7454442653
571807.0462029814
571808.1464558868
571810.3469616974
571811.4472146028
571812.5474675082
573156.1708142635
573279.635694038
573279.635694038
574797.5335997371
574878.050107351
574889.536747683
574890.8130410531
574892.0893344234
574894.6419211638
574895.9182145341
574897.1945079042
574898.4708012744
574901.3039525058
574912.2019575334
575039.2701655728
576468.5702060682
586317.4345769756
587142.4537167918
587292.2696536495
587351.540277661
587367.6039700793
587386.0772163603
587386.8804009812
590015.2195539391
590036.4544350125
590037.5161790662
592733.2458224773
593455.9524446244
593809.3976879407
593811.1140824731
596507.5368852146
596513.5442660778
596515.0461112936
596518.0498017252
596519.551646941
596521.0534921569
596527.0608730201
596531.5664086675
596534.5700990992
596537.5737895308
596540.5774799624
596542.0793251782
596548.0867060415
596549.5885512573
596552.5922416889
596670.4513329106
596711.342232138
596845.5565827979
598085.3215565523
598291.6904927453
598292.5761963341
599694.6504786864
604587.7887208796
604591.8596566294
607467.2936070722
607500.9008320662
619157.7062783182
619419.7205051995
619419.7205051995
619419.7205051995
619419.7205051995
619419.7205051995
619419.7205051995
619419.7205051995
619419.7205051995
619419.7205051995
619419.7205051995
619419.7205051995
619419.7205051995
619419.7205051995
619419.7205051995
619422.4381298757
619426.5145668901
619427.8733792282
619430.5910039045
619434.6674409187
619434.6674409187
619437.385065595
619994.795192506
620185.4965273268
620185.4965273268
620744.3369830148
620793.776847317
625140.375461304
625147.3290596658
625149.0674592563
625154.2826580276
625154.2826580276
625156.0210576181
625161.2362563895
627436.7573101872
627574.6134979638
627574.6134979638
627576.1373482377
627577.6611985116
627579.1850487855
627579.1850487855
627580.7088990594
627583.7565996073
627585.2804498812
627586.8043001551
627591.3758509769
627592.8997012508
627594.4235515248
627595.9474017987
627597.4712520726
627598.9951023465
627602.0428028944
627603.5666531682
627603.5666531682
627606.614353716
627609.6620542639
627609.6620542639
628332.660243431
632597.3395273497
632615.3616699395
632619.5206259217
632622.2932632432
632625.0659005647
632627.8385378862
632629.224856547
632633.3838125292
632636.1564498506
632661.1101857441
634826.0778276117
634831.1609960345
642987.8859098862
643021.0255273955
643021.0255273955
643026.4167666318
643029.1123862499
643031.8080058681
643045.2861039586
644470.9443073373
644481.457223848
647350.4106846781
647366.9144782585
647376.5416911803
647384.7935879705
659530.2158482262
664182.3877016176
675547.0539964394
679184.5286103958
683557.8083573376
683566.8579374842
683568.150734648
683569.4435318118
683570.7363289755
683572.0291261394
683573.3219233032
683574.614720467
683575.9075176307
683577.2003147946
683579.7859091221
683581.0787062859
683582.3715034497
683583.6643006135
683584.9570977773
683586.2498949411
683587.5426921049
683588.8354892686
683590.1282864325
683591.4210835963
683592.71388076
683594.0066779238
687601.0672453182
687706.6310103225
689887.0682080395
689893.8072570848
689899.583584838
689901.5090274223
689903.8415635816
689905.2113784488
689907.9510081831
689912.0604527846
689913.4302676518
689917.5397122533
689927.1284163235
689929.8680460578
689932.6076757922
689935.3473055265
689936.7171203936
689940.8265649951
689942.1963798623
689944.9360095967
689947.675639331
689949.0454541981
689951.7850839325
690024.7373528221
690024.7373528221
691017.3030050657
691018.3207390031
704438.1439344737
704601.6085086224
704601.6085086224
707043.394280213
707052.8014425539
707104.5958480734
707115.004240558
707137.7134605246
707138.6596780232
707596.3208765348
707602.3612649853
707602.3612649853
707603.3679963936
707604.374727802
707605.3814592104
707606.3881906188
707607.3949220272
707609.4083848441
707610.4151162525
707613.4353104776
707614.442041886
707615.4487732945
707621.4891617448
707622.4958931532
707623.5026245617
707624.5093559701
707626.5228187868
707628.5362816036
707629.5650180702
707630.5937545366
707632.6512274697
710425.1041037905
744660.9585953437
756381.617218958
756384.5989043314
765697.1449965235
786953.442492684
824657.019078691
922476.1203860054
991144.4005531827
1061803.082236264
1095307.4665912788
1095309.9751679031
1136670.11025451
1193650.5688460334
