28123.124412625402
31823.632515529604
32859.207053843624
41265.96444043735
41323.73872049756
56141.17467278937
57363.489635464815
62391.491377531915
63660.61109880118
68122.3126704819
68294.6452830477
68480.42848738148
68980.45492401379
72554.85754017068
74780.53713735587
75538.50136385516
79862.46227431444
81999.16441904355
87986.47666928996
88042.66108390193
88249.41510861178
90190.10169698729
112289.23692876627
112488.76779315245
115384.62243751861
115429.72730537367
115759.29155937927
117648.21674982236
130109.88470266429
141381.4971080158
141504.05427914334
141505.46260286222
157062.70310745036
158076.0910459279
170142.66918298582
174453.8341521558
174475.5971546237
192148.0408621704
196760.8731729307
199145.86388954683
199229.10902436601
199254.17278555
199299.87729123846
204016.23239786367
206856.0731668182
213866.4775861674
220423.5943123037
229414.11838415638
234274.8541782868
234557.9877596864
237321.31694160253
273292.853398941
274600.7625363886
274604.8334721384
274647.3527456659
276675.6469716303
293466.6065602579
326857.8299039571
326916.7869558906
326936.27243484446
371173.50835504546
380189.42626395373
381804.1519265887
393173.6538329296
400433.8376668526
400565.7524889402
403279.5207787345
417422.0891052041
417577.3347901497
423427.15943734284
428826.8486158971
437879.12988332735
471409.90380427724
478079.9339848257
568764.3628083955
895928.371090855
