235046.53305725136
235090.02055333552
243746.75540002596
243760.02445006455
244329.09175650793
244329.09175650793
255830.83305954357
261075.27105188763
271346.19793855393
271753.9956753948
271755.4920193461
271774.9444907128
272510.63959840767
272872.17170057836
274294.6996844414
274332.8564551991
274338.4677450164
275673.80068612995
276630.591615156
276635.17966977134
276640.1088027873
276677.5174015694
278483.03241925745
283532.3680651594
283533.4133054195
292457.9056991572
299178.9876145142
306549.7138578382
307095.5383216559
311900.30975175544
318838.76863362343
326799.9125910192
326807.482331008
327949.8144087286
328299.93138700636
328393.16681820614
328860.79630804027
328861.5224749578
330885.3496741265
330921.29493654444
336247.67976527935
336249.1155953209
336250.55142536236
336253.4230854453
345516.2212425217
345520.5562389688
347186.1025833021
347362.20906333334
347367.75433797634
354370.71004515624
367724.930661145
367730.89403189206
367732.3848745788
367733.87571726553
370258.4940288358
370268.0882341705
370905.5967725915
370905.5967725915
370907.02710136847
371123.7439161363
371123.7439161363
371127.5617937179
374711.08550646016
380113.3052666967
381299.95003018057
388021.70860107424
395572.8268094958
395631.00268186646
395639.75519372855
396661.69759854523
396661.69759854523
396678.91655651404
400848.7650425202
401266.3275238961
403160.335882762
405855.6804376561
405906.3305801542
415589.3538306374
415723.2986193354
416364.19593670487
419365.68586251425
419381.5295043514
419390.44155288476
419400.34382903297
419408.26564995147
423504.7052621123
423507.54391460813
423510.38256710395
423513.22121959977
423514.64054584765
423516.0598720956
423517.47919834347
423518.8985245914
423525.9951558309
428364.1867679307
428384.9320364612
428398.7622154815
428405.67730499164
428410.28736466507
428414.89742433856
428414.89742433856
428541.8831134101
428541.8831134101
428547.7584639247
431207.2897867496
433070.4360516202
434546.04023563745
434554.62220829923
434555.3373726877
434558.19803024165
434558.9131946301
434560.3435234071
434561.0586877956
434563.204180961
434563.9193453495
440874.00728917547
440875.7401875014
440878.21575653844
440881.92911009403
440884.8997929385
440886.44564827054
448382.2266368172
461204.122892137
461215.6755476432
461376.95061851025
461376.95061851025
461512.35874357226
461512.35874357226
461513.15642692865
461514.7517936414
461517.942527067
461752.04883900395
461752.04883900395
461752.9620489154
469806.4832402448
469866.2049679475
470919.0809831982
471825.20526593266
471825.20526593266
471865.94763101795
473094.5120301958
473435.99202316644
482018.62483668124
483470.83214266616
483495.6483469464
483499.46622452803
483507.1019796912
483512.82879606355
483518.5556124359
483522.3734900175
483531.9181839715
483535.736061553
483537.1333827428
483538.5307039326
483541.3253463122
483545.51730988163
483546.91463107144
486132.95456108317
486155.218178623
489340.3403143361
489380.8516263113
489389.5326217346
489459.29965846316
493002.3285630239
493588.4607920293
493597.90096195723
493601.04768526653
493602.6210469212
493605.76777023054
493609.459118728
493611.5771055708
493617.9310660992
493622.16703978484
493624.28502662765
493628.5210003133
493632.7569739989
493639.1109345273
493927.2176590591
493935.717112753
493939.5514941282
493941.68598476454
493948.0894566737
493954.4929285829
493958.76190985565
493960.89640049206
493967.2998724012
493971.568853674
507725.9514513405
518749.08824181114
539431.1637466667
539441.7096707646
539560.3719466073
539560.3719466073
539562.396411953
546142.3818947272
546151.987102591
547439.4810473796
561174.2681408018
562579.5551616378
568648.6822179265
581857.3503770658
581885.2582920102
581895.5401554108
581905.8220188114
581924.9169079837
581932.261096127
581942.5209544695
581946.8944597682
581954.1836352661
581961.4728107642
581974.5933266606
581984.7981723577
581997.9186882541
582000.8343584533
582019.786214748
582146.6508759999
587970.1849800197
588951.2969995186
589364.2549224857
607379.5099290183
607425.5060017268
607426.0836345021
619102.0609876298
619116.369776664
622638.6864202813
642971.1180556087
644917.1573743687
644987.6175704276
663547.745322015
700240.6680980142
700243.0886544059
810441.0088707891
880145.4852191719
887195.9718518632
887277.7756553764
894138.2156037255
894913.1787376126
894914.6860840928
895982.4815287403
987921.6772744291
990668.1780881578
1045925.8221716242
1114252.9634242316
1152159.866747148
1152166.7983404517
1177499.6483775089
1195774.5740722346
