10331.30876611221
10438.484401622873
10438.484401622873
10439.20506727588
26977.58509768565
29177.551784472675
29184.483377776414
29186.79390887766
29194.880767732022
34977.8650509249
35046.02571841166
35046.02571841166
35050.64678061416
75613.67064234904
75665.33851878453
75666.1747109926
75667.84709540872
75669.51947982487
75670.35567203294
75670.35567203294
75672.86424865715
75673.70044086523
75674.5366330733
75676.20901748943
75677.0452096975
75677.88140190557
75678.71759411364
75679.55378632172
75680.38997852978
75681.22617073785
75681.22617073785
75682.898555154
75684.57093957013
75684.57093957013
75685.4071317782
75686.88147067139
75686.88147067139
75688.35580956456
75689.09297901114
75690.56731790432
75691.3044873509
75692.0416567975
75692.77882624409
75694.99033458385
75694.99033458385
75695.72750403044
75696.46467347702
75697.9390123702
75697.9390123702
75700.15052070997
75701.62485960315
75702.36202904973
75702.36202904973
75703.09919849632
75705.31070683608
75705.31070683608
75706.04787628267
79659.6746613284
79662.22724806883
79670.5231549752
79671.79944834542
88222.78898830217
90117.75456719566
111583.71625700075
111961.18552250552
111962.72587657302
111962.72587657302
158096.4072158253
158136.610456987
158183.38220799362
158183.38220799362
170155.15705346162
170160.15220165192
170161.40098869952
170162.6497757471
170163.89856279467
170166.39613688982
170167.64492393736
170169.1302653596
170170.61560678182
170209.2344837598
170209.2344837598
178363.85791456228
178366.03641531488
178375.0089777581
178375.0089777581
184647.35274566585
184915.67142169483
184916.65614804515
184918.62560074573
190714.60387075084
190718.65280144254
190719.66503411546
190770.0236095936
190770.0236095936
191058.44940746797
191066.56377264496
191068.18664568037
191069.80951871575
191073.05526478656
191073.05526478656
191074.67813782196
191077.92388389274
191079.54675692815
191081.16962996355
191081.16962996355
191082.79250299896
191084.41537603436
191086.03824906974
199098.46499438412
199107.77313396343
199109.32449056
199112.4272037531
199115.74996752726
199124.60700341538
199126.378410593
199129.92122494825
218905.10777130022
219157.01067398133
219157.01067398133
219160.87256167913
231733.39649600012
246753.5650486327
248789.51703481842
248821.42436907373
248822.52462197907
248823.62487488444
248943.2553732837
266351.3633203188
283529.2323443792
284075.5299169462
286552.804345999
288546.09952704405
288547.3978254724
288548.6961239007
312310.59406016243
312322.21273084293
327108.32448291936
329389.9739454
329398.4458927712
329403.28700555477
329423.8617348849
337208.4151009712
357301.0796231634
386708.6392775006
418545.52984053973
427796.48377508996
427801.10483729246
437902.4167360692
441471.9947432361
442646.88880569075
471918.86979576555
478134.3965036408
478169.97868259996
478173.3674615485
478173.3674615485
478180.14501944545
478220.81036682735
478220.81036682735
478223.7810496719
481106.64170722576
481121.9407238747
481121.9407238747
481149.1389756951
481183.13679047057
481217.84426837
481231.0032931181
484302.1722354235
484354.247205434
484362.675142689
484375.3170485716
484385.85197014036
490269.76795360603
490279.2521336502
490283.80718067836
501501.5181961965
501506.3042963348
501509.49502976035
527328.3267751129
527334.323153447
527334.323153447
527336.1220669473
532165.5171570687
532454.0804865563
532455.6263418883
532458.7180525524
536882.3948838239
536886.0422222052
536887.2580016656
536887.2580016656
536889.6895605865
545695.5581873334
546201.498483332
546208.4300766357
547472.6151636245
574954.2371197824
574966.691982671
574968.2488405321
574968.2488405321
574969.8056983931
574971.3625562543
574972.9194141154
574972.9194141154
574974.4762719765
574976.0331298375
574979.1468455597
574980.7037034207
574982.2605612818
574982.2605612818
574983.8174191429
574985.3742770039
574986.931134865
574988.4879927261
574990.0448505873
574990.0448505873
574991.6017084483
575072.805874128
575072.805874128
576514.2802130212
589465.5221998945
589470.7924113112
606459.9845658968
606461.4038921447
619415.1984657585
619929.4896813086
674591.9024442424
674610.6067436334
674611.7069965388
700155.1124320938
700158.4682034551
700159.1393577274
700291.9398834037
703557.3804812079
703820.8910520404
704543.2620970515
704551.1949204991
704555.7279624692
724332.3998502434
724340.8497925565
786600.8444441048
786604.6348153638
790522.6354113341
808886.37352058
809118.3343393516
809118.3343393516
815270.0463787162
815285.9560357278
815285.9560357278
815408.3206625967
815428.1582224803
817777.1376615041
817781.3296250735
817782.0282856685
817784.822928048
817799.494800541
849547.2758807754
849549.5369004959
849551.0442469763
849553.3052666967
849565.3640385395
849565.3640385395
849589.2175215275
849594.1686596016
872026.1634028377
872028.8975313075
872029.2881210889
872029.6787108703
872032.8034291215
877610.4255075299
877810.3249566393
877811.3646956348
877813.444173626
877814.4839126215
879355.9822431407
879365.1418485778
879366.1595825151
924707.9393944024
924726.33562298
925102.4130685595
925110.1808540713
925112.1228004493
925114.0647468272
925116.0066932051
925117.9486395831
925123.774478717
925127.6583714728
925129.6003178508
925129.6003178508
925131.5422642288
925133.4842106067
925187.5176307887
925187.5176307887
961645.2723507973
961903.7382620588
961904.6844795574
969106.8684815746
969110.1362327036
969111.770108268
969113.4039838325
969116.6717349613
969221.685373513
969221.685373513
987941.2067634992
987952.9244569412
987958.7833036622
1045887.483859137
1047541.538061874
1047811.9912285394
1057625.4164533652
1061699.31738476
1131420.1875014326
1134323.5568731423
1149154.1628527113
1158750.7777412725
1158759.2496886437
