490027.7233169569
490613.3054195096
538046.2149007863
561854.4059780408
561854.4059780408
561876.1359729215
561878.3089724096
563866.2789293928
563893.664224207
564164.7445350285
564167.495167292
564172.9964318187
564174.3717479504
797842.4309476692
798758.3474812614
799195.1808922745
799405.87932365
799837.6185637115
800228.9895246754
801915.644220998
802372.8268094958
802384.9570977773
802785.119079455
803748.4785183262
804680.4147342202
804725.9652045019
804854.8928399514
806437.6231480986
806591.5540308224
806617.8060651441
806645.9835420502
806675.4648186493
806709.6606789478
807508.8348780171
810477.44374575
810488.3857608937
810580.5429442462
810632.5188914952
810635.753635037
810640.066626426
810642.2231221205
810651.9273527457
810704.2333758663
810761.9746483393
810781.0750387763
812105.141390139
812146.9289954844
812750.4397191298
812845.5455802687
812847.1739545687
815271.3721834673
815667.7162875633
815872.2423001399
815907.2853551754
815936.9371709748
815961.1977475379
816050.3182328716
816050.3182328716
816116.4159261609
816116.4159261609
816161.2897409056
816161.2897409056
816198.4122739324
816198.4122739324
816243.4896354647
816246.1412449667
816872.1301354686
816872.1301354686
817011.4716646674
817124.4291291956
817146.5002024771
817349.5848837475
817363.9431841624
817365.8576242178
817666.2596749669
817900.2174527617
817900.2174527617
817923.102713193
818193.3028216902
818500.0148228516
818516.2490544702
818533.4129997937
818623.9418088464
818634.1301507499
818837.6329281244
818838.766188617
818855.7650960047
818855.7650960047
818884.0966083176
818892.9316391477
819014.3995598989
819016.9961567555
819269.0861024305
819291.8173274552
819305.3834457782
819311.4128316995
819312.9201781799
819983.5573315811
820147.6600524148
820160.0378976
820161.4132137317
820164.1638459951
820168.2897943902
820967.6785427761
820987.7306519762
823854.4120905569
823869.7276109995
824019.0979454305
824020.6823096143
824023.8510379817
826551.2254830797
826718.5409423972
832902.9800044316
833026.142314657
833053.2745513031
833057.7965907442
833743.8372848204
833745.1685908359
833747.8312028669
834021.8876977972
834034.6561327638
834041.0375996149
834048.6953598362
834058.9057067978
834065.287173649
834075.4975206106
834081.8789874617
834081.8789874617
834090.8130410531
834092.0893344234
834093.3656277936
834095.9182145341
834095.9182145341
834095.9182145341
834127.7705361441
834144.8959726159
834460.8611007113
834618.3788079065
834618.3788079065
834970.7237983176
834979.4047937408
835339.594587367
835339.594587367
836171.2207458798
836187.3119446206
836233.3905362969
836265.3418806684
836269.3357987148
836271.9984107458
836274.6610227767
836277.3236348077
837397.3370823433
837569.65869238
837569.65869238
837578.0206144607
841177.5089968598
841495.6251193851
841500.7522979241
841738.7755102041
841833.8043536397
841833.8043536397
841836.8080440713
841838.3098892871
841839.8117345029
843900.9210033695
844718.8820207978
844849.4050229602
844850.604298627
845090.8115129241
846457.5896820728
846463.8611236332
846572.4230778047
846573.2262624257
846576.4390009093
846577.2421855303
846578.045370151
847473.9648071884
847479.0864844627
847517.6613513245
847517.6613513245
847527.5636274727
847598.6729727458
847709.7104959543
847728.5248206358
847949.5326217347
848232.0500615072
848233.144813148
848256.1345976054
848280.2191337036
848350.3327500974
848848.7583187524
848874.7132847898
849128.4316047648
849128.4316047648
849132.392515224
849133.0526669673
849148.2361570612
849166.6873982839
849191.8611847585
849222.6517623148
849233.2692028515
849234.3309469052
849243.8866433882
849249.9985482774
849252.5236286952
849257.5737895308
849258.4154830034
849260.0988699485
849260.9405634211
849264.3073373116
849264.3073373116
849265.9907242567
849267.6741112019
849272.7242720375
849279.4578198183
849312.6799562954
849422.0891052041
849481.7778253196
849484.3524171181
849484.9960650677
849486.283360967
849487.5706568663
849490.1122410776
849500.2345678068
849578.3250177645
849593.1784319868
849599.1197976758
849938.6028316232
850118.3291437129
850118.3291437129
850123.8084031815
850124.721613093
850126.5480329159
850258.5123663843
850623.1801893353
852180.3956326073
852227.8660442088
852371.4270432995
852416.9775135813
852473.9706140787
852478.245096616
852486.7940616906
852547.6215435632
852551.1863629766
852558.3160018033
852563.0690943544
852565.44564063
852569.0104600433
852574.4677144538
852593.4800846584
852598.4092176743
852601.9300269715
852633.3202423613
852633.985895369
853110.1588490132
853128.6430978231
853221.2183772798
853222.2966251271
853261.9937499522
853292.7788262441
853403.904369685
853405.1421542036
853453.415750426
855700.0276591355
855712.042420862
855998.0366598156
855998.8123381139
858229.0854911789
858273.7447566073
858286.6177156
858295.6287868948
859028.5072471519
859029.5524874121
859081.7594877712
859323.749111775
860621.888003423
860736.6883915678
860788.9559058367
861171.2497803315
861171.2497803315
861413.6905080265
862470.4284109749
862500.0362166581
865748.3458767259
865914.9021615385
865970.2228776198
865970.662978782
869133.8680766204
869135.1883801068
869135.4524408041
869135.9805621987
869140.9977154471
869140.9977154471
869141.2617761444
871667.409439253
871685.5526096624
871685.8166703597
873496.5028767029
873513.380756271
873517.2426439688
873520.6754330335
873596.0097494633
873596.4608531544
873616.1553801603
873676.504252019
873676.9993658265
873929.4083848441
873932.5771132115
873933.1052346061
873933.6333560006
873934.1614773952
873935.2177201844
873935.7458415789
873936.2739629735
873936.8020843681
873937.3302057626
873937.8583271572
873939.9708127355
873940.4989341301
873950.5332406269
873951.0613620215
873952.1176048105
873959.1812284628
873964.4789462022
873965.0675815066
873965.0675815066
874794.9608416936
874797.4144056725
874798.6411876619
874798.6411876619
874801.0947516409
874802.3215336304
874804.7750976093
874806.0018795987
874807.2286615883
874808.4554435777
874809.6822255672
874810.9090075566
874810.9090075566
874813.3625715356
874814.5893535251
874815.8161355145
874818.2696994934
874818.2696994934
874819.496481483
874821.9500454619
874869.7945430513
875952.2398551333
876023.0026207413
876023.0026207413
876111.7325162936
876142.2590331528
876224.2278746017
876247.3992007885
876290.1330236326
876307.5995385051
876364.4220998021
876385.2938974167
876391.3782959833
876416.585090045
876468.1044323383
876593.4122357292
876602.5718411662
876709.6374513864
876709.6374513864
877377.259911827
877423.4045186775
877586.8030776519
877586.8030776519
879270.5200987172
879344.0444991175
879344.0444991175
880120.245417523
880141.414283422
880187.1627992267
882430.116367026
882595.484378701
882607.9392415896
882620.3941044782
882625.0646780614
882628.1783937836
882629.7352516446
882634.4058252278
882637.5195409501
882643.7469723944
882645.3038302554
882648.4175459776
882651.5312616997
882656.201835283
882659.3155510052
882662.4292667273
882663.9861245884
882667.0998403105
882670.2135560327
882671.7704138937
882681.1115610602
882682.6684189213
882687.3389925045
882855.1550668939
882855.1550668939
882859.0169545917
884924.1366452983
884937.3286776335
885681.9413351263
885698.7752045783
885851.1437281764
885852.4750341919
885856.4689522383
885859.1315642693
885860.4628702848
885861.7941763003
885864.4567883312
885868.4507063776
885869.7820123931
885872.4446244241
885873.7759304396
885875.1072364551
885878.0229066543
885881.1916350217
885882.7759992054
885884.3603633891
885885.9447275728
885887.5290917566
885890.697820124
885892.2821843077
885900.2040052263
885988.5928223779
887093.2742456774
889769.0232963271
889912.0341689652
889979.0285683724
889980.2718541553
889987.7315688537
889988.9748546367
889990.2181404198
889991.4614262028
889992.7047119859
889993.947997769
890910.8382551823
890928.5798332811
891040.8056296274
891040.8056296274
891042.7860848571
891044.7665400867
891046.7469953164
891048.727450546
891050.7079057756
891052.6883610053
891054.6688162349
891056.6492714646
891058.6297266942
891060.6101819238
891062.5906371535
891064.5710923831
891066.5515476128
891068.5320028424
891070.512458072
891074.4733685313
891074.4733685313
891076.453823761
891078.4342789906
891082.3951894499
893563.9055921881
893642.7112065343
893719.9324566966
893720.6971324658
894020.994659189
894171.2011858281
894174.4139243118
894490.8686649501
894532.0951413137
894911.6713911322
894911.6713911322
894953.8770925816
895280.7622307627
895287.4957785435
895346.1172533409
895347.7181213181
895768.0422374865
905023.9418088464
905029.002972211
905033.0519029027
905044.9126292224
905047.0691249169
905047.0691249169
905048.1473727642
905050.3038684586
905050.3038684586
905052.4603641531
905052.4603641531
905054.6168598477
905054.6168598477
915804.0382337885
916770.6379174658
917077.1903819558
917591.7126506162
917591.7126506162
918844.829193377
919144.1254899564
919144.1254899564
922499.9408614064
925024.2951122792
925202.882662612
925601.0476852665
925601.0476852665
927740.2694091488
928127.0303104394
928127.0303104394
930351.3015839057
930433.5179822583
930445.35670352
930951.5115488352
931123.8991740462
931123.8991740462
931459.6743557026
931475.363962133
931479.4569029409
931493.9802412916
931494.7724233834
931556.6286417225
943658.3983679581
943660.3128080135
944707.2144499882
947627.0821140137
947628.682981991
951723.1861490385
951813.0548063478
952084.7732638544
952084.7732638544
952483.7689774524
952487.2897867495
952488.3460295387
952785.3262937522
952785.3262937522
952786.6686022967
957460.7629948274
957463.0075107543
957551.5998746934
957551.5998746934
968912.305259056
968918.466675326
968932.3298619335
968932.3298619335
968933.8702160009
968935.4105700685
968936.950924136
968938.4912782034
968940.031632271
968941.5719863385
968943.1123404059
968943.1123404059
968946.193048541
968946.193048541
968952.3544648109
969087.3389925045
969088.8958503656
972584.3168117115
972626.2859587864
972959.1729765661
972959.1729765661
973327.1250544396
974609.9924357613
974617.5181656339
974618.4588818679
974619.3995981021
974620.3403143361
974621.2810305702
974622.2217468043
974623.1624630383
974625.0438955065
974625.0438955065
974625.9846117406
975692.7238135989
975715.6090740302
975784.5674248734
975786.0802726182
977672.3208459723
986260.7960024144
986370.1446374132
986652.2329785527
987252.9215534959
987252.9215534959
987302.548460792
987326.5614804514
987328.1623484287
987381.9647155006
987386.2887094186
987403.5846850908
987414.3946698859
987427.36665164
987442.5006303532
987446.8246242712
987451.1486181893
987457.6346090664
987479.7551937286
987493.0682538834
987509.0439260692
987530.3448223168
987538.3326584097
987564.9587787193
987580.9344509051
987599.5727351218
987607.5605712146
987615.5484073076
987620.8736313694
987623.5362434004
987656.3897951543
987668.6026024037
987678.3728482033
987683.2579711031
987688.1430940029
987690.5856554528
987710.1261470519
987734.5517615507
987736.9943230007
987749.20713025
987778.5178676487
987794.7631017963
987803.8511907946
987822.027368791
987831.1154577893
987840.2035467875
988208.3206625967
988331.5709930547
988331.5709930547
990930.0492821614
995932.3161087723
997208.9450561205
997720.0070293935
1000628.3495442356
1000945.9375453664
1001241.3334453962
1001588.0671459899
1003270.3703420716
1003288.7830744428
1003309.379808831
1003324.8273596222
1003341.9913049458
1003352.2896721399
1003565.854262334
1003579.5689147991
1005489.9710419547
1005656.0597192827
1005687.4224283498
1005688.5336837843
1005701.8687489972
1005711.8700479069
1006052.4203271724
1006054.1587267629
1006068.0659234865
1006076.7579214389
1006080.2347206197
1006081.9731202102
1006085.4499193912
1006085.4499193912
1006088.926718572
1006090.6651181625
1006092.403517753
1006095.880316934
1006097.6187165243
1006099.3571161148
1006101.0955157053
1006102.8339152958
1006104.5723148863
1006108.0491140671
1006109.7875136576
1006111.5259132481
1006113.2643128386
1006115.002712429
1006116.7411120195
1006118.4795116099
1006218.1954324223
1006218.1954324223
1006332.6767472245
1006332.6767472245
1006341.2587198863
1006342.9751144187
1006346.4079034834
1006346.4079034834
1006351.5570870804
1006354.9898761451
1006356.7062706775
1006356.7062706775
1006358.4226652099
1006358.4226652099
1006367.0046378716
1006368.721032404
1006370.4374269363
1006370.4374269363
1006372.1538214687
1006375.5866105334
1006377.3030050658
1006380.7357941305
1006382.4521886628
1006384.1685831952
1006384.1685831952
1006385.8849777275
1006389.3177667923
1006391.0341613246
1006403.0489230511
1006404.7653175835
1006463.5243239938
1006466.439994193
1006467.8978292927
1006469.3556643922
1006470.8134994918
1006472.2713345914
1006473.729169691
1006475.1870047906
1006481.018345189
1006483.9340153883
1006485.3918504878
1006486.8496855873
1006488.307520687
1006489.7653557865
1006495.596696185
1006497.0545312846
1006498.5123663842
1006499.9702014837
1006501.4280365834
1006502.8858716829
1006504.3437067826
1009040.0470663742
1009056.02273856
1009113.5494617166
1009113.5494617166
1010898.3687222549
1010920.291261394
1011156.2294944185
1011156.2294944185
1013983.3403372581
1020138.6777099458
1025638.3193636871
1028673.9281320915
1028719.2145416759
1028720.9639437954
1028727.0868512137
1028729.7109543929
1028731.4603565125
1028735.8338618112
1028737.5832639307
1028739.3326660503
1028743.706171349
1028746.3302745284
1028748.9543777076
1028752.4531819467
1028850.7607790403
1029384.8180380351
1029384.8180380351
1029392.4702969919
1029410.1293561228
1039910.4149634396
1039944.3357605117
1039944.715347764
1042457.3243988722
1042459.8549805545
1042464.9161439192
1042464.9161439192
1045858.4371824358
1045867.7893321313
1045868.339458584
1045869.989837942
1045870.2649011683
1045871.6402173
1045872.465406979
1045873.5656598844
1045874.6109001443
1045877.5815829888
1045879.5620382185
1050411.668793313
1050420.3717937942
1050459.958893329
1050459.958893329
1050461.1801740539
1050466.0652969535
1050511.2526837764
1050600.9673056793
1051015.927688934
1056337.174336601
1056342.2410012302
1056343.9298894398
1056348.996554069
1056348.996554069
1056352.3743304885
1056355.3340108038
1056356.8138509616
1056358.2936911194
1056361.2533714348
1057605.0507720872
1057630.4005990266
1057760.1149153037
1057761.3141909703
1057762.513466637
1057763.712742304
1057764.9120179708
1057766.1112936377
1057767.3105693045
1057768.5098449714
1057769.7091206382
1057772.107671972
1057773.3069476387
1057774.5062233056
1057775.7054989724
1057776.9047746393
1057778.1040503061
1057780.5026016398
1057781.7018773067
1057782.9011529735
1057785.2997043072
1057786.498979974
1057788.8975313075
1057788.8975313075
1060914.892075887
1061137.5942664598
1061236.6775418515
1061671.392966022
1061684.8380565254
1061686.9065319877
1061791.122487183
1062346.651181626
1076017.986689996
1076027.718426944
1076031.5803146418
1076033.5112584908
1076035.4422023396
1076039.3040900375
1076041.2350338863
1076058.6135285264
1079547.9280862478
1080841.610953629
1080984.8363755837
1081258.0071669251
1081309.521007954
1082483.5568731423
1082483.5568731423
1082530.2846140328
1082556.4926382385
1082592.2508576624
1082610.1299673745
1082632.0910153654
1082641.5641928804
1082653.7439925428
1082661.8638589843
1082694.3433247504
1082697.0499468977
1082701.1098801184
1082706.5231244126
1082710.5830576334
1088673.6127262588
1094425.052758655
1108418.4047861001
1113558.3187524355
1113693.0997333415
1113694.2274925695
1114049.438641799
1117953.7520916266
1122798.8257856492
1129222.6468723018
1131396.8456360456
1131401.6372374482
1131403.1115763416
1132104.517302241
1132108.934817656
1132115.1347427778
1132119.3322076118
1132121.131121112
1132123.5296724455
1132129.5260507797
1133294.2702801826
1133297.5710388985
1133301.4219240674
1136165.649798669
1136188.7496084168
1136584.4830721507
1136598.4947929003
1137859.1260630046
1137899.890433148
1137932.7164785794
1137977.0566706653
1138041.8780705843
1140176.7152866388
1148475.5598682752
1149496.9136377876
1149671.864852268
1149674.8135300544
1149679.2365467339
1149682.1852245203
1149686.6082412
1149688.082580093
1149692.5055967725
1149695.454274559
1149701.3516301317
1149704.300307918
1149709.7520610641
1149711.8095339972
1149712.8382704635
1149713.86700693
1149715.9244798631
1149717.9819527962
1149720.039425729
1149722.0968986622
1149724.1543715952
1149726.211844528
1149728.2693174612
1149998.111843764
1149999.2561067857
1150004.9774218935
1156771.6868252356
1160717.4523032724
1160867.3947692143
1160885.9560357276
1160888.6076452297
1160891.2592547315
1160893.9108642335
1160896.5624737353
1160897.8882784862
1160899.2140832373
1160901.8656927391
1160903.19149749
1160905.843106992
1160908.4947164939
1160911.146325996
1160912.4721307468
1160915.1237402486
1160916.4495449995
1160918.2869673516
1160921.9618120554
1160923.7992344073
1160927.4740791111
1160929.3115014632
1160931.148923815
1168483.3728864065
1168557.838003041
1168557.838003041
1173778.2849807837
1173974.5645978346
1173974.5645978346
1178734.7867877963
1178759.9385692128
1178764.130532782
1182229.8666707417
1192656.0832524698
1192747.1566867107
1193761.8594274102
1193766.2604390315
1196202.616462534
1200837.9544464734
1201090.5119996332
1201091.931325881
1201116.0598720955
1201194.8599851772
1201218.5814378166
1201447.1699814333
1201447.1699814333
1208235.6863973595
1208391.1246265634
1208391.1246265634
1208808.973173695
1208817.3901084207
1208894.6278623766
1208900.0741142582
1208903.7049488458
1209102.410623553
1209103.153294264
1209136.716509142
1209148.808288572
1209152.2630826947
1209156.3725272962
1209159.6457796898
1209162.9190320831
1209166.8469349553
