35433.97489283995
178660.06250047754
178668.6004630231
178668.7820047525
178669.14508821125
180168.52023624876
180173.20181236105
180173.20181236105
180173.8124527235
191126.61007495472
191133.1015670963
191134.72444013171
191136.34731316712
191137.97018620252
254729.3203646116
254817.55514635655
254820.0527204517
254828.79422978475
254831.2918038799
350861.2443554734
351295.178600081
403980.44789462024
404458.9093743076
404835.95504244376
405286.51960971585
405579.6929988768
406741.2519961185
407742.6251728696
407748.11543486733
433372.2464260882
433376.75196173566
438671.2294562153
439326.8426561939
439328.60856210697
440660.70125841425
440663.8259766655
454788.328150429
454794.4235515247
454794.4235515247
454795.94740179856
454797.4712520725
454798.9951023464
454800.51895262033
454802.04280289426
454803.5666531682
454805.0905034421
454806.614353716
454808.13820398995
454809.66205426387
454809.66205426387
474000.7683432789
481174.6373367767
481217.84426837
508084.91446297726
