5710.675662252921
10476.542149619116
10479.28177935345
17459.7483171479
26968.937109849554
71731.8243568487
77662.09949648149
178551.06594640852
178557.07332727173
178557.26587153017
178557.8435043055
180405.4156893008
180411.46708028024
180411.46708028024
180412.0722193782
191090.90686817595
191100.64410638832
191100.64410638832
191103.88985245913
191110.38134460073
191110.38134460073
191112.00421763613
191113.62709067154
191115.24996370694
191116.87283674232
191118.49570977772
213640.4416292912
213648.95208551412
213651.38364443494
213652.59942389536
213655.0309828162
213656.24676227663
213657.46254173704
213658.67832119745
213659.89410065787
213661.10988011828
213663.54143903914
218686.2234583088
231779.44208008924
246741.58329449338
249507.03596451686
266859.8231954707
326978.0270326027
326990.55341193016
326991.94523185544
326996.1206916312
327005.0272389
327006.77664101956
327009.4007441988
327011.1501463183
327018.1477547964
327024.27066221467
327029.51886857324
327033.0176728123
327036.5164770513
327040.8899823501
327046.13818870863
327054.8026803383
327069.6065831799
327073.022868451
327078.71667723625
327079.85543899325
327080.9942007503
327087.8267712926
327092.3818183208
327095.7981035919
327098.07562710595
327104.90819764824
327115.1570534616
327121.21394570556
327122.71579092136
327124.2176361372
327133.22870743205
327133.22870743205
327134.73055264784
327145.24346915854
327148.24715959013
327157.258230885
327158.7600761008
327172.2766830431
327175.28037347476
327176.78221869055
327182.7895995538
327792.7753115473
327798.0785305511
327810.0107733097
327813.98818756256
327815.3139923135
327832.54945407587
327860.3913538459
327869.1493669725
327875.25577059726
327876.4770513222
327887.4685778467
327891.1324200215
327892.3537007465
327898.4601043712
327911.89419234556
327918.0005959703
327927.7708417699
327941.22693480237
327949.8144087286
327954.7215366865
327965.7625745918
327978.0303944865
327991.52499637066
328000.11247029697
328009.9267262127
328013.68959114904
328021.2153210217
328038.77535739116
328042.5382223275
328051.3182405122
328052.5725288243
328061.352547009
328063.8611236332
328070.13256519375
328071.38685350586
328078.9125833785
328089.2329556308
328092.2696536496
328094.2941189954
328103.4042130518
328117.57547047274
328125.67333185615
328128.7100298749
328130.73449522076
328135.79565858544
328140.85682195006
328143.89351996884
328145.9179853147
328150.73709304014
328161.98167773284
328172.4230778047
328294.8702236417
328294.8702236417
328300.94361967925
328311.06594640855
328327.26166917535
328331.3105998671
328335.3595305588
328341.26788866054
328344.2055639178
328348.1224642609
328350.0809144324
328353.9978147755
328354.97703986126
328358.89394020435
328369.66541614773
328372.60309140506
328372.60309140506
328377.4992168339
328379.4576670054
328382.3953422627
328389.24991786305
328406.80995423254
328416.5471924449
328427.25815447856
328432.12677358475
328433.100497406
328440.8902879759
328442.8377356184
328444.78518326086
328449.65380236704
328463.2034168966
328466.4216566447
328481.4401088028
328511.47701311903
328547.29024518834
328589.039341682
328612.83231076034
328633.7701235492
328665.3803895201
328703.91124626563
328720.66259674967
328740.9567615889
328771.9563871973
328797.988370938
328819.22325201135
328840.4581330847
328870.2364779682
328904.0197434271
328967.1467538719
329006.205732012
329041.7714071777
329068.11146173184
329096.8665714133
329154.73987423495
329207.99211485416
380088.8136370235
428910.81991763384
428983.30457903864
431767.43404213054
431770.4872439429
433369.74335072853
440497.24218553014
440498.7770383331
488639.27016557276
494112.85232925066
508084.91446297726
508107.8052246732
547593.7255021814
560191.5222457384
561131.6223381902
582075.981631889
582080.1735954585
584423.7562939815
606293.0211875091
678126.6519456903
678129.5896209476
678130.5688460333
