203402.40631075267
203405.477902437
203439.26541096438
203440.80120680653
205877.86016033104
206416.30649299073
206605.23705357284
210257.56710619447
210261.6164417783
225913.24854513834
226063.17081372967
227103.0752428506
227103.0752428506
234939.54501343565
253330.10527529474
253334.42210685107
253336.58052262923
253336.58052262923
253339.81814629646
272271.0200525896
284940.97601439967
284952.8749731767
284962.7907721576
284970.7234113423
284978.656050527
401868.6356488347
570069.7065295024
1013776.1051023448
1013780.5741298854
1013783.5534815792
1013785.0431574261
1013786.5328332729
1013789.5121849668
1015181.8748418628
1015196.195100391
1015207.6466952141
1015553.7357516439
1026370.9223678774
1026398.2069570732
1026444.7328082913
1101680.7791716976
1135920.3605046296
1135972.6467432557
1135976.6868548405
1135980.0536144944
1135984.0937260792
1135988.133837664
1135991.6158973062
1138156.4838628059
1138192.259143129
1138198.748226462
1138219.1424883658
