827171.0899371936
827277.0460143037
827286.5236733295
827436.84257388
827436.84257388
827638.1056211947
827645.4156404433
827648.3396481428
828870.9346024873
828880.4353215108
831855.0597157856
831859.0583193746
832153.183977145
832153.183977145
835068.06452956
835192.8237287375
835363.2509472214
835370.6347584625
835375.9754539136
835916.3173183785
835916.3173183785
837968.01142751
837977.6412825203
838001.1486441043
838012.47571494
838019.5551342124
838159.2203158579
838670.3174913286
838671.7103151854
842323.1271919009
844285.0395062598
844351.609107418
844434.2930349199
845820.0928164904
846436.4727171402
846821.1042536087
846822.317209484
847031.8818559455
847043.0244468002
847058.1887012417
847072.089267813
847080.935082904
847084.7261465143
849985.0742884229
854849.6453564531
855430.8126407221
855430.8126407221
856200.1033856561
856361.790865038
856507.2533300879
856508.2495219854
856522.1962085521
861490.8416578857
863018.4512008814
863052.0588414272
863064.8617521113
863085.6664819731
863090.4675734796
863514.9652338509
863981.8102738694
864267.9110524646
864330.5327820285
864331.1231179679
864332.3037898466
873467.0606509966
873470.0815106861
873471.2898545619
873472.4981984377
873476.727402003
873479.2547777432
873483.2118733366
873487.8284848621
873489.1475167265
877529.6280614549
892643.7915760548
901467.690445154
906239.3666187318
915105.3361475071
915114.6062665543
915120.1683379826
915122.0223617922
915136.8545522677
915157.2488141716
915162.8108855999
915170.2269808378
915172.1271246425
915315.2974259277
915315.2974259277
915338.0760915866
915892.7428265791
931191.4831742087
933160.3549958525
948216.3150764343
973473.644536542
973487.7987630874
975498.722796409
975768.6170086699
991201.7141264904
1001959.793356799
1002092.6189431476
1002094.5283109513
1002109.8032533814
1002126.9875636152
1002148.0136694541
1002151.8785250569
1002163.4730918652
1002178.9325142764
1016962.3141988732
1017045.5146703221
1019257.3927469901
1020519.9921852229
1021117.8641317751
1032514.8528804178
1032520.7193438149
1092952.3855887826
1092954.783828536
1092960.7794279198
1092967.9741471803
1092989.558304962
1095668.1615096612
1106837.561917695
1106842.708909166
1113104.8957015523
1113109.503089079
1113112.574680763
1113114.1104766054
1113115.6462724474
1113118.7178641318
1113120.2536599739
1113121.7894558161
1113123.3252516582
1113124.8610475003
1113335.7170538292
1113370.8420422191
1113404.1591267947
1114721.678255383
1114726.640766873
1114727.8813947455
1114730.3626504904
1114731.603278363
1114734.084534108
1114736.565789853
1114741.5283013429
1114744.009557088
1114746.490812833
1117400.9179160167
1190536.0001793555
