943544.3549446079
948069.9901674732
949793.8679622969
951274.0569261664
966015.5293710706
973395.614116562
973964.2736581163
973975.8958969219
973981.061336391
974193.9051145153
974550.989177815
974550.989177815
974583.2962344945
974922.1260036704
975061.0763253893
975429.2891435452
975695.3046642048
975719.2501657438
975754.2183461498
987792.7777368533
987827.1970893159
987833.2710926916
990045.3105893431
990122.2018454403
990151.9354063844
990153.3512902389
991194.2611352565
992807.9305894072
993694.7996502568
998456.8136848274
999927.700245653
1001882.6530527273
1001903.3517066
1001947.8390540277
1011503.7452638929
1013205.6007609799
1013212.2789362936
1013239.6096454846
1015273.6397964314
1015297.9404219339
1015305.7162531347
1015307.0122250015
1020529.3729922589
1021029.821060824
1021876.676413786
1032168.0766360587
1032228.0326298967
1032412.5079989367
1032413.9054347931
1040836.0576371829
1049519.7932286877
1049559.8530565705
1049570.6266874634
1049989.2578844375
1062601.443940185
1106820.8341954143
1107993.338222907
1113132.540026711
1113167.8633310806
1113170.934922765
1113172.470718607
1114783.792664999
1114906.9791723383
1117322.5508200713
1117337.6597305185
1160581.1047660531
1178067.9437207945
1190526.6701043143
