21460.69916631703
21627.049377219926
48198.90016622414
63568.0196266202
86867.26011997604
86869.57073173857
86871.11113958024
86871.88134350108
86872.65154742192
86873.42175134277
86874.19195526361
89504.90876888437
89513.04433604822
89513.94828795531
89526.33611868211
89529.26935038065
94940.32546624432
94941.51536212204
131423.23871261158
131490.06658574316
144360.69525892855
153329.19876116567
164094.22366276034
164101.58441400382
164101.58441400382
182183.16837961882
182186.46134728036
182187.55900316755
201543.30930182655
201570.18803506403
201571.0550909749
220701.61067677892
220711.57259575505
220967.39098546258
220967.39098546258
221009.02811718322
251050.1264136259
251065.49820804602
251065.49820804602
252129.0852547329
252134.68883415696
252134.68883415696
252140.29241358105
252155.16611205236
294421.10246005334
362468.5727462856
362479.8767571238
362480.96980101144
362482.06284489913
362491.90023988805
362494.0863276634
466649.435894808
466666.73550502997
466672.4036524474
466692.8809303428
530172.2302540763
530175.5139977388
530177.1558695701
530177.9768054857
554877.5956109138
554920.035230552
554925.4312699974
554930.8273094428
566728.6172648921
566737.9888479288
566737.9888479288
566752.0462224841
621569.5807884597
621574.1558919896
696764.9493160469
696764.9493160469
696767.9932357341
724347.0862732162
724357.186552178
724358.8699320051
744662.8242732097
802613.7467051427
823800.8389995805
823812.8809303427
823812.8809303427
823827.0858888827
823827.0858888827
823828.3772487501
864004.4090715469
873562.7135211655
943977.6061800794
943984.547239366
943999.8175697966
943999.8175697966
974655.9997950223
974665.9432660002
974697.5815827486
974697.5815827486
999986.0051436606
1001896.4521553091
1001931.8999836659
1002194.3919366874
1002204.0540756944
1012238.6581643601
1012543.7788290005
1032561.7845875943
1039450.1748396208
1039455.9859590236
1039455.9859590236
1068446.2447754694
1068458.655666194
1068460.034654052
1068462.7926297686
1068465.5506054852
1079938.5312703177
1079972.4663628298
1079977.6871462932
1079980.297538025
1079982.9079297567
1079985.5183214883
1079990.7391049517
1079993.3494966836
1079998.570280147
1080001.1806718786
1080006.401455342
1080009.0118470737
1080022.0638057324
1080027.2845891959
1080029.8949809275
1080035.115764391
1080048.1677230494
1080052.6920945845
1080054.606074388
1080056.5200541911
1080058.4340339943
1080060.3480137978
1080064.1759734042
1080068.0039330109
1080071.8318926173
1080071.8318926173
1080073.7458724207
1080075.659852224
1080079.4878118306
1080083.315771437
1080085.2297512405
1080087.1437310437
1080089.057710847
1080090.9716906503
1080094.7996502568
1080096.7136300602
1080098.6276098634
1080100.5415896666
1080300.485605117
1080300.485605117
1120882.6916141678
1121199.6466695918
