370.7817018918807
381.15870082535577
1637.158367736501
5050.7113688991085
5077.396398156481
5101.055955724804
5108.527394956906
5120.9797936770765
5132.103936533762
5141.696895547819
5147.452670956253
16222.708332666087
16222.708332666087
16238.979466993776
17379.81289374145
17425.9790089966
17579.189633249956
17608.54039823335
17608.54039823335
17622.897552757753
19442.082317785982
19454.064292554503
19492.800476573284
19516.22943416531
19569.24898071608
19570.19905261843
22615.216395658314
23398.94269910867
23398.94269910867
36989.43531830803
36989.43531830803
36989.43531830803
36989.43531830803
36989.43531830803
36989.43531830803
36989.43531830803
36989.43531830803
37002.8285649315
37089.88466798407
41408.247408152354
48930.93979098674
52649.43358880822
52689.142904726985
53023.66967834506
53023.66967834506
53032.829109403676
56993.7618863078
57311.7500296257
57311.7500296257
57311.7500296257
57311.7500296257
57311.7500296257
57549.1757652236
57561.64661194187
57561.64661194187
63857.69009284852
63898.238792681004
64018.335260337764
64018.335260337764
74548.23120209845
74713.83888107767
74713.83888107767
74740.5884783284
74741.92595819094
77948.97206857787
77948.97206857787
77948.97206857787
77948.97206857787
77948.97206857787
77964.29313100321
78216.5879530729
78234.75461920578
78528.37756902784
78528.37756902784
78575.3369482015
80628.02724923051
83531.20254684861
83579.22729791273
83579.22729791273
83627.54260494701
83627.54260494701
83698.93635760932
83698.93635760932
83698.93635760932
83698.93635760932
83698.93635760932
83698.93635760932
83698.93635760932
83698.93635760932
83698.93635760932
83698.93635760932
83698.93635760932
83698.93635760932
83698.93635760932
83698.93635760932
83698.93635760932
83698.93635760932
83698.93635760932
83783.61266890647
83783.61266890647
83783.61266890647
83783.61266890647
83783.61266890647
83783.61266890647
83783.61266890647
83783.61266890647
83783.61266890647
86658.45645343642
86658.45645343642
86663.18375295056
86715.18404760609
86715.18404760609
86770.20520195113
86785.1942004106
86891.13644152209
86891.13644152209
87643.57955218766
101853.98025167425
101918.73272501913
101961.00170067482
101962.08552056343
103126.94746484152
104018.77903718106
104020.14418904073
104020.14418904073
104020.14418904073
104020.14418904073
104020.14418904073
104020.14418904073
104020.14418904073
104020.14418904073
104020.14418904073
104020.14418904073
104020.14418904073
104020.14418904073
104020.14418904073
104020.14418904073
104020.14418904073
104020.14418904073
104075.21146338104
104075.21146338104
104075.21146338104
104075.21146338104
104075.21146338104
104195.58465100935
104253.89416101643
104255.13478888893
105329.32482248606
105514.43203546116
105514.43203546116
105514.43203546116
105518.69352302318
105519.75889491367
110279.54994571292
110328.25266070735
110460.40489512504
110461.35496702741
110689.67200356149
110746.459553725
111819.58882743116
111881.75396904195
111942.5262867959
111954.75730953882
111964.94982849126
111973.15918764753
111984.47242248479
111993.72870553345
112241.90962402595
112962.03645401291
116722.27807154364
116879.22441541305
116879.22441541305
118041.64661194188
118133.93272245691
118142.97224152785
118167.37894301939
126429.31489387597
126615.29838676099
126861.0257215057
126862.41854536255
128854.0459726675
128935.89974025475
129320.94635668052
129371.05111953086
129650.77811478113
129650.77811478113
129650.77811478113
129687.14373104356
129689.05771084684
130106.96482389528
130186.23125974846
130258.87025228278
130273.39805078965
130299.20218813755
130374.89432435809
130374.89432435809
130376.61460018127
137991.67149752265
138031.5191734272
138031.5191734272
138031.5191734272
138031.5191734272
138035.33790903472
138054.4315870723
138088.80020753999
138090.70957534373
138265.43978938536
138277.38486815768
138279.09130798228
146764.80147583983
148742.29312459767
148813.8529092429
148859.57166054402
148897.53764064197
148899.34554445616
151010.97719942735
155003.5575170788
159362.25219310186
159380.0406752736
159447.98465229044
159447.98465229044
160119.28885529534
160128.6696623312
160148.47358829578
160149.51590018865
163245.37592600303
163309.88857537258
163459.01296804586
163459.01296804586
163500.23501980916
163516.32167415583
163516.32167415583
163547.44344695722
163549.6664307287
166095.30568909357
166204.93291782634
166204.93291782634
166290.99282898128
166290.99282898128
166328.5252811238
166533.67624403883
166560.60109727154
166560.60109727154
169568.3258121443
169694.980543127
169694.980543127
170381.13538460553
170406.81499796623
170406.81499796623
176193.41701123214
176193.41701123214
176193.41701123214
176193.41701123214
176193.41701123214
176193.41701123214
176193.41701123214
176193.41701123214
176193.41701123214
176197.3464348283
181203.7826082779
181210.5806955792
181264.75324201147
181264.75324201147
183533.08219287766
186202.41527852954
187204.0447235843
187255.43623430238
187255.43623430238
192154.69415076755
192237.1705382908
192238.15289418984
192244.04702958406
192250.92352087732
192250.92352087732
192250.92352087732
192250.92352087732
192250.92352087732
192250.92352087732
192250.92352087732
192250.92352087732
192250.92352087732
192250.92352087732
192250.92352087732
192250.92352087732
192250.92352087732
192250.92352087732
192250.92352087732
192250.92352087732
192250.92352087732
192250.92352087732
192250.92352087732
192250.92352087732
192250.92352087732
192250.92352087732
192250.92352087732
192250.92352087732
192298.03509603528
192313.73895442128
192313.73895442128
192313.73895442128
192363.54854930195
192363.54854930195
192363.54854930195
192363.54854930195
192363.54854930195
192363.54854930195
192363.54854930195
192363.54854930195
192363.54854930195
192363.54854930195
192409.15200061494
193089.04835873668
193308.6025961714
193324.59701052753
193324.59701052753
193335.149265443
193335.149265443
193373.29972552197
193396.7840271083
193416.56028107574
193447.4606778999
193447.4606778999
200950.8333947199
201961.6268828328
202432.55815443152
202432.55815443152
202440.99811356407
209657.46756387138
209781.41043913283
209782.74791899536
209902.33706670423
209950.7630617271
210043.39046020707
210544.24438473044
210545.4481166067
210882.2117099949
214045.9834288295
221068.95643902392
221095.81672426328
221101.6739636613
221181.66448344002
221231.85226228184
221231.85226228184
224107.0142747791
224725.16518324692
224782.2156173834
225625.56585070572
225626.94945056352
227118.4793212674
227443.61606385058
227443.61606385058
227780.66098920983
227799.5701872664
227799.5701872664
229012.92269456072
229223.4789209202
229223.4789209202
229382.1962726076
229966.822556521
230006.79936841226
230225.64335792
232475.7687466571
232520.0439421066
232586.60431926567
232621.33728769587
233425.1257890843
233606.1329344808
233607.69179032056
233626.39806039797
235033.2147238085
235033.2147238085
235033.2147238085
235033.2147238085
235033.2147238085
235033.2147238085
235033.2147238085
235033.2147238085
235033.2147238085
235033.2147238085
235033.2147238085
235033.2147238085
235045.7086305244
235626.47005883502
236273.51514433316
236275.0324921772
245177.4368172079
249015.4367467468
249092.60933481515
249092.60933481515
252453.84381335494
252689.55849712872
252703.984831646
252721.3075018656
252731.41239282704
252777.60618007934
252777.60618007934
252777.60618007934
252777.60618007934
252777.60618007934
252801.2057816538
252802.59399351114
256985.9681195533
257066.22613530455
257162.4555054143
257163.7837612778
257231.69084229844
257890.4319585945
257941.75428931968
258002.9970310253
258004.24688289684
259231.96576871464
261265.94979966627
261272.8539629567
263531.48849081923
272115.720192551
272128.5553872318
272196.914444206
272197.44482415146
273274.83558541967
273754.5112081197
273754.5112081197
274600.29657719174
275668.08976744633
278713.73895442125
278730.3421527148
278763.548549302
278763.548549302
282666.40702817484
282666.40702817484
282721.7371864881
282743.6119002399
282743.6119002399
282743.6119002399
282743.6119002399
282743.6119002399
282743.6119002399
282971.28786883986
283217.098219576
283232.8528099568
283234.75295376155
283262.3050389298
283263.25511083216
283289.857124098
283289.857124098
283289.857124098
283289.857124098
283289.857124098
283290.96861598373
283333.20530764275
283356.5466372438
283356.5466372438
283356.5466372438
283356.5466372438
283356.5466372438
283356.5466372438
283356.5466372438
283356.5466372438
283356.5466372438
283375.8063472643
283392.92608950485
283420.7456706456
283420.7456706456
283420.7456706456
283420.7456706456
283420.7456706456
283429.78518971655
283457.80769883643
285953.9094702926
285976.6327919572
286044.7981449513
286046.37544878916
286102.90933897876
287784.52738214575
287869.8493733766
287869.8493733766
287869.8493733766
287869.8493733766
288038.37183605623
288066.58804915624
288111.979348491
288178.3921416653
288178.3921416653
288178.3921416653
288178.3921416653
288178.3921416653
288178.3921416653
288214.9284019102
288242.86789503857
288242.86789503857
288242.86789503857
288242.86789503857
288242.86789503857
288242.86789503857
288242.86789503857
288242.86789503857
288294.1302697699
288351.06540391827
288351.06540391827
288351.06540391827
288351.06540391827
288414.4342774054
288414.4342774054
288958.41039749666
289094.8425674745
289096.12009134324
291069.8944684831
294109.3312920965
294109.3312920965
294109.3312920965
294162.87660659326
294184.04568441754
294184.04568441754
294184.04568441754
294184.04568441754
294184.04568441754
294184.04568441754
294184.04568441754
294184.04568441754
294184.04568441754
294184.04568441754
294184.04568441754
294184.04568441754
294184.04568441754
294184.04568441754
294184.04568441754
294184.04568441754
294184.04568441754
294184.04568441754
294245.56053409516
294247.1378379331
294733.08577998844
294755.74914565915
295156.5964724609
295170.1280790702
295183.6596856794
295594.57961944595
295594.57961944595
297043.6698705117
297070.86221971695
297488.63558477914
297488.63558477914
297488.63558477914
297488.63558477914
297488.63558477914
297488.63558477914
297488.63558477914
297488.63558477914
297488.63558477914
297488.63558477914
297488.63558477914
297488.63558477914
297631.6998100753
297631.6998100753
297631.6998100753
297631.6998100753
297631.6998100753
297631.6998100753
297807.4169920155
297807.4169920155
297807.4169920155
297836.60172501596
297918.1049806392
298826.38294328836
298976.00543191057
298977.684199738
299021.332163252
300209.06962517893
308695.932792918
309099.87938340125
310025.0464883147
310031.7984556207
310031.7984556207
310031.7984556207
310031.7984556207
310031.7984556207
310031.7984556207
310031.7984556207
310031.7984556207
310031.7984556207
310031.7984556207
310031.7984556207
310031.7984556207
310031.7984556207
310031.7984556207
310031.7984556207
310031.7984556207
310031.7984556207
310031.7984556207
310031.7984556207
310031.7984556207
310052.99520544213
310052.99520544213
315218.28709056496
315248.5233594573
315336.79703038477
315336.79703038477
315336.79703038477
315336.79703038477
315522.8912112584
315692.5482258214
315692.5482258214
315726.29422635306
317267.42615195893
317716.8655057666
317731.5593362564
317751.1511102428
317829.14463422674
317981.5758305603
317982.84874242946
321692.1139291994
321870.30314288556
321899.9121798424
321962.02658945834
321962.02658945834
323186.5124636084
323347.0100471128
323348.2967949806
324090.29833871935
324227.5053246175
324227.5053246175
324258.24891345773
324258.24891345773
324258.24891345773
324258.24891345773
324258.24891345773
324258.24891345773
324258.24891345773
324258.24891345773
324341.26490492554
324341.26490492554
324341.26490492554
324341.26490492554
324341.26490492554
327535.94624458335
328995.42733058106
329023.6435436811
329023.6435436811
329023.6435436811
329023.6435436811
329087.86102508096
329145.6770511387
329176.01478402066
329215.68720394326
329215.68720394326
329215.68720394326
329263.29687505006
329292.8920760083
338571.24354239996
343567.76852886827
345730.88854654756
345730.88854654756
345789.4609405276
345801.1754193236
345801.1754193236
345801.1754193236
345801.1754193236
345801.1754193236
345801.1754193236
345801.1754193236
345801.1754193236
345801.1754193236
345801.1754193236
345801.1754193236
345801.1754193236
345801.1754193236
345801.1754193236
345801.1754193236
345801.1754193236
351547.6161407172
351553.90690807067
351553.90690807067
351562.485227189
351562.485227189
351574.1074659945
351574.1074659945
351574.1074659945
351574.1074659945
351580.9101652953
358112.4469539985
358151.1877500168
361956.72381489223
363590.6722309587
363590.6722309587
363590.6722309587
363590.6722309587
363590.6722309587
363590.6722309587
363590.6722309587
363590.6722309587
363627.19926720456
363627.19926720456
363651.5506247017
363651.5506247017
363651.5506247017
363651.5506247017
363651.5506247017
363651.5506247017
363651.5506247017
363651.5506247017
363651.5506247017
363651.5506247017
367723.59569418605
367768.1153256104
367850.48563714453
367850.48563714453
367876.0545625166
368364.30389233545
368388.1294818867
368388.1294818867
371511.6430568589
380211.69129068725
380276.4991080265
380276.4991080265
381808.80827853916
381825.4114768327
382071.8306115063
382071.8306115063
384193.5118134446
384269.95570558787
384297.2402947836
384298.04278270114
384301.2527343712
384318.1049806392
384318.1049806392
384318.1049806392
384327.1952317049
384328.2052596011
384378.7066544107
384378.7066544107
387090.02277174767
389929.4971319128
390062.9268901992
390062.9268901992
394493.26436685893
394503.89041376684
394503.89041376684
394503.89041376684
394503.89041376684
394503.89041376684
394503.89041376684
394503.89041376684
394503.89041376684
394503.89041376684
394503.89041376684
394503.89041376684
394503.89041376684
394503.89041376684
394612.0879226465
394612.0879226465
394612.0879226465
394612.0879226465
394612.0879226465
394612.0879226465
394612.0879226465
394638.09959997307
397968.1477377181
398371.0750763062
398372.56475215306
398378.52345554065
398378.52345554065
398908.1101371109
400462.4093213635
400499.591261542
400646.8431824078
406284.1962790132
406421.7214928786
406421.7214928786
409411.3487216114
409433.07123937877
409498.238792681
409498.238792681
409659.64955209155
409660.8578959674
410308.8438293688
410389.51231307787
410398.8377761195
410460.1543098175
410460.1543098175
413923.5722498551
413926.035057602
413934.53036072885
413977.0068763632
414928.4439305766
422327.364082132
422707.27293108584
422707.27293108584
426451.2111302922
426460.5412053333
428626.7835466917
428626.7835466917
428626.7835466917
428626.7835466917
428626.7835466917
428668.47602240666
432306.6749084806
432315.1840476061
432342.9298367544
432343.52017269377
435476.31309071224
441504.3163831675
443547.7826851446
443560.7608518107
443561.3788597472
445566.33496568224
445581.019572173
445747.2083630925
445748.18149499246
445772.5097924921
447752.2105890228
447869.2446889943
447869.2446889943
449360.02741577494
449360.02741577494
449360.02741577494
449360.02741577494
449360.02741577494
449360.02741577494
449360.02741577494
449360.02741577494
449367.94160696154
449541.0576211691
449639.41773505986
449639.41773505986
450746.75420925027
450762.4442316377
450888.29186270334
450889.29266660044
451007.747262426
452957.87130599655
452972.053204539
452989.38048675813
452989.38048675813
453020.9772955107
453394.5308091177
454712.84320162446
456114.3099455848
458034.3683642455
458380.82176863775
458380.82176863775
459176.7975428291
459413.4853585029
459591.4716442099
459591.4716442099
459769.5732299049
459772.51568560256
459778.4005969977
461441.8980940271
466843.8870188227
466924.2741705607
473559.05056865315
473569.01248762925
473664.5638938087
473668.1750894376
473885.1650551358
473885.1650551358
474653.5795201599
477376.89606026345
482213.95655112114
482821.6705046616
482858.2943928975
482858.2943928975
482911.2862674511
484747.24026275583
484792.3594541186
485247.1210553792
485247.1210553792
485379.2133338031
486593.41444901016
486593.41444901016
487818.70281107776
487865.0580183135
487865.0580183135
487952.59376931674
487966.06080793263
487966.06080793263
487966.06080793263
488048.5233594573
488051.4658151549
488083.8328278283
488605.6390661982
488633.12197137356
488647.93571385107
492812.36835783994
494966.80859241134
495219.1495344763
495219.1495344763
495318.9901002149
495346.21934541635
497779.8285232954
497837.23869339493
497837.23869339493
501269.1243926733
504853.5196922772
504856.4252519785
504875.3113900375
504938.84629550745
504938.84629550745
506256.0333601299
506336.00543191057
507964.3364325543
507964.3364325543
507964.3364325543
507964.3364325543
507964.3364325543
507964.3364325543
507964.3364325543
507964.3364325543
507964.3364325543
507964.3364325543
507964.3364325543
507964.3364325543
507964.3364325543
507964.3364325543
507964.3364325543
507974.6857594906
510240.34436263127
510277.826082779
510277.826082779
512291.39740382857
512306.6262262634
512371.53089559264
512372.6331634794
512473.90344907105
519195.09488228196
519344.5190549244
519344.5190549244
519348.8543344789
521956.01766652043
522000.3435939647
522154.62881410756
522154.62881410756
523635.2651419311
523644.120181021
523644.120181021
523659.3397794567
523679.2267214128
523679.2267214128
526444.5262932015
526444.5262932015
526444.5262932015
526444.5262932015
526444.5262932015
526454.395972187
526503.7443671152
526503.7443671152
526503.7443671152
526503.7443671152
526503.7443671152
526503.7443671152
526523.050197131
526554.107401939
526554.107401939
526554.107401939
526554.107401939
526554.107401939
526554.107401939
526554.107401939
526554.107401939
526554.107401939
526554.107401939
526569.1240723956
526601.3573370827
526641.8276329233
526642.7269728308
528301.5709623385
528320.1342604307
528489.7174830012
528489.7174830012
528618.4383897716
528618.4383897716
528618.4383897716
528618.4383897716
528618.4383897716
528618.4383897716
528618.4383897716
528618.4383897716
528618.4383897716
528618.4383897716
528618.4383897716
528618.4383897716
528618.4383897716
528618.4383897716
528618.4383897716
528618.4383897716
528618.4383897716
528618.4383897716
528618.4383897716
528621.3162774758
530052.6780023637
531564.7220469592
538521.9002719158
538537.1890503445
538718.8557116732
538769.8090824363
540681.3814219692
545030.630722963
545572.674415253
545572.674415253
548201.6894010486
550577.7269888448
553520.2657024171
555788.7284012695
557294.1680625438
557310.1163569047
557411.6403024703
557411.6403024703
558170.3418964926
558369.1698080575
558383.6699345672
558693.1028187645
558693.1028187645
558696.0544984611
558795.9227361968
558795.9227361968
558798.3486479475
558810.8840626592
559039.3579071771
559073.1454157045
559117.683495127
559133.8716134633
559246.4320738944
559272.5175432134
559339.151712365
559386.3463035144
559409.0696251789
559409.0696251789
559409.0696251789
559409.0696251789
559409.0696251789
559409.0696251789
559409.0696251789
559442.5711897357
559471.8850587229
559471.8850587229
559471.8850587229
559471.8850587229
559471.8850587229
559471.8850587229
559471.8850587229
559471.8850587229
559471.8850587229
559471.8850587229
559471.8850587229
559471.8850587229
559471.8850587229
559471.8850587229
559471.8850587229
559471.8850587229
559471.8850587229
559471.8850587229
559471.8850587229
559471.8850587229
559471.8850587229
559471.8850587229
559471.8850587229
559471.8850587229
559471.8850587229
559471.8850587229
559471.8850587229
559471.8850587229
559471.8850587229
559471.8850587229
559471.8850587229
559471.8850587229
559471.8850587229
559471.8850587229
559471.8850587229
559503.5418234693
559510.8472307185
559529.1107488414
559533.9810203408
559533.9810203408
559540.0688597151
559544.9391312146
559544.9391312146
559544.9391312146
559544.9391312146
559544.9391312146
559544.9391312146
559544.9391312146
559544.9391312146
559544.9391312146
559544.9391312146
559544.9391312146
559544.9391312146
559544.9391312146
559544.9391312146
559544.9391312146
559544.9391312146
559544.9391312146
559544.9391312146
559544.9391312146
559544.9391312146
559544.9391312146
559544.9391312146
559544.9391312146
559544.9391312146
559544.9391312146
559544.9391312146
559544.9391312146
559544.9391312146
559544.9391312146
559544.9391312146
559544.9391312146
559544.9391312146
559544.9391312146
559547.4572829559
559562.566193403
559587.7477108148
559596.561241909
559620.4836834503
559620.4836834503
559620.4836834503
559620.4836834503
559620.4836834503
559620.4836834503
559620.4836834503
559620.4836834503
559620.4836834503
559620.4836834503
559620.4836834503
559620.4836834503
559620.4836834503
559620.4836834503
559620.4836834503
559620.4836834503
559620.4836834503
559620.4836834503
559620.4836834503
559620.4836834503
559620.4836834503
559620.4836834503
559620.4836834503
559620.4836834503
559620.4836834503
559620.4836834503
559620.4836834503
559620.4836834503
559620.4836834503
559620.4836834503
559620.4836834503
559620.4836834503
559620.4836834503
559620.4836834503
559620.4836834503
559620.4836834503
559620.4836834503
559631.2204183468
559659.4043474501
559667.4568986224
559671.4831742087
559717.8199334464
559721.1820811008
559722.3027969856
559734.6306717185
559737.992819373
559743.5963987971
559767.1314323782
559768.2521482629
559768.2521482629
559843.2432605556
559843.2432605556
559843.2432605556
559843.2432605556
559843.2432605556
559850.8807317705
559879.521248827
559879.521248827
559900.5242946683
560066.9713575613
560127.1579513755
560127.1579513755
560127.1579513755
560127.1579513755
560127.1579513755
560127.1579513755
560127.1579513755
560127.1579513755
560127.1579513755
560127.1579513755
560127.1579513755
560127.1579513755
560127.1579513755
560127.1579513755
560139.0292381553
560140.3482700197
560164.0908435796
560165.409875444
560206.2998632414
560206.2998632414
560206.2998632414
560206.2998632414
560206.2998632414
560206.2998632414
560206.2998632414
560206.2998632414
560206.2998632414
560206.2998632414
560206.2998632414
560270.9693205948
560270.9693205948
560294.6288781632
560294.6288781632
560300.9380935146
560300.9380935146
560300.9380935146
560300.9380935146
560300.9380935146
560300.9380935146
560300.9380935146
560300.9380935146
560300.9380935146
560300.9380935146
560815.111472669
560833.6517107636
560859.6080440958
561219.7037430861
561288.736151991
561288.736151991
562124.0615061382
562803.8425642718
562827.1516098761
562870.9240973772
562909.5772654045
562909.5772654045
562909.5772654045
562909.5772654045
562909.5772654045
562909.5772654045
562909.5772654045
562909.5772654045
562916.9380166479
562916.9380166479
562948.8346053697
562958.648940361
562958.648940361
562973.370442848
562983.1847778393
562983.1847778393
562983.1847778393
562983.1847778393
562983.1847778393
562983.1847778393
562983.1847778393
562983.1847778393
562983.1847778393
562983.1847778393
562983.1847778393
563667.1812035397
563672.7709469652
563672.7709469652
563795.717630329
563804.2728894497
563883.4655333104
563883.4655333104
563943.0986871815
563943.0986871815
563949.301826544
564010.0925922961
564010.0925922961
564078.5346652617
564078.5346652617
564234.0559012777
564254.9205871333
564281.0014444527
564281.0014444527
564281.0014444527
564281.0014444527
564281.0014444527
564281.0014444527
564281.0014444527
564281.0014444527
564281.0014444527
564281.0014444527
564281.0014444527
564281.0014444527
564281.0014444527
564281.0014444527
564281.0014444527
564302.0321622912
564347.4142376268
564347.4142376268
564347.4142376268
564347.4142376268
564347.4142376268
564347.4142376268
564347.4142376268
564347.4142376268
564347.4142376268
564347.4142376268
564347.4142376268
564347.4142376268
564347.4142376268
564347.4142376268
564347.4142376268
564347.4142376268
564347.4142376268
564347.4142376268
564347.4142376268
564347.4142376268
564347.4142376268
564347.4142376268
564347.4142376268
564347.4142376268
564347.4142376268
564347.4142376268
564347.4142376268
564347.4142376268
564347.4142376268
564347.4142376268
564347.4142376268
564347.4142376268
564347.4142376268
564347.4142376268
564347.4142376268
564347.4142376268
564347.4142376268
564347.4142376268
564347.4142376268
564347.4142376268
564347.4142376268
564347.4142376268
564347.4142376268
564347.4142376268
564347.4142376268
564347.4142376268
564347.4142376268
564347.4142376268
564352.7457090789
564384.7345377911
564415.3904986404
564427.3863094075
564427.3863094075
564427.3863094075
564427.3863094075
564427.3863094075
564427.3863094075
564427.3863094075
564427.3863094075
564427.3863094075
564427.3863094075
564427.3863094075
564427.3863094075
564427.3863094075
564427.3863094075
564427.3863094075
564427.3863094075
564427.3863094075
564427.3863094075
564427.3863094075
564427.3863094075
564427.3863094075
564427.3863094075
564427.3863094075
564427.3863094075
564427.3863094075
564427.3863094075
564427.3863094075
564427.3863094075
564427.3863094075
564427.3863094075
564427.3863094075
564427.3863094075
564427.3863094075
564427.3863094075
564427.3863094075
564427.3863094075
564427.3863094075
564427.3863094075
564427.3863094075
564427.3863094075
564427.3863094075
564427.3863094075
564427.3863094075
564427.3863094075
564427.3863094075
564427.3863094075
564427.3863094075
564427.3863094075
564427.3863094075
564456.2389784422
564498.6693740812
564529.2192589414
564529.2192589414
564529.2192589414
564529.2192589414
564529.2192589414
564529.2192589414
564529.2192589414
564529.2192589414
564529.2192589414
564529.2192589414
564529.2192589414
564529.2192589414
564529.2192589414
564529.2192589414
564529.2192589414
564529.2192589414
564529.2192589414
564529.2192589414
564529.2192589414
564529.2192589414
564529.2192589414
564529.2192589414
564529.2192589414
564529.2192589414
564529.2192589414
564529.2192589414
564529.2192589414
564537.3271541081
564869.9168879252
564941.5089565672
565097.3945405455
565171.8460488935
565434.7484698731
565435.9153057532
565465.086202755
565465.086202755
565465.086202755
565547.5487542797
565547.5487542797
565547.5487542797
565547.5487542797
565547.5487542797
565547.5487542797
565547.5487542797
565547.5487542797
565547.5487542797
565547.5487542797
565547.5487542797
565547.5487542797
565547.5487542797
565547.5487542797
565547.5487542797
565547.5487542797
565547.5487542797
565547.5487542797
565547.5487542797
565547.5487542797
565547.5487542797
565547.5487542797
565547.5487542797
565547.5487542797
565547.5487542797
565547.5487542797
565547.5487542797
565547.5487542797
565547.5487542797
565547.5487542797
565547.5487542797
565547.5487542797
565547.5487542797
565547.5487542797
565547.5487542797
565547.5487542797
565547.5487542797
565547.5487542797
565547.5487542797
565547.5487542797
565547.5487542797
565547.5487542797
565547.5487542797
565547.5487542797
565547.5487542797
565547.5487542797
565547.5487542797
565547.5487542797
565547.5487542797
565592.2667016838
565629.5316578537
565659.3436227897
565659.3436227897
565659.3436227897
565659.3436227897
565659.3436227897
565659.3436227897
565659.3436227897
565659.3436227897
565659.3436227897
565659.3436227897
565659.3436227897
565659.3436227897
565659.3436227897
565659.3436227897
565659.3436227897
565659.3436227897
565659.3436227897
565659.3436227897
565659.3436227897
565659.3436227897
565659.3436227897
565659.3436227897
565659.3436227897
565659.3436227897
565659.3436227897
565659.3436227897
565659.3436227897
565659.3436227897
565659.3436227897
565659.3436227897
565659.3436227897
565659.3436227897
565659.3436227897
565659.3436227897
565659.3436227897
565659.3436227897
565659.3436227897
565659.3436227897
565659.3436227897
565659.3436227897
565659.3436227897
565659.3436227897
565659.3436227897
565659.3436227897
565672.4186414459
565713.0964772651
565746.5104138309
565746.5104138309
565746.5104138309
565746.5104138309
565746.5104138309
565746.5104138309
565746.5104138309
565746.5104138309
565746.5104138309
565746.5104138309
565746.5104138309
565746.5104138309
565746.5104138309
565746.5104138309
565746.5104138309
565746.5104138309
565746.5104138309
565746.5104138309
565746.5104138309
565746.5104138309
565746.5104138309
565746.5104138309
565746.5104138309
565746.5104138309
565746.5104138309
565746.5104138309
565746.5104138309
565746.5104138309
565746.5104138309
565746.5104138309
565746.5104138309
565746.5104138309
565746.5104138309
565746.5104138309
565746.5104138309
565746.5104138309
565746.5104138309
565746.5104138309
565746.5104138309
565746.5104138309
565746.5104138309
565746.5104138309
565746.5104138309
565746.5104138309
565746.5104138309
565746.5104138309
565746.5104138309
565749.4251975312
565782.9452100862
565822.2947900419
565833.9539248436
565833.9539248436
565833.9539248436
565833.9539248436
565833.9539248436
565833.9539248436
565833.9539248436
565833.9539248436
565833.9539248436
565833.9539248436
565833.9539248436
565833.9539248436
565833.9539248436
565833.9539248436
565833.9539248436
565833.9539248436
565833.9539248436
565833.9539248436
565833.9539248436
565833.9539248436
565833.9539248436
565833.9539248436
565833.9539248436
565833.9539248436
565833.9539248436
565833.9539248436
565833.9539248436
565833.9539248436
565833.9539248436
565833.9539248436
565833.9539248436
565833.9539248436
565833.9539248436
565833.9539248436
565833.9539248436
565833.9539248436
565833.9539248436
565833.9539248436
565833.9539248436
565833.9539248436
565833.9539248436
565833.9539248436
565833.9539248436
565833.9539248436
565833.9539248436
565833.9539248436
565857.1984024546
565903.6873576766
565926.9318352876
565926.9318352876
565926.9318352876
565926.9318352876
565926.9318352876
565926.9318352876
565926.9318352876
565926.9318352876
565926.9318352876
565926.9318352876
565926.9318352876
565926.9318352876
565926.9318352876
565926.9318352876
565926.9318352876
565926.9318352876
565926.9318352876
565926.9318352876
565926.9318352876
565926.9318352876
565926.9318352876
565926.9318352876
565926.9318352876
565926.9318352876
565926.9318352876
565967.4251911258
566048.4119028021
566048.4119028021
566048.4119028021
566048.4119028021
566048.4119028021
566048.4119028021
566048.4119028021
566048.4119028021
566048.4119028021
566048.4119028021
566048.4119028021
566048.4119028021
566048.4119028021
566048.4119028021
566048.4119028021
566048.4119028021
566048.4119028021
566048.4119028021
566048.4119028021
566048.4119028021
566048.4119028021
566048.4119028021
566048.4119028021
566048.4119028021
566048.4119028021
566067.1781288733
566093.1621342028
566123.4768070871
566148.1602285502
566260.1026810451
566260.1026810451
566727.4458170125
567186.1460658683
567291.9361109955
567523.1633192304
567523.1633192304
567577.6356456319
567577.6356456319
568074.2788145881
568527.4077680164
568574.3118031957
568579.9753386136
568652.185415192
568653.6012990465
568873.0402364931
568914.6220242194
568914.6220242194
569997.6486489084
570262.0269097361
571451.6506794692
571489.2938196004
571677.6155962452
571677.6155962452
573908.089255002
574017.5965717471
577940.0329886077
577964.7625300661
578014.2262249823
578014.2262249823
578277.944969878
578604.9219002719
578604.9219002719
578727.8870316339
578774.4313308501
578774.4313308501
580980.6274241022
583379.9925055008
583458.2489134577
585065.2079082981
587073.0419019373
587114.1717137101
587123.4049367611
587123.4049367611
587123.4049367611
587123.4049367611
587123.4049367611
587123.4049367611
587123.4049367611
587123.4049367611
587123.4049367611
587123.4049367611
587155.1585534975
587155.864189425
587165.7430924097
587165.7430924097
587165.7430924097
587165.7430924097
587165.7430924097
587165.7430924097
587165.7430924097
587165.7430924097
587165.7430924097
587165.7430924097
587848.0791982808
588664.3293223884
588730.0134196375
588730.0134196375
589176.5333777451
589367.4655461216
589368.415618024
589556.2531347184
589582.5461440161
589582.5461440161
591915.0695162845
592289.766805774
592289.766805774
592289.766805774
592289.766805774
592289.766805774
592289.766805774
592289.766805774
592289.766805774
592289.766805774
592289.766805774
592302.7541964392
592331.0903215269
592331.0903215269
592360.6071184932
592360.6071184932
592360.6071184932
592360.6071184932
592360.6071184932
592360.6071184932
592805.489816769
592942.2724987109
593024.2046702901
593025.694346137
593031.6530495245
593273.0082087186
593344.3558413857
593383.087413405
593383.087413405
593383.087413405
593383.087413405
593463.7236131174
593468.8706045883
595275.1509949429
595297.4822966477
595851.9829996574
595853.5879754924
595941.8708704188
596124.8934596082
596146.6205893751
596312.9938602756
596312.9938602756
596800.3023421912
596800.3023421912
596852.6577608102
596860.2122160337
602364.3108103347
602457.2887207787
602733.2338764176
602733.2338764176
602802.3031813188
602958.4285892727
602959.8398611275
602972.5413078221
602972.5413078221
602980.9351469594
603048.0858600579
603092.568595486
603202.9383561425
603202.9383561425
604014.5995407217
605202.2724346553
605403.7660819463
605404.517837869
605495.6740085002
605511.6545868578
605569.9456488667
605569.9456488667
605588.0431350067
605742.7849431026
605742.7849431026
605742.7849431026
605742.7849431026
605742.7849431026
605742.7849431026
605742.7849431026
605742.7849431026
605751.4555022115
605754.0566699442
606044.2252321213
606080.7891643633
606093.9610350096
606094.5882669451
609230.8401846081
609230.8401846081
609258.5859737565
609258.5859737565
610641.3510596389
610643.2189194469
610643.2189194469
610643.2189194469
610650.2291587264
610654.2185383164
610657.9311979349
610658.5768778685
611140.0788523807
611152.5958190943
611152.8679270664
611845.152115915
611848.887835531
611871.7172331846
611871.7172331846
611872.7964410736
615313.8830794065
615320.0447107733
615363.4159543156
615364.0616342493
616989.0074272408
617021.8909838612
617047.9118851868
617047.9118851868
620289.953847977
620305.5424063748
620351.2473216773
620351.2473216773
621659.2103872478
621669.2414862169
622428.4042801918
622438.4999471542
622670.0223233588
622706.3971636203
622707.499431507
622736.1583965615
622745.2440356277
623003.5990250746
623019.2429274668
623019.2429274668
623019.2429274668
623019.2429274668
623079.291161295
623079.291161295
623079.291161295
623079.291161295
623092.9795758881
623137.9557952656
623137.9557952656
623137.9557952656
623137.9557952656
623137.9557952656
623137.9557952656
623137.9557952656
623137.9557952656
623158.8758251155
623207.6892280986
623207.6892280986
623247.1079880472
623251.3694756093
623260.9578226238
623271.6115415288
623313.3501372391
623313.3501372391
623383.9598499819
623577.0365981378
624058.4647806578
624115.2015988266
624115.2015988266
624135.5174567385
630979.7616493023
633114.3195539172
633128.8750244211
633171.2362400674
633171.2362400674
637714.4570171252
637714.4570171252
637717.3441288285
637773.6428070422
637773.6428070422
637795.2961448168
638077.1584958476
638124.5421789776
638196.2264876101
638196.2264876101
638493.46985706
639632.0895240352
639736.7265692808
639737.9718091529
639829.7874957162
642926.5883694339
643022.6932155566
643393.5118134446
643393.5118134446
646172.0017038776
646216.996371253
646581.2382578172
646582.5572896816
647421.5168994552
647440.462993508
647751.3671055539
647751.3671055539
648098.6276098633
648100.5415896665
652118.9075966679
652266.496193499
652535.0252539002
652535.0252539002
652535.0252539002
652535.0252539002
652535.0252539002
652535.0252539002
652535.0252539002
652535.0252539002
652535.0252539002
652535.0252539002
652535.0252539002
652535.0252539002
652535.0252539002
652535.0252539002
652535.0252539002
652535.0252539002
652535.0252539002
652535.0252539002
652535.0252539002
652554.7277158753
652554.7277158753
652631.895691944
660495.5670357334
660612.6564796992
660612.6564796992
663062.7351078856
664975.8017352648
664975.8017352648
664975.8017352648
664975.8017352648
664975.8017352648
664975.8017352648
664975.8017352648
664975.8017352648
664975.8017352648
664975.8017352648
664975.8017352648
664975.8017352648
664975.8017352648
664975.8017352648
664975.8017352648
664975.8017352648
664975.8017352648
665046.5221359964
665100.6024424381
665100.6024424381
665100.6024424381
665100.6024424381
665271.9428368282
665271.9428368282
667259.571660544
667259.571660544
667259.571660544
667259.571660544
667259.571660544
667259.571660544
667324.6561978548
667462.407399697
667490.0425008567
667491.0294687552
668378.618001531
668515.8987794216
668517.3838432688
668649.0010857416
668959.8775257904
668961.1642736582
669198.5669492583
669219.3578431215
669229.462734083
669247.4172482376
669304.1863504031
669304.1863504031
669608.5275871236
669614.6938304898
669669.6734768391
669669.6734768391
670011.4134177159
672253.3801792915
672320.5032203927
672416.56194652
672416.56194652
676839.5248359377
676867.5657930557
677012.1058582002
677012.1058582002
677238.8133068997
677338.6123646427
677370.3659813791
677370.3659813791
681175.5423102914
681175.5423102914
681175.5423102914
681175.5423102914
681175.5423102914
681175.5423102914
681175.5423102914
681175.5423102914
681175.5423102914
681175.5423102914
681191.979476602
681206.9223550663
681765.4816176587
681765.4816176587
682152.3638098959
682152.3638098959
682152.3638098959
682217.8265311678
682235.9332413069
682235.9332413069
682235.9332413069
682235.9332413069
683212.7547409114
683225.6775635831
683242.9448898084
683253.7369686993
683287.1924132608
683287.1924132608
683287.1924132608
683287.1924132608
683287.1924132608
683287.1924132608
683308.868811033
683311.0364508101
684457.8562529426
685312.8379490694
685371.1705190742
685577.0363419157
685613.2451501942
685614.1491021013
685756.848979435
685888.968929856
685890.117317738
685902.7495844397
685902.7495844397
685940.088332602
685966.9255578438
685966.9255578438
685968.0923937239
685989.4736235263
685996.4377428106
686042.4009300865
686056.3291686551
686072.9369789482
686085.7122176351
686132.980600777
686132.980600777
686226.2352311925
686226.2352311925
686226.2352311925
686226.2352311925
686249.6734127837
686361.5374612865
686382.6604191154
686390.0534543556
686742.4425021377
686808.3156913676
686878.1874841863
686878.1874841863
686888.4537951311
686939.7853498553
686966.1844351422
688311.8736568353
689099.4463678902
689473.2673774697
689473.2673774697
689473.2673774697
689473.2673774697
689473.2673774697
689473.2673774697
689473.2673774697
689473.2673774697
689505.4360741634
689506.7228220312
690640.5829054957
690688.6583885546
690758.7423333514
690758.7423333514
693775.3405353122
696224.6535715773
696230.0496110227
696234.366442579
696243.4982016404
696243.4982016404
696243.4982016404
696262.4535196923
696319.9836017794
696319.9836017794
696323.9499213719
697730.2684888334
698791.3512197778
698793.4727395597
698802.7705306041
698802.9642345842
705853.8167819133
705954.3491475808
706133.0549052139
706150.6266234078
706242.5852819565
706242.5852819565
707120.9175316836
707145.7116411352
707158.8835117813
707159.9811676686
707211.5709943663
708943.8380163277
708943.8380163277
708943.8380163277
708943.8380163277
708995.5846510094
711004.368716551
711075.4673012437
711152.727517303
711152.727517303
711170.8987954354
711170.8987954354
711182.2996582637
712715.4620486886
712722.4953479657
712825.7580173527
712827.04937722
715577.1293505727
719764.1423442409
719840.6646403761
719846.9185117333
719846.9185117333
721600.8158114718
721628.6815126077
721819.3000650164
721819.3000650164
721845.408594333
722141.678831883
722315.7356939937
722315.7356939937
722338.2606996787
727325.7922870714
727325.7922870714
727325.7922870714
727325.7922870714
727325.7922870714
727325.7922870714
727325.7922870714
727325.7922870714
727325.7922870714
727325.7922870714
727325.7922870714
727325.7922870714
727325.7922870714
727383.9034810988
727450.3162742731
727450.3162742731
727450.3162742731
727450.3162742731
727450.3162742731
727450.3162742731
727450.3162742731
727450.3162742731
727450.3162742731
727450.3162742731
727450.3162742731
727450.3162742731
727450.3162742731
727450.3162742731
727450.3162742731
727450.3162742731
727450.3162742731
727450.3162742731
727450.3162742731
727450.3162742731
727450.3162742731
727450.3162742731
727450.3162742731
727450.3162742731
727450.3162742731
727450.3162742731
727450.3162742731
727469.5344762979
733779.5477037687
734053.7956435821
734153.15656137
734154.946017186
736449.0145374069
736564.9186974944
736564.9186974944
736564.9186974944
736564.9186974944
736564.9186974944
736564.9186974944
736578.6071120875
736580.3181639117
737108.6734416086
737296.9721582556
737296.9721582556
740750.7510192839
740777.8695764967
740927.2706891416
740961.4456056292
741509.2127893309
741718.2378318477
741718.2378318477
743373.3368777403
743388.722508159
743434.8793994151
744131.9370077731
744131.9370077731
744141.2347988175
744141.2347988175
744141.2347988175
744141.2347988175
744183.9788104245
744199.2445288554
746170.3116622735
746180.6609892099
746180.6609892099
746180.6609892099
746180.6609892099
746180.6609892099
746180.6609892099
746180.6609892099
746180.6609892099
746180.6609892099
746180.6609892099
746353.721659423
746609.1065211751
746609.1065211751
748132.6990125837
748202.321757428
748204.4617252081
748792.8237287375
749124.5371826447
749126.345086459
749195.4697353545
749900.7459268677
749931.9322676625
750660.2131128113
750664.0779684142
750664.0779684142
750664.0779684142
750664.0779684142
750664.0779684142
750664.0779684142
750664.0779684142
750664.0779684142
750664.0779684142
750664.0779684142
750711.7706555125
750750.6313635184
750770.0617175214
750770.0617175214
750770.0617175214
750770.0617175214
750770.0617175214
750770.0617175214
750770.0617175214
750770.0617175214
750770.0617175214
750770.0617175214
750770.0617175214
750770.0617175214
750770.0617175214
750770.0617175214
750770.0617175214
750770.0617175214
750770.0617175214
750829.9992633611
750861.5453401189
750866.0835476525
751009.4798369146
751010.623612797
751130.4894804775
751156.6164577922
751450.6821595688
751450.6821595688
754018.9571116072
754089.6406163425
754089.6406163425
755569.6404882313
755700.4367947885
755700.4367947885
757154.7847253138
757160.6327407127
757210.2440196138
757210.2440196138
759923.4049367611
759923.4049367611
759928.3443882535
759947.3965582954
759957.27546128
759957.9810972075
759965.7430924097
759965.7430924097
761023.6435436811
762077.3931953791
762077.3931953791
762077.3931953791
762077.3931953791
762077.3931953791
762077.3931953791
762077.3931953791
762077.3931953791
762077.3931953791
762077.3931953791
762077.3931953791
762077.3931953791
762096.3485134309
762153.2144675863
762153.2144675863
762153.2144675863
762153.2144675863
762153.2144675863
762153.2144675863
762153.2144675863
762153.2144675863
762179.8164808522
762280.2104865339
762280.2104865339
766862.1121036164
767865.2681205141
767865.2681205141
767865.2681205141
767865.2681205141
767865.2681205141
767865.2681205141
767865.2681205141
767865.2681205141
767865.2681205141
767865.2681205141
767865.2681205141
767865.2681205141
767865.2681205141
767865.2681205141
767865.2681205141
767865.2681205141
767865.2681205141
767865.2681205141
767865.2681205141
767865.2681205141
767865.2681205141
767880.7921109186
768873.3682009038
769374.0145854485
769397.0238510836
769436.1520550621
770727.8670463025
770918.0428467568
771090.9928289813
771135.743060382
771157.3963981564
771333.6762440389
771382.3974070314
771382.3974070314
771661.4510503509
771771.1705190742
772413.1516290928
772642.9767894719
772644.6509452998
772747.8075386976
772782.6604191154
772813.6253839328
772847.1223364902
772885.8631325085
772937.7665751739
773080.7939044739
773136.1517347844
773164.4601878749
773308.9864170208
774459.855554737
774480.5357606116
774480.5357606116
774480.5357606116
774480.5357606116
774480.5357606116
774480.5357606116
774491.3693474982
774498.5917387559
774529.8887675393
774533.499963168
774552.7596731886
774983.6126689065
774983.6126689065
774983.6126689065
776379.249845466
776478.0988313064
776518.6982631338
776519.9481150054
783442.7208234981
785927.3756121309
788518.7612937939
789217.6268059661
789217.6268059661
789252.6780023637
789252.6780023637
789252.6780023637
789252.6780023637
789300.1124174885
793324.2618718953
793474.871328416
793476.0520002947
793512.652828533
793512.652828533
793523.2788754408
793523.2788754408
794053.0777089893
794088.4286853559
794358.7149175765
795947.25358631
796121.6978563811
796121.6978563811
796580.3658212401
797680.7381761464
797727.7805713115
797974.121301993
801119.1636907526
801172.02181732
801197.8490146656
801307.4946913964
801332.5562968205
801332.5562968205
801441.3625896377
801441.3625896377
801463.7769073341
801491.1721845184
801491.1721845184
801491.1721845184
801491.1721845184
801504.768359121
801504.768359121
809604.6570946325
812039.5161243831
812064.2548898405
812344.7567010111
812350.2173084499
813306.2156301945
813347.6959539312
813347.6959539312
814311.350194889
814594.4577857918
814594.4577857918
817476.7315015581
817587.9175861307
817658.5365228726
817658.5365228726
817658.5365228726
817664.642810245
817664.642810245
819341.6673018843
819439.4232438371
823729.2192589414
823729.2192589414
823729.2192589414
823729.2192589414
823729.2192589414
823729.2192589414
823760.299523747
824346.6829794798
824346.6829794798
824392.2910427923
824403.2998856608
824437.8991061049
824465.9861832181
825815.7800844893
825840.0760979921
825895.8167242632
825895.8167242632
826405.1705639131
826424.1950619577
826714.4005201311
826714.4005201311
833329.1885122778
833344.131390742
833344.131390742
833344.131390742
833344.131390742
833344.131390742
833344.131390742
833344.131390742
833344.131390742
833344.131390742
833426.7645862491
833643.0258560224
833719.1422961992
833736.7970303848
833736.7970303848
833736.7970303848
833764.3767875502
833765.5759074269
833794.3547844691
833808.7442229902
833808.7442229902
833868.6356488348
833892.3136544011
833892.3136544011
833892.3136544011
833892.3136544011
833892.3136544011
833892.3136544011
833961.6227832776
834014.6238818304
834014.6238818304
834014.6238818304
834014.6238818304
834014.6238818304
834014.6238818304
834014.6238818304
834014.6238818304
834014.6238818304
834030.5629521922
834058.8990772798
834074.8381476416
834108.4872961832
834120.8843509092
834120.8843509092
834120.8843509092
834120.8843509092
834120.8843509092
834120.8843509092
834120.8843509092
834120.8843509092
834120.8843509092
834120.8843509092
834120.8843509092
834120.8843509092
834120.8843509092
834120.8843509092
834120.8843509092
834137.1139772411
834137.1139772411
834164.1633544611
834164.1633544611
834174.983105349
834229.0818597889
834229.0818597889
834229.0818597889
834239.8554906816
834239.8554906816
834242.5488984047
834309.8840914841
834309.8840914841
834309.8840914841
834309.8840914841
834309.8840914841
834352.0654391488
834384.3217638336
834392.5680189861
834485.0939534764
834545.5157592664
836511.5235292044
839347.6818617105
839427.9721614585
839464.6098856928
839464.6098856928
839526.3599473463
840153.5826588818
840168.0458893953
840180.6274241022
840216.7993363845
840428.9743745776
840483.3867449852
840562.9206768109
840562.9206768109
842075.9332413068
842228.6688296089
842228.6688296089
842414.6938304898
842460.1543098175
843911.61051664
844107.7081244856
844129.8918422055
844157.1948793994
844157.1948793994
844181.085036944
849239.6460290364
855548.9720685779
855548.9720685779
855548.9720685779
855548.9720685779
855548.9720685779
855548.9720685779
855548.9720685779
855548.9720685779
855548.9720685779
855548.9720685779
855594.9352558539
856758.2752402883
856794.4886605664
857057.1973775658
857058.3134814511
857078.4033513863
857577.6061800794
857577.6061800794
857577.6061800794
857577.6061800794
857577.6061800794
857577.6061800794
857577.6061800794
857577.6061800794
857577.6061800794
857577.6061800794
857577.6061800794
857585.9354512233
857602.5939935112
857733.6762440389
857773.4224559538
857773.4224559538
859002.9215735886
859026.2352311925
859026.2352311925
859026.2352311925
859126.6845808686
859126.6845808686
859960.926115127
859966.6219345416
860251.758805236
861604.1584862393
861605.9294940572
861656.4032168697
861657.2887207787
861657.2887207787
861657.2887207787
861701.0381482822
861702.4494201371
863901.9027700821
866180.6133318814
866189.7220309452
866189.7220309452
866620.2706346944
867515.8655986472
867530.1858571754
867530.8084771114
867544.5061157035
867544.5061157035
868312.0535248168
868324.3029955578
868324.3029955578
868329.9757549748
868329.9757549748
868346.9940332256
868346.9940332256
868346.9940332256
871477.3610394935
873676.89740543
873679.738397138
873688.261372262
873688.6164962255
876780.7269664252
876790.1538934563
876790.8272453872
876790.8272453872
876790.8272453872
876790.8272453872
876790.8272453872
876790.8272453872
876790.8272453872
876790.8272453872
876790.8272453872
876790.8272453872
876790.8272453872
876790.8272453872
876790.8272453872
876790.8272453872
876790.8272453872
876790.8272453872
876790.8272453872
876790.8272453872
876790.8272453872
876790.8272453872
876827.8938855777
876878.8241963431
876901.699713992
876902.4376339162
876983.6549455688
878598.5281315957
879197.2117900643
879235.3714741424
879244.8768051654
879439.0373732101
879439.0373732101
879510.3388858818
879511.5380057587
882116.9764499775
882631.002245147
882641.7020840473
882722.0984597844
882723.2191756691
884964.4895253164
886817.1850789004
886907.1144576577
886950.0475612452
886951.2466811219
888412.7063149163
888426.4408495047
888597.7766318952
888597.7766318952
893767.320780581
893986.482998056
893986.482998056
894007.7350918717
895113.8586101867
895313.5351296643
895350.6294418519
895410.1795797315
895411.8675715581
895423.6835143437
896224.8708479994
896275.0447908426
896353.822354746
896376.1075364556
896376.1075364556
897263.6176652393
898488.9936552979
899197.5812624708
899267.088707327
899307.0793552168
899308.8180790382
899550.5191381966
899573.1825038673
899573.1825038673
899573.1825038673
899573.1825038673
899573.1825038673
899573.1825038673
899659.7958549655
899659.7958549655
899659.7958549655
899659.7958549655
899659.7958549655
899659.7958549655
899668.235814098
899668.235814098
899678.082433086
900628.122051443
900636.3406345983
900899.3352955683
900899.3352955683
902083.5169058607
902145.4053275
902236.8889500975
902378.569575536
902408.6767084416
905053.0404286598
905127.8931809665
906785.6118425899
906822.5447347941
906978.2089427952
906978.2089427952
909940.7729583095
910010.0590271883
910131.9218906636
910398.2371912922
910399.5977311524
912084.6701619644
912110.6264952967
912158.5912903671
912659.8233988514
912885.294831678
912885.294831678
919333.4143849546
919703.0384749655
919704.9063347735
920855.7893084884
921105.0402108709
921105.0402108709
921105.0402108709
921105.0402108709
921105.0402108709
921105.0402108709
921105.0402108709
921105.0402108709
921105.0402108709
921105.0402108709
921105.0402108709
921105.0402108709
923987.4937946188
924039.7477492482
924039.7477492482
924518.4271800505
925046.6394857621
925081.4600821834
925130.208917173
925201.3951298567
925201.3951298567
925253.12331654
925459.7824033002
925459.7824033002
925515.135621611
925515.135621611
925547.6963382646
926832.3134622345
926838.5673335916
926843.7788930561
926893.809863914
926894.8521758069
926894.8521758069
926894.8521758069
926894.8521758069
926894.8521758069
929158.4123191632
929247.0733980509
929247.0733980509
929382.6200641196
929424.4601238193
929532.0719087593
929533.5431366081
932003.6562907354
932030.1107200164
935231.8714789465
935246.3162614619
935247.1187493794
938232.788882519
938356.9254617605
938367.3854766854
938367.3854766854
938367.3854766854
938367.3854766854
938367.3854766854
938367.3854766854
938367.3854766854
938367.3854766854
938367.3854766854
938367.3854766854
938367.3854766854
938367.3854766854
939557.6457023531
939599.4119700604
939613.7691245849
939618.9899080483
939618.9899080483
939618.9899080483
939618.9899080483
939669.0116549071
939675.911206198
939964.3364325543
939964.3364325543
942090.8510099958
942106.9791723383
942106.9791723383
942106.9791723383
942418.2891403426
942418.2891403426
942433.2320188067
943103.7798538893
943807.8015815315
945100.4528086757
952754.351966025
952977.3698151037
952999.1384528663
953010.0227717477
953010.0227717477
953025.8603781199
953026.326190072
954659.218458247
961654.1043913282
963896.4631728635
963926.805517745
963938.8013285121
963981.9373600787
963981.9373600787
967356.126945287
967394.4803333451
967413.1128114301
967413.1128114301
967685.1977234657
968355.2382386005
968369.7752611064
968435.3163863702
968436.331026266
968818.3429470037
968897.4894708692
968898.3242427834
968907.5067338396
968948.678053608
968952.8288531814
968955.9419528615
969031.002245147
969031.002245147
969031.002245147
969031.002245147
969031.002245147
969031.002245147
969031.002245147
969031.002245147
969031.002245147
969031.002245147
969031.002245147
969031.002245147
969031.002245147
969031.002245147
969031.002245147
969031.002245147
969031.002245147
969031.002245147
969031.002245147
969031.002245147
969031.002245147
969043.8420518273
969043.8420518273
969095.2012785488
969095.2012785488
969095.2012785488
969095.2012785488
969095.2012785488
969095.2012785488
969095.2012785488
969095.2012785488
969095.2012785488
969095.2012785488
969095.2012785488
969095.2012785488
969095.2012785488
969095.2012785488
969095.2012785488
969128.8227550932
969129.9434709781
969162.4442316376
969162.4442316376
969162.4442316376
969162.4442316376
969162.4442316376
969162.4442316376
969223.9406333172
969224.9829452101
969254.6196541641
969254.6196541641
969277.2830198348
969277.2830198348
969277.2830198348
969277.2830198348
969277.2830198348
969277.2830198348
969277.2830198348
969277.2830198348
969277.2830198348
969277.2830198348
969337.3312536632
969337.3312536632
969337.3312536632
969337.3312536632
969337.3312536632
969337.3312536632
969337.3312536632
969337.3312536632
969337.3312536632
969337.3312536632
969599.1498547541
969900.12894382
969913.7389544212
971433.2083182536
971433.2083182536
971433.2083182536
971433.2083182536
971433.2083182536
971444.7890490633
971813.4215591762
971813.4215591762
971828.2537496517
971829.1807615565
972859.5152916609
973082.6253807301
973082.6253807301
976597.10276752
976624.1982647352
976624.1982647352
978866.0451143231
978884.3639764404
979124.1833397923
979139.841078183
988079.4826873865
995503.1416043993
995503.1416043993
995503.1416043993
995503.1416043993
995503.1416043993
995503.1416043993
995503.1416043993
995503.1416043993
995503.1416043993
995503.1416043993
995503.1416043993
995503.1416043993
995503.1416043993
995541.7440404318
995588.9247955828
995588.9247955828
995588.9247955828
995588.9247955828
995588.9247955828
995588.9247955828
995588.9247955828
995588.9247955828
995588.9247955828
995615.4760768539
995890.2728446109
995890.2728446109
995943.0986871815
995970.3925003763
999139.2697026861
999160.7800684754
999210.2437633916
999503.9958492004
999503.9958492004
1028887.1924132608
1029090.3648283792
1029136.2034916679
1029137.5501955295
1030656.2631914396
1030741.7696626515
1030758.3036809522
1030897.7290386222
1031052.3370987319
1031053.4947106129
1032897.4182410986
1032897.4182410986
1032897.4182410986
1032897.4182410986
1032897.4182410986
1032897.4182410986
1032897.4182410986
1032897.4182410986
1032897.4182410986
1032897.4182410986
1032904.1702084047
1042044.1201810209
1042044.1201810209
1042059.3397794567
1042059.3397794567
1042086.4583366696
1042086.4583366696
1042089.5022563568
1042089.5022563568
1047285.4039823335
1053611.854376115
1054972.3112202901
1054972.3112202901
1055274.9506291857
1061724.5967543053
1064639.0207187673
1064674.002735172
1064769.0975533985
1064799.117058313
1064815.8217205962
1064825.0088236518
1064834.1959267077
1064847.9765812913
1064861.757235875
1064872.0927268127
1064882.502009743
1064892.920516672
1064904.4966354822
1064914.9151424114
1064935.75215627
1064969.816384769
1064983.3756633755
1065001.0027255637
1065015.9179320307
1065031.1882624612
1065045.4577889948
1065058.708063633
1065070.9390863758
1068609.103702731
1075884.8050629506
1078527.1579513755
1078939.217049025
1078946.3887082879
1078946.3887082879
1078946.3887082879
1092083.3926380957
1092152.3881510044
1121804.9162633836
1124456.3640148735
1127211.789295677
1128685.9734361637
1128731.9089514427
1128731.9089514427
1128731.9089514427
1129007.6834630992
1133543.239096945
1133543.239096945
1133543.239096945
1135192.6746074196
1158188.7775959312
1163803.7394348378
1163825.5357445977
1163825.5357445977
1163825.5357445977
1163830.143132124
1163874.6812115465
1163906.9329242317
1163917.683495127
1163917.683495127
1163917.683495127
1163917.683495127
1163943.8335324393
1163989.9074077038
1163992.397887448
1163992.397887448
1163992.397887448
1163992.397887448
1164078.107286639
1164104.192755958
1164111.1845472394
1164128.664025443
1164156.6311905687
1164189.8421991551
1164209.069625179
1164209.069625179
1164262.4627436914
1164271.885058723
1164271.885058723
1164271.885058723
1164271.885058723
1164271.885058723
1164321.8053415923
1164344.9391312145
1164375.1569521087
1164409.152000615
1164420.4836834504
1164420.4836834504
1164437.9308776571
1164456.720163726
1164492.9566440019
1164501.009195174
1164501.009195174
1164516.6992175614
1164552.5621258756
1164568.252148263
1164573.251555749
1169203.3946878733
1169227.3863094074
1169227.3863094074
1169227.3863094074
1169227.3863094074
1169273.2111366976
1169313.9443165113
1169350.840312719
1193349.1769182235
1202678.4033513863
1202688.5497503434
