18225.24775084954
23593.974935063692
27072.524845546057
83783.61266890647
83783.61266890647
91145.74751224261
91152.45797155293
91252.56142126452
91272.92801117129
91272.92801117129
91384.37236771728
91384.37236771728
95146.84158101906
95146.84158101906
95170.17829862057
95172.29981840252
95172.29981840252
95172.29981840252
95172.29981840252
95172.29981840252
95172.29981840252
95172.29981840252
95172.29981840252
95172.29981840252
95172.29981840252
95172.29981840252
95172.29981840252
95172.29981840252
95172.29981840252
95172.29981840252
95172.29981840252
95172.29981840252
95172.29981840252
95172.29981840252
95172.29981840252
95172.29981840252
95172.29981840252
95172.29981840252
95172.29981840252
95172.29981840252
95172.29981840252
95172.29981840252
95172.29981840252
95172.29981840252
95172.29981840252
95172.29981840252
95184.91824910563
95917.50670181181
95945.56610692793
95964.27237700534
95999.1390934218
104390.67223095869
104750.7402579517
118685.54631376329
118694.8810008039
118694.8810008039
118694.8810008039
118694.8810008039
118694.8810008039
118694.8810008039
118694.8810008039
118694.8810008039
118694.8810008039
118694.8810008039
118742.03408395761
118753.82235474604
118753.82235474604
118753.82235474604
118753.82235474604
118753.82235474604
118753.82235474604
118753.82235474604
118753.82235474604
118753.82235474604
118753.82235474604
157185.79427279337
157240.58943916165
157338.05021314486
157338.05021314486
157969.52518824325
163192.6976674172
163222.62493234134
163224.05004019488
170091.79698234308
170098.93635760932
170351.02825169987
170375.8223611516
170375.8223611516
170457.28872077866
170513.73959497677
170515.1508668317
170697.86445205283
170697.86445205283
170871.81523817455
170873.15271803708
181966.48741788877
181970.22313750483
181970.22313750483
181970.22313750483
181970.22313750483
181970.22313750483
181970.22313750483
181970.22313750483
195739.2554823543
195886.5120152196
230085.7014563029
230111.7500296257
230454.96581035072
230454.96581035072
233319.83383990594
233461.722005323
233531.18794218346
233533.23105797346
233559.79156324363
233593.6620877625
233595.2209436023
236170.14639895718
237144.02544286405
237222.06969884282
237371.8028754536
237371.8028754536
249657.78220472793
251641.08958488802
260180.06834727075
262156.1994561684
280115.3256103693
280262.8035192118
281789.06635834597
290844.865787611
290844.865787611
290844.865787611
290844.865787611
290844.865787611
290862.7926297685
291234.8195715324
291235.8711074244
323716.6848691185
323760.4296846225
324251.26173417585
324251.26173417585
324258.24891345773
324258.24891345773
324341.26490492554
325058.642983195
325058.642983195
325132.8546675677
328878.60538258776
351574.1074659945
353754.10740193893
353793.69680587004
353795.06195772975
369221.0934922765
369772.59639559424
387114.2219332605
389327.1699938187
389386.23125974846
389852.8364757918
389854.4414516269
391708.8526690346
391760.299523747
391764.35347133037
391933.410925955
391933.410925955
398327.8744767462
414086.5787611016
414219.27521146333
414220.20222336805
426255.80993437505
447380.3727392395
447382.58649901196
447552.331141566
447552.331141566
447583.7619183356
447673.7650890852
447674.61830899754
455090.3722588229
455483.1347504556
463166.4169567849
463166.4169567849
463166.4169567849
463166.4169567849
463166.4169567849
463166.4169567849
463166.4169567849
463166.4169567849
463166.4169567849
463166.4169567849
463166.4169567849
463166.4169567849
463166.4169567849
463166.4169567849
463166.4169567849
463166.4169567849
463167.89740863274
463255.24406765547
463255.24406765547
463255.24406765547
473705.4907776023
483631.5191734272
484281.03629067127
485143.05589807476
500069.792363938
500160.4596626194
504461.9332605235
504983.7856188887
504983.7856188887
504983.7856188887
504983.7856188887
504983.7856188887
504983.7856188887
504983.7856188887
504983.7856188887
504983.7856188887
504983.7856188887
504983.7856188887
504983.7856188887
504983.7856188887
504983.7856188887
504983.7856188887
504983.7856188887
504983.7856188887
505031.93489394
505064.0344106409
505064.0344106409
505064.0344106409
525954.9902155149
525963.3102626598
525963.3102626598
525963.3102626598
525980.7436208681
525980.7436208681
525980.7436208681
525980.7436208681
542725.8300798453
542783.2633099423
542783.2633099423
551531.9358547733
580395.0695162845
589277.3931953791
589277.3931953791
589277.3931953791
589277.3931953791
589277.3931953791
589277.3931953791
589277.3931953791
589277.3931953791
589277.3931953791
589277.3931953791
589277.3931953791
589277.3931953791
589277.3931953791
589277.3931953791
589277.3931953791
589277.3931953791
589277.3931953791
589277.3931953791
589277.3931953791
589277.3931953791
589282.4479468595
589353.2144675863
589400.718062704
589401.6681346063
589790.0261666917
589880.8087653613
589880.8087653613
596916.4555502532
614453.9296477906
614464.2651387283
614464.2651387283
614551.611797751
614551.611797751
614581.8296186454
614586.4785141675
614586.4785141675
637819.4999183292
637913.4186766765
659381.9397941894
705010.0791406308
722155.7500424368
722158.8769781154
722158.8769781154
722158.8769781154
722158.8769781154
722158.8769781154
722158.8769781154
749277.3511749388
750185.7905575716
750185.7905575716
751561.5915241698
751605.3962956676
751729.6804588939
751731.0871187494
763267.5657930557
763273.9026804044
776016.0548827944
776021.6815222161
776828.7399312684
776829.7499591645
778198.1993985184
778200.7590582554
778374.4976923988
778374.4976923988
778380.3503197973
778440.7029455944
778441.7452574873
778481.3531094164
778663.2964907167
778664.0574706385
778664.8184505603
778799.3043567381
778799.3043567381
778845.5165919886
778909.0146014624
778909.6418333979
778910.2690653334
779569.111645619
779569.111645619
779570.7996374456
779646.0951417069
779646.6624176486
785473.2366308062
786372.2998184025
786372.2998184025
786372.2998184025
786372.2998184025
786372.2998184025
786396.8356558807
786449.7814104392
786449.7814104392
804568.5749882298
804835.8957047552
810083.4933334187
821473.3980507896
821473.3980507896
821473.3980507896
821473.3980507896
821473.3980507896
821509.5238430767
821576.6146001812
821576.6146001812
821576.6146001812
821576.6146001812
821576.6146001812
821576.6146001812
821753.3279740191
821753.3279740191
832592.0065080439
832622.2612249344
832624.15214474
847344.1557318507
887378.410077219
887378.410077219
887378.410077219
887428.275016094
887896.1162480103
887896.1162480103
888128.7593400998
908897.6678015174
909188.9247955828
909194.5145390083
909455.604444174
909455.604444174
909467.5818069429
909639.4249092813
909639.4249092813
909776.6780151748
909776.6780151748
909776.6780151748
909813.1912154221
909964.741519846
909964.741519846
910027.3863094075
910372.3869339491
910373.7474738093
910449.9377059786
910449.9377059786
910449.9377059786
910449.9377059786
910449.9377059786
910449.9377059786
910449.9377059786
910449.9377059786
910449.9377059786
910449.9377059786
910449.9377059786
910449.9377059786
910449.9377059786
910449.9377059786
910449.9377059786
910449.9377059786
910449.9377059786
910449.9377059786
910449.9377059786
910449.9377059786
910449.9377059786
910449.9377059786
910449.9377059786
910449.9377059786
910449.9377059786
910449.9377059786
910449.9377059786
910449.9377059786
910449.9377059786
910449.9377059786
910449.9377059786
910449.9377059786
910449.9377059786
910449.9377059786
910449.9377059786
910449.9377059786
910449.9377059786
910449.9377059786
910449.9377059786
910449.9377059786
910449.9377059786
910449.9377059786
910449.9377059786
910449.9377059786
910449.9377059786
910449.9377059786
910449.9377059786
910449.9377059786
910456.5974332942
910494.8908653584
910529.8544337649
910549.8336157115
910549.8336157115
910549.8336157115
910549.8336157115
910549.8336157115
910549.8336157115
910549.8336157115
910549.8336157115
910549.8336157115
910549.8336157115
910549.8336157115
910549.8336157115
910549.8336157115
910549.8336157115
910549.8336157115
910549.8336157115
910549.8336157115
910549.8336157115
910549.8336157115
910549.8336157115
910549.8336157115
910549.8336157115
910549.8336157115
910549.8336157115
910549.8336157115
910549.8336157115
910549.8336157115
910549.8336157115
910549.8336157115
910549.8336157115
910549.8336157115
910549.8336157115
910549.8336157115
910549.8336157115
910549.8336157115
910549.8336157115
910549.8336157115
910549.8336157115
910549.8336157115
910549.8336157115
910549.8336157115
910549.8336157115
910549.8336157115
910549.8336157115
910549.8336157115
910549.8336157115
910549.8336157115
910549.8336157115
910549.8336157115
910549.8336157115
910549.8336157115
910549.8336157115
910549.8336157115
910549.8336157115
910549.8336157115
910549.8336157115
910549.8336157115
910567.8434738605
910603.8631901585
910638.2456466247
910648.0692056151
910648.0692056151
910648.0692056151
910648.0692056151
910648.0692056151
910648.0692056151
910648.0692056151
910648.0692056151
910648.0692056151
910648.0692056151
910648.0692056151
910648.0692056151
910648.0692056151
910648.0692056151
910648.0692056151
910648.0692056151
910648.0692056151
910648.0692056151
910648.0692056151
910648.0692056151
910648.0692056151
910648.0692056151
910648.0692056151
910648.0692056151
910648.0692056151
910648.0692056151
910648.0692056151
910648.0692056151
910648.0692056151
910648.0692056151
910648.0692056151
910648.0692056151
910648.0692056151
910648.0692056151
910648.0692056151
910648.0692056151
910648.0692056151
910648.0692056151
910648.0692056151
910648.0692056151
910648.0692056151
910648.0692056151
910648.0692056151
910648.0692056151
910648.0692056151
910673.5274429986
910705.3502397279
910743.537595803
910781.2821999238
910817.454112206
910849.9364248677
912499.5102953281
914831.7984556208
914831.7984556208
914902.4542883589
916690.6325805739
916919.9827050017
916921.3109608652
917633.131579706
918959.9623353372
919912.192653469
919934.0765912199
919934.0765912199
919945.8602500088
919966.0608079326
920136.7970303848
920159.5803080432
920159.5803080432
920290.9208305443
920290.9208305443
957685.2897072341
957885.27523068
957885.27523068
957885.27523068
957885.27523068
957890.0071421937
969840.1176059879
975548.3110153124
975787.9597346819
985346.688488257
986308.05517745
1005994.868638083
1006032.0598022605
1006599.1512639761
1006599.1512639761
1007232.4249188897
1007266.7843153583
1007541.3827671357
1007541.3827671357
1007835.9972968558
1008690.2502970576
1008690.2502970576
1011052.1751663042
1013932.6917102512
1013932.6917102512
1013969.7860224387
1015281.5724356162
1028958.8259898985
1034275.631283449
1034446.6626738708
1034446.6626738708
1038307.4135970714
1046013.3914530681
1046022.6154521201
1058392.1826608034
1058822.4268725838
1066884.4418679879
1067074.1380204915
1067209.6155065673
1073745.2984828444
1078642.5778515127
1078870.369120101
1078870.369120101
1081768.4527702425
1082558.0270890917
1082681.0014444527
1082708.6734416087
1086222.7403604407
1086222.7403604407
1086233.878339296
1092836.1539767287
1095094.5948006113
1095119.2136540809
1095119.2136540809
1098432.261961573
1111288.1460722738
1111349.7208779452
1111349.7208779452
1112759.5768490436
1112764.3364325543
1112764.3364325543
1112796.3252612664
1112796.3252612664
1114753.1505401484
1114803.292198995
1114804.6850228517
1116636.4882185832
1117848.7753539868
1117875.1882752723
1117876.3366631542
1124721.6831236049
1124721.6831236049
1124721.6831236049
1124721.6831236049
1124751.5965525305
1124766.5302069953
1124767.2589029206
1124770.902382546
1124771.6310784712
1130780.743620868
1130780.743620868
1130790.7147638432
1137955.3038314828
1138150.626623408
1138197.8212145572
1138197.8212145572
1146133.6657389288
1148277.4707025932
1148340.0463121617
1148348.3110153126
1148348.3110153126
1148348.3110153126
1148400.1867859808
1152115.2999881497
1152222.450573137
1152226.7489566954
1161073.3342514627
1175942.7712352152
1202743.0866447382
1202754.501343565
1202920.9391824591
1203000.588414273
1203000.588414273
