578055.2361247673
579599.942350006
579778.1038916949
580299.7210380842
583300.5323656675
583362.739015274
585667.1015184368
589752.4337585553
596874.2419185918
598227.8822274677
602505.271963847
605478.2406502919
614680.6739924863
621675.2601455983
625046.2351671369
634531.0520163085
639845.5605340952
640134.8989363576
640538.5688068693
649027.1568624311
659350.2691934445
661925.0286168165
669046.4447568931
680532.0023444331
687850.7567202278
693962.5877160673
696336.4207680902
717054.7402067073
721628.6815126077
721640.3452594089
721945.3552360608
721945.3552360608
728439.829996573
746743.2142433919
748932.6042103712
750533.3462298505
755814.7682630377
760928.866953422
760950.0360312463
775784.2926826143
788358.6834022464
833676.4766885843
861339.863241403
861551.0282516999
861618.3265487831
885628.3407370872
896509.5926387364
896662.2129270504
896673.1572019255
896673.1572019255
898019.095471593
898020.1885154806
898151.1554660202
907752.0378952628
923348.1323003308
923548.8649677
923658.3907324432
923718.6603422487
925823.3924459291
925847.8175954188
926734.7558362612
926734.7558362612
926782.2271473822
929389.5934074029
930119.1471644209
943964.6141774146
944085.1580090254
957623.9823975351
969868.7212270481
1028208.9517629689
1028258.1387379136
1028274.5343962284
1028274.5343962284
1028274.5343962284
1053019.7335929717
1067112.3668845624
1112283.0512220198
1142828.808342595
1149630.1471035683
