923996.9945136423
924058.7491872952
924429.4663211937
924429.4663211937
926721.6254736107
929234.7962553126
929250.4217097067
931572.378991061
931943.9954648671
932069.7923639381
932116.2075271676
932116.2075271676
932163.3790583194
932474.2093783729
933750.0360312463
933750.0360312463
933772.1182849767
939324.2831383375
939330.7629976716
945461.3925035791
958111.5214794269
960952.4393954438
966429.6269725106
968515.472938132
968515.472938132
968515.472938132
968541.032639505
968600.665793376
968600.665793376
969962.7183893872
969963.5485493019
969963.5485493019
979956.1926662802
980040.9981135641
987235.3022941495
987235.3022941495
987235.3022941495
987256.236159998
987309.1865265558
1002105.9845177738
1002132.7156670265
1002132.7156670265
1002132.7156670265
1005370.3116622735
1005380.6609892099
1005380.6609892099
1007031.7752675121
1007184.3217638336
1010575.8017352648
1010575.8017352648
1010619.4819827755
1011471.7103151854
1023969.6940386704
1029043.031877244
1031501.6011965576
1031506.2500920799
1032285.590383981
1032367.6055715516
1032367.6055715516
1034961.2511329826
1052878.2466715134
1054342.0353650686
1054362.5679869582
1054363.5457308576
1055105.6902465818
1061099.8414625162
1067069.890368928
1069419.999295389
1069893.2181187526
1070067.0028728913
1070067.0028728913
1070082.2363073258
1078595.747608326
1082649.7044156694
1083130.7267422308
1083321.5297746204
1083866.460578614
1084076.776980998
1084078.2297608487
1084266.4961934988
1087030.9471573748
1087059.2648344645
1087350.7801005032
1087350.7801005032
1087737.7822047279
1087737.7822047279
1087737.7822047279
1087737.7822047279
1087737.7822047279
1087737.7822047279
1087760.002818444
1090667.8777435792
1092807.292083695
1101596.195100391
1101596.195100391
1101596.195100391
1101596.195100391
1101596.195100391
1101596.195100391
1101596.195100391
1101596.195100391
1101616.4556143088
1108402.7592568274
1108506.2801981878
1108506.2801981878
1108943.6361132374
1111342.2724987108
1111397.390505046
1111660.7771859756
1111713.7782845283
1111715.8167883188
1160965.9115585035
1160965.9115585035
1161008.678630108
1180511.7500296256
1180511.7500296256
1180511.7500296256
1180511.7500296256
1180511.7500296256
1180604.9354800482
1180635.9972968558
1180635.9972968558
1180635.9972968558
1180635.9972968558
1180635.9972968558
1180635.9972968558
1180635.9972968558
1180635.9972968558
1180749.1757652236
1180803.735719616
1180803.735719616
1184969.764115441
1188960.3935572929
1198818.9899080482
1198818.9899080482
1198818.9899080482
1198818.9899080482
1198818.9899080482
1198818.9899080482
1198834.5138984527
1198922.4831774114
1198922.4831774114
1198922.4831774114
1199164.3364325543
1199183.1533906204
1199326.4943358882
1199327.8410397498
1203504.2833305043
