147674.8827303037
147727.80542486443
147727.80542486443
153795.97923319103
153998.2615324009
163287.5572736677
163304.9260638826
163304.9260638826
202707.61780616152
202729.70005989197
202803.62580029402
202803.62580029402
204041.9200010249
204058.77685929238
204058.77685929238
214020.4836834503
214126.78566052482
214168.25214826298
214229.4948899686
249690.0385294127
263483.11783979065
263508.22556521016
263508.6083611708
280465.34870239475
280469.52717396524
280633.81582108006
280633.81582108006
282211.2026749597
282332.83493845863
287681.6797927162
287804.91242005065
287807.3106598042
287992.80528073944
288765.03848137107
288892.80009224
289777.8335772782
289777.8335772782
289777.8335772782
289777.8335772782
289777.8335772782
289777.8335772782
289777.8335772782
289777.8335772782
289777.8335772782
289828.5148400693
289869.9813278075
289869.9813278075
289869.9813278075
289869.9813278075
289869.9813278075
301459.1520966983
301480.45953450835
301480.45953450835
304388.9247955827
304388.9247955827
324258.24891345773
324341.26490492554
324341.26490492554
324341.26490492554
324341.26490492554
324341.26490492554
382263.7359117827
382285.08024558896
382816.20272300136
382816.20272300136
382846.06080793263
384647.95518673793
877516.2209788328
