37172.90065945187
37210.921983544125
37236.26953293896
37236.26953293896
37236.26953293896
37236.26953293896
37236.26953293896
37257.63231474334
83783.61266890647
83783.61266890647
83783.61266890647
83783.61266890647
155082.2751249884
437755.4064484721
437764.42290754546
437778.37420611153
437778.37420611153
502877.39319537906
502877.39319537906
502877.39319537906
502877.39319537906
502877.39319537906
502877.39319537906
502921.6222708333
525936.2516614408
525936.4684254185
525936.4684254185
525936.4684254185
622951.5572224234
729837.6440369088
788643.4789849757
788657.4533435395
829338.4437704377
829349.9460972555
982694.8810008039
1127630.840184608
1127640.2855596372
1127647.9599268485
1127654.453622181
1127666.2603409677
1127666.2603409677
1127666.2603409677
1127675.2260680462
1127675.5996400078
1127688.674658664
1127688.674658664
1127688.674658664
1127769.7536103309
1128666.1049422058
1128667.156478098
1128667.156478098
1128667.156478098
1128667.156478098
1128667.156478098
1128667.156478098
1128667.156478098
1128667.156478098
1128667.156478098
1128667.156478098
1128667.156478098
1128751.5560694234
1128761.2966124224
1128761.2966124224
1202678.4033513863
1202678.4033513863
1202710.1108481274
