1280.7891643633357
1328.4403434658534
1600.050219550394
1600.050219550394
1643.393791095638
1654.0844059968804
1665.6697488061645
1672.9105880619672
1681.5995951689304
1698.3134814511143
13397.388199046214
13462.426616361709
13463.256776276387
14652.530034045523
16942.180258720364
23212.834682236436
23289.0295264053
23290.33011027163
23749.643755064393
26954.503777676004
27762.21709066102
28934.11694621576
31813.84483824373
36502.96160830672
36549.17384355713
36549.17384355713
37102.33706670424
38541.66832677297
38557.35834916039
38561.066396779286
38577.752611064316
38578.67962296904
41018.491940210544
41057.228124229325
41131.54588459112
41146.19820708518
41396.99874130846
41396.99874130846
41512.97669338851
41534.1457712128
41652.27752707148
45111.719923517674
45541.85805930904
47709.04124857076
47906.59163626697
48374.552780170954
49308.62104416951
49322.01429079297
49322.01429079297
49322.01429079297
49322.01429079297
49322.01429079297
49322.01429079297
49322.01429079297
49322.01429079297
49322.01429079297
49322.01429079297
49322.01429079297
49322.01429079297
49322.01429079297
49322.01429079297
49322.01429079297
49322.01429079297
49322.01429079297
49322.01429079297
49322.01429079297
49322.01429079297
49322.01429079297
49332.08689775773
51635.33790903472
51777.00008647499
53234.28124869888
56580.392980792945
56605.63906619821
56630.42856365039
56697.76375672984
56697.76375672984
62409.8773656515
64213.828696245386
64560.4296846225
64560.4296846225
64560.4296846225
64560.4296846225
64560.4296846225
64560.4296846225
64560.4296846225
64560.4296846225
64560.4296846225
64560.4296846225
64560.4296846225
64560.4296846225
64560.4296846225
64560.4296846225
64560.4296846225
64560.4296846225
64560.4296846225
64560.4296846225
64560.4296846225
64560.4296846225
64565.48443610298
64645.84391584381
64646.80321174522
64654.47757895646
64662.15194616771
64665.989129773334
64681.33786419582
64681.33786419582
65478.82637423175
69978.34845578086
80598.53812426135
81307.43012340303
81331.7030769083
81348.52303917956
81476.4599060305
81586.88501068126
81602.45973308053
82076.79004832992
82078.18748418629
82939.75050363674
82985.45541893931
82996.85628176754
83132.62432381361
83132.62432381361
83698.93635760932
83698.93635760932
83698.93635760932
83698.93635760932
83698.93635760932
83698.93635760932
83698.93635760932
83698.93635760932
83698.93635760932
83698.93635760932
83698.93635760932
83698.93635760932
83783.61266890647
83783.61266890647
83783.61266890647
83783.61266890647
83783.61266890647
83783.61266890647
83783.61266890647
83783.61266890647
86045.99675238365
86059.96649894788
86068.56326606432
86076.0854372912
86103.72515045047
86103.72515045047
91584.67150713097
95077.97520409699
95097.76990606253
95097.76990606253
102472.98438005439
102499.79854529849
102500.95154517998
102679.11308686892
102686.26168613421
102735.19500110496
102735.95598102675
102799.80911446406
102819.17951247322
102820.14803237368
102832.73879107962
114122.49393874368
114206.50612210909
114206.50612210909
121865.16947496869
121884.27237700533
121896.4757277511
121912.1657501385
121952.26247401747
121952.26247401747
123697.42464665357
123754.76102476066
123779.55513421238
123808.97507918866
123817.0737503563
123847.44376723493
123867.69044515403
123909.35063687229
123935.43149419175
124009.87839054028
124009.87839054028
124019.82186151831
124025.50384493433
124729.10588061967
124748.59157861696
124754.58717800076
124762.08167723048
124765.07947692239
124775.571775844
124896.52607541258
124897.68368729361
124902.00051884993
124903.68851067645
129328.10417994486
129395.6007930077
129395.6007930077
129564.63518763472
129609.01184707378
129629.89498092746
129765.61690297828
129801.02783533881
129801.02783533881
134627.96498723692
134652.18720874743
134666.16156731118
134739.16029580854
134741.50319156772
135123.0861963495
135140.740930535
135148.09706977892
135229.50808541165
135229.50808541165
136557.1136569633
136572.7483353564
140577.98859170673
140598.3736296116
140603.07786912812
140623.07088707326
140623.07088707326
144824.92990721556
147618.9299520544
147748.66088672096
149328.16003638358
149335.40087563937
149337.5731274161
149365.51262054453
149365.51262054453
151541.26490492554
151572.44202172122
152272.91250972846
152272.91250972846
152272.91250972846
152272.91250972846
152272.91250972846
152272.91250972846
152272.91250972846
152272.91250972846
152272.91250972846
152272.91250972846
152272.91250972846
152272.91250972846
152272.91250972846
152272.91250972846
152272.91250972846
152272.91250972846
152272.91250972846
152272.91250972846
152272.91250972846
152272.91250972846
152303.61459057295
159061.29155203394
159072.63707086787
159082.09166989615
159087.7644293131
159163.19368156066
159163.19368156066
170304.08270852483
170314.91629541139
170341.39839668962
170346.21332419474
170393.53243933138
170393.53243933138
180015.5839463983
181301.56161022838
184651.22458195747
184678.31546717315
189502.1210713931
189578.1591075781
189582.16232316665
189665.8977865605
189666.56652649178
191409.8331673227
191598.92514788825
191677.2830198348
191677.2830198348
191677.2830198348
191695.29748998332
191737.33125366317
191737.33125366317
191737.33125366317
191737.33125366317
191737.33125366317
191737.33125366317
191737.33125366317
191746.33848873744
191791.3746641087
191797.37948749156
191797.37948749156
191797.37948749156
191797.37948749156
191797.37948749156
191797.37948749156
191855.6982214977
191875.13779949973
191875.13779949973
191875.13779949973
191875.13779949973
191892.82020568236
191914.43203546116
191914.43203546116
191921.88963869467
191978.35434889136
191978.35434889136
191978.35434889136
191978.35434889136
191989.13720378312
192024.56658414175
192024.56658414175
192024.56658414175
192024.56658414175
192024.56658414175
192024.56658414175
192032.3147433454
192081.70925826876
192082.67777816922
192269.7681509405
192296.98817214288
192298.03509603528
193361.12404677336
199466.3275992941
199483.99155747864
203978.26057156766
204088.8055882061
204090.57198402454
213568.73832987968
214083.56200096724
214098.32501144992
216858.989523715
216895.54884395745
216897.1538197925
221114.5598903369
221150.87477460454
221150.87477460454
224121.50978928927
224160.85475724548
224167.06712060698
224179.49184733
224227.4566424003
224229.18153022302
224253.3299597411
228816.91271470618
228991.95654471556
228991.95654471556
230239.7699124681
230388.1471612182
230399.05915209668
233609.25064616036
233906.53091160653
235627.30483074923
236605.777426184
249902.2458516025
249929.659576785
249930.77106867076
251680.43916484376
251865.7031858027
251865.7031858027
253418.76635418233
253445.39142744587
253459.28277001815
253488.22306704376
253488.22306704376
253488.22306704376
253488.22306704376
253488.22306704376
253488.22306704376
253488.22306704376
253488.22306704376
253488.22306704376
253488.22306704376
253488.22306704376
253488.22306704376
253488.22306704376
253488.22306704376
253488.22306704376
253488.22306704376
253488.22306704376
253488.22306704376
253488.22306704376
253488.22306704376
253624.9965249865
253624.9965249865
256475.1384400552
256487.03739883227
256504.58144502912
257795.71532432927
257866.74472902901
257900.30163758012
257956.7525117782
258114.94870751916
258116.1985593907
259263.93153742925
259286.64102309523
259298.51230987514
259319.01725976766
259488.71117032692
259488.71117032692
261234.18234693125
261239.85510634823
261325.31084556525
261328.57152923013
261334.62708460775
261363.47975364234
261363.90866959828
261372.0580727607
272262.30337348545
273844.80954683904
273885.98547860706
273885.98547860706
277814.5374068392
277825.51396571106
277855.6118746177
277865.24172962795
278016.64445006714
278122.31919520604
278347.45856406674
278347.45856406674
278540.844316191
281257.02609302785
281685.13033702824
281734.5248519516
281735.9361238066
293105.29899528873
293139.2433118
293139.2433118
293588.8210255934
294184.04568441754
294184.04568441754
294184.04568441754
294184.04568441754
294184.04568441754
294259.75626863615
294278.6839146908
294278.6839146908
294278.6839146908
294278.6839146908
294278.6839146908
294278.6839146908
294278.6839146908
294278.6839146908
294278.6839146908
294278.6839146908
294278.6839146908
294278.6839146908
294278.6839146908
294278.6839146908
294278.6839146908
294351.45204321184
294352.93710705923
296289.8846679841
296422.53961035004
296438.049764756
296635.2957604835
296635.2957604835
303901.67626966105
307133.15675353666
307475.47780635365
307494.6452763837
307506.35975517967
307513.3884424573
307521.5885776145
307553.2176703637
307553.2176703637
309243.9536365936
309293.0114755516
309294.5749433909
312914.98534729314
312925.52837820956
313113.0753389339
313113.0753389339
313113.0753389339
313164.0609936937
313164.0609936937
316607.0062678355
316623.57257013285
316635.99729685584
316717.1085325194
316718.99484032555
324258.24891345773
324258.24891345773
324258.24891345773
324258.24891345773
324258.24891345773
324341.26490492554
324341.26490492554
324341.26490492554
332986.232028415
333004.9014024962
333029.07289201196
333076.7609671107
333077.8447869993
336264.0400475292
340453.54352094134
340556.29425838083
340560.9569899016
343078.8043391229
343142.6021285659
347561.5156823998
347578.9997726028
347578.9997726028
351574.1074659945
351574.1074659945
351574.1074659945
355955.331759702
356331.7539370142
356331.7539370142
356331.7539370142
356331.7539370142
356331.7539370142
356331.7539370142
356331.7539370142
356331.7539370142
356331.7539370142
356331.7539370142
356331.7539370142
356331.7539370142
356331.7539370142
356331.7539370142
356331.7539370142
356331.7539370142
356331.7539370142
356337.95246437716
356358.3190542839
356358.3190542839
356358.3190542839
356358.3190542839
356381.932491857
356382.3706318119
359398.6875018015
362341.3184553645
368974.59134161146
369050.27425383293
369051.74086968217
374617.07759368926
377060.8193345269
377071.08564547176
377081.09368444316
377139.71219841845
377139.71219841845
380043.63925195934
380075.24989671045
380075.24989671045
388162.76002549415
388182.9052394237
388230.2612505565
388230.2612505565
391995.516111572
392900.0214586089
393139.079842039
394860.0705251594
395812.54066726664
395893.439750952
395894.7541708169
396074.8481403073
396931.8637282251
397205.61818408925
397265.88779389486
397265.88779389486
398228.25528698484
400497.8663737193
400508.2157006556
400547.88812057814
400614.69754571165
400669.53422007564
400718.9517949966
413415.2745580968
413473.6624720958
413512.58774809516
413512.58774809516
416916.89369020815
422740.77449564263
422754.1123982718
422901.7517270977
431168.45648546424
431168.45648546424
431185.50243571226
431202.4792059674
431361.8837455842
431362.9352814761
431414.34524019226
431414.34524019226
434632.8475574018
434637.97148887516
434697.41093876614
442116.7576362221
442170.0262307473
442172.15697452833
443584.39273738186
447065.28093162394
449546.9240845661
449582.6025128992
449583.96766475885
449708.38096397195
450510.0110495822
451101.3339568073
453020.9772955107
453536.56194652
453605.0962594762
453665.09837330936
453720.02728766383
453770.796178446
453909.89408414974
455485.7082461911
455864.6070672487
456137.6512751858
459944.29883194703
460001.72745004465
460003.0326459105
460282.1508572234
460339.7916272992
460341.00458317454
461150.16145201115
461184.8621364447
461189.0867280105
461214.4342774054
461214.4342774054
461214.4342774054
461250.3617537128
461250.3617537128
464237.70604268025
464266.8769396821
464284.3794778832
464320.42225417885
464329.26345727016
464331.2281690682
464352.839998847
464391.42859888094
464398.3927181652
464452.75896857755
464492.27458051627
464566.6661328704
464727.8232323071
464727.8232323071
465310.8445403854
473017.4450163181
473814.18638243084
473833.1140284855
473875.70123210846
473877.27853594633
474119.13640308875
474162.57682662405
474163.82206649607
475055.50605485076
477934.131678992
477936.3454387645
482187.05475788604
482271.0946132486
482271.0946132486
488119.1422961993
488136.79703038477
494475.8427948717
494530.07990929735
494555.390562696
494835.44039791304
500151.70147551957
500151.70147551957
500151.70147551957
500151.70147551957
500169.2178497193
500210.0893895186
500210.0893895186
500210.0893895186
500210.0893895186
500210.0893895186
500210.0893895186
500210.0893895186
500210.0893895186
500210.0893895186
500223.42729214777
501291.64478635875
501802.78808182455
501845.41218144377
501863.91552354203
501870.44611487084
501880.242001864
501897.45859609457
501949.17755877896
501949.17755877896
502898.8758891711
504018.4941180992
504040.4011158477
504049.1639149471
504983.7856188887
504983.7856188887
504983.7856188887
504983.7856188887
504983.7856188887
504983.7856188887
504983.7856188887
504983.7856188887
504983.7856188887
504983.7856188887
504983.7856188887
504983.7856188887
504983.7856188887
504983.7856188887
504983.7856188887
504983.7856188887
504983.7856188887
504983.7856188887
504983.7856188887
504983.7856188887
504985.12309875124
507881.6525050524
511594.7594874275
511622.52372457396
511660.5312126676
518902.6895003347
518975.16246088606
518975.16246088606
522213.6347360431
523779.2425431334
523789.14911811525
523794.2684375891
523800.7529089227
523818.0248471474
523818.1216991375
525023.0019633026
525027.0420748874
525033.1022422645
525075.2005739377
525075.7401778823
525077.2529137268
525080.5735533856
525137.6701075172
525137.6701075172
525203.8984207105
525207.4496603454
525234.7065775441
525252.0753677589
525305.948134222
525305.948134222
525311.2749936745
525323.2108484478
527097.0873301327
527101.1827857117
527142.1188935044
527142.7092294437
538543.0693497402
538679.9765556691
538679.9765556691
538679.9765556691
538679.9765556691
538679.9765556691
538679.9765556691
538679.9765556691
538679.9765556691
538679.9765556691
538679.9765556691
538679.9765556691
538679.9765556691
538679.9765556691
538679.9765556691
538679.9765556691
538679.9765556691
538679.9765556691
538679.9765556691
538679.9765556691
538679.9765556691
538679.9765556691
538679.9765556691
538679.9765556691
538679.9765556691
538679.9765556691
538679.9765556691
538679.9765556691
538679.9765556691
538679.9765556691
538679.9765556691
538679.9765556691
538679.9765556691
538679.9765556691
538679.9765556691
538679.9765556691
538679.9765556691
538679.9765556691
538679.9765556691
538683.8644712695
538685.1604431364
538709.7839086056
540750.4138308741
542293.6442162644
542357.9170416585
542360.3890734045
542561.896556694
542673.174881257
542730.3498393807
542739.3893584517
542898.8907500585
542898.8907500585
542922.1260036704
543665.1790833011
547082.6338360626
547513.0994238203
548213.1456078711
550602.5395462946
553194.077423942
553266.4950404991
553266.4950404991
555800.876408021
557185.1265577509
557242.9056878125
557242.9056878125
557242.9056878125
557242.9056878125
557311.2555207877
557311.2555207877
557311.2555207877
557311.2555207877
557311.2555207877
557311.2555207877
557311.2555207877
557311.2555207877
557311.2555207877
557311.2555207877
557311.2555207877
557311.2555207877
557311.2555207877
557311.2555207877
557311.2555207877
557311.2555207877
557311.2555207877
557447.9551867379
557481.5536032848
557961.5151699553
557996.4141703686
557996.4141703686
557996.4141703686
557996.4141703686
558016.9191202611
558016.9191202611
558383.6699345672
558409.8338078782
558417.1392151273
558420.7919187519
558508.913393695
558508.913393695
559231.5260914265
559304.192755958
559304.192755958
559304.192755958
559304.192755958
559304.192755958
559304.192755958
559304.192755958
559304.192755958
559304.192755958
559304.192755958
559304.192755958
559304.192755958
559304.192755958
559304.192755958
559304.192755958
559304.192755958
559304.192755958
559304.192755958
559304.192755958
559304.192755958
559358.3791383888
559724.5442287552
560092.2497269632
560150.9005249352
560193.1095445971
560217.3409901066
560223.6502054582
560622.6250604524
560650.0203376367
560650.0203376367
560870.7321869525
561001.3716855258
561028.8038587063
561028.8038587063
561399.4656486105
561470.9654772618
561470.9654772618
561494.1546108786
561499.375394342
561660.3480137975
561834.8291798648
561839.6579433685
562128.7242376589
565532.4306198335
565542.0512508447
565549.4120020883
565579.2239670242
566505.0920958655
566514.3160949175
566535.5312927371
567059.8233988514
567059.8233988514
567059.8233988514
567059.8233988514
567134.8560191398
567998.2084944063
568071.5116148725
568071.5116148725
568367.8787044125
568392.7835018528
568394.2455057026
568404.4795326507
568468.8077020391
568470.2697058889
568810.5522549155
568853.153294537
568853.153294537
568862.192813608
570731.3439815007
571937.0267335833
571963.3566388772
571980.1120331552
572015.2831415404
572027.7770482562
572206.4090138968
572219.0643405962
572228.1038596671
572251.6066092516
572253.4145130657
572382.6012317883
572382.6012317883
574618.4939899882
579997.0631811908
580041.0616566687
580041.0616566687
585036.6596312323
585697.1117993525
587019.2752114633
591631.6898174096
593412.2536984073
593425.9790089966
593436.2729919386
593516.364975707
593516.364975707
593883.0512220197
594089.7103087798
594089.7103087798
595906.5521780489
597555.4895925747
597594.4886605664
597697.7052099581
597751.7209484064
597876.1711436157
597878.4033513863
597878.4033513863
597954.5013435652
597954.5013435652
599715.0952666153
601023.1874681725
601069.4458234181
601093.0730969898
601468.4760224066
602924.5580647538
603347.0817893277
603386.5143852748
603403.6018435187
603416.7460421678
603435.1617562751
603642.2128629948
603646.8433105189
603648.0009223999
604114.5646304475
604147.1622430972
605068.8565123675
605165.593202425
605166.1697023659
605539.8108439639
605574.4976923988
605627.1528909871
605649.0414407374
605817.5362314199
605817.5362314199
605819.159655253
605819.159655253
605819.159655253
609441.4240829648
609441.4240829648
609441.4240829648
613632.0713322593
613654.3472899699
613654.8546099177
614439.466417277
615457.6483286306
615464.0405599736
615471.1430392436
615475.4045268056
615521.423058076
615522.1609780001
619578.8573130618
619651.284153618
619785.7700597958
619797.8212145573
619802.4562740808
619833.0476669368
619833.0476669368
620138.1960035743
620146.3592427352
620159.9646413369
620165.4068007775
620180.3727392395
620180.3727392395
620201.403457078
620201.403457078
620450.728151453
620456.7006908391
620461.820010313
620481.444068296
620488.2559915959
620488.2559915959
620875.2396478226
620883.5089629727
620891.0265222
620894.0335458909
620894.0335458909
620894.0335458909
620894.0335458909
620895.1865457725
620927.4705424544
620928.6235423358
621306.0695835429
621326.6160414311
621326.6160414311
621589.0249784613
622745.2440356277
628651.3245086139
628703.532343248
628704.768359121
637808.7493474341
637947.0862732162
637947.0862732162
637953.8197925241
637994.2209083717
637994.2209083717
637994.2209083717
638007.7617389801
638007.7617389801
638437.6323787989
638508.8739354768
638510.4143433184
640246.3986368979
644109.9167598141
646206.9975562808
646249.9260478687
646250.8807317705
646488.6385313343
653066.1615673112
653092.3023806245
653093.473828504
653263.4260110368
653332.6890199181
653387.1198383238
653387.1198383238
665445.8106069585
666105.9676071089
669412.2408872974
670097.2980728889
670130.5275294735
670276.4004624811
670276.4004624811
677880.1026169895
685488.2230670437
685488.2230670437
685488.2230670437
685488.2230670437
685493.6606144848
685593.348984239
685593.348984239
689033.0059027189
689040.9154819059
689574.5192150633
689582.1705222769
690771.7481720147
690918.9447488863
691870.7692110599
694112.0165007095
695820.4948291158
695823.4372848134
699121.4274138532
699150.5337428618
699151.0364508101
704947.2083630925
704989.0530347918
704990.0261666918
706109.0632836797
709705.8371900112
709733.1125552079
709740.3764544614
709748.678053608
709840.6321001573
709840.6321001573
715103.532343248
715139.376803564
715140.612819437
715580.8097261945
715597.9848124293
715631.467928988
715631.467928988
722253.7919283602
722253.7919283602
722253.7919283602
722253.7919283602
722343.8919511
723126.2669386892
723153.0395959376
723160.9722351222
723319.4405388352
723320.4736267291
728452.2916192922
728503.6231740165
728503.6231740165
743813.6952044814
743862.6700274477
743877.2301099513
746586.885907459
746611.1265769675
748335.931383696
750999.1858539726
751023.0022195248
751516.6522007886
751516.6522007886
758606.5222641074
760424.7431212348
761684.9673797117
761759.5341880479
761819.4901818858
766057.4427103184
766064.8541935567
766087.277735252
766374.7621137049
766374.7621137049
769096.8656979332
771046.5285415512
771132.8559486787
771134.2995045303
771177.6061800794
776812.5794849293
777156.1411656188
777167.8464204158
786090.0961794067
786111.9847291571
786112.5058851035
786336.2155341111
793210.105659628
793234.5169731191
793236.2234129437
796025.8005502372
796042.8465004852
796050.3041037187
796105.002418097
796105.002418097
796641.4425309629
798252.5154293803
801726.5363563282
803480.6089120485
803503.6043416851
803503.6043416851
806312.4642489967
806475.1755922736
806489.8970947606
806535.2238261021
806544.0788651919
806642.8678950386
806642.8678950386
806642.8678950386
806667.150072543
809426.8829609037
809762.8394543749
809783.9301282072
809816.186452892
809829.5381915197
809938.1046603614
809947.9282193518
810033.2133145864
810034.6061384432
810129.8854366506
810132.4220363899
810134.9586361293
810137.4952358685
810331.8725678909
810936.8700537105
811388.7076472718
811618.0024277052
811620.1885154806
815726.5883694339
815912.6179823142
815941.0970793872
815942.5959792332
818786.4886349443
823016.2502522187
823067.5818069429
823068.7163588264
824511.4604985444
824518.147897857
824518.147897857
824518.147897857
824518.147897857
824518.147897857
824518.147897857
824518.147897857
824518.147897857
824518.147897857
824518.147897857
824518.147897857
824518.147897857
824518.147897857
824518.147897857
824518.147897857
824518.147897857
824518.147897857
824518.147897857
824518.147897857
824518.147897857
824518.147897857
824518.147897857
824518.147897857
824518.147897857
824518.147897857
824518.147897857
824518.147897857
824518.147897857
824518.147897857
824518.147897857
824518.147897857
824518.147897857
824518.147897857
824518.147897857
824518.147897857
824518.147897857
824518.147897857
824518.147897857
824518.147897857
824518.147897857
824518.147897857
824518.147897857
824518.147897857
824518.147897857
824518.147897857
824518.147897857
824518.147897857
824518.147897857
824518.147897857
824518.147897857
824518.147897857
824518.147897857
824518.147897857
824518.147897857
824518.147897857
824518.147897857
824518.147897857
824518.147897857
824518.147897857
824545.0727510897
824569.433332586
824595.0760499506
824595.0760499506
824595.0760499506
824595.0760499506
824595.0760499506
824595.0760499506
824595.0760499506
824595.0760499506
824595.0760499506
824595.0760499506
824595.0760499506
824595.0760499506
824595.0760499506
824595.0760499506
824595.0760499506
824595.0760499506
824595.0760499506
824595.0760499506
824595.0760499506
824595.0760499506
824595.0760499506
824595.0760499506
824595.0760499506
824595.0760499506
824595.0760499506
824595.0760499506
824595.0760499506
824595.0760499506
824595.0760499506
824595.0760499506
824595.0760499506
824595.0760499506
824595.0760499506
824595.0760499506
824595.0760499506
824595.0760499506
824595.0760499506
824595.0760499506
824595.0760499506
824595.0760499506
824595.0760499506
824595.0760499506
824595.0760499506
824595.0760499506
824595.0760499506
824595.0760499506
824595.0760499506
824595.0760499506
824595.0760499506
824595.0760499506
824595.0760499506
824595.0760499506
824595.0760499506
824595.0760499506
824595.0760499506
824595.0760499506
824595.0760499506
824595.0760499506
824595.0760499506
824595.0760499506
824595.0760499506
824596.2428858306
824614.9122599119
824639.4158133934
824661.5856951148
824665.086202755
824665.086202755
824665.086202755
824665.086202755
824665.086202755
824665.086202755
824665.086202755
824665.086202755
824665.086202755
824665.086202755
824665.086202755
824665.086202755
824665.086202755
824665.086202755
824665.086202755
824665.086202755
824665.086202755
824665.086202755
824665.086202755
824665.086202755
824665.086202755
824665.086202755
824665.086202755
824665.086202755
824665.086202755
824665.086202755
824665.086202755
824665.086202755
824665.086202755
824665.086202755
824665.086202755
824665.086202755
824665.086202755
824665.086202755
824665.086202755
824665.086202755
824665.086202755
824665.086202755
824665.086202755
824665.086202755
824665.086202755
824665.086202755
824665.086202755
824665.086202755
824665.086202755
824665.086202755
824665.086202755
824665.086202755
824665.086202755
824665.086202755
824665.086202755
824665.086202755
824665.086202755
824665.086202755
824665.086202755
824665.086202755
824665.086202755
824665.086202755
824665.086202755
824665.086202755
824688.4505923536
824714.5637336698
824743.4256267034
824747.5487542797
824747.5487542797
824747.5487542797
824747.5487542797
824747.5487542797
824747.5487542797
824747.5487542797
824747.5487542797
824747.5487542797
824747.5487542797
824747.5487542797
824747.5487542797
824747.5487542797
824747.5487542797
824747.5487542797
824747.5487542797
824747.5487542797
824747.5487542797
824747.5487542797
824747.5487542797
824747.5487542797
824747.5487542797
824747.5487542797
824747.5487542797
824747.5487542797
824747.5487542797
824747.5487542797
824747.5487542797
824747.5487542797
824747.5487542797
824747.5487542797
824747.5487542797
824747.5487542797
824747.5487542797
824747.5487542797
824747.5487542797
824747.5487542797
824747.5487542797
824747.5487542797
824747.5487542797
824747.5487542797
824747.5487542797
824747.5487542797
824747.5487542797
824747.5487542797
824747.5487542797
824747.5487542797
824747.5487542797
824747.5487542797
824747.5487542797
824747.5487542797
824747.5487542797
824747.5487542797
824747.5487542797
824747.5487542797
824747.5487542797
824747.5487542797
824747.5487542797
824747.5487542797
824747.5487542797
824779.2239670242
824820.2154188112
824859.3436227897
824859.3436227897
824859.3436227897
824859.3436227897
824859.3436227897
824859.3436227897
824859.3436227897
824859.3436227897
824859.3436227897
824859.3436227897
824859.3436227897
824859.3436227897
824859.3436227897
824859.3436227897
824859.3436227897
824859.3436227897
824859.3436227897
824859.3436227897
824859.3436227897
824859.3436227897
824859.3436227897
826881.8345509226
826933.7656655852
833758.3811881664
840029.7550836084
840059.571660544
840146.351043625
840146.351043625
840484.4290568781
840500.6448472115
840504.2652668394
840606.9837202822
840606.9837202822
840625.4778383815
840719.6871526988
840729.6352356764
846398.9494889968
846402.2701286555
846414.7225273757
846415.5526872904
846415.5526872904
846415.5526872904
846415.5526872904
846415.5526872904
846457.3927469901
846458.5549708707
846648.8276233149
846648.8276233149
846648.8276233149
849222.4893907997
855403.0714635733
855426.4404651715
855463.6039573519
855581.0070172854
857404.9329178263
857475.2151786028
857568.9448449695
857568.9448449695
858007.9057358542
858017.8676548303
861748.034423452
861819.3497721223
861842.4973977434
862007.6162047728
862035.7032818861
862038.3782416112
862038.3782416112
871881.0816419999
871919.1859820837
871919.1859820837
872953.9572557322
877345.2357084063
877360.1785868705
877360.9257307937
880024.0233930865
880047.0603307188
880047.0603307188
882347.25358631
886821.3174304757
886993.2158768084
886998.0123563154
887008.8044352062
887008.8044352062
887137.9819299296
887239.6073394847
887240.907923351
894002.2560364348
894002.2560364348
894002.2560364348
894013.2141473085
894817.6944486258
894872.8862469534
895336.4982753043
895388.2356859869
895389.9236778135
897765.9797136077
897811.4355809358
897811.4355809358
907614.4435014044
908444.266740117
908470.9240973772
908470.9240973772
916759.1576695311
916769.5854004594
916777.0337796938
916958.0270890917
916958.0270890917
918586.2427897472
919386.885907459
919386.885907459
919386.885907459
919386.885907459
919386.885907459
919386.885907459
919471.728250739
921249.8846679841
922131.5098853726
922339.488003997
922384.381207383
922614.8243756986
922630.7357740633
922632.3269138997
931995.1333156113
932003.6562907354
938159.5687780443
938172.998920664
938178.87460806
938477.6214893556
938534.7549394836
938970.856390662
938970.856390662
938983.087413405
939065.439276941
942687.1963847049
958712.6863936406
958726.1165362602
958726.955920174
967488.6020196715
967515.7666968795
967515.7666968795
968069.7047359471
968161.9493384663
968162.8117823777
971277.9545782103
971283.0047176912
971286.0348013798
971315.3256103693
971324.7802093975
971332.3438886203
971381.2264715962
971382.2457234914
971429.1313106726
971430.1505625679
971457.6565277409
971507.8396945832
971507.8396945832
971510.4131903186
971510.4131903186
971510.4131903186
971510.4131903186
971510.4131903186
971510.4131903186
971510.4131903186
971510.4131903186
971510.4131903186
971510.4131903186
971510.4131903186
971510.4131903186
971510.4131903186
971510.4131903186
971510.4131903186
971510.4131903186
971510.4131903186
971510.4131903186
971510.4131903186
971510.4131903186
971510.4131903186
971510.4131903186
971510.4131903186
971510.4131903186
971585.9577425544
971585.9577425544
971585.9577425544
971585.9577425544
971585.9577425544
971585.9577425544
971585.9577425544
971585.9577425544
971585.9577425544
971585.9577425544
971585.9577425544
971585.9577425544
971585.9577425544
971585.9577425544
971585.9577425544
971585.9577425544
971585.9577425544
971585.9577425544
971585.9577425544
971585.9577425544
971585.9577425544
971585.9577425544
971585.9577425544
971585.9577425544
971585.9577425544
971585.9577425544
971585.9577425544
971585.9577425544
971585.9577425544
971585.9577425544
971585.9577425544
971585.9577425544
971585.9577425544
971585.9577425544
971585.9577425544
971585.9577425544
971585.9577425544
971585.9577425544
971585.9577425544
971849.5750234604
971855.1370948887
971864.407213936
971869.0422734595
971902.8021099897
971904.2087698452
976164.7739319537
976190.5550093041
976191.5465892021
978685.2086129091
978685.2086129091
978685.2086129091
978700.9770392884
978741.0045831745
978741.0045831745
980328.122756054
985233.551527885
985387.2002920932
995393.246879694
995414.9417254643
995415.9748133582
995415.9748133582
995415.9748133582
995415.9748133582
995415.9748133582
995415.9748133582
995415.9748133582
995415.9748133582
995415.9748133582
995415.9748133582
995415.9748133582
995415.9748133582
995415.9748133582
995415.9748133582
995415.9748133582
995415.9748133582
995415.9748133582
995415.9748133582
995415.9748133582
995415.9748133582
995415.9748133582
1029151.0172341454
1029249.1421360604
1029265.9943823284
1029266.7968702458
1031433.8463115214
1031433.8463115214
1031443.0334145771
1031486.672154092
1056047.8110617527
1056064.2759000605
1056064.2759000605
1061714.9807352936
1069743.328134158
1078939.217049025
1085893.5911782698
1098607.6194075502
1115517.3496376057
1138890.202255396
1157944.756701011
1164704.2600142844
