832796.4564470309
833745.190869522
842941.1812483785
843560.6327407127
843640.6509324886
843729.1459793933
843731.6456831364
843767.5731594439
843767.5731594439
844349.6167236228
844349.6167236228
844380.4986724488
859171.0427923095
860481.7407735989
866094.9638886843
872575.2751986523
872575.2751986523
872575.2751986523
872581.067870057
873002.5308347399
877666.6459553725
877666.6459553725
877683.6273376272
887359.3163991814
887981.0877272772
888671.1489323541
888791.6189719725
888801.9129549145
888859.8166089633
888861.103356831
889443.0177850232
889471.284730118
896050.5926099113
896059.0048970467
896077.9325431014
896433.2133145864
896433.2133145864
896437.3917861569
897574.9875892374
897618.9722287167
897618.9722287167
898038.7702615708
898091.2363681785
898091.2363681785
898126.2137725836
898126.2137725836
898143.4810988089
902718.1049806392
903112.9843800544
903112.9843800544
903144.0046888662
903157.0658715238
905575.2386869894
905627.0406656653
905645.6362477541
905806.2998632414
906009.9657623091
906060.3287971328
906060.3287971328
906060.3287971328
906060.3287971328
906103.3587527103
906776.669175509
907724.0615061382
909015.9748133582
909015.9748133582
909024.6914924623
909088.6138058925
910269.700764503
917799.3295946245
921105.0402108709
921105.0402108709
921105.0402108709
921105.0402108709
921105.0402108709
921105.0402108709
921105.0402108709
921108.6744664974
923168.7209067703
926830.6439184061
927438.6714879143
928480.1578328727
929268.2793718713
929408.5210534575
929425.456315717
929425.456315717
930192.1551169174
930211.064314974
933800.3344980767
941701.5844140038
945568.9304965266
952243.743662504
979238.3718360562
979335.2238261021
982224.5123931473
984508.725070381
987689.6764874499
987800.876408021
999303.8904137668
999303.8904137668
999303.8904137668
999303.8904137668
999303.8904137668
999303.8904137668
999303.8904137668
999303.8904137668
999327.3332073574
1000581.3912224681
1000598.3818287218
1000599.7977125763
1005494.1161775491
1005573.590153381
1005908.089255002
1005908.089255002
1005959.7436496931
1011076.0238158532
1012010.2627238341
1012778.0730169202
1012778.0730169202
1013752.2702887944
1013752.2702887944
1013799.939915895
1013841.6508396082
1013841.6508396082
1013932.6917102512
1013932.6917102512
1013932.6917102512
1013932.6917102512
1020909.2449452165
1021554.1500629345
1021586.1435036464
1023208.4789049063
1023240.444673621
1026269.1078663417
1049182.1118473941
1049194.8824740816
1049241.0532013362
1049249.7237604451
1049249.7237604451
1051187.5014812846
1051195.2865364845
1052745.7116411352
1052768.762414766
1052831.4948323187
1066351.1379147999
1066630.9663740396
1067072.722136637
1067313.579199882
1070095.777137934
1070102.62595723
1070222.7916048798
1070308.4272120781
1073209.5686179055
1073231.475615654
1073889.884667984
1073912.0222657088
1073912.0222657088
1074717.8308228897
1074731.5007894847
1074731.5007894847
1075620.436026122
1075777.668313962
1075777.668313962
1075794.0685842764
1075898.8947215024
1080578.4600405472
1082567.3525521334
1087737.7822047279
1087828.684715385
1087858.985552271
1087858.985552271
1087858.985552271
1099582.2271473822
1099616.4527958645
1101774.4027620752
1101774.4027620752
1101774.4027620752
1101774.4027620752
1101785.5822489262
1108005.928981613
1108959.326135625
1124666.7542092502
1133713.8830794063
1163771.6860381323
1164568.252148263
1164568.252148263
1164618.2462231247
1164643.2432605554
1164643.2432605554
1171415.7800844891
1176004.8118528388
1180749.1757652236
1180749.1757652236
1180749.1757652236
1180749.1757652236
1180814.6477104945
1187153.3798590137
1189002.0399130124
