52526.9296573989
130469.86923059677
130553.32797401906
181296.350050764
261383.16376761926
291302.91113253415
291304.9773083218
336803.76390405756
381547.5754013881
381582.15617383394
381594.18426859775
422253.73812169913
701461.6067053349
701488.5961265609
701512.0250841529
701512.0250841529
706394.4860983446
707043.3621476544
717112.7914447408
721455.7315303831
721498.2080460174
721562.6837993909
721562.6837993909
728454.9619670177
746671.728250739
746700.0090318325
746700.0090318325
748842.7071156106
748904.000589311
782509.6395273982
782533.3636529598
792349.5757280714
792494.0835092192
792595.9671907477
831788.9651505785
898292.4302355002
898335.690791054
898335.690791054
900930.5862043564
900989.4353183081
900989.4353183081
906690.0143164152
909103.1416043993
909143.1737602849
909467.5818069429
909467.5818069429
909467.5818069429
909467.5818069429
909467.5818069429
909467.5818069429
909477.7927738935
909477.7927738935
923190.1805405648
927817.1413930161
982337.1743175682
985147.4870047305
985150.2173084499
985150.2173084499
985150.2173084499
985150.2173084499
985150.2173084499
985150.2173084499
1106400.8839665758
1119208.7709982097
1119447.6771856556
1119447.6771856556
1154939.3564338996
1164690.0227717475
1199045.2730527914
