292947.38413151883
292947.38413151883
292999.0385262099
293079.8407579053
293173.1876283113
370135.85592625925
434826.3486095142
446866.26392807846
458237.2041033985
470819.3660422318
470866.8281293538
470866.8281293538
486513.8343971892
486538.6100586428
486538.6100586428
488196.7530242226
505064.0344106409
505064.0344106409
505064.0344106409
505064.0344106409
505064.0344106409
505064.0344106409
505064.0344106409
505064.0344106409
505064.0344106409
505064.0344106409
505103.58691857575
507217.630649299
507300.761940755
507300.761940755
547872.12975092
547943.555787579
547943.555787579
604693.9931908951
622960.5782934962
622960.5782934962
622973.2889641898
663632.4185133347
685605.1095830303
685651.2111302922
685677.8684875524
685679.2013554154
749041.8440311438
817937.7008541807
857519.863946014
857560.2835098597
857560.2835098597
878748.6210441695
879097.5326443091
879097.5326443091
881932.8515929014
881936.1583965615
881936.1583965615
881936.1583965615
881936.1583965615
881936.1583965615
881936.1583965615
881936.1583965615
889499.5516752128
900989.4353183081
901002.8285649315
