142204.59470452776
154167.89087496678
154318.42653949506
154376.66686950924
154791.16571490798
154791.16571490798
155165.74309240974
155188.98757002072
155718.90631555684
155965.25627023756
157129.07129062322
169806.0559397109
181049.02235218382
183940.63536699026
193444.98864615394
193447.4606778999
193565.62010575572
193566.560953659
194161.47199651538
218410.09259229602
225452.08087653614
237453.51828305505
250390.0662654654
250396.2924648255
250448.5925394502
251640.19485697997
261501.43849546326
288039.59862793016
291515.51047468366
294275.52930701507
294278.6839146908
325205.4429281072
328927.69089354284
382117.8768147738
384877.4944031464
391671.5139208722
394424.1950619577
394424.1950619577
394424.1950619577
394424.1950619577
394450.7601792274
399048.4625066858
405027.3618401878
434757.4222765983
453134.33563185995
462869.75931127474
736645.3381332291
788801.0710087788
788801.0710087788
788806.430152228
991573.8978762383
995768.3408011427
995770.0518529669
997329.687120671
997332.2513924075
1088169.1379083942
1117983.902328099
1165260.328797133
1165260.328797133
1165260.328797133
1165260.328797133
1165289.0154341846
1165957.5063174786
1165957.5063174786
1171291.6342812488
1175923.4054492055
1197567.3854766854
1197599.8447293492
