19281.70925826877
19301.586976225783
117265.06890775681
117321.35374997198
117411.08020075009
117412.66211658751
122833.7816154169
130564.56280486437
138282.5041876315
142144.13139074206
142254.9807993492
142473.53423288677
142473.53423288677
147570.8867529922
152359.17073686302
152360.63274071275
152360.63274071275
155215.55268729042
155223.68825445426
155461.50139801233
198908.25259665182
199403.85806571456
208166.19596514097
208698.1762744652
256680.00807099917
258139.94574495003
258168.58165000688
258168.58165000688
278993.7795656393
279105.2423701834
282821.0934922765
282967.8703771911
283057.9657879313
283091.1721845184
283347.6547021577
283347.6547021577
284705.83321856713
284819.44060289086
287681.6797927162
293238.7702615708
293238.7702615708
293238.7702615708
293238.7702615708
293257.71635562356
293326.2137725836
293326.2137725836
293326.2137725836
293326.2137725836
293326.2137725836
294093.8626456863
294093.8626456863
295203.20533967053
295503.70016878634
295529.3244381528
296035.3022941495
296394.0236172809
300568.252148263
306465.1547421925
324341.26490492554
324341.26490492554
324341.26490492554
324341.26490492554
324341.26490492554
324341.26490492554
382017.6396170759
441363.6319496267
441367.8011971982
441367.8011971982
505135.72333127283
505138.1953630188
505138.1953630188
505138.1953630188
505138.1953630188
505138.1953630188
505138.1953630188
505138.1953630188
505138.1953630188
505138.1953630188
505138.1953630188
1088027.2312949789
