690411.5694570332
691895.6740085002
691932.201044746
693946.6578697046
696328.7464008789
699063.071783851
699322.2108132172
704673.2186952526
728522.2187561053
741120.8363092474
743050.4323429278
743087.6235071054
744065.5242145988
746077.1677198466
746087.5170467829
746629.307079099
760879.4724384986
760894.7612169273
764613.9652626758
774749.7012769474
774858.4798977673
775838.013253093
775911.8698135022
776016.0548827944
776533.6964855923
789729.4665133604
789751.7563070694
790043.6543690688
790043.6543690688
790075.7354377717
792256.3902776488
796021.5390626752
819149.088649677
819385.1953534106
826256.4474151985
828650.9053291015
861546.2133241947
861656.4032168697
863196.3498585974
863197.8994904382
863203.4892338637
863207.5293454484
866018.8566725063
875416.3038026576
877733.3585285159
877739.4233078926
877739.4233078926
881590.7934240574
882766.6134792091
884565.9943182728
884565.9943182728
884573.2997255219
884573.2997255219
887839.10270987
887841.3625896377
888692.5532221543
888692.5532221543
888692.5532221543
888692.5532221543
888707.413084627
888791.6189719725
888853.3828696245
888854.6696174922
889046.385825788
889440.6748892639
889440.6748892639
894738.9676167173
894746.6327599294
894746.6327599294
894746.6327599294
894746.6327599294
896007.4796383424
896007.4796383424
906704.5882349174
906708.9604104679
908930.412998152
909700.520067002
917813.6406291536
918460.6488186555
919832.8109176278
919834.8263614206
920136.7970303848
929290.6014495771
929301.7624884299
945376.4994283041
945481.4823735143
958021.1309007171
961949.0187010175
961963.8508914931
961963.8508914931
962478.5500385935
962478.5500385935
962478.5500385935
963513.390492235
963513.390492235
966808.5257935682
967384.0203184201
967546.3995977312
967600.6367121568
968142.6942404454
968143.8380163277
968692.0018319887
968692.0018319887
969728.059853505
969728.059853505
969765.3478696726
979210.3308789382
982065.5506054851
986503.3180133812
986650.3162742731
987279.6328335933
987309.1865265558
987309.1865265558
987327.9112446313
996021.0922111656
1008652.5979329274
1008717.7654862297
1008739.488003997
1008739.488003997
1008739.488003997
1008739.488003997
1008739.488003997
1008826.3780750667
1008826.3780750667
1008826.3780750667
1008826.3780750667
1011388.3345877544
1013362.9206768109
1023336.9738236999
1024725.5454169856
1032746.1169846491
1032812.1884898584
1032812.1884898584
1032897.4182410986
1032897.4182410986
1032897.4182410986
1033620.6720067643
1045568.4810827951
1045603.8458951602
1045681.1891272111
1053116.9314829821
1066281.3306899744
1066694.8425674746
1067368.3144102565
1075919.5149713831
1082931.9218906634
1101840.0822473248
1142818.6527196385
1171423.6573796796
1199096.5123675251
