496560.4296846225
496589.4945056353
501150.9326808208
502861.62015700014
503215.8217205961
503232.67396686407
504390.7193758427
509190.1505625678
511637.7940550045
511655.18129321747
525920.3633230737
525923.4625867553
538700.712105538
539176.9102805953
539707.271778086
539707.271778086
542489.857124098
542522.0903887851
544197.4960685907
544197.4960685907
544221.1832981561
547614.4342774054
547640.7226747036
547836.6404145675
547836.6404145675
550257.6634457401
556657.5876039701
560607.4054620167
583283.9522273715
602539.1424883659
602541.9650320758
611497.7301916222
611503.2645910534
614720.1342604307
614720.1342604307
614720.1342604307
617676.7903045522
626385.7258614671
669050.2819404987
685282.6201281751
685291.2537912878
685298.8082465114
687861.1798391565
750388.2296647653
932493.4506403953
932497.3385559957
932617.4211876539
932637.8154495578
932637.8154495578
935461.1800953788
935466.3455348478
935591.6074419736
935842.5371121836
968791.4180937709
980701.0398137264
981265.0689077568
981655.2440676554
981655.2440676554
981660.5432551107
981660.5432551107
981862.5073263535
981925.4149998879
981926.844719741
981948.2905175368
982135.7406262711
984595.2830774848
985068.3081968683
985638.3513382806
987853.5177706106
991377.6065644126
999224.1950619577
999260.0579702718
1005450.6250220191
1023294.1975280964
1052934.3885417434
1058977.0441566927
1067105.28746529
1067594.0072190603
1083364.5689541972
1146660.5405647778
1175164.4132992132
1175210.699326456
