762209.2687098251
763267.5657930557
763296.0817861249
764549.3327013185
764557.2468925051
765550.9483103747
767239.2906488507
769814.9632481289
769856.5680958527
785964.6497922998
786019.8508146264
786019.8508146264
786032.2109733562
786346.2512450797
789139.1305740337
789397.6792674607
789427.2283484237
789478.3154671731
789478.3154671731
789480.77827492
809890.2136572836
814686.5363563283
814689.8846679841
814689.8846679841
814689.8846679841
814689.8846679841
814764.5990603052
814764.5990603052
815104.1344654084
815196.2868279372
815235.4473159123
815235.4473159123
817702.8071063226
817909.337057096
817909.337057096
819093.8415073552
819301.8795819735
819317.5280963652
819323.5467557466
819327.1579513755
828537.782204728
828537.782204728
828537.782204728
828537.782204728
828612.5242690461
833132.8833644537
833648.5233594573
833648.5233594573
833648.5233594573
833648.5233594573
833648.5233594573
833648.5233594573
833673.5342328867
833729.4408911407
843024.4601238193
843099.7048960859
843099.7048960859
843102.6473517835
843186.5073391645
856610.6635834596
861305.9927168841
872599.894052122
875434.5949927777
887413.6088576014
888691.2941462836
888692.5532221543
888692.5532221543
888692.5532221543
888936.1359771194
891304.5683776971
891334.6755106028
891334.6755106028
925666.2846820763
926891.7252401282
939392.9696472781
952581.7063757691
958054.4341492942
1028887.1924132608
1028903.44971159
1067074.1380204915
1067127.9416069617
1078101.009195174
1078142.4756829122
1078182.0005188498
1078183.2503707213
1078860.328797133
1078900.4900890053
1081779.8167370744
1109070.1248122372
1149752.8493509572
