610377.7752867286
614637.3949889344
614637.3949889344
615341.6104205567
615369.2270737183
615415.5038769621
617760.5119319473
621685.341976562
622869.6619468404
622919.9834736685
626239.3778925084
634351.1379147997
639952.9371070593
640734.0437947789
646712.5972283164
646788.3816045275
646886.1467704793
646886.1467704793
649059.256379132
651089.121894507
661785.2020151876
663365.8449407326
663408.2937843698
663408.2937843698
669356.6801290079
678294.924302355
680418.9899080483
680512.1338504752
680522.4831774115
701461.6067053349
701474.3911680209
717069.0235692393
728469.2038215541
745956.2410922752
746645.467525438
747004.5947045278
747553.4687681157
747555.5072719062
747586.0848287635
748841.1482597708
748842.7071156106
750261.8424297551
760965.9843256072
763314.0363002795
764570.4372111495
774812.7795944643
788388.0664512265
793982.2558442681
819191.1777573512
826308.3739178615
831669.4267348645
831696.9511480356
833739.1952701383
861355.3872318075
861569.6238337887
861628.952595691
863010.4493817037
863125.0667939237
863125.0667939237
865986.6141838202
880627.2729310858
884713.1724471461
885685.6033232019
887927.0166448344
896503.2511393881
896503.2511393881
896533.6903362595
906747.2861265289
917824.4880520387
922947.3403175233
944111.8430382828
944170.8581842174
1005629.4322436417
1005657.9113407147
1067133.6051423796
1083276.5766152407
1083286.566206214
1083304.8804563317
1083314.870047305
1083318.1999109627
1154160.458893953
