31069.557683050753
80906.05215504397
131088.22958610626
131647.9117352669
327661.8617196036
394000.12530658086
394374.50836268615
444634.1215932273
444677.88415253785
444723.45662787766
444723.45662787766
472343.0282933091
472831.9311730683
496470.5457712849
496484.85456031904
496497.9035597766
496499.5759441927
496499.5759441927
609493.0737551479
984655.1639300423
984681.6635212677
984726.2402677282
984726.2402677282
993557.4312150917
1022891.5544892611
1022896.7366804453
1022902.7825701602
1022904.5099672216
1022905.3736657524
1022906.2373642831
1139883.6849303555
1143500.3922707234
1151668.2737490356
1155303.5423559167
1156376.6520220968
1163232.0968222558
1168892.6009520243
1168952.3666898434
1168956.4926382385
1168959.243270502
1168960.6185866336
1168963.3692188968
1168964.7445350287
1168966.1198511603
1168968.8704834238
1168971.621115687
1168972.9964318187
1168977.1223802138
1168979.8730124773
1168981.248328609
1168983.9989608724
