195295.00924001294
196270.2672717781
196538.2521162352
196609.72427288943
196617.6338520765
196623.28355149584
196630.06319079903
196975.80634726436
197162.40784808586
197182.0365180685
197193.07764493368
197219.402938228
197256.60332640464
197270.67914895798
197284.10467957813
197290.44156692683
197296.77845427557
197306.2837852986
197310.50837686443
197798.20426674013
197844.8315819479
197891.63876513712
198724.2753235606
201431.28383334028
201446.91851173338
201762.89582325792
201795.58567589812
201805.25703890412
201921.23499098417
201965.8514743986
202981.66281799576
202989.7430411653
203055.73153038314
203071.3062527824
203076.9697882003
203085.4650913272
203093.96039445407
203113.78276841677
203369.50430613427
203422.37165670068
204852.69568169516
204873.72639953368
205717.34412882852
205938.66937408122
206147.82816458432
206160.1560393173
206167.0048586134
206172.48391405027
206206.18840658618
206231.09320402652
207955.90723475395
208025.80669956986
208047.75981731358
211845.61229097872
213439.35790717712
213485.43178244174
213500.78974086329
213607.30386991598
213638.9790826605
213653.88506512847
213672.51754321347
213681.83378225597
213709.43659941902
213735.65581672426
213746.14350364637
213848.8527330901
213862.4627436913
218289.13829272747
218980.5692616637
218987.3258409693
219288.23113804293
219349.83361571154
219362.93169436534
219603.29988566085
219609.5906530143
219617.45411220612
219625.31757139793
219631.60833875136
219639.23658596733
219645.92398528
219651.27390473016
219657.96130404284
223460.1029372672
225702.71537877648
226341.81398909132
226344.20761684532
226380.11203315514
226382.50566090914
226673.3014550218
226848.78342498615
226879.74838980366
226883.18894145003
226913.69731831446
226918.40155783095
227236.98926108723
227236.98926108723
227244.87578027666
227244.87578027666
227262.22612249342
227262.22612249342
227268.53533784498
227268.53533784498
228148.93837535914
234039.13512197777
234257.26425155895
235310.19296734128
236299.310057682
237450.64039535084
237504.3332938324
238599.2634892979
240751.09794413717
241390.46405042452
241554.45291757013
241619.03935893206
241707.9771577912
242163.12616701203
242458.6630966374
242980.68148698553
243612.9866219986
243938.72753651967
247243.5941568528
252163.20482722615
260856.25665777363
263528.8412030913
263541.3212738086
269364.6993712948
276079.8767571238
276542.34039759275
277710.84582149645
277767.35665168834
277780.8467503019
277784.7438899013
277820.80972619454
279489.04835873673
280008.4794173507
280126.6711292033
280513.3596174602
296681.86311969743
305525.3583747826
313412.4079441692
323368.8847608646
323386.8992310131
326281.6253454996
327961.5092768449
333828.67369783076
334650.8271813317
335168.0998241675
335267.58987794217
335283.91635626415
335600.94520368066
335600.94520368066
337647.26172136475
341606.4926704438
343946.61200593156
344424.8486847794
344589.10504789755
344589.10504789755
361984.64947202214
362104.82434367086
362157.207434287
367917.2443302832
369955.0470968424
377538.16589746624
377545.1069567529
378687.0749353839
378755.50317235105
378910.8445403854
379118.16775507724
379118.16775507724
380969.6088447902
381463.6001140189
383721.36758597055
383733.11434876325
393159.3265199581
393533.15675353666
397302.1657821663
406196.4852720279
412189.61723606713
425480.9525060132
425680.3061855241
427247.1223364902
427282.8099888223
438274.62535510794
442481.0456427814
450565.28125190164
477271.3735111088
490442.9674373617
498768.5443696774
503828.5904256171
505244.52962409
527919.0655576516
527926.0804089307
544244.8705277216
544292.1942548578
563495.8777051459
587077.238821506
594832.3252484554
608958.603076588
614177.6801001829
626085.3555563384
633721.9412674672
642994.3017464746
644741.9820708518
644758.2947131752
644760.1072289889
644763.7322606164
644770.9823238712
686234.6060103322
691601.5299027317
703528.2206329328
703868.3187019784
711585.3330728407
711643.7025388416
727094.8833068036
727109.7016612807
727338.2446857915
727406.7328787524
737436.1254079537
751218.3711314452
799495.0987896705
799496.182609559
801774.7363633743
814469.7816026058
825366.220818694
825443.4994827515
836975.1862895503
837062.1455406127
837125.9018220601
837166.5289258845
837566.1171768158
842027.3504383
863396.4276220339
863635.2507934881
863870.2644533339
896834.5771853352
896846.5591601037
896858.5411348722
896908.466029741
896928.8925756415
898846.2668105781
898874.824311643
899031.3647995541
899064.4881801498
905086.4958732213
905093.8012804704
905115.717502218
905331.2685240641
905341.3549670274
905355.92427353
909101.6888245486
909429.9386668118
909478.9273257769
909478.9273257769
909500.4838115614
909516.3675379289
910071.5139208722
910379.1896332499
910385.9923325507
911655.6296820602
912724.5574241983
912745.1546140813
912781.0728663898
913124.9204910499
913533.1239570956
913638.3052182853
913749.615826845
914630.4016603199
914923.6510381803
915032.72482697
916093.3509699611
916106.9655925619
916385.5810959263
917011.4571036003
917170.2851432762
917711.4710036544
918682.5228918518
919319.6152823729
919934.0765912199
920750.8248112763
923617.380832658
923755.7223704397
924015.9959516893
925256.2318042206
925790.2690653335
926095.7955859321
926506.5771597129
926940.8891550753
927227.09139766
927236.3569047077
928218.6251757523
928236.8517978791
928324.322980889
929205.1779943567
929921.1586367699
930763.5634101894
930840.0488103284
937505.8362932336
937719.2888552953
938006.0814338194
938347.9597346819
938498.6706551922
938498.6706551922
938498.6706551922
941992.1496081402
942044.9477787137
942295.2594409873
945597.4972215905
947140.0173590537
948175.3466846449
949185.4991048238
949192.998216053
949204.2468828969
949234.1095798276
949408.8075098726
949633.7900707494
953134.3576669688
953146.0721457648
954047.5520211128
954941.030077283
955032.4768038844
955126.1557382562
965917.5336051424
967386.6353221515
967964.5234747573
970177.2916673339
970844.6802827412
971063.8886202115
973018.1219553597
975528.2395933755
976032.9399255033
976054.155123323
976374.5968503887
976416.6582860657
977865.9514651105
978583.3756633752
978624.0534991944
978625.0727510897
978876.468233252
982611.223941402
982943.8367352168
982978.0808316972
983034.0705059428
983035.6339737821
983037.1974416215
983182.4892626887
983182.4892626887
986997.9872465401
987310.5240064183
987458.0757072534
988371.3715253868
991141.3430526954
991287.4235256815
991890.0227717477
992846.6298774297
995809.4060449221
1000442.4916327439
1000497.7018790696
1000731.5579270343
1000732.8723468992
1002627.1865842058
1003313.3414256843
1003383.9788104245
1003764.5241153128
1003806.4933109994
1003855.6433899477
1003886.7605507496
1003944.2076168453
1004185.2722200693
1004354.7908746465
1004512.1292384756
1005578.5572768705
1006513.2573848041
1006555.9829484129
1010592.4418295546
1011657.7860480609
1014300.4894484497
1014382.3616640351
1014457.23286434
1014559.8775257904
1014586.8992310131
1014590.7594746164
1014719.3973653952
1014824.1819946257
1014882.2701286556
1014919.1845728616
1015013.5045751675
1015049.6810994494
1016453.4538431728
1016511.6480531917
1017464.3764672724
1020269.3576829827
1020274.7998424234
1021205.1001028091
1021321.6222708334
1023067.9097713537
1024666.880783015
1024847.8279724177
1024927.2373802562
1025832.6743511974
1025858.7690445154
1025858.7690445154
1025859.9035963989
1025861.0381482822
1025873.6427429867
1025873.6427429867
1027357.539754475
1028422.7917329909
1028851.5785529211
1028988.545714844
1029479.9819363351
1029770.0951545179
1029789.6177485115
1030949.7523932755
1033493.5468518299
1038053.2001831989
1038695.44878919
1038702.6020004548
1038703.9025843212
1038705.8534601206
1038706.5037520538
1038707.8043359201
1038709.1049197864
1038711.055795586
1038717.5587149176
1038717.5587149176
1038807.3266736914
1038848.9315214154
1042091.0242162003
1042213.0300516607
1043147.1075396584
1043188.3895474155
1044390.7147638432
1050494.5439405052
1050631.109858469
1051805.237309795
1052293.5512076074
1056525.2913726785
1067463.838144439
1070444.2967181138
1070859.1737474739
1074496.0951096793
1074810.804121334
1074861.3470241392
1091153.9087016261
1094744.4241246008
1097290.2939829421
1102687.532548226
1103410.9800178716
1106058.4568377696
1108236.561241909
1108260.1470074847
1108270.477886423
1108326.5874726563
1108419.9158950641
1108419.9158950641
1109872.6865217516
1109973.3849194022
1110062.7193502204
1110150.651733183
1110153.2897969119
1110177.0323704719
1112921.1075204418
1122858.8919030582
1123049.353647483
1126027.8705693579
1128619.0902190378
1129020.9199017386
1143768.4294540226
1144251.222788402
1146176.4281985336
1149577.1690650133
1149663.561040134
1149687.0084457241
1149694.6643649372
1149694.6643649372
1149700.7891003077
1149703.851467993
1149706.9138356782
1149708.4450195208
1149709.9762033636
1149740.5998802162
1150281.1861806558
1150323.0493003533
1156564.2653308949
1156622.7916048798
1156624.4519247091
1156627.7725643679
1156629.4328841972
1156631.0932040266
1156634.413843685
1156636.0741635144
1156637.7344833438
1156641.0551230025
1172054.7449468179
1173258.573675091
1173322.7173644984
1191635.726854328
1191760.8411774691
1205142.4425021377
