2678.8153566773103
8201.357337082718
116392.79221340748
122778.43762110503
172879.08656787165
173335.7667609351
173486.5422494387
193695.12505244548
196619.89373184423
197022.55357445977
198360.87282091027
201087.63452465978
203074.13802049137
203930.75236445045
205044.70705796065
205896.58487840655
206162.89556703574
213622.209852384
219050.33036649384
219065.82668490114
219612.73603669103
220255.6487706139
220381.59786566911
220617.11884546277
230555.07848406138
232475.7687466571
234788.28065298227
235372.76396491038
235762.92067681093
242465.5995439245
242475.13715894424
242500.64151632294
242510.04999535598
242514.75423487247
242530.04301330113
242697.45859609454
242699.34951590022
244945.877545007
246302.47875757856
246318.42705193942
249521.71899471222
250771.25725028745
252204.54679097713
258972.2133434114
258988.73813771302
259013.60603915717
259016.71452683766
259018.26877067794
259019.8230145182
259022.9315021987
259024.48574603896
259026.03998987924
259027.5942337195
259032.25696524026
259033.8112090805
259035.36545292079
259038.47394060128
259040.02818444156
259041.5824282818
259044.69091596233
259046.24515980258
259049.3536474831
259052.4621351636
261403.99155747864
261432.4660425521
261562.9395091423
261563.55290507927
269313.1279925952
274404.4803013173
276436.92392442725
276447.29169936164
276448.58767122845
276458.9554461629
276460.2514180297
276461.54738989647
276462.8433617633
276465.4353054969
276465.4353054969
276468.02724923054
276468.02724923054
276470.6191929641
276471.9151648309
276473.21113669773
276474.50710856455
276477.0990522981
276478.3950241649
276481.1161038853
276481.1161038853
276483.8371836056
276485.19772346574
276531.45607871143
276547.7825570334
276783.96766475885
277669.4807977478
277831.002245147
277948.9956410199
277991.62896463816
278069.43800864107
278229.7787841616
278229.7787841616
278527.3034855827
279459.29634979455
279479.9765556691
279599.9946193339
279633.9250998466
280436.09940140095
281521.819433813
281553.84515852144
286504.56837769714
296663.6411095702
296789.331932652
296967.20753037033
297283.51690586074
299363.16434411926
307033.5375637753
315842.5488984047
328247.9559554045
328425.9560771101
362113.54102277494
375015.609696729
382960.9595521236
392897.1158989076
412259.682732866
412308.83742381394
432877.183861845
435481.23870620603
438367.2343055898
439014.1594791003
449572.3454259534
449579.8722091798
450545.56495392806
451276.86665876646
451434.2234705937
452767.5018015623
452767.5018015623
452768.44264946564
455514.01669928164
455686.98974150384
456982.2928683754
477331.1311889671
505061.3594509158
505098.6428550839
505176.4011670921
505177.40658298874
505181.4282465754
544295.8146744857
564463.0278417444
580246.2910235757
580287.5084633394
580990.0635751324
580990.0635751324
588248.6774771082
594613.4950949464
596913.2040905874
626097.5312350871
627407.9524964049
655864.5476236992
655957.2488141716
657478.5537538152
657498.0809598084
657541.2815593684
657581.2906552562
657611.7298521277
657646.3198485727
657799.2445288554
657799.2445288554
657814.5102472864
657822.143106502
657831.3025375606
657880.7385604796
657913.2485451383
667108.1781641039
668371.5524182571
678976.3564563189
686261.3925035791
695874.0216956143
715344.3202265004
750776.370932873
755822.3503902584
756751.1978707935
792038.1043400838
825274.3959081315
837608.8704124216
837728.9807160769
849414.8282190316
850275.4734505763
917082.4496123038
918346.2066624177
918363.1511486762
918366.2319643595
918367.7723722012
918370.8531878846
918372.3935957262
918375.4744114096
918378.6290190853
918380.2063229233
925904.3007536136
926180.047593273
928343.2045069485
949217.9030134933
955036.8904874307
955040.3448750757
955069.1514241149
955116.904067207
955116.904067207
963768.3971700259
963776.6157531812
968822.6044345656
988048.2317785984
988131.0033340914
988197.0148833068
988237.1900111777
988539.6403280925
988540.9455239583
990184.3992710478
1003800.1979316464
1014465.6912714706
1014718.5764294796
1016469.1530895592
1017665.9900265511
1017736.0001793556
1018996.6256817912
1022793.9985075056
1024822.4250790285
1029524.847467724
1029782.7274212196
1029782.7274212196
1031908.2688667614
1032259.2097466923
1032323.5702000775
1033006.8609898505
1037948.3878819712
1038029.3745936475
1051709.0632836795
1051724.8547700567
1056944.245409619
1057804.6692651869
1067837.9727699861
1074844.4993898708
1087679.4911427188
1102552.0642861489
1110108.9131374727
1122894.3535674135
1144297.545711641
1149793.1490028151
1149966.145105035
1150055.8392718164
1150057.4165756544
1150307.1701859853
1150320.16218865
1177162.5159738525
1178032.892524397
1186287.1725560406
1186292.7069554718
1186293.3987554007
1186295.4741551874
1186296.1659551163
1191634.3524784693
