362031.7702711792
362062.66605600377
362066.0558756553
362147.17172331846
362147.17172331846
362150.1234030151
370412.2069378565
370416.06718145974
377641.12878688396
378329.847900099
379149.0128079071
382142.6985962226
382151.33225933526
406118.4271800505
414748.838833036
414750.9326808208
414759.30807196
414769.77731088403
435557.4566103725
435568.24868926336
435702.60545945447
435702.60545945447
435720.17717764847
450865.079669089
452756.2116267227
452794.7310467638
486154.4673941242
525738.0602058105
525739.388461674
544405.5894872033
555667.423589737
643039.4762818316
651258.262365123
651264.9220924386
651293.2259335296
651304.8804563318
655836.7649385547
716731.3145159483
804920.5074480589
810424.5922063614
810428.5861979509
810464.5321222565
810468.526113846
1003975.3247776472
1004009.9286100907
1004022.4225168066
1143381.9300577461
1143391.4353887693
1143565.4968628795
1143565.4968628795
1143571.5339702591
1143575.8461898158
1164529.0270922945
1164619.4960749962
1164628.245038097
1164658.5182029854
1191649.4706129155
1201826.520918941
1201831.4742064318
1201836.4274939229
1201838.078589753
1201839.7296855834
