194491.29914261648
194889.35620970506
195024.50624381463
195029.13669133873
195114.95677851833
195154.98893440393
195220.77449564263
195224.0028953108
195230.4596946472
195233.6880943154
195282.30779331835
195286.5416088832
195289.36415259313
195299.2430555778
195303.47687114263
195307.7106867075
195365.82188073496
196615.37397230876
197016.46573508548
198356.7958133293
198879.14165564376
198883.9934791451
198900.9748613998
201079.09310153764
201550.24574911364
201556.31514048984
201567.58686733135
201676.40238414754
201765.1095830304
201776.17838189277
201780.54133344436
201789.1381005608
201791.2872923399
201798.8094635668
201803.107847125
201807.40623068323
203062.81094965554
203926.9981968363
205870.18118112028
206156.04674773966
207886.10923392765
207958.8773624487
207991.30894311547
207996.01318263198
208010.1259011815
208017.9663003757
208035.2151786029
208044.6236576359
208054.03213666892
208065.3499835057
211850.12282651514
211934.20880187297
212353.92843073513
213588.66216783196
213786.3463035144
213818.49194021052
213843.61811362812
213845.71196141292
213854.0873525521
213858.27504812172
213865.6035153685
213876.75533022237
218080.44992617596
219002.19031544155
219045.1649270247
219054.20444609565
219329.85443376497
219336.5141610805
219338.17909290938
219344.83882022492
219346.5037520538
219354.74539520673
219359.6571747019
219364.56895419708
219367.84347386053
219606.4452693376
219844.0831569137
220246.35097956948
220363.37585554193
220613.83510180027
222879.04172898736
225386.14773131258
225399.24580996638
225412.37156061738
225418.98977993717
225490.63258057387
225613.11345198556
227149.287478101
227150.8278859427
228269.70819494667
230538.73355774127
231084.45762565295
231162.65868961564
231162.65868961564
231599.53495671446
231744.08424585802
233645.10433047538
233660.69288887322
233740.54504866622
233740.54504866622
233770.2878336093
233771.67604546662
233963.62285373875
233994.13123060318
234034.472390457
234040.68936581802
234247.1916445942
234247.1916445942
234310.25151411304
234334.67205160315
234347.69633826453
234363.33101665764
234364.7976325069
234366.2642483562
234379.46379099955
234416.12918723118
234416.12918723118
234420.52903477897
234860.41232556873
234918.37593561137
235003.00612691327
235253.6083451569
235253.6083451569
235335.5036207399
235351.7747550676
235452.97124866684
235452.97124866684
235495.96430824813
235610.60939246515
235637.52502169882
235638.5673335917
235761.62470494412
236406.88033462618
236453.52609783204
236472.83192784782
236586.2778921881
236673.61993921126
236692.44612127636
236727.4973176739
236875.35802247707
236875.35802247707
236876.5663663529
236877.7747102287
236878.9830541045
236881.39974185612
236881.39974185612
236882.60808573195
236885.02477348354
236886.23311735937
237028.21813476647
237038.77038968191
237062.29158726445
237089.39169647917
237090.43400837205
237106.06868676512
237106.06868676512
237109.19562244375
237109.19562244375
237110.23793433662
237112.32255812237
237113.36487001524
237114.40718190811
237115.449493801
237117.53411758674
237826.10788876115
237852.65917003225
237958.41231916318
237959.97117500295
237995.824859318
238006.73685019647
238016.0899852352
238068.27937187126
238145.4427359406
238422.2226634938
238423.3387673791
238437.84811788783
238620.93066307102
238753.32272146406
238969.46407924953
238986.48235750044
238986.48235750044
239007.28247536265
239029.9735130305
239061.43657379682
239073.10493259758
239087.10696315847
239088.27379903855
239088.27379903855
239198.09011975184
239294.7945258128
239375.96571747022
239375.96571747022
239484.04792636173
239485.03950625984
239535.67003705614
239564.55960208696
239564.55960208696
239568.5443696774
239573.52532916548
239577.51009675593
240803.65629073535
240887.539338114
240888.9044899737
241023.42729214777
241031.2077353481
241145.85743156465
241147.27331541912
241608.08124805833
241704.1953181799
241787.441909624
241804.37255988392
242124.10865102216
242146.6521047052
242159.65794336848
242196.75686755552
242261.9797648521
242261.9797648521
242361.31301064283
242777.18161990077
242890.3185802728
242906.44213061567
242942.92304686623
243139.22819469043
243140.2520585852
243180.40412645848
243919.79989046502
243954.85108686253
243957.65518257432
244082.6495937277
244083.68729362104
244817.6178381893
244827.2569171986
244931.68181046602
244932.4289543892
244999.38596350755
245028.46000851938
245122.70160683346
245122.70160683346
246761.39115841256
247115.08540206068
247115.08540206068
247119.56826559996
247189.9658263646
247246.4167005627
247255.06881167347
247348.23120209848
247348.23120209848
247357.16925717983
247358.65893302675
247965.39975466728
248007.53037033716
248037.139407294
248037.139407294
248045.80996640286
248277.1709226241
248751.24757789954
249103.3599057102
249160.18435186992
249343.40064503936
249400.70012715028
249401.8531270318
250034.17671004296
250046.07566882
250140.93527507054
250142.56792290276
251649.94462397794
251661.17945482323
252026.8095532446
252036.2364802757
252067.21066909225
252067.21066909225
252072.5974845386
252078.6530399162
252130.2059706177
252130.2059706177
252144.8306211146
252144.8306211146
252151.72094840644
252152.86933628842
252155.16611205236
252156.31449993432
252444.48145431717
252449.83137376732
252472.56853143044
252472.56853143044
256274.97304862775
256690.84165788573
256692.045389762
256701.67524477228
256771.39484160664
256813.89902923815
256814.78453314715
256838.69313868988
256839.57864259885
258109.94930003298
258812.06627187098
258822.47094280162
258826.3726944006
258828.97386213325
258830.2744459996
258832.87561373223
258834.17619759854
258835.25079348809
258837.3999852672
258838.47458115677
258839.5491770463
258841.69836882543
258842.772964715
258843.84756060454
258845.99675238365
258847.0713482732
258849.2205400523
258850.29513594188
258851.36973183142
258854.5935195001
258855.66811538965
258856.74271127922
258857.81730716876
258861.04109483742
258862.115690727
258864.2648825061
258867.48867017476
258870.71245784342
258871.787053733
258873.9362455121
258876.0854372912
258878.23462907033
258879.30922495987
258880.3838208494
258881.45841673898
258882.53301262853
258884.68220440764
258885.7568002972
258887.90599207632
258964.6035441935
258964.6035441935
260160.12606132036
260215.50695162846
260215.91280758672
261308.7353192689
263832.2093079118
266958.34249861474
266979.3455444561
266979.3455444561
266983.16428006365
266983.8007359982
266984.4371919328
266984.4371919328
266985.710103802
266985.710103802
266986.3465597366
266986.98301567114
266987.61947160575
266988.25592754036
266988.8923834749
266989.5288394095
266990.1652953441
266990.8017512787
266991.43820721324
266992.07466314785
266993.5182189995
266994.3253189166
266995.93951875065
266996.74661866773
266997.55371858476
266999.9750183359
267000.78211825294
267002.39631808706
267003.2034180041
267004.0105179211
267005.62471775524
267014.50281684275
267032.25901501783
267033.06611493486
267033.8732148519
267035.487414686
267036.29451460304
267037.1016145201
267038.7158143542
267039.5229142713
267040.3300141883
267041.67210605036
267045.9520416105
267046.48703355546
267737.9456744889
267751.6433130811
267751.6433130811
267754.45663279196
267757.2699525028
267877.975204097
267929.7218387786
267932.6735184752
268037.3843557133
268460.8950481858
269280.02305999765
269286.60899532074
269310.5268248625
269310.96035281796
271308.25131554087
271367.4417174574
271386.8628474613
271386.8628474613
273322.24694054684
273428.00008967775
273438.34941661404
273491.2951711724
273494.56046683685
273557.7264123448
273864.1107648553
273864.1107648553
274154.1409670466
277666.2846820763
277727.92405574117
277745.56495392806
277773.58285104844
277778.7713505152
277829.43416530814
277944.51277748065
277990.58665274526
278060.72132953693
278061.59299744735
278368.7660018768
278407.62209788326
278443.9369821509
278443.9369821509
278549.367291315
278554.6941507675
278555.759522658
278557.890266439
278558.95563832956
278564.282497782
278565.3478696726
278566.4132415631
278567.47861345357
278568.54398534406
278569.60935723456
278570.67472912505
278571.7401010156
278571.7401010156
278572.8054729061
278573.8708447966
278574.9362166871
278576.0015885776
278577.0669604681
278578.1323323586
278579.1977042491
278580.2630761396
278581.3284480301
278639.1352500889
278639.1352500889
278642.082317786
278688.6127810037
278693.8474004657
278703.26971549727
278712.6920305289
278712.6920305289
279985.98208366294
280034.7263066531
280045.97497349704
280081.994689795
280081.994689795
280089.06488506834
280090.07491296454
280092.0949687569
280098.15513613407
280111.28549878456
280293.68546803785
280305.2661988476
280430.5281059735
280431.92092983035
280660.699166317
280680.29555230297
280711.2420691223
281408.2996774803
281445.158777692
281502.6888597792
281502.6888597792
286411.15693929774
286422.1519461677
286423.52632202645
286424.9006978852
286424.9006978852
286426.27507374395
286427.6494496027
286427.6494496027
286429.02382546145
286430.39820132015
286431.7725771789
286433.14695303765
286434.5213288964
286434.5213288964
286435.89570475515
286437.2700806139
286439.0410884319
286439.0410884319
286440.81209624984
286442.58310406783
286444.3541118858
286446.1251197038
286446.1251197038
286449.66713533975
286499.2553542432
286499.2553542432
286818.2673614559
286850.8050181117
286894.8265535873
286896.74053339055
286900.56849299715
286966.63077420735
286971.0444577537
287519.1713774185
287530.0879802965
287538.5786714239
287539.7916272992
287544.64345080056
287930.57557113527
287938.1069663612
287945.0434136483
287945.0434136483
287949.37869320274
288746.0831633192
288832.5581544315
288832.5581544315
296745.86383711954
296894.8913778028
296911.7436240708
296953.8742397407
296953.8742397407
297316.1468025071
297378.52870809566
297378.52870809566
299043.156145009
299307.3868218519
299318.07282475365
300530.1478081793
301633.6517107636
302145.99873810564
302160.3143846343
302165.6827520826
304253.74708947603
304256.65264917735
304313.1496433707
304314.57936322375
304623.09445951524
304628.2276149877
304889.64036012033
304942.4846506891
304944.03889452934
305006.2363201368
305007.9750439581
305111.9940812673
305111.9940812673
305115.314720926
305119.74224047095
305119.74224047095
305120.8491203572
305121.9560002434
305123.0628801296
305125.2766399021
305125.2766399021
305126.38351978833
305127.49039967457
305129.70415944705
305129.70415944705
305131.91791921953
305133.02479910577
305134.131678992
305135.23855887825
305136.3454387645
305138.55919853697
305138.55919853697
305140.77295830945
305140.77295830945
305147.4142376269
305151.4128412159
305154.0785769419
305195.3974806953
305196.7303485583
305196.7303485583
305196.7303485583
305198.0632164213
305204.7275557364
305206.0604235994
305207.3932914624
305208.7261593254
305210.0590271884
305214.0576307774
305215.3904986404
305215.3904986404
305216.72336650343
305219.38910222944
305219.38910222944
305222.0548379555
305222.0548379555
305223.3877058185
305224.7205736815
305226.0534415445
305227.38630940754
305234.1751727098
305234.1751727098
305235.87238853535
305244.3584676632
305264.7250575699
305266.4222733955
305268.1194892211
305269.8167050466
305271.5139208722
305271.5139208722
305273.21113669773
305274.90835252334
305276.6055683489
305278.30278417445
305280.0
305281.69721582555
305283.39443165116
305285.0916474767
305286.78886330227
305288.4860791278
305290.18329495343
305467.11804476846
305716.5349791339
305776.02977301914
305776.02977301914
307276.3132188234
307507.5312030593
307507.5312030593
307735.28096365166
307746.94471045287
307763.7923447213
307965.85326795396
307965.85326795396
308003.90226404334
308005.170563913
308007.7071636523
308008.97546352196
308014.0486630005
308016.5852627398
308017.85356260947
308020.39016234875
308021.6584622184
308022.9267620881
308025.5233178212
308026.85157368466
308036.14936472906
308127.33320735744
308148.9727091334
308161.595751836
308201.26817175857
308201.26817175857
309847.300026583
309858.50257343164
309876.10657562234
309876.10657562234
310273.81774274656
312333.781167028
312368.7724074317
312469.59071706986
312705.90957278153
312705.90957278153
313367.0120328349
313368.5801126737
313405.7436048541
320568.2895567036
321212.1154665326
321476.0509754059
321524.24175845296
321526.0266022695
321621.80399642565
321647.6450297698
321672.22698724334
321988.0705507817
322896.5929494057
325371.3549990552
325463.77024555695
325535.85579814814
325535.85579814814
325834.00311950524
333809.3079118211
334587.7857598109
334608.84876164614
334955.8002619872
335051.54537214676
335091.68821602094
335101.27195103595
335109.6012221799
335156.00716141035
335157.1970572881
335163.1465366766
335210.43797981605
335210.43797981605
335247.99810395576
338839.13153486705
341384.71083723806
341544.97782076616
342171.204340404
342171.204340404
342838.25166784634
343723.1467928988
343747.138414433
343924.7372921798
343926.02404004754
343929.8842836508
343938.891518725
345492.8632510113
345683.403399428
345709.30438876594
345710.38359665504
345717.9380518786
351802.77501449257
351818.4281408838
351876.8575628785
351876.8575628785
352668.8393454804
352673.036265049
358037.1237777401
358071.4001582172
358112.4469539985
358112.4469539985
361013.5791358266
361324.2618718953
361354.46124479146
361354.46124479146
361911.60462352954
361911.60462352954
361915.4095231385
361925.3022621217
361953.53231122025
361965.5004499902
361973.47920917015
361995.0218589561
361998.21336262807
362047.2665895865
362051.14066918835
362100.4660041188
362100.4660041188
364997.87630232936
365001.80572592554
365025.38226750237
365025.38226750237
365027.34697930043
365028.3293351995
365029.3116910985
365029.3116910985
365030.29404699756
365031.2764028966
365032.2587587956
365032.2587587956
365033.2411146947
365034.2234705937
365035.20582649275
367176.68634239613
367184.4345015998
367214.13577854715
367214.13577854715
369415.37397230876
369432.32307056675
369446.3435491258
369461.28642759
369948.9131374728
369983.2633099424
370002.891979925
370018.39752233133
370039.5112561613
370047.55458333466
370079.8800880123
370079.8800880123
370101.00304584135
370102.0591937328
377350.20385678456
377361.0512796697
377454.8409020303
377454.8409020303
378608.7493474341
380772.49198504945
380927.9440410724
380933.1602125363
381773.5264821653
381785.9788808855
381790.1296804589
381792.2050802456
381796.35587981896
381796.35587981896
381798.43127960566
381802.58207917906
381802.58207917906
381804.65747896576
381810.88367832586
381810.88367832586
381815.03447789926
381817.10987768596
381823.336077046
381827.4868766194
381831.6376761928
381835.7884757662
381839.9392753396
381850.31627427303
381860.9930531757
381869.53447629785
381871.6698320784
381882.34661098104
381888.7526783226
381890.88803410315
381899.4294572253
381903.70016878634
381910.10623612796
381910.10623612796
381916.5123034695
381925.0537265917
381927.18908237224
381931.45979393326
381931.45979393326
381931.45979393326
381937.8658612749
381940.0012170554
381950.6779959581
381952.8133517386
381959.21941908024
381963.49013064126
381965.6254864218
381974.1669095439
381981.8966207495
381987.66162015696
381991.12061980146
381994.57961944595
381996.885619209
382000.3446188535
382004.95661837945
382015.3336173129
382023.40461648337
382121.114438441
382631.28921400633
382644.68246062985
382678.1655771885
382863.86312610295
382863.86312610295
383650.9792492049
383703.0948438486
385194.8968225245
385196.4141703685
385240.5786778294
385250.04250085674
389002.6374231734
390084.25277600734
390236.86845232185
390236.86845232185
390572.58512181765
391100.4838115614
391100.4838115614
391119.7711935791
392688.4505923537
392709.06623023486
392777.3607192157
392777.3607192157
392848.1641359387
392866.60752204317
393112.98514872097
393201.8445435882
393220.0665537154
393230.1898926749
393319.1461395322
393374.43017785024
393376.0720496815
393385.923280669
393387.5651525003
393750.28969122027
393832.62310675817
393860.57182388566
393861.50344778993
394176.75206338934
394193.4290536753
394238.442169049
394238.442169049
396832.9317263931
398885.6404754203
399835.06669784035
399844.39677288145
399859.0583193745
399867.0555265526
399871.0541301416
399873.71986586764
399995.9793613021
399995.9793613021
403035.99729685584
403073.7234529784
403075.60976078454
403674.8699191939
403697.2012208987
403714.5700111136
403714.5700111136
404272.10540981137
404281.6522488301
404294.3813675219
404294.3813675219
405021.56455678365
405035.0915513934
405037.02397919475
405065.8443642326
405065.8443642326
406112.80054062884
406185.3472931726
406185.3472931726
407492.0881788687
407690.15049851226
407690.15049851226
412184.4979165933
412206.6816343133
413781.86856441904
413821.20430837624
413822.315800262
413891.5557491457
414621.80591809214
414621.80591809214
417236.214701389
417291.1989597379
417292.22282363265
421717.067408857
421738.6146706424
421758.81522856624
421807.67013954505
421815.4367467468
421827.08665754943
421827.08665754943
421921.7894558161
421923.3252516582
422027.8423849162
422027.8423849162
422142.3029891522
422156.5725156856
422191.69750407554
422192.7951599627
422197.2411275058
422198.3941273873
422199.5471272688
422201.85312703176
422201.85312703176
422204.1591267948
422205.31212667626
422552.2451790193
423494.38444218825
423495.6250700607
425815.6775956109
425896.083195347
425896.083195347
433574.5458621717
433586.20499697333
433597.86413177504
433597.86413177504
433600.0502195504
433614.5549580596
435331.9298335517
435371.2794135074
435371.2794135074
435393.4170112321
435413.7190331455
438256.6201089585
438263.1553122868
438273.85053918755
438273.91510718095
439332.77946635324
440763.3894353183
440965.8746625073
440972.14698186266
440977.16483734694
441044.20025045716
441044.20025045716
441250.2413292807
447049.75232921995
448646.643329095
448662.91446342267
448675.0809181722
448675.0809181722
449231.74003696005
449252.4755868289
449257.6594742961
449260.2514180297
449261.54738989647
449262.8433617633
449265.4353054969
449266.7312773637
449268.02724923054
449270.6191929641
449271.9151648309
449274.50710856455
449275.8030804313
449277.0990522981
449278.3950241649
449279.7555640251
449282.47664374544
449282.47664374544
449285.19772346574
449287.9188031861
449289.27934304625
449290.63988290646
449292.0004227666
449436.53126391204
449437.8502957765
449441.88118336216
449614.68358160194
449841.48788229155
451275.898138866
451435.20582649275
451722.7547729391
452718.2271986267
452718.2271986267
452720.7545743669
452895.12505244545
452936.12572823156
453367.37535590865
453367.37535590865
453373.27871530195
453374.45938718057
453375.64005905925
453376.8207309379
453378.00140281656
453378.00140281656
453379.1820746952
453380.36274657387
453382.7240903312
453383.9047622098
453385.0854340885
453386.2661059671
453387.4467778458
453388.6274497244
453388.6274497244
453389.8081216031
453390.9887934817
453390.9887934817
453392.1694653604
453780.16776148276
453868.0032924552
453868.0032924552
454848.1777157151
454867.9862536792
454972.8308389035
454972.8308389035
462306.7033491444
462320.86218768917
462339.2686777974
462402.28242732096
462402.28242732096
469789.239052106
470103.0948438486
470103.0948438486
470121.36758597055
470159.601062041
470902.1422097243
470920.11055987753
471297.9716810418
475350.305064552
475433.2195920302
475434.8291798648
476371.94597555004
476407.5229398935
476464.2597580622
476524.29876789154
476525.52555976546
480245.6658414177
481110.9322964875
481110.9322964875
484514.3112266958
484542.924071755
484544.2338796204
484692.1222564207
484692.1222564207
488616.4588170862
490830.9887934817
490852.43459127756
490906.6394217065
490908.2674575392
490914.77960086986
490918.03567253525
490927.8038875313
490939.20013835997
491355.86201153643
491989.8689743746
492008.8704124217
492039.74774924817
492039.74774924817
492580.5738736632
492596.4852720279
492602.8498313738
492629.8992085937
492716.8861316534
492718.9292474434
492733.2310579735
492790.54437608295
492804.574078641
492826.398060398
492827.9569162378
493369.51634857745
493379.3306835688
493380.5574754427
493394.31045802915
493395.5695338998
493608.79610798485
493691.2724955081
493691.2724955081
496736.6587985101
496786.64826137223
496825.2645334034
496825.2645334034
498978.3073321184
500649.86660431925
502430.9608652624
502521.3837279689
502521.3837279689
503275.3856944743
503527.81426453026
503554.80368575634
503558.48406137805
503559.710853252
503560.9376451259
503562.1644369998
503563.3912288737
503565.84481262154
503567.07160449546
503568.2983963694
503569.52518824325
503571.9787719911
503574.43235573894
503575.65914761287
503576.88593948673
503579.3395232346
503580.5663151085
503581.7931069824
503585.47348260414
503586.70027447806
503590.3806500998
503591.60744197364
503601.90142491565
503637.93036521267
503661.5069067896
503661.5069067896
503790.80892550014
503799.9591325597
503801.10290844215
503810.2531155017
503811.3968913842
504016.7415582794
504017.6178381893
504028.1331971086
504952.88983406406
504966.9333726207
505042.6347328403
505042.6347328403
505049.32213215297
512315.9978093002
512359.40594883886
512380.34903868637
512380.34903868637
512927.18459848384
512936.31635754526
512941.4495130177
513008.18053415924
513008.18053415924
517094.37983018876
517196.74777166755
517196.74777166755
520812.99815199745
526083.0054863578
526086.2661700227
526091.390101496
526091.8559134481
526092.7875373524
526094.1849732088
526095.5824090651
526096.4679129741
526097.353416883
526097.7961688376
526098.6816727465
526099.1244247011
526100.0099286101
526100.4526805646
526101.3381844736
526101.780936428
526103.1091922915
526103.9946962005
526104.8802001094
526105.322952064
526106.208455973
526107.0939598819
526121.2620224258
526121.7047743803
527929.1981206102
527963.4929490854
527963.4929490854
529649.3724798146
529655.681695166
529656.470347085
529657.258999004
529658.0476509229
529658.8363028419
529661.2022585988
529661.9909105176
536037.5821592485
536075.2114633811
544259.6104782067
544263.9549817602
544284.2293316764
544284.953415602
556383.9023280989
556492.6532769217
556520.0623901046
556520.0623901046
564260.1367585971
564430.7807410586
564430.7807410586
564442.6612518376
566520.772894254
567314.7101646548
567410.2846308319
567412.0879226465
567448.5042709038
568107.554391168
568108.868811033
579249.7808979948
579262.251744713
579279.2654109644
579279.2654109644
579902.1113349497
579916.7636574438
579931.4159799379
579931.4159799379
580470.3557965468
580481.6828673825
580481.6828673825
580495.7955859321
580497.2068577871
580514.1421200464
580545.1901008554
580545.1901008554
583994.3200663616
584182.6049470099
584186.7695825819
584254.565975614
584254.565975614
584268.8355021474
585812.3795035054
586975.8301759285
586975.8301759285
587002.7873131579
594407.6154361062
594437.1137850744
594454.5286952845
594454.5286952845
594459.9708547252
594463.2361503897
594517.0674088569
594518.4141127185
594526.4943358881
594644.5615237533
594656.211434556
594803.9337793734
594808.4166429127
595526.3251011276
595617.5181677551
596772.6303450352
596793.3843429022
596886.1132053717
596886.1132053717
600026.0316626579
600049.6035922351
600059.5286152151
600073.6505577636
600091.9694198809
600107.235138312
600127.0805722723
600573.3099744099
604544.3107462792
604554.4571452364
604616.7145268377
604619.8230145181
605523.0692856845
605544.5842634733
605549.7865989386
605551.737474738
605551.737474738
605578.3994439979
605578.3994439979
608871.1503415762
608956.1725528378
608956.5369008003
610497.1430584603
610498.5727783133
610499.0016942692
610499.2876382399
610499.4306102252
610714.4650881244
610715.7195519955
610717.9794317633
610752.7631321882
610752.7631321882
610853.7751458064
611534.5339478396
616261.0355860603
622794.7307905416
622814.0089485602
622838.3603060574
622838.3603060574
625743.6894074541
625793.4574943391
625793.4574943391
625799.5730057106
626044.456344542
626055.5989353968
626056.9917592537
626061.1702308242
626062.563054681
626065.3487023948
626069.5271739652
626078.0501490893
628415.9280528075
630171.7024363527
630206.7029007556
630206.7029007556
640975.601881952
640994.2804800323
641039.9392753396
641039.9392753396
641056.7223416147
641058.8576973953
641058.8576973953
641063.1284089563
644656.5862876286
644670.0164302483
644671.6951980757
644673.3739659032
644676.7315015581
644680.3565331856
644682.1690489992
644683.981564813
644687.6065964404
644689.419112254
644691.2316280678
644693.0441438815
644694.8566596953
644696.6691755089
644700.2942071364
644702.1067229501
644703.9192387637
644705.7317545775
644707.5442703912
644711.1693020187
644712.9818178323
645436.2863154927
645561.2668906476
645561.2668906476
645567.4930900077
645568.7383298797
645568.7383298797
645568.7383298797
645571.2288096237
645572.4740494958
645572.4740494958
645572.4740494958
645573.7192893678
645576.2097691118
645576.2097691118
645576.2097691118
645577.4550089838
645579.9454887279
645579.9454887279
645581.1907285999
645582.4359684719
645582.4359684719
645584.926448216
645586.171688088
645594.2611352565
645596.1243830649
645596.1243830649
645597.9876308735
645597.9876308735
645599.850878682
645599.850878682
645599.850878682
645601.7141264904
645605.4406221075
645607.303869916
645609.1671177244
645609.1671177244
645611.030365533
645611.030365533
645611.030365533
645612.8936133415
645614.7568611499
645616.6201089585
645620.3466045754
645622.2098523839
645622.2098523839
645627.7995958094
645629.662843618
645629.662843618
645629.662843618
645631.5260914265
645631.5260914265
645633.3893392349
645633.3893392349
645635.2525870434
645638.9790826604
645640.8423304689
645640.8423304689
645642.7055782775
645642.7055782775
645644.568826086
645644.568826086
645646.4320738944
645646.4320738944
645650.1585695115
645650.1585695115
645653.8850651284
645659.4748085539
645659.4748085539
645661.3380563625
645661.3380563625
645663.201304171
645663.201304171
645665.0645519794
645665.0645519794
645666.927799788
645666.927799788
645668.7910475965
645672.5175432134
645674.380791022
645674.380791022
645676.2440388304
645676.2440388304
645678.1072866389
645678.1072866389
645679.9705344475
645681.833782256
645687.4235256815
645687.4235256815
645689.2867734899
645689.2867734899
645691.1500212984
645691.1500212984
645693.013269107
645693.013269107
645694.8765169154
645700.466260341
645700.466260341
645702.3295081494
645702.3295081494
645704.192755958
645704.192755958
645705.9407037783
645705.9407037783
645707.6886515986
645707.6886515986
645711.1845472393
645719.9242863411
645719.9242863411
645721.6722341614
645721.6722341614
645723.4201819818
645723.4201819818
645723.4201819818
645725.1681298021
645725.1681298021
645726.9160776224
645732.1599210836
645732.1599210836
645732.1599210836
645733.907868904
645733.907868904
645735.6558167243
645735.6558167243
645737.4037645446
645737.4037645446
645740.8996601853
645740.8996601853
645742.6476080057
645744.395555826
645749.639399287
645751.3873471074
645751.3873471074
645753.1352949277
645753.1352949277
645754.8832427481
645754.8832427481
645754.8832427481
645756.6311905684
645761.8750340295
645761.8750340295
645763.6229818498
645765.3709296702
645765.3709296702
645767.1188774905
645767.1188774905
645768.8668253109
645768.8668253109
645772.3627209516
645774.1106687719
645781.1024600533
645782.8504078737
645782.8504078737
645784.5983556941
645784.5983556941
645786.3463035144
645786.3463035144
645788.0942513348
645791.5901469755
645793.3380947958
645793.3380947958
645795.0860426162
645795.0860426162
645796.8339904365
645800.3298860772
645802.0778338976
645802.0778338976
645803.8257817179
645803.8257817179
645807.3216773586
645809.0696251789
645812.2103968562
645813.2573207485
645813.2573207485
645814.304244641
645816.3980924258
645816.3980924258
645817.4450163181
646626.8048131339
646800.372803295
646809.9657623091
647540.8985071854
647540.8985071854
651256.5974332942
652816.2280889988
655751.9225952746
656341.861902642
656377.724810956
656609.8513590986
656609.8513590986
656636.905348318
656654.2971985305
657204.9514939355
657223.8791399902
657448.1099449443
657449.4335888082
657457.3754519919
657773.2928075227
658970.1481925126
659274.4848172335
659316.7491808897
659427.838413472
659429.2727453246
662182.1568143895
662302.0180700703
662303.9043778764
664552.2910427923
664560.2974739694
664570.5914569114
664570.5914569114
665355.0003362916
665367.8447549716
665383.7561533363
665383.7561533363
667530.7157246764
667539.8059757422
667539.8059757422
667550.9162826003
667550.9162826003
668099.3245342361
668111.4264209922
668112.9391568368
668112.9391568368
668126.5537794376
668128.066515282
672305.5880139257
672360.0003843333
672361.1257122176
672363.3763679863
672379.130958367
672380.2562862514
672397.1362045165
679982.2520009351
679988.8056522616
680031.720307851
680031.720307851
682429.91394137
682502.8112058777
682505.2647896255
682507.7183733734
682510.1719571212
682513.8523327429
682515.0791246168
682517.5327083647
682518.7595002386
682521.2130839864
682522.4398758603
682523.6666677343
682526.1202514821
682527.3470433559
682529.8006271038
682533.4810027255
682537.1613783473
682538.3881702212
682539.5642301004
682540.7402899795
682543.0924097378
682544.2684696169
682547.7966492543
682547.7966492543
682550.1487690125
682551.3248288917
682553.6769486499
682553.6769486499
682556.0290684082
682557.2051282873
682558.3811881664
682561.9093678038
682563.085427683
682565.4375474411
682567.7896671994
682570.1417869576
682571.3178468368
682574.8460264741
682577.1981462324
682577.1981462324
682579.5502659907
682581.9023857489
682588.9587450237
682591.310864782
682593.6629845402
682593.6629845402
682596.0151042985
682597.1911641776
682598.3672240567
682600.719343815
682600.719343815
682603.0714635733
682603.0714635733
682604.2475234524
682606.5996432106
682607.7757030898
682610.0448068565
682610.0448068565
682612.2308946319
682612.2308946319
682614.4169824072
682616.6030701825
682617.6961140701
682670.1622206778
682822.7917329909
682822.7917329909
683838.1511006345
684206.843566741
684808.1468409405
684808.1468409405
684822.0289595138
689061.4803877923
689143.8599233255
689143.8599233255
689333.0256958834
689387.6502182692
690599.8405016831
690609.2259207185
690654.2713200888
690654.2713200888
691504.783988675
691558.6752031362
691573.0877016549
691574.2407015363
691577.6997011808
691598.559775037
691599.3023069606
691611.9253496632
691644.7351142911
695105.9392945563
695123.0313647995
695123.0313647995
695984.225424288
695997.8538828873
695997.8538828873
695998.6471468058
696065.2905399563
696093.7004570364
696093.7004570364
696152.5495709879
696824.0013579776
696832.1553731395
696843.1319320115
696843.1319320115
698028.0191782314
698036.0901774019
698050.6502599054
698050.6502599054
701476.5219118019
701581.6478289973
701588.5104842919
701589.0823722332
701591.9418119394
701594.8012516454
701615.8965374773
701615.8965374773
703394.7263066531
703513.8219704127
703513.8219704127
705504.35635383
705645.8893952835
705645.8893952835
710291.5103978169
710724.5310333121
710749.4358307524
710750.265990667
710906.5758786019
710914.5085177866
710943.0475708534
710993.7795656393
710996.8050373284
711070.92909371
711070.92909371
711243.2610679982
711627.08089255
711632.947355947
715550.1399293466
715555.0470968423
715589.397269312
715590.6240611859
716584.4453910431
716609.0457965147
716626.6175147088
716673.3785779028
716674.4255017951
726743.5457949133
726776.0696155706
726777.5131714222
726780.4002831255
726786.174506532
726789.0616182353
726791.9487299386
726794.8358416419
726794.8358416419
726796.2793974935
726799.1665091967
726800.6100650483
726807.8278443066
726810.7149560098
726810.7149560098
726813.602067713
726815.0456235647
727120.5121881696
727186.6667093703
727186.6667093703
737446.456286892
737549.5160282997
738606.2634796896
738606.2634796896
739481.9991736833
739505.1883073001
739556.7735219983
739557.9588058764
740234.6313763296
740260.6430536562
740396.9645356453
740398.7217074648
742035.3312472577
742773.7400433656
742819.5648706559
742890.7095753438
742890.7095753438
743585.5810959263
743953.1989661435
743969.5854004594
743979.9070553984
743996.510253692
743997.8938535498
744214.5102472864
744225.1962501882
744558.2287359599
744558.2287359599
749548.177011104
749564.1068574667
749575.6922002761
749575.6922002761
750341.4086455775
750349.2121487755
750364.8191551714
750392.1314163642
750392.1314163642
750681.7419265987
750681.7419265987
750695.8730931464
750699.4058847832
750706.471468057
750711.7706555125
750718.8362387862
750724.1354262416
750777.9482367109
750777.9482367109
750798.4531866034
751201.744873154
751220.7463112011
751223.121490957
751246.8732885158
751246.8732885158
751510.2322974484
751519.8621524586
751580.8512341903
751582.4562100254
751984.3089527239
751996.7797994422
751998.3386552819
751999.8975111217
752020.1626370389
752021.7214928786
755627.3504383
755634.7434735403
755635.7996214317
755636.8557693232
755636.8557693232
755637.9119172146
755637.9119172146
755640.0242129975
755640.0242129975
755769.2754997133
755776.8576269341
755813.5045751675
755813.5045751675
759956.5698253525
759967.403412239
759969.0637320684
759972.3843717271
759998.9494889968
759998.9494889968
760959.8503662376
760986.8397874637
760986.8397874637
762954.9829131822
763005.678011972
763012.5406672666
763013.684443149
763015.971994914
763017.1157707964
763019.4033225613
763021.6908743262
763022.8346502086
763025.1222019736
763029.7526494977
763034.4015450198
763040.2126644226
763046.0237838253
763055.3215748697
763056.4837987503
763076.2416047197
763206.1339593695
763206.1339593695
767059.0721553732
767290.1333316253
775527.9208529637
775530.5773646907
775535.8903881446
775539.8751557351
775543.8599233255
775546.5164350525
775550.5012026429
775554.4859702335
775561.1272495508
775651.7530402365
775651.7530402365
776531.1967818493
781489.0317042939
781580.0172309426
789718.4346104942
791787.9725457917
791803.5380441919
791803.5380441919
794059.2762363522
794062.6660560038
794096.5642525199
794097.2422164502
794102.9564838628
794103.5791037988
801203.0144541347
801316.6080024596
801316.6080024596
801783.2962344945
801808.9758478552
801808.9758478552
803137.4300273197
805860.7465674232
806095.9954392449
806113.8899974058
806119.258364854
806160.5449846108
806161.7441044875
806536.3307059883
807272.2029023569
812760.3624262961
812796.0131826319
812802.2855019873
812844.6236576359
812844.6236576359
812917.5116981446
812952.2861745706
812957.5023460345
812959.2410698558
812960.9797936771
812966.1959651409
812974.728164264
812978.1410439132
812979.8474837379
812986.6732430364
812988.3796828609
812991.7925625102
812993.4990023348
813000.3247616333
813002.0312014578
813007.1505209317
813008.8569607564
813010.5634005809
813012.2698404056
813414.2055990956
816834.833407531
816848.484926128
816868.9622040234
816870.6686438479
816872.3750836726
816874.0815234971
816877.4944031464
816880.9072827956
816884.3201624448
816886.0266022695
816887.7330420942
816891.1459217434
816892.8523615679
816894.5588013926
816899.6781208664
816904.7974403403
816913.3296394633
816926.6121980982
816929.9328377569
816931.5931575863
816933.2534774157
816934.913797245
816941.5550765623
816943.2153963917
816943.2153963917
816944.875716221
816944.875716221
816946.5360360504
816949.8566757091
816951.5169955385
816951.5169955385
816953.1773153679
816953.1773153679
816956.4979550266
816958.1582748559
816958.1582748559
816959.8185946853
816959.8185946853
816963.139234344
816964.7995541734
816964.7995541734
816966.4598740027
816973.1011533202
816976.4217929789
816978.0821128082
816979.7424326376
816981.402752467
816981.402752467
816983.0630722963
816984.7233921257
816986.383711955
816988.0440317844
816988.0440317844
816989.7043516138
816991.3646714431
816991.3646714431
816994.6853111017
816994.6853111017
816996.3456309311
816996.3456309311
816998.0059507604
816999.6662705898
817001.3265904192
817002.9869102485
817007.9678697366
817011.2885093953
817011.2885093953
817012.9488292247
817012.9488292247
817014.4892370664
817014.4892370664
817016.029644908
817019.1104605914
817019.1104605914
817020.6508684331
817020.6508684331
817023.7316841164
817025.2720919581
817025.2720919581
817026.8124997998
817026.8124997998
817028.3529076414
817032.9741311665
817032.9741311665
820641.979060241
820733.3104868542
820809.0118470738
820877.5738320271
821258.0730169202
821412.3812970609
821512.9643947231
821512.9643947231
821528.4468771318
821538.768532071
821542.2090837173
821809.5021282457
822844.8222298378
822849.0145374069
824203.8631901585
824228.4220876344
824260.7983243068
824326.035057602
824335.5818966207
824412.736036691
824441.9115456925
824443.249025555
825025.2095737424
825100.5880939951
825106.786621358
825109.8858850395
825161.35118775
825177.5485300854
825205.893879172
825207.918546964
825387.5651525003
825395.7745116565
825397.4163834878
825397.4163834878
825399.058255319
825402.3419989815
825402.3419989815
825403.9838708128
825403.9838708128
825403.9838708128
825408.9094863066
825408.9094863066
825410.5513581379
825410.5513581379
825412.193229969
825413.8351018003
825415.4769736315
825415.4769736315
825417.1188454628
825417.1188454628
825423.6863327879
825425.3282046191
825426.9700764504
825433.5375637753
825433.5375637753
825435.1978836047
825435.1978836047
825436.858203434
825436.858203434
825440.1788430928
825440.1788430928
825441.8391629221
825441.8391629221
825443.4994827515
825446.8201224102
825446.8201224102
825446.8201224102
825448.4804422396
825448.4804422396
825451.8010818983
825453.4614017276
825453.4614017276
825455.121721557
825456.7820413864
825456.7820413864
825458.4423612157
825460.1026810451
825460.1026810451
825461.7630008743
825461.7630008743
825463.4233207037
825466.7439603624
825466.7439603624
825468.4042801918
825468.4042801918
825470.0646000211
825470.0646000211
825815.7800844893
825815.7800844893
837048.618546003
837140.0329886077
837215.8035288202
837234.7311748748
837290.9883450929
837293.7555448083
837302.0571439551
837308.9751432441
837313.1259428175
837317.2767423909
837321.4275419643
837333.8799406845
837336.6471404001
837340.7979399735
837344.9487395468
837348.859715145
837352.2910427923
837355.7223704397
837358.0099222045
837360.2974739694
837362.5850257343
837368.3039051465
837371.7352327938
837374.0227845588
837376.3103363237
837386.6043192657
837388.8918710306
837395.7545263253
837403.7609575023
837404.9047333848
837408.3360610321
837414.0549404443
837416.3424922093
837421.337287696
837424.6671513537
837431.3268786692
837496.2592199956
838178.9827338269
838199.6675517008
838378.1796053537
838378.1796053537
838671.7103151854
838702.352440036
838703.7452638929
839216.1291872312
839226.395498176
839236.6618091209
839236.6618091209
839778.8392493972
839789.7143442794
839789.7143442794
839799.3810952859
839799.3810952859
841277.28711939
841287.6825663216
841287.6825663216
841289.167630169
841314.4137155742
841318.8689071162
841318.8689071162
841323.3240986584
841343.1003526258
842952.9003391741
842997.5629425838
843017.486780536
843024.4601238193
843056.9931684757
843088.5300212344
843095.8077564863
843124.7157695154
843164.4389214327
843247.8930528554
843247.8930528554
843268.4717947404
843324.7151289599
843325.9649808314
843332.6293201464
843332.6293201464
846880.977231455
846921.5074832895
846927.5768746657
846935.3803778637
846935.3803778637
848069.134385339
848095.3720506423
848097.106162464
848098.8402742859
848098.8402742859
848100.5743861076
848102.3084979294
848104.0426097511
848105.7767215729
848109.2449452165
848110.9790570382
848110.9790570382
848112.71316886
848114.4472806818
848116.1813925036
848117.9155043253
848121.3837279689
848123.1178397906
848123.1178397906
848124.8519516124
848126.5860634341
848128.3201752559
848548.1597161058
848549.4234039759
848577.9163370475
848585.5169122663
848618.2252129046
848618.2252129046
848619.368988787
848619.368988787
848619.368988787
848619.368988787
848621.6565405519
848622.8003164344
848623.9440923168
848625.0878681992
848626.2316440818
848627.3754199642
848628.5191958466
848629.6629717291
848633.0942993764
848634.2380752588
848635.3818511412
848635.3818511412
848636.5256270238
848789.7408632765
848867.0840953274
848904.4412914879
848939.9029558433
848941.0421197262
849108.7021384945
849119.2267214129
852945.0186882064
853012.2524172963
853013.3869691797
853064.4418039324
853344.6945671287
853573.7449115873
855037.538217142
855093.7123713685
855257.3092185544
855442.8361234864
855446.1152551493
856936.9302659266
857057.1973775658
857057.1973775658
857067.2423125334
857072.8228319598
857075.0550397304
857077.287247501
857125.3304465632
857126.5987464329
857130.4036460419
857131.6719459115
857136.74514539
857139.2817451294
857143.0866447383
857146.8915443473
857150.6964439562
857151.9647438258
857153.2330436955
857155.8895554225
857157.2777672798
857161.4424028518
857953.8946094053
857963.8150203857
857969.3263598193
857970.428627706
857971.5308955926
858020.3581345744
858050.2438915027
858051.4891313748
858052.7343712468
858053.9796111188
858055.2248509908
858057.7153307348
858058.9605706069
858060.2058104789
858062.6962902229
858065.186769967
858065.186769967
858067.677249711
858068.922489583
858070.167729455
858071.4129693271
858073.9034490711
858077.6391686872
858077.6391686872
858080.1296484312
858081.3748883032
858082.6201281751
858084.7785439533
858085.8577518424
858086.9369597315
858089.0953755096
858090.1745833987
858091.2537912878
858092.3329991768
858093.412207066
858094.491414955
858095.5706228442
858096.6498307332
858097.7290386222
858100.9666622895
858100.9666622895
858103.1250780676
863412.6388003677
863428.8499787016
863480.6704053755
863497.8085956142
863612.066271871
863612.066271871
866232.4660425521
866257.3293319967
866272.3552264523
866309.283506657
866310.1551745674
880385.4473479402
880394.2239830381
880452.1091890888
880452.1091890888
880456.9517885911
880461.9880920735
880468.7677313767
880780.446659343
880803.165369008
880803.8894529336
881043.8564002704
881592.8411518469
881661.444644796
881663.2802206073
881664.198008513
881680.9303427933
881682.0741186758
894545.7063885803
895604.6260917467
895658.6556661937
895676.5825083512
895693.1303626505
895738.4524819924
895739.3564338995
896316.4928305827
896689.3545442608
896705.551886596
896715.6752255557
898442.2648761005
898599.1097559803
899059.7562686361
904528.6007385604
904534.1581979893
904590.9180761557
904590.9180761557
904593.4823478921
904594.7644837603
904594.7644837603
904596.0466196286
904597.3287554968
904598.610891365
904599.8930272332
904601.1751631014
904605.0215707062
904606.3037065744
904607.5858424426
904611.4322500472
904611.4322500472
904612.7143859154
904612.7143859154
904615.278657652
904615.278657652
904616.5607935202
904616.5607935202
904624.2536087295
904624.2536087295
904628.607336282
904630.1431321241
904631.6789279663
904637.8221113349
904637.8221113349
904640.8937030192
904640.8937030192
904642.4294988613
904645.5010905457
904647.0368863879
904647.0368863879
904651.6442739143
904651.6442739143
904653.1800697565
904654.7158655986
904656.2516614407
904657.7874572829
904657.7874572829
904659.3232531251
904660.8590489672
905007.3216773586
905015.3511685333
905044.6650375205
905192.7840142973
905199.0793936502
905421.9957787392
905429.4948899685
905794.4285764615
905818.9182939444
905852.0416745401
905852.0416745401
906859.4776269982
906868.0006021222
909047.9359700732
909055.1998693267
909346.4891473886
909364.9186974944
909388.8734230325
909405.9839412739
909414.5392003945
909792.3265295665
909835.7946250989
909856.6593109545
909980.7359342021
909980.7359342021
909986.0674056541
910010.0590271883
910869.9986228057
910882.0359415686
910975.8440119271
912102.7768721035
912109.7040953916
912179.7695921904
912244.7342175134
912258.7085760771
912346.188983086
912379.2939156836
912418.4082836636
912433.3557741273
912454.404939964
912458.9154755004
912460.4189873459
912476.9576176461
912513.0419019373
912513.0419019373
912524.9131887172
912526.209160584
912545.6487385861
912578.0480352562
912578.0480352562
912581.9359508565
912617.0609392466
912658.6980709672
912687.7767279785
912687.7767279785
912690.7191836761
912692.1904115248
912698.07532292
912702.4890064663
912760.7800684754
912760.7800684754
912765.853267954
912792.4875652166
912810.2437633916
912812.780363131
912817.8535626095
912820.3901623489
912830.8363412751
912832.1645971386
912834.8211088656
912836.1493647291
912838.8058764561
912841.462388183
912861.3862261353
912862.7144819987
912889.2795992685
912901.2339020398
912901.2339020398
912916.5134564695
912916.5134564695
912921.9233319134
912923.7266237282
912925.5299155428
913004.8747553879
913029.4290408642
913031.1631526861
913045.0360472602
913048.5042709038
913048.5042709038
913053.7066063691
913058.9089418344
913060.6430536562
913062.377165478
913135.4635219662
913142.4922092439
913179.3928174513
913182.9071610902
913193.4501920065
913193.4501920065
913219.8077692975
913219.8077692975
913229.9357202566
913273.4637717829
913275.1379276109
913295.2277975461
913295.2277975461
913318.6659791372
913333.7656655852
913342.1595047225
913492.7505132451
913499.115072591
913508.6619116097
913513.4353311191
913522.2765342104
913554.8188028658
913575.1577207755
913581.9373600787
913583.2932879393
913588.7169993818
913594.1407108244
913595.496638685
913598.2084944063
913598.2084944063
913606.482421556
913624.4692197074
913624.4692197074
913638.3052182853
913647.9904172899
913675.6624144459
913691.7813527891
913693.095772654
913694.410192519
913695.7246123839
913707.554391168
913708.868811033
913710.1832308978
913823.2463992775
913970.6459041281
914020.5615749978
914020.5615749978
914024.947586547
914024.947586547
914026.4095903968
914027.8715942465
914029.3335980963
914032.2576057957
914035.1816134952
914036.6436173449
914038.1056211947
914039.5676250444
914041.0296288942
914042.4916327439
914045.4156404433
914045.4156404433
914046.8776442931
914048.3396481428
914049.8016519926
914051.2636558423
914054.1876635418
914054.1876635418
914055.6496673916
914139.9155107309
914139.9155107309
914202.6294802853
914240.8583443562
914485.6955631924
914543.5484852464
914543.5484852464
914599.0031675469
914599.0031675469
914902.4542883589
914955.9627068595
914968.0830416137
914988.2835995376
914996.3638227071
914998.3838784995
915083.0878617937
915097.9200522692
915146.124671315
915146.124671315
915162.8108855999
915187.3282750801
915225.3311511743
915360.8547572455
915362.9255450326
915362.9255450326
915369.1379083941
915369.1379083941
915373.2794839685
915375.3502717557
915379.49184733
915383.6334229043
915383.6334229043
915387.7749984787
915389.8457862658
915393.9873618402
915396.0581496273
915398.1289374145
915398.1289374145
915400.1997252017
915402.2705129889
915406.4120885632
915408.4828763504
915411.9326519958
915413.6575398186
915415.3824276413
915417.1073154641
915420.5570911095
915420.5570911095
915420.5570911095
915422.2819789322
915446.4304084502
915448.155296273
915499.9019309545
915499.9019309545
915635.3379090348
915635.3379090348
915732.7156670265
915838.8377761194
915852.3647707291
915930.2845027207
915947.3489009669
915950.7617806161
915952.4682204408
915954.1746602653
915955.88110009
915959.2939797392
915962.7068593884
915964.413299213
915966.1935310301
915969.7539946642
915973.3144582981
915975.0946901152
915978.6551537493
915980.4353855663
915982.2156173834
915985.7760810175
915991.1167764685
915992.8970082855
915996.4574719196
915998.2377037366
916017.820253724
916019.600485541
916032.0621082602
916033.8423400773
916035.6225718943
916037.4028037114
916039.1830355284
916040.9632673454
916046.3039627965
916049.8644264305
916051.6446582476
916053.4248900646
916056.9853536987
916058.7655855158
916060.5458173328
916062.3260491497
916064.1062809668
916067.6667446009
916083.1400030106
916086.5436586607
916088.2454864859
916091.649142136
916101.8601090866
916196.4153233684
916248.3418260315
916250.2650298339
916327.4699018989
916447.0129296125
916459.6313603157
916484.8682217218
916545.5436874859
916682.5246854072
916685.1719731351
916808.9626524121
916836.6346495681
916843.5526488571
916844.9362487149
916846.3198485727
916849.0870482883
916851.8542480039
916853.2378478617
916853.2378478617
916853.2378478617
916854.6214477195
916857.3886474351
916858.7722472928
916861.5394470084
916864.1959587354
916865.5242145988
916868.1807263258
916870.8372380527
916872.1654939163
916874.8220056433
916876.1502615068
916877.4785173702
916878.8067732337
916882.7915408241
916885.4480525511
916948.867658033
916948.867658033
916958.0270890917
916993.138241483
916994.6648133261
916997.7179570124
917000.7711006985
917005.3508162278
917156.6705206755
917164.2341998981
917192.9761809441
917199.0271243221
917202.0525960112
917206.5908035449
917209.6162752338
917211.1290110784
917214.1544827675
917217.1799544565
917218.692690301
917221.71816199
917263.1708137298
917266.3807653998
917330.9487587636
917333.0472185479
917339.3425979009
917343.5395174696
917343.5395174696
917351.9333566069
917354.0318163912
917356.1302761756
917358.2287359599
917362.4256555286
917364.5241153128
917364.5241153128
917368.7210348814
917375.0164142344
917377.1148740188
917379.2133338031
917383.4102533718
917396.0010120777
917398.0994718621
917400.1979316464
917408.5917707836
917412.7886903523
917412.7886903523
917520.2713393054
917565.7502666311
917568.1438943852
917580.1120331552
917624.2073606232
917629.5618920728
917633.131579706
917633.131579706
917640.2709549721
917663.4739245875
917693.8162694689
917713.2281754739
917739.5857527648
917751.8859555006
917780.0007046111
917781.7578764305
917788.7865637081
917792.3009073469
917794.0580791663
917794.0580791663
917795.8152509857
917799.3295946245
917802.8439382632
917806.4090138968
917806.4090138968
917808.2169177111
917808.2169177111
917810.0248215252
917811.8327253395
917813.6406291536
917813.6406291536
917824.4880520387
917826.295955853
917833.5275711097
917844.3749939948
917853.4145130657
917853.4145130657
917855.22241688
917855.22241688
917858.8382245083
917860.6461283225
917862.4540321367
917862.4540321367
917864.2619359508
917866.0698397651
917867.8777435792
917869.6856473935
917869.6856473935
917871.4935512076
917873.3014550218
917875.109358836
917876.9172626502
917878.7251664643
917882.3409740927
917884.148877907
917884.148877907
917889.5725893495
917893.1883969778
917900.4200122346
917900.4200122346
917900.4200122346
917904.035819863
917931.6155770285
917939.3406762345
917959.4259341701
917960.9709540113
917968.6960532174
917977.9661722647
918021.2590118151
918079.7483898037
918095.2308722124
918096.9511480356
918098.6714238587
918100.391699682
918102.1119755051
918103.8322513284
918103.8322513284
918105.5525271515
918107.2728029748
918108.9930787979
918108.9930787979
918110.5611586368
918110.5611586368
918112.1292384756
918112.1292384756
918115.2653981533
918115.2653981533
918118.401557831
918118.401557831
918119.9696376697
918121.5377175086
918123.1057973475
918132.5142763805
918140.3546755747
918141.9227554135
918177.9885917067
918179.5566715456
918201.5097892893
918216.4065477581
918216.4065477581
918219.0722834842
918225.7366227993
918227.0694906623
918233.7338299773
918235.0666978403
918243.0639050184
918244.3967728814
918284.5903487505
918286.1307565921
918307.6964663757
918309.2368742174
918327.7217683175
918330.8025840009
918338.5046232092
918377.0517152474
918377.0517152474
918378.6290190853
918380.2063229233
918381.7836267612
918389.6701459506
918389.6701459506
918422.7935265462
918422.7935265462
918427.5254380599
918432.2573495735
918432.2573495735
918435.4119572493
918460.6488186555
918483.2291683347
918489.0587357356
918505.090046088
918513.8343971892
918515.2917890394
918516.7491808897
918532.780491242
918535.6952749424
918541.5248423433
918542.9822341935
918556.0987608454
918571.8994712214
918577.6367986317
918622.1010860618
918622.1010860618
918622.1010860618
918623.5354179144
918672.2842529041
918694.809258589
918762.3842756439
918770.1693308437
918770.1693308437
918788.6173289478
918899.5912615419
918908.2157006556
918908.2157006556
918980.6609892099
919018.479385323
919099.0833010386
919100.7390088685
919209.9465456444
919220.438844566
919236.9267428715
919272.9003391742
919272.9003391742
919277.397038712
919309.2659554366
919324.7899458411
919324.7899458411
919326.5148336638
919338.5890484228
919407.0864653828
919433.3471906838
919557.6774739054
919559.7436496931
919617.5965717471
919619.6627475347
919621.7289233224
919633.9276620685
919652.6062601488
919652.6062601488
920226.8509331293
920243.5648194115
920260.2787056937
920333.0837302109
920333.0837302109
920349.3917605347
920398.3158515064
920573.1798135344
920578.5896889783
920583.9995644223
920585.8028562369
920587.6061480517
920591.212731681
920593.0160234956
920594.8193153103
920596.622607125
920598.4258989396
920600.2291907542
920602.0324825689
920603.8357743836
920605.6390661983
920609.2456498275
920611.0489416423
920612.8522334569
920614.6555252715
920618.2621089009
920620.0654007156
920621.8686925302
920625.4752761596
920627.2785679742
920658.7093447439
920658.7093447439
920716.0872308466
920719.8091144641
920719.8091144641
920764.4717178737
920814.558032726
920835.1736706072
920836.548046466
920848.9174291947
920850.2918050534
920857.1636843471
920866.7843153583
920868.6152791701
920875.9391344173
920919.882265901
921000.181789648
921019.4414996685
921038.701209689
921139.5656393225
921146.8341505755
921214.0678796653
921214.0678796653
921220.580022996
921249.8846679841
921675.3969682509
922394.5183823411
922456.5405519666
922646.6471724279
922712.8385896249
922820.9807545103
922822.4104743634
922934.3160308619
922960.3646041848
922961.9926400174
922985.7905575716
923037.237412284
923141.4086455775
923149.2121487755
923155.0647761739
923209.6892985597
923215.5419259582
923240.4052154028
923240.4052154028
923253.0789901002
923257.3035816661
923303.77408889
923318.5601593702
923322.784750936
923322.784750936
923324.897046719
923327.0093425019
923346.020004548
923348.1323003308
923593.7212750898
923628.4219595232
923658.3907324432
923659.9680362811
923690.9883450929
923703.440743813
923713.1259428175
923713.1259428175
923783.1729916183
923793.4669745603
923846.3112651291
923847.976196958
923856.3008561025
923872.9501743913
923887.9345608512
923889.59949268
923897.9241518246
923958.9916375481
923961.3668173039
924099.7175790846
924182.0417706235
924211.1619356306
924236.1220770653
924308.6273216134
924351.9616691596
924355.1716208296
924366.406451675
924369.616403345
924390.4810892006
924392.0860650357
924393.6910408707
924494.5139625083
924494.5139625083
924647.4017467948
924714.8430158633
924745.4897527136
924753.6622158736
924765.9209106137
924813.9272136798
924835.7511954367
924999.440282613
925009.1577656143
925010.5459774716
925014.7106130436
925031.3691553315
925032.7573671888
925153.453394784
925251.5690726998
925251.5690726998
925305.9676071089
925598.52979704
925662.1200465043
926401.9262784687
926973.2884517454
927094.0905553296
927094.0905553296
927107.2347539786
927112.0773534809
927151.2332294566
927203.2658081087
927203.2658081087
927240.3278362995
927250.9169872112
927408.8779709764
927428.243756986
927465.9284051129
927479.5845357095
927479.5845357095
927485.6539270856
927562.7204391649
927621.0115011738
927628.0770844476
927643.1306509005
927643.1306509005
927765.3855343354
927766.7783581922
927784.8850683313
927786.277892188
927800.2061307565
927801.5989546134
927885.2052820206
927885.2052820206
927935.3746128643
927947.753219592
928000.3484621864
928001.7320620442
928051.1911449609
928063.274583719
928100.733243869
928195.9064660874
928197.1932139551
928210.9508085412
928261.2492753715
928261.2492753715
928307.110998658
928392.2392859088
928429.462734083
928430.5188819744
928433.6873256488
928438.9680651061
928449.5295440205
928455.8664313692
928456.9225792608
928514.1851653755
928515.435017247
928532.9329434485
928604.6587600767
928604.6587600767
928616.0319509078
928644.8846199424
928649.6810994494
928723.1271919009
928723.1271919009
928725.382459669
928752.2796409046
928752.2796409046
928772.328002844
928773.282686746
928775.1920545497
928776.1467384516
928779.9654740591
928780.920157961
928782.8295257647
928783.7842096667
928783.7842096667
928785.6935774704
928786.6482613722
928786.6482613722
928788.557629176
928788.557629176
928790.4669969798
928790.4669969798
928791.4216808816
928792.3763647835
928793.3310486854
928793.3310486854
928793.3310486854
928795.2404164892
928795.2404164892
928797.0759923005
928926.4518030036
928991.1719923518
928991.1719923518
929062.3997130311
929072.0849120357
929076.2357116091
929080.3865111825
929083.1537108981
929085.9209106136
929087.3045104714
929167.765454202
929183.3540125998
929272.7437874124
929322.0045543495
929323.06992624
930412.4703342739
930436.6833317854
930663.2247485019
930689.9974057502
930715.7784831006
930715.7784831006
930724.7119261824
930734.6738451585
930747.6243398276
930752.6052993155
930754.5976831109
930770.5367534726
930834.2930349199
930834.2930349199
930959.3335660684
931019.6954158647
931019.6954158647
931060.935915626
931095.8303040396
931095.8303040396
931199.1944374162
931199.1944374162
931231.0033981468
931236.7868455525
931244.4981087599
931257.098091465
931261.544059008
931263.7670427795
931263.7670427795
931562.251040102
932166.2984540194
932274.5559188928
932275.6674107787
932556.9532618687
932572.7493602452
932633.1803900342
932634.1074019389
933396.7568675556
933430.8487680516
933430.8487680516
933529.7669338852
933586.2869880762
933744.1557318507
933768.437909355
933768.437909355
933987.6831428214
933994.6841581019
934112.6960019729
934112.6960019729
934197.8519612207
934198.8619891169
934393.3822931246
934679.2616957426
934722.8450912632
934770.74531834
934771.902930221
934798.5280034846
934799.8424233495
935099.3226125697
935102.052916289
935102.7354922189
935103.4180681487
935104.1006440786
935104.7832200084
935105.4657959383
935106.1483718681
935106.1483718681
935106.830947798
935107.5135237278
935108.1960996577
935108.8786755875
935108.8786755875
935109.5612515173
935110.2438274472
935110.926403377
935111.6089793069
935112.2915552367
935112.9741311666
935112.9741311666
935113.6567070964
935122.6039861768
935151.3459672227
935152.0469911507
935152.7480150786
935231.0689910289
935255.1436285547
935277.4610942609
935277.4610942609
935420.1794195927
935573.205563865
935637.0725333008
935637.0725333008
935665.6023623686
935880.8905002418
935880.8905002418
936467.4907199523
936474.1596712669
936478.60563881
936493.0550333249
936493.0550333249
936495.2780170965
936496.3895089822
936499.7239846395
936499.7239846395
936503.0584602967
936504.1699521826
936508.6159197256
936509.7274116114
936525.6757059722
936550.3729634339
936551.549023313
936555.0772029504
936559.7814424669
936562.1335622251
936570.3659813791
936593.2968430223
936605.6385537538
936633.4074028998
936633.4074028998
936670.7461510622
936849.1613527251
936852.0669124265
936904.3669870512
937143.2224425022
937143.2224425022
937179.4174147821
937190.4769896454
937477.8968001051
937669.4977084128
937670.254076335
937682.3559630912
937780.3978490147
938491.1530959649
938498.6706551922
938498.6706551922
938862.8156897662
939149.0363803491
939178.5070573201
939179.4432932239
939238.2232271826
939239.3070470712
939244.7261465142
940026.2294661931
940123.800928165
940225.145005749
940244.5615237533
940263.9780417578
940279.5112561613
940298.7525181838
940327.9326391846
940329.4684350268
940352.5053726592
940367.8633310806
940375.5423102914
940429.3366727625
940445.7738390731
940476.0377799628
940478.20541974
940518.3067556185
940519.3905755071
940578.5256334294
940999.310634182
941185.3909790571
941185.3909790571
941922.9188832556
941992.1496081402
942194.2289793709
942270.8527394957
942458.0538002556
942503.44971159
942528.377569028
942755.0573457301
942819.616115095
942819.616115095
942914.2266733712
943288.7394828795
943501.23274904
943819.2762363522
943885.255501571
943934.2995045303
943999.8175697966
944001.2057816539
944008.1468409405
944009.5350527979
944015.087900227
944016.4761120845
944017.8643239418
944026.1935950856
944027.581806943
944031.7464425149
944031.7464425149
944037.2992899442
944038.6875018016
944040.0757136589
944044.2403492309
944045.6285610882
944047.0167729455
944049.7931966602
944051.1814085175
944055.3460440894
944056.7342559468
944193.9366298454
944193.9366298454
944195.2187657136
944909.8573162646
944932.894253897
944934.6053057212
944989.3589640937
945107.41692796
945114.4179432404
945124.919466161
945127.2531379212
945128.4199738014
945129.5868096814
945131.9204814415
945134.2541532017
945135.4209890817
945137.7546608419
945138.921496722
945140.088332602
945141.2551684822
945143.5888402424
945147.0893478825
945149.4230196427
945149.4230196427
945150.5898555227
945152.9235272829
945154.090363163
945155.2571990431
945156.4240349231
945159.9245425634
945163.4250502036
945165.7587219637
945166.9255578438
945168.0923937239
945171.5929013641
945174.152561101
945174.152561101
945176.9382088147
945178.3310326715
945179.7238565284
945181.1166803852
945183.9023280989
945185.2951519558
945186.6879758126
945189.4736235263
945192.25927124
945195.0449189537
945196.4377428106
945199.2233905243
945207.5803336654
945213.1516290928
945214.5444529495
945215.9372768064
945220.1157483769
945221.5085722338
945222.9013960906
945225.6870438043
945227.0798676612
945229.8655153749
945232.6511630886
945234.0439869454
945236.8296346591
945238.222458516
945241.0081062297
945243.7937539434
945245.1865778002
945246.5794016571
945247.9722255139
945249.3650493708
945252.1506970845
945513.2913342451
945575.2673838753
945577.3796796582
945584.7727148985
945722.500856743
945724.027428586
945792.0590335939
945818.4396708825
945875.9974249669
945964.4601878749
945973.896338905
945984.9051817736
946006.9182555112
946006.9182555112
946534.554061282
946664.0036639775
946665.3642038376
946697.3207485531
946738.381380333
946890.9002046575
946901.5862075592
946936.6973599506
947009.6822524493
947031.995106156
947041.3759131918
947053.8836559063
947072.6452699781
947082.0260770139
947098.8275912871
947143.185802728
947153.733445644
947163.1142526799
947174.5796835015
947174.5796835015
947208.9759759663
947208.9759759663
947217.4067110999
947221.7604386524
947222.8488705405
947223.9373024286
947226.1141662049
947227.2025980931
947228.2910299812
947229.3794618694
947230.4678937575
947231.5563256457
947232.6447575338
947234.82162131
947234.82162131
947235.9100531981
947277.2704649472
947278.3588968354
947595.3324002576
947677.5182318107
947687.0373988323
947911.3050997825
947911.3050997825
949186.7489566953
949197.9976235392
949217.9030134933
949242.2128629948
949246.8433105189
949379.2538169101
949380.0747528257
949386.6422401507
949732.4407406102
950667.9110524646
950730.5327820285
950750.6042039656
950752.3337037879
950754.0632036101
950769.6287020104
950771.3582018326
950836.9408350922
951006.0213497145
951028.5740273966
951028.5740273966
951948.3450928645
951963.6154232951
951963.6154232951
951994.9493480747
952520.5420380554
952534.1612726556
952541.6142638896
952547.2040073151
952547.2040073151
952551.8621268364
952566.9110812898
952566.9110812898
952707.5401708361
952901.0504469476
952901.0504469476
952903.1904147277
952903.7254066727
952904.2603986176
952905.3303825076
952905.8653744527
952906.9353583427
952907.4703502877
952908.5403341778
952909.0753261228
952910.1453100129
952910.1453100129
952911.2152939028
952911.7502858478
952912.8202697379
952912.8202697379
952913.8902536279
952914.4252455729
952915.495229463
952916.565213353
953015.146703221
953037.039864971
953037.5056769231
953143.1435260657
953221.7827299834
953356.1994561683
953356.7805681087
953703.3861684854
953740.6603486543
953741.1722806017
953745.2677361808
953976.8823523759
954020.5487638881
954037.5116981446
954052.1686326383
954054.2993764193
954057.4954920908
954057.4954920908
954058.2057400178
954058.2057400178
954058.5608639813
954058.9159879448
954059.2711119083
954059.2711119083
954059.9813598352
954060.3364837988
954061.0467317258
954061.4018556894
954088.1745129377
954088.861700867
954545.6064619238
954552.8934211748
954557.2655967254
954559.4147885046
954560.023572442
954582.9544340853
954582.9544340853
954785.1629413028
954798.5561879262
954798.9620438844
954934.9284019101
955031.8080639531
956793.9101108481
956796.0546906277
956797.4844104808
956798.3422423926
956799.2000743045
956814.9269926881
956815.1160846687
956978.0211319255
957002.5385214058
957002.5385214058
957002.8613613726
957002.8613613726
957003.022781356
957003.1842013394
957093.8192160241
957116.6024936825
957116.6024936825
957117.8615695531
957118.2213055162
957118.4011734977
957118.5810414791
957118.7609094607
957119.4803813867
957119.8401173498
957120.3797212943
957121.2790612018
957121.6387971649
957121.8186651465
957121.998533128
957122.8010210455
957123.0223970227
957123.4651489772
957123.6865249545
957125.4575327724
957125.900284727
957126.5644126587
957130.5491802491
957131.8774361126
957132.3201880672
957132.5415640444
957132.7629400216
957132.9843159989
957133.4270679534
957133.6484439307
957133.8698199078
957134.3125718624
957134.5339478396
957134.7553238169
957135.1980757713
957135.1980757713
957135.6408277258
957135.8437557049
957136.046683684
957307.7744860343
957335.0452392315
957339.7771507452
957339.7771507452
957340.644206656
957341.5112625669
957344.5459582551
957346.2800700768
957346.2800700768
957346.7135980322
957347.5806539431
957347.5806539431
957348.0141818986
957348.447709854
957348.8812378094
957349.3147657649
957349.7482937204
957350.1818216759
957350.6153496313
957350.6153496313
957351.0488775867
957351.9159334976
957352.349461453
957352.7829894085
957364.4882442054
957364.4882442054
957365.3460761172
959647.4049495723
959666.3833276217
959666.3833276217
960065.4135266104
960134.1046475504
960134.1046475504
960159.7473649149
960159.7473649149
960163.2340365566
960163.8151484968
960165.5584843176
960165.5584843176
960166.7207081981
960167.3018201385
960167.3018201385
960168.464044019
960169.0451559593
960169.0451559593
960170.2073798398
960170.78849178
960171.3696037204
960171.9507156607
960171.9507156607
960173.1129395412
960173.6940514814
960174.2751634218
960174.8562753621
960175.4373873023
960176.0184992426
960177.1807231231
960177.7618350635
960178.3429470037
960178.924058944
960180.0862828245
960180.6673947647
960181.248506705
960181.8296186454
960182.4107305856
960182.9918425259
960183.5729544661
960184.1540664064
960184.7351783467
960185.8974022273
960185.8974022273
960186.4785141675
960187.3271220803
960189.0243379058
960189.0243379058
960190.7215537314
960190.7215537314
960192.4187695569
960193.2673774697
960194.1159853825
960194.9645932954
960195.8132012081
960205.1478882487
960205.9964961614
960206.8451040742
960207.693711987
960208.5423198998
960209.3909278126
960210.2395357253
960211.0881436381
960211.936751551
960212.7853594638
960213.6339673765
960214.4825752893
960216.1797911149
960217.8770069404
960217.8770069404
960406.4662795576
960482.8456037076
960526.3459832367
960526.3459832367
960536.9997021417
960543.3919334847
960544.4573053753
960545.5226772657
960547.6534210468
960548.7187929372
960549.7841648278
960550.8495367182
960551.9149086088
960552.9802804992
960554.0456523898
960557.2417680613
960558.3071399517
960559.3725118423
960559.3725118423
960560.4378837328
960562.5686275138
960563.6339994043
960563.6339994043
960564.6993712948
960567.8954869664
960568.9608588568
960570.0262307473
960570.0262307473
960573.2223464188
960574.2877183093
960575.3530901999
960576.4184620903
960577.4838339809
960578.1664099107
960579.5315617704
960580.2141377003
960580.8967136301
960582.9444414197
960583.6270173495
960583.6270173495
960584.9921692092
960585.674745139
960586.3573210689
960589.0876247883
961078.2455185137
961355.8971139772
961712.7920852964
961713.4516012287
961894.1774146539
962048.296602814
962089.7630905522
962319.4176069488
962320.5337108341
962445.1960580215
962446.2383699144
962531.9431571058
962599.7303261388
962606.878925404
962626.8950033468
962656.9191202611
962657.9199241583
963517.0570318581
963523.16793123
963610.4730822569
963611.5338421479
963747.4771401759
963782.5929045668
963787.3340400795
963788.3394559762
963789.3448718728
963790.3502877695
963792.3611195629
963793.3665354595
963796.3827831495
963797.3881990461
963798.3936149428
963799.3990308394
963801.4098626329
963802.4152785295
963803.4206944262
963804.4261103228
963805.4315262195
963806.4369421161
963808.4477739095
963809.4531898062
963810.4586057029
963812.4694374962
963813.4748533928
963815.4856851861
964630.8226333876
965298.3634447793
965787.0140185569
965829.0754542339
965829.0754542339
965831.2892140064
965832.3960938926
965835.7167335514
965836.8236134376
965840.1442530963
965841.2511329826
965842.3580128688
965843.464892755
965844.5717726413
965846.7855324137
965849.1837721673
965849.1837721673
965851.5820119207
965853.9802516743
965855.179371551
965856.3784914277
965858.7767311813
965859.975851058
965862.3740908116
965867.1705703186
965909.1397660051
965909.1397660051
966040.4895125052
966097.9873105957
966098.9604424956
966567.1798583731
967112.0138103764
967715.1296003894
967731.4560787114
967736.8982381521
967932.2579260735
967932.2579260735
967937.1466455711
967937.1466455711
967938.1243894706
967939.1021333701
967940.0798772696
967941.0576211691
967943.0131089682
967944.9685967672
967944.9685967672
967945.9463406666
967945.9463406666
967947.9018284656
967947.9018284656
967948.8795723652
967949.8573162646
967950.8350601642
967951.8128040637
967952.7905479632
967953.7682918628
968327.3402534678
969541.0663327237
969558.1122829719
969612.2433214084
969613.0135253292
969617.6347488542
969618.4049527751
970435.5451927913
970467.5109615058
970857.3909534347
970905.7800524614
970905.7800524614
971044.988646154
972669.6623311735
972693.1005127646
972711.525450871
972735.5447444024
972780.4194997902
972782.0336996242
972788.4904989606
972804.6324973016
972807.8608969698
972913.3557741274
972913.3557741274
972994.8774777487
973966.856377851
973977.1872567892
974400.2183013109
974740.5192983355
975160.2481511967
975332.2895695147
975440.168850427
975440.168850427
975461.9282641907
975489.2774213798
975502.264812045
976118.5386367057
976139.9844345016
976242.8965919245
976243.883559823
976255.7271746058
976255.7271746058
977284.147724907
977298.2189354609
977345.1229706402
977345.1229706402
977453.2512995269
978775.3132476484
978782.4480109151
978783.4672628103
978784.4865147056
978786.5250184961
978787.5442703913
978788.5635222865
978789.5827741817
978790.602026077
978792.6405298675
978793.6597817627
978795.6982855533
978796.7175374485
978799.7752931342
980440.6094244929
982835.9989623001
982868.126150998
982869.2238068853
982870.3214627724
982879.10270987
982932.4220363899
983916.5443312441
984835.3929968068
985143.3915491514
985169.2233584966
986245.4887918803
986266.8930816804
986359.6034961519
986361.1070079973
986361.1070079973
986368.6245672246
986371.6315909156
986939.4609725554
986993.8779549625
987083.4383737578
987090.0058610827
987414.5476557271
987414.5476557271
987945.8638371195
987945.8638371195
988357.7015587918
988488.7376893241
988508.3156273119
988605.3428733398
988605.3428733398
988789.1956224438
988867.585778387
988868.7433902681
989103.6601981238
989177.6966265144
989178.7066544107
989970.6192570196
990191.1143423576
990234.7623058716
990428.097326001
990428.097326001
990441.4905726245
990550.1308334587
990580.5423583331
990666.5377014948
990666.5377014948
990749.8304129341
990772.8765745654
991131.3811337192
991132.6263735913
992124.7504876228
992195.747608326
992319.8841875674
992466.0661245432
994962.3293159828
995265.6697488062
995265.6697488062
995703.4868638082
995712.7016388612
995714.2374347034
995717.3090263876
995718.8448222298
995721.9164139142
995724.9880055984
995728.0595972828
995732.6669848092
995734.2027806514
995735.7385764936
995738.8101681778
995740.34596402
995743.4175557042
995744.9533515464
995746.4891473886
995749.560739073
995751.096534915
995752.6323307572
995755.7039224416
995758.7755141258
996294.2840030876
996350.0799733528
998127.807474642
998184.2814088378
998246.8201224102
998301.610676779
998350.6454557392
998391.4524275452
998434.5285031179
998477.7060426802
998517.0832946331
998550.2896912203
998586.5215594964
998635.4179784709
998666.1615673112
998699.331067902
999658.3963693315
1000181.2218595967
1000365.1115046969
1000365.1115046969
1000714.4704687905
1000724.9858277098
1000738.1300263589
1000768.1587552726
1000817.6178381894
1001155.8388234277
1001155.8388234277
1001240.6304347131
1001254.7616012606
1001254.7616012606
1001542.416623696
1001542.416623696
1001559.1028379811
1001731.8637282251
1004195.8152509857
1005007.757767536
1005022.1010860618
1005023.5354179144
1005029.2727453246
1005030.7070771772
1005032.1414090298
1005033.5757408824
1005037.8787364402
1005040.7474001454
1005042.1817319979
1005043.6160638506
1005045.6637916401
1005047.7115194297
1005047.7115194297
1005051.8069750087
1005051.8069750087
1005057.9501583774
1005057.9501583774
1005062.0456139564
1005064.093341746
1005066.1410695355
1005177.5485300854
1005258.7197217428
1005260.5645215531
1005264.2541211739
1005266.0989209843
1005269.7885206051
1005271.6333204155
1005275.3229200363
1005277.1677198466
1005278.8926076693
1005282.3423833147
1005965.942177056
1005988.6701107201
1006084.3598768852
1006084.3598768852
1006089.9634563093
1006097.4348955414
1006101.1706151575
1006305.4591341611
1006330.709831566
1006520.613524048
1006520.613524048
1006587.1600652086
1006605.14686336
1006665.850001121
1006665.850001121
1006670.0284726915
1006671.4212965484
1006672.8141204052
1006674.2069442621
1006883.6931867315
1006890.7772180035
1006897.8612492754
1006899.6322570934
1006903.1742727293
1006908.4872961832
1006915.5713274552
1006917.3423352732
1006919.1133430912
1006922.6876427238
1006924.4909345384
1008038.0305480913
1008038.0305480913
1008042.7071156106
1008850.5080565867
1009006.6611365376
1009008.2937843698
1009014.8243756986
1009018.0066553715
1009461.8424297551
1009477.5001681459
1009479.7369879159
1009481.9738076861
1009486.4474472263
1009486.4474472263
1009490.9210867665
1009493.1579065366
1009495.3947263067
1009502.105185617
1009504.3420053871
1009508.2437569861
1009510.1946327855
1009512.145508585
1009516.0472601841
1009517.9981359835
1009519.949011783
1009523.850763382
1009525.8016391814
1009527.752514981
1009529.7033907805
1009531.65426658
1009535.5560181789
1009537.5068939785
1009539.457769778
1009541.4086455775
1009543.3595213769
1009545.3103971764
1009547.261272976
1009549.2121487755
1009551.1630245749
1009555.0647761739
1009557.0156519734
1009558.9665277728
1009560.9174035724
1009562.8682793719
1009564.8191551714
1009566.7700309708
1009568.7209067703
1009572.6226583694
1009576.5244099683
1009580.4261615673
1009582.3770373669
1009586.2787889658
1009594.0822921637
1009594.0822921637
1009597.9840437628
1009599.9349195622
1009601.8857953617
1009605.7875469608
1009607.7384227602
1009609.6892985597
1009613.5910501587
1009619.4436775572
1009623.5068491396
1009625.6191449225
1009627.7314407054
1009631.9560322711
1009634.0683280542
1009638.2929196199
1009640.4052154028
1009644.6298069686
1009653.0789901002
1009659.415877449
1009661.5281732319
1009663.6404690148
1009667.8650605805
1009669.9773563634
1009672.0896521463
1009676.3142437121
1009678.4265394951
1009680.538835278
1009684.7634268438
1009686.8757226267
1009688.9880184096
1009693.2126099754
1009695.3249057583
1009697.4372015411
1009701.661793107
1009703.77408889
1009707.9986804557
1009710.1109762386
1009718.5601593702
1010654.8421831413
1010667.3222538586
1010671.482277431
1010671.482277431
1010675.6423010034
1010675.6423010034
1010677.7223127896
1010679.8023245758
1010681.8823363621
1010683.9623481483
1010686.0423599345
1010688.1223717207
1010690.202383507
1010690.202383507
1010694.3624070794
1010694.3624070794
1010698.5224306518
1010698.5224306518
1010702.2074182732
1010702.2074182732
1010705.4173699432
1010707.0223457783
1010708.6273216134
1010710.2322974484
1010711.8372732834
1010713.4422491185
1010715.0472249535
1010715.0472249535
1010718.2571766236
1010718.2571766236
1010719.8621524586
1010721.4671282937
1010723.0721041288
1010723.0721041288
1010726.2820557988
1010726.2820557988
1010727.8870316339
1010729.492007469
1010731.096983304
1010734.306934974
1010737.5168866442
1010739.1218624791
1010740.7268383142
1010742.3318141493
1010743.9367899843
1010747.1467416544
1010747.1467416544
1010750.3566933245
1010750.3566933245
1010753.5666449945
1010753.5666449945
1010756.7765966647
1010756.7765966647
1010758.3815724998
1010758.3815724998
1010761.5915241698
1010763.1965000049
1010763.1965000049
1010766.406451675
1010766.406451675
1010768.01142751
1010769.616403345
1010771.2213791801
1010771.2213791801
1010774.4313308501
1010776.0363066852
1010777.6412825203
1010777.6412825203
1010780.8512341903
1010782.4562100254
1010784.0611858604
1010784.0611858604
1010785.6661616955
1010787.2711375306
1010788.8761133655
1010788.8761133655
1010790.4810892006
1010792.0860650357
1010793.6910408707
1010795.2960167057
1010796.9009925408
1010796.9009925408
1010798.3168763953
1010799.7327602498
1010801.1486441043
1010803.9804118131
1010805.3962956676
1010806.8121795221
1010809.6439472311
1010809.6439472311
1010811.0598310855
1010812.47571494
1010813.8915987945
1010815.307482649
1010816.7233665035
1010816.7233665035
1010820.9710180669
1010822.3869019214
1010822.3869019214
1010825.2186696304
1010826.6345534849
1010828.0504373392
1010828.0504373392
1010830.8822050482
1010830.8822050482
1010832.2980889027
1010836.5457404662
1010836.5457404662
1010837.9616243206
1010840.7933920296
1010840.7933920296
1010843.6251597386
1010843.6251597386
1010846.4569274475
1010846.4569274475
1010849.2886951565
1010849.2886951565
1010852.1204628655
1010852.1204628655
1010854.9522305743
1010854.9522305743
1010856.3681144288
1010857.7839982833
1010859.1998821378
1010859.1998821378
1010862.0316498468
1010862.0316498468
1010867.6951852647
1010869.1110691192
1010870.5269529737
1010871.9428368282
1010873.3587206826
1010874.7746045371
1010876.1904883916
1010877.606372246
1010877.606372246
1010879.0222561006
1010880.438139955
1010883.2606836648
1010883.2606836648
1010886.0740033757
1010886.0740033757
1010888.8873230866
1010888.8873230866
1010891.7006427974
1010893.1073026528
1010894.5139625083
1010895.9206223637
1010904.3605814963
1010912.8005406288
1011212.36835784
1011245.1043304754
1011246.6631863152
1011684.2081933452
1011695.087900227
1011713.0839223776
1011714.3107142515
1013311.5061060953
1013985.6835848048
1013996.2819597155
1013998.048355534
1014028.0770844476
1014028.0770844476
1014344.377235939
1014380.9780641773
1014444.623657636
1014446.0072574937
1014452.3994888368
1014454.8161765883
1014584.3257352776
1014595.9064660874
1014597.1932139551
1014597.1932139551
1014602.3171454285
1014604.2357372313
1014605.1950331327
1014614.7879921468
1015710.285463554
1015711.3508354444
1015728.3967856924
1017988.1335814418
1018001.6375160539
1018345.4159607211
1018346.8364565751
1022258.8082465114
1022577.5804297486
1022582.1232492818
1022589.3917605347
1022589.3917605347
1022591.208888348
1022591.208888348
1022593.0260161612
1022593.0260161612
1022856.3758010947
1022922.1475263349
1022922.1475263349
1023817.9223582691
1023830.5776849685
1023832.6807567523
1023894.924302355
1023895.7636862688
1023920.9452036807
1024296.8508370458
1025651.2290658458
1025701.5459806744
1025702.3300205938
1025721.1469786599
1025735.9468851388
1025737.2428570056
1025738.5388288724
1025739.8348007392
1025746.3146600731
1025821.3288323635
1025821.3288323635
1026135.175400107
1027421.5404718972
1028892.6115127038
1028976.9880440319
1029317.215249064
1029390.0479455785
1029399.6685765897
1029410.6635834596
1029465.7031858027
1029466.8930816804
1029506.1596456447
1029506.1596456447
1029517.8833484398
1029717.8780958848
1029726.8438229633
1029756.3144999343
1029757.4628878162
1029772.3919302819
1030147.00620378
1030634.9557536296
1030658.292471231
1030883.6993360642
1030884.7785439533
1030894.491414955
1031513.2511073604
1031606.1875098085
1031793.5961105471
1031795.1503543872
1031834.6060103322
1031955.2005739377
1031969.9866444181
1031972.098940201
1032153.032293605
1032154.5588654481
1032160.8819167982
1032895.9977452446
1032900.7942247516
1032915.9861511902
1032917.6741430168
1032924.4261103228
1032926.1141021494
1032929.4900858024
1032937.930044935
1033408.2571445958
1033412.5324681564
1033468.4760224066
1033468.4760224066
1033473.6875818709
1033487.2376364783
1035689.9516700883
1035737.446041207
1035737.446041207
1035749.9445599223
1035752.4442636655
1035753.694115537
1035756.1938192801
1035757.4436711516
1035758.6935230232
1035759.9433748947
1035809.6284457883
1035949.8609033754
1035949.8609033754
1036293.2334920844
1036305.8150267913
1036306.9588026737
1036310.390130321
1036312.6776820859
1036313.8214579684
1036314.9652338509
1036318.3965614982
1036321.8278891455
1037168.4757021288
1038391.3058684492
1038731.1318295226
1038737.8837968286
1038738.7277927418
1038739.5717886551
1038739.5717886551
1038741.2597804817
1038742.1037763949
1038743.7917682214
1038743.7917682214
1038745.479760048
1038746.3237559611
1038747.1677518744
1038748.0117477877
1038748.855743701
1038751.3877314407
1038752.231727354
1038754.7637150937
1038755.607711007
1038755.607711007
1038757.2957028336
1038758.1396987467
1038758.1396987467
1038760.6716864866
1038761.5156823997
1038763.2036742263
1038764.8916660529
1038765.735661966
1038766.5796578793
1038767.4236537926
1038769.111645619
1038769.9556415323
1038770.7996374456
1038771.9710853252
1038772.556809265
1038774.3139810844
1038775.485428964
1038776.0711529038
1038776.6568768437
1038777.2426007834
1038777.8283247232
1038778.414048663
1038779.5854965426
1038795.4000429172
1038795.4000429172
1038906.0188515481
1039576.6081946263
1039966.3774985668
1039966.949386508
1039968.0931623904
1039976.6714815088
1039978.3871453324
1039979.530921215
1039981.2465850386
1039981.8184729798
1039982.9622488623
1039984.1060247447
1039984.6779126859
1039985.8216885683
1039986.3935765096
1039987.537352392
1039989.151552226
1039990.4429120934
1039990.7657520602
1039991.4114319938
1039991.4114319938
1039995.9311915293
1039996.5768714629
1039996.8997114297
1039997.2225513966
1040400.3435939647
1040431.6313987491
1040431.6313987491
1041968.0083528436
1042072.8990580632
1042072.8990580632
1042453.0431189928
1047260.997280842
1047269.7139599461
1047271.4572957669
1047271.4572957669
1047272.3289636774
1047288.0189860647
1047288.0189860647
1047293.2489935273
1047298.4790009897
1047298.4790009897
1047299.2492049106
1047300.0194088314
1047357.6048349128
1047443.9414660393
1047444.8638659446
1047522.8988979242
1047524.3747377726
1047548.1357593305
1047548.5785112849
1048011.0237037558
1048033.225869474
1048042.4129725298
1048042.4129725298
1048045.475340215
1048046.2409321363
1048047.0065240577
1048047.7951759767
1048048.5838278956
1048048.5838278956
1048050.1611317334
1048050.1611317334
1048051.7384355714
1048052.5270874903
1048052.5270874903
1048053.3157394093
1048185.2004778543
1048261.7135499906
1048261.7135499906
1049669.3327013184
1049691.3688350539
1049695.0584346745
1049754.2765085883
1049754.2765085883
1049760.5119319474
1050447.238661367
1050561.8053415923
1050624.0996191897
1050624.0996191897
1051025.177545968
1051795.9671907478
1052106.9035867904
1052161.3251811971
1052277.9626492094
1052277.9626492094
1052386.0863660967
1052420.1782665928
1052420.1782665928
1056020.7155645376
1056023.0261763001
1056023.796380221
1056024.5665841417
1056024.5665841417
1056026.5036239426
1056026.5036239426
1056027.472143843
1056029.409183644
1056030.3777035445
1056031.346223445
1056138.71357241
1056169.6093572346
1056169.6093572346
1056320.3802337388
1056946.5975293773
1056981.9300577461
1057011.5021987068
1057011.5021987068
1061612.2069378565
1061916.4328745888
1061994.5785945572
1061995.9806424133
1062292.223207966
1062298.5047513205
1062339.46853111
1062339.46853111
1062392.7002296392
1062410.1843198421
1062414.2982234193
1062837.9011558823
1063798.4607451584
1064626.014880104
1064664.0408161958
1064679.5371346031
1064681.7508943756
1064682.8577742619
1064683.964654148
1064685.0715340343
1064713.8504110763
1064714.9572909626
1065275.425921359
1065384.5273821459
1065384.5273821459
1070401.6449464974
1070474.98496296
1070848.9720045223
1070850.4293963725
1074529.7996022152
1074691.8744895572
1074691.8744895572
1074929.1987611656
1075203.3636849876
1075204.2491888965
1075304.5325065898
1075348.420294079
1075440.7709725874
1075454.3210271948
1075455.3633390877
1075490.8203914436
1076089.439481919
1076179.7424326376
1076236.05494685
1077305.2594089597
1078894.752761595
1082592.3265295664
1083859.2520233546
1084101.4742384597
1084268.0458253396
1085261.9224991912
1085261.9224991912
1086640.550621499
1086724.9871088208
1086726.3707086786
1086736.0559076832
1086740.2067072566
1086742.9739069722
1086745.7411066878
1087737.7822047279
1087753.942651067
1087864.5476236993
1087866.4016475086
1093802.3217574279
1093823.7214352286
1093847.2610808092
1093872.9406941698
1093894.3403719706
1093919.5772333767
1093935.931383696
1093959.5540452679
1093997.713729346
1094018.9519871632
1094046.6285963187
1094075.9332413068
1096952.391225671
1096977.881747051
1096979.961758837
1096982.0417706233
1097147.1467416543
1097147.1467416543
1098790.8080287224
1098812.1154665325
1098813.5359623865
1099255.5961169526
1099268.611179615
1099270.419083429
1099272.2269872434
1099274.0348910575
1099277.6506986858
1099279.4586025001
1099283.0744101284
1099284.8823139425
1099286.690217757
1099290.3060253852
1099292.1139291993
1099295.7297368278
1099295.7297368278
1099299.345544456
1099301.1534482704
1099304.7692558987
1099306.5771597128
1099308.3850635272
1099312.0008711554
1099313.8087749695
1099313.8087749695
1099317.424582598
1099321.0403902263
1099322.8482940407
1099324.6561978548
1099326.464101669
1099328.272005483
1099330.0799092974
1099331.8878131115
1099380.6274241023
1099388.490883294
1099401.0724180008
1099402.6451098393
1099586.4010069533
1099615.6180239504
1099651.0750763062
1099665.6674428065
1099699.9207632858
1099728.8841203093
1099728.8841203093
1099819.1962950272
1099824.430914489
1099825.4778383814
1099832.8063056283
1099833.8532295206
1100275.0324921773
1100285.6539270857
1100287.1712749298
1100288.6886227736
1100309.9314925903
1100309.9314925903
1101700.5323656674
1101719.9719436695
1101851.2617341757
1101851.2617341757
1102658.6429831951
1102729.9306598683
1102767.0341960548
1102816.645474956
1102816.645474956
1102860.4041264583
1102861.6539783299
1106438.7208106872
1106460.3972084592
1106725.8223931794
1106725.8223931794
1109129.0661661793
1109193.9985075057
1109227.8828680231
1109228.9759119109
1109255.2643092088
1109990.4769896455
1110045.59960798
1110045.59960798
1113956.3353820432
1113969.6732846724
1113990.1505625679
1113994.9101460788
1113998.4798337119
1114178.827463176
1114178.827463176
1115116.179470837
1115154.643546884
1115424.8698231108
1115455.5119479613
1115458.6803916357
1115459.736539527
1115462.9049832015
1115466.0734268758
1115468.1857226586
1115469.2418705502
1115474.5226100076
1115475.5787578989
1115476.6349057904
1115478.7472015733
1115482.9717931391
1115485.084088922
1115487.196384705
1115489.3086804878
1115492.477124162
1115494.589419945
1115497.7578636194
1115499.8701594023
1115501.9824551851
1115506.207046751
1115509.3754904254
1115513.6000819912
1115517.3496376057
1115518.6963414673
1115525.4298607751
1115526.7765646367
1115528.1232684983
1115529.46997236
1115530.8166762216
1115532.1633800832
1115536.203491668
1115537.5501955296
1115544.2837148374
1115545.630418699
1115548.3238264222
1115549.6705302838
1115551.0172341454
1115552.363938007
1115555.0573457303
1115560.4441611764
1115561.790865038
1115564.4842727613
1115571.2177920693
1115572.564495931
1115576.6046075155
1115579.2980152387
1115580.6447191003
1115587.3782384084
1115588.72494227
1115590.0716461316
1115592.7650538546
1115595.458461578
1115599.9321011181
1115601.7215569343
1115602.6162848424
1115607.9846522906
1115608.8793801987
1115610.6688360148
1115613.3530197388
1115615.142475555
1115616.037203463
1115616.931931371
1115618.721387187
1115623.1950267274
1115624.0897546352
1115625.8792104514
1115626.7739383595
1115628.5633941756
1115632.1423058077
1115633.0370337158
1115634.826489532
1115635.72121744
1115637.510673256
1115641.9843127963
1115642.879040704
1115645.5632244283
1115649.9446239779
1115650.7471118954
1115652.3520877305
1115653.154575648
1115654.759551483
1115657.969503153
1115658.7719910706
1115660.3769669058
1115665.9943823284
1115666.7968702458
1115667.5993581633
1115669.2043339985
1115671.611797751
1115672.4142856686
1115674.0192615036
1115674.821749421
1115678.0317010912
1115678.8341890087
1115679.6366769262
1115681.2416527614
1115686.0565802664
1115686.859068184
1115687.6615561014
1115689.2665319366
1115690.8715077715
1115694.8839473592
1115697.2914111116
1115699.283794907
1115701.276178702
1115711.2380976782
1115713.2304814735
1115714.226673371
1115716.2190571663
1115717.215249064
1115719.207632859
1115723.1924004497
1115725.1847842447
1115726.1809761424
1115727.17716804
1115730.1657437328
1115731.1619356305
1115732.1581275281
1115735.146703221
1115736.1428951186
1115740.127662709
1115741.1238546066
1115742.1200465043
1115743.1162384017
1115744.1124302994
1115749.0933897875
1115757.0629249685
1115759.811676686
1115763.9348042624
1115766.6835559797
1115769.4323076971
1115772.1810594148
1115774.9298111321
1115779.0529387086
1115781.801690426
1115785.9248180022
1115788.6735697198
1115791.4223214372
1115794.1710731545
1115799.6685765896
1115801.0429524484
1115806.5404558834
1115809.2892076008
1115810.6635834596
1115812.0379593184
1115816.1610868946
1115820.2842144708
1115838.1511006346
1115839.5254764932
1115841.9052682486
1115843.0951641263
1115845.4749558817
1115850.2345393924
1115851.4244352703
1115852.6143311479
1115857.3739146588
1115871.652665191
1115872.842561069
1115874.0324569466
1115876.412248702
1115879.981936335
1115881.171832213
1115883.5516239682
1115884.741519846
1115887.1213116015
1115893.0707909898
1115895.4505827453
1115897.8303745007
1115910.9192291554
1115912.3120530122
1115913.7048768692
1115916.4905245828
1115917.8833484396
1115919.2761722966
1115923.454643867
1115926.2402915808
1115927.6331154376
1115934.5972347218
1115937.3828824356
1115940.1685301492
1115941.5613540062
1115945.7398255765
1115949.9182971471
1115954.0967687177
1115955.4895925745
1115958.2752402883
1115959.6680641451
1115963.8465357157
1115968.025007286
1115979.167598141
1115980.560421998
1115981.9532458547
1115987.524541282
1115988.917365139
1115990.3101889957
1115991.7030128527
1115995.835364428
1115997.1820682897
1115999.875476013
1116002.5688837362
1116003.9155875975
1116006.6089953207
1116009.302403044
1116011.9958107672
1116013.3425146288
1116017.3826262136
1116018.7293300752
1116022.7694416598
1116025.462849383
1119624.362887496
1119706.1659230883
1119706.1659230883
1124961.2211549857
1125888.1131477216
1125940.214906367
1126000.4752921734
1126018.7388102964
1126020.26077014
1129267.4866203973
1129286.179054476
1129286.179054476
1131579.0069468243
1131584.5228982572
1131593.857585298
1131593.857585298
1131595.1304971671
1131598.2205368495
1131600.6925685955
1131603.7826082779
1131606.8726479602
1131608.1086638332
1132877.2525293934
1140991.2724314525
1141000.5471624993
1141000.5471624993
1144109.265442992
1144231.1698144632
1144232.1890663584
1145001.2538233155
1145091.8473300047
1145134.3930256318
1147905.7619887968
1148128.44316191
1148285.7354057438
1148285.7354057438
1149342.344497148
1149725.2880417898
1150243.2893805509
1150843.1490988987
1150883.3426747676
1150953.3897235685
1150953.3897235685
1153564.15041524
1159043.8423080496
1159071.8325331726
1159116.001652633
1159129.5332592423
1159143.0648658515
1159552.8133517385
1159554.948707519
1159595.7326193275
1159596.885619209
1159600.3446188534
1159604.9566183793
1159608.4156180238
1159613.02761755
1159615.3336173128
1159621.0986167204
1159623.4046164835
1161981.916606081
1161992.6164449812
1162235.0692600624
1162255.5419259581
1162258.793385624
1162259.8772055127
1162262.0448452898
1162276.1345038416
1162487.7330420942
1162639.1357625334
1162861.083627722
1162898.1318199143
1162917.9541938768
1163016.2958597695
1163016.2958597695
1163058.265055456
1163203.7459685039
1163212.2689436278
1163217.1392151273
1163220.7919187518
1163225.6621902513
1163230.5324617508
1163234.1851653755
1163239.0554368747
1163247.578411999
1163251.2311156234
1163256.1013871229
1163267.6959539314
1163273.8022413037
1163284.4882442055
1163295.1742471072
1163318.0728247538
1163321.12596844
1163328.7588276553
1163331.8119713417
1163336.391686871
1163339.444830557
1163344.0245460866
1163347.0776897727
1163350.1308334589
1163353.0271691612
1163355.9235048634
1163358.8198405658
1163361.7161762682
1163363.1643441194
1163367.5088476727
1163368.957015524
1163371.8533512263
1163377.6460226309
1163379.094190482
1163387.783197589
1163389.2313654402
1163409.5057153564
1163418.1947224634
1163422.539226017
1163426.8837295703
1163431.228233124
1163432.676400975
1163435.5727366772
1163439.972584225
1163441.4484240734
1163445.8759436184
1163448.827623315
1163450.3034631633
1163451.7793030117
1163459.1585022532
1163462.1101819498
1167978.0878778074
1170922.0332512355
1170956.3695877064
1171241.4926224023
1171241.4926224023
1171451.2555848432
1171462.4350716942
1171886.3055001297
1172222.4925935771
1172246.7701590818
1172284.9206191609
1172286.6547309826
1173511.841629061
1173511.841629061
1174925.0781958115
1174955.7433806597
1174957.6758084612
1178396.4564470309
1178426.4344439497
1178528.2397214863
1178528.2397214863
1178538.5890484226
1178545.4885997137
1178559.2877022952
1180780.3528820192
1181237.651083019
1181250.057361744
1181257.501128979
1181264.944896214
1181282.3136864288
1181289.7574536637
1181399.237098412
1181399.237098412
1183473.562289217
1183503.8123941082
1183503.8123941082
1184186.9463758972
1184188.3345877544
1184196.6638588984
1184207.769553757
1184209.1577656143
1184242.47485019
1184287.0313776105
1184900.9899785095
1184912.095673368
1184913.4838852254
1184924.589580084
1184925.9777919413
1185623.7917682214
1185635.7183989957
1185637.7061707913
1185639.693942587
1185659.571660544
1185659.571660544
1186186.2481704133
1186219.1962950272
1186219.1962950272
1186299.6249547608
1186303.0839544053
1186303.7757543342
1188532.6582732545
1191460.106524378
1191464.552491921
1191467.8869675782
1191468.9984594642
1191471.2214432356
1191474.5559188928
1191476.7789026643
1191527.4509414565
1191547.2733154192
1191564.263921673
1191565.6798055274
1191574.1751086542
1191615.1112164469
1191624.731847458
1191638.4756060455
1191643.9731094805
1191685.204385243
1191686.5787611017
1191692.0762645367
1191697.3385559956
1191709.0023027968
1191738.8096557334
1191741.401599467
1191745.2895150674
1191764.7290930694
1191766.0250649361
1191768.6170086698
1194517.9313901013
1201763.7792773894
1201780.2902356924
1201781.9413315228
1201783.5924273531
1201783.5924273531
1201785.2435231833
1201786.8946190136
1201788.545714844
1201790.1968106744
1201791.8479065045
1201793.499002335
1201795.1500981653
1201796.8011939954
1201798.4522898258
1201800.1033856561
1201801.7544814865
1201803.4055773166
1201808.3588648075
1201808.3588648075
1201811.6610564683
1201813.3121522986
1201814.9632481288
1202775.324521425
1203309.4171265322
1203315.4819059088
1203327.6114646622
1203368.2939124808
1203372.1403200857
1203399.0651733184
1203399.0651733184
1205044.8203081712
1205068.8027057066
1205137.7244266227
1205158.1694205215
1205166.0328797132
1205191.195949127
1205218.0977423622
1205261.4182539098
1205261.4182539098
1205268.4054331917
1205269.802869048
1205272.5977407608
