8240.928293015704
102995.59771834135
103038.12035397097
103038.89516989133
122826.86361612791
183891.93265199583
183899.32107523645
183987.1243222122
183988.28654609277
183995.25988937606
202031.0835956942
202037.21755506378
213019.64289031448
213062.1101819498
213062.1101819498
213069.48938119138
213070.9652210397
213072.441060888
213073.91690073634
213075.39274058465
213076.86858043296
213076.86858043296
213079.82026012958
213081.29609997792
213082.77193982623
213082.77193982623
213085.72361952285
213087.1994593712
213087.1994593712
213088.6752992195
213091.62697891612
213091.62697891612
213093.10281876443
213094.57865861277
213096.05449846108
222026.58740860075
222108.62104416953
222528.58510900653
222528.58510900653
240946.2408680808
240983.81482821904
240989.65361961894
240991.5998834189
240994.51927911886
240995.49241101884
240997.4386748188
240998.4118067188
241001.33120241875
241096.48136463942
241097.30230055505
276074.591405667
276092.9932837757
276096.27241543867
276097.36545932636
276100.64459098934
276100.64459098934
276103.9237226523
276105.01676653995
276106.10981042765
276107.2028543153
276109.3889420906
276110.48198597826
276110.48198597826
276112.6680737536
276113.76111764123
276114.8541615289
276117.0402493042
276119.22633707954
276119.22633707954
276122.5054687425
276123.59851263015
276633.89320018317
276650.01675052603
308042.7906440465
338158.4373008273
338172.18105941475
338176.30418699095
338177.6785628497
338180.4273145672
338181.80169042596
338183.1760662847
338184.55044214346
338185.9248180022
338187.2991938609
338187.2991938609
338188.67356971966
338190.0479455784
338191.42232143716
338192.7966972959
338192.7966972959
338194.17107315466
338195.5454490134
338199.6685765896
338201.04295244836
338202.4173283071
338203.79170416587
357049.5101992448
357056.9678024783
357100.34365802025
357100.34365802025
357109.1525771149
359491.0658523071
400224.969749767
400233.5757408825
400235.0100727351
400236.4444045877
400239.3130682928
400240.7474001454
400408.910126862
400410.7549266724
400412.5997264828
414648.8276233149
414665.7259895781
414673.1190248183
414680.5120600585
414683.6805037328
415113.9938955062
415693.93438790116
415694.97669979406
437023.5743636882
437026.4522513924
439353.408940233
446774.67884149135
446785.8214323461
446834.57026733586
446834.57026733586
446841.5343866201
471318.3105989514
490970.1328191808
491162.8682793719
491164.81915517134
491172.6226583693
590598.4773996009
590603.9287830406
590667.4683005102
590667.4683005102
590691.3769060529
591492.4627757191
640842.0245396808
646050.0097044157
646056.720163726
646060.7464393121
646064.7727148983
657867.0501458865
658956.035473963
677534.2948925308
1033883.7589077249
1107746.8960282358
