2706.708729810491
2742.557802126003
2991.3982365507363
2991.896332499543
6140.669828875601
6165.081142366661
6165.081142366661
6166.713790198861
6166.985898170895
6167.590070108799
6168.586262006413
6169.250389938155
6169.582453904027
6170.246581835769
6171.242773733383
6171.574837699253
6172.238965630996
6172.571029596867
6173.899285460352
6174.895477357965
6175.227541323837
6176.223733221451
6176.555797187321
6176.887861153193
6177.219925119064
6178.216117016677
8261.751470875543
8289.192868055175
8299.108667036053
8355.720961217567
8355.720961217567
8365.76589618517
8369.672259783685
8379.431250780677
12714.812269199849
12739.647886647299
12740.215162588996
16512.91840283894
16522.880321815075
16523.502941751085
16524.125561687095
16525.37080155911
16525.99342149512
16526.616041431127
16528.483901239153
16529.106521175163
16529.72914111117
16530.97438098319
16532.219620855205
16532.219620855205
16533.46486072722
16534.08748066323
16534.710100599237
16536.545676410584
16537.726348289238
16538.316684228565
16550.713738954422
16550.713738954422
16558.38810616567
18230.251770335235
18232.253378129517
18233.254182026656
18235.255789820934
18237.257397615213
18239.259005409494
18241.260613203773
18243.26222099805
18244.26302489519
18249.26704438089
18251.268652175168
18253.270259969446
18256.272671660867
18262.277495043705
18263.278298940844
18266.28071063226
18268.28231842654
18273.28633791224
18279.291161295074
18279.291161295074
18281.246649094093
18283.202136893113
18484.967892156077
18501.66333044016
33047.14424348795
33056.359018540876
33057.894814383035
33059.43061022519
33062.5022019095
33064.03799775165
33065.5737935938
33067.10958943596
33070.181181120264
33074.78856864673
33076.324364488886
33080.93175201535
33082.4675478575
33084.00334369965
33085.53913954181
33088.610731226116
33090.146527068275
33091.68232291043
33098.26825823354
33099.95163806053
33103.3183977145
33105.00177754149
33111.73529684943
33115.102056503405
33116.78543633039
33118.46881615737
33120.15219598436
33123.518955638334
33125.20233546532
33128.56909511929
33128.56909511929
33130.252474946275
33131.93585477326
33135.30261442724
33136.985994254224
33138.669374081204
33140.35275390819
33142.03613373518
33145.40289338915
33148.76965304312
33150.45303287011
33152.136412697095
33155.50317235107
33158.86993200504
33160.55331183202
33162.23669165901
33163.920071486
33165.603451312985
33167.286831139965
33168.97021096695
33174.020350447914
33177.38711010188
33182.43724958284
33184.12062940983
33185.80400923681
33189.170768890785
33190.85414871777
33192.53752854476
33194.22090837173
33195.91351219777
33199.298719849845
33200.99132367588
33204.37653132796
33206.069135154
33369.74438633183
33381.28360914585
33394.5661677807
33519.79117891035
33521.4146027435
33527.908298076094
38003.028290133196
38006.91620573361
38008.212177600406
38008.212177600406
38010.80412133401
38012.10009320082
38013.396065067616
38014.69203693442
38015.98800880123
38017.28398066803
38019.87592440163
38019.87592440163
38021.17189626844
38022.46786813524
38023.763840002044
38023.763840002044
38026.35578373565
38026.35578373565
38028.947727469254
38031.53967120286
38032.835643069666
38154.86915052734
38156.44645436523
63669.86180015309
63677.287119389934
69970.18060462033
69987.68314282145
69988.84997870153
79222.7694416598
79299.94664172769
79301.0673576125
79302.18807349732
98120.55741138716
98133.0236461059
98133.0236461059
148250.87073910495
165075.57875789882
167967.87434863512
168001.21910520806
168001.21910520806
184004.13337646407
184007.19574414933
184014.08607144115
187412.19809819074
187416.40424175843
187417.45577765035
239485.03950625984
239492.97214544454
251128.96393352313
251320.79082980758
251320.79082980758
251344.63486735694
251348.97014691136
257662.19332605234
257734.30655064073
257735.32119053643
270883.7259831726
270888.90064664074
270891.4879783749
270894.07531010895
292002.62525261904
296574.9062386902
356486.68022509123
356489.4105288106
356491.45825660013
356492.14083253
440269.38894209056
448639.6699858117
448949.15360200364
448950.02526991407
495686.1975024742
584172.8874640088
587994.2426872584
677522.0684817873
781753.2577691374
802067.662901268
802071.6845648546
802071.6845648546
802073.695396648
909312.7016388612
909315.7732305456
913079.7182836956
913105.7299610223
1037174.8172014771
1191793.544866108
1191794.3150700289
1191801.2469053164
1191801.2469053164
1191803.557517079
1191805.8681288415
1191806.6383327623
1191807.408536683
1191808.9489445249
1191812.799964129
