400999.00624221325
401003.046353798
401232.05980226054
414709.02805312764
414791.9933126007
414798.0580919774
414818.6783418581
414818.6783418581
414834.44676823745
415631.1281783563
415641.4221612983
415677.4511015953
415678.73784946307
435941.60849889024
481862.79890721233
483002.4239900842
511940.07372793683
511942.9608396401
511944.40439549176
511944.40439549176
561426.5196378299
561436.1817768369
564579.2179458026
579578.1506522456
588394.6841581019
588411.0198604229
588438.8486655628
588438.8486655628
591053.7278728113
591059.4006322282
591059.4006322282
591060.346092131
591465.2704265139
594596.0202287423
623493.0613107687
623499.684142088
651105.2269968516
651114.621639886
651117.3058236103
651118.6479154723
651119.9900073344
655808.4841574614
726879.4890929414
726904.8089703391
726904.8089703391
726909.0289499054
726913.2489294717
726938.5688068693
726939.9754667247
726954.6969692117
733962.6164129532
733974.1141277716
733975.3916516403
733976.669175509
760084.1238962428
760090.0134196375
776509.949300033
776518.6982631338
776518.6982631338
776519.9481150054
776524.9475224916
776527.4472262346
813127.8557725259
813364.0316562523
846669.950581144
848804.1303017976
848812.2243609658
848833.4764547815
848834.2789426991
848839.0938702042
848839.8963581218
848839.8963581218
848840.6988460392
848841.5013339567
912983.2352536119
917440.0686675485
917450.8561344397
917453.2497621938
917455.6433899477
917458.0370177017
917460.4306454557
917462.8242732097
917568.1438943852
918318.4793212675
918324.6409526342
919148.7545359335
919166.9673220617
919439.4073580609
920662.7494563286
931459.2374186894
931463.9232102078
949677.3135102761
966603.8683146024
1032182.4660745799
1190116.654122455
