6892.99763955302
6910.9706017058
7011.9457193278
7011.9457193278
30223.410637705016
30228.797453151372
30337.852793942908
30790.05934746613
31939.157477364366
31940.149057262453
32268.043775562168
39101.06236127971
47506.786621358035
88263.5429764692
88329.44383769605
88340.41578456838
88846.03851660159
88846.03851660159
94738.42135099557
94742.88576653674
99715.78347943338
99723.34715865599
128119.93556011772
145466.31606929528
157190.42472031745
164651.52384948227
179913.22522891854
179932.25433896275
179980.56042199794
180309.12849222845
180309.12849222845
182375.89461581083
182378.8001755122
205463.77639488963
205574.39059152096
205574.39059152096
205582.48926268858
205987.4873890638
205990.85414871777
208532.94216744762
208535.75548715846
211939.1067453696
211960.33116718818
212999.36854039822
213163.1729275628
221236.36279781826
221243.88035704562
237399.60400859624
237468.86701747755
263444.137219797
277913.1327327058
306211.4117522715
310206.464101669
330299.3226125696
330328.91320152837
330923.10477245867
330923.10477245867
335659.22242969106
339604.598932194
354390.5264405292
354394.03156016895
354401.74282337644
364884.946881936
389564.57266941894
389579.7230878618
389595.2655262644
389604.5909893059
389620.1334277085
389641.8928414721
389669.86923059676
389685.9189889472
389713.203578143
389714.808553978
389729.2533364934
389812.71207991574
389817.52700742084
389817.52700742084
389843.20662078157
389859.256379132
389864.02518664184
389874.93717752036
389887.4080242386
389898.3200151171
389907.6731501558
389918.5851410343
389924.8205643934
389945.08569031063
389949.76225783
390032.27092934994
390036.26953293895
390119.3916003959
390143.92743787414
390274.783700425
390325.40500722226
390602.54467073845
391806.2442630249
391806.2442630249
391858.0785256975
391977.8290933898
391977.8290933898
394583.2352536119
395059.3365766793
395791.3024094495
395791.3024094495
397941.0291805053
405547.1157387687
406020.9710180669
416147.3954052955
429241.8213554795
429260.85968952277
429265.6192730336
429267.999064789
429269.18896066665
429270.3788565444
429273.9485441775
429276.3283359329
429278.7081276883
429279.898023566
429282.27781532146
429284.65760707686
429287.03739883227
429288.22729470994
429289.4171905877
429291.7969823431
429292.9868782208
429338.451969548
429339.86324140296
436380.29266980325
436509.9129164812
436606.9217145108
436606.9217145108
440605.6867235267
440612.9275627825
440615.8238984848
447446.7855324137
447518.73272501916
447543.66058245715
447607.78121186694
447615.52937107056
447669.4989895237
447672.0586492606
448216.75885327754
448216.75885327754
448226.0981523177
453058.9432756086
453078.24449362484
453078.24449362484
453082.10473722813
453082.10473722813
453087.25172869914
453087.25172869914
453088.53847656684
453089.8252244346
453091.1119723024
453092.39872017014
453094.9722159056
453096.2589637734
453097.54571164114
453100.1192073766
453101.4059552444
454348.1262791092
454364.13914146344
454371.00179675815
455574.60453705455
455575.8958969218
455630.90782726783
459343.5305496927
459548.6538406106
459572.0090062102
459723.96516659245
459723.96516659245
459762.217090661
479726.36391879036
479761.29520320025
512835.8439478716
512841.26765931415
512867.20554464834
512869.87128037435
512871.20414823736
512873.8698839634
512970.5373940281
512970.5373940281
512977.3816013247
515992.6469354224
520920.5868769397
520932.81789968256
521415.486710075
521416.20157000155
526953.8939688498
526961.7712640401
526962.3339279823
527483.4253064258
527483.4253064258
527557.7707387847
541424.4529495978
542956.748284112
554548.621684725
554602.5820791791
574160.2549410849
588386.5163069414
588401.6851733823
588521.0344971159
588879.7650442463
588879.7650442463
603429.2399488837
603541.7542893197
603549.253400549
603592.998216053
603607.9964385115
603619.0606253743
603626.0062966604
603861.6610244403
603892.0679373152
604800.0
604800.0
606262.8432336523
606273.1095445971
606503.0453929647
606503.5711609108
606583.4417687019
606968.1978291575
615621.0975918317
615628.4122230798
615630.1002149064
615632.350870675
622460.5268568903
644036.5398473557
656477.3440007175
673055.6605568349
684060.4771497842
684095.4637781885
684394.7594874275
684394.7594874275
688706.4901722773
688743.8058604421
689289.27626838
689289.27626838
690539.8014918538
690953.1888453667
705285.5031403233
705324.6175083031
705734.4213381844
705734.4213381844
710506.8815516817
710526.5471176605
710530.190597286
710539.7789443005
710541.9096880816
723001.991999462
739605.3701610035
739608.9260126381
739616.0377159072
739618.4082836636
739619.5935675418
739620.7788514199
739623.1494191763
739624.3347030545
739627.3417267455
739628.845238591
739628.845238591
739630.3487504364
739633.3557741273
739634.8592859728
739636.3627978183
739642.3768452002
739643.8803570457
739646.8873807366
739646.8873807366
739652.9014281185
739655.9084518094
739658.9154755004
741190.0163021372
745001.0867664439
746106.4908128328
748302.9002430908
773544.9778207662
773574.5960817221
773585.9877205512
773592.8227038487
773600.7968510292
773603.075178795
773606.4926704437
773609.9101620925
773612.1884898584
773615.0294815664
773749.7459877206
773749.7459877206
775914.4433092377
776000.7522683671
776518.6982631338
776518.6982631338
776546.1950043078
776570.2235218382
782755.6481941139
782771.186020517
782788.6378267234
782791.0176184787
783909.9993914722
784976.5427298554
785140.6007769938
785140.6007769938
786904.0864237467
786908.9520832465
786911.6039829741
786943.8280236621
787357.4229171538
787357.4229171538
796797.6094469124
796978.1323323586
797211.0521444196
799845.158777692
801370.1487049569
801414.2440324249
803035.9890977455
803066.050110656
803447.8314314173
804538.8690992829
832740.4759967844
832833.9289431795
839714.1421200464
839858.2025372402
839881.4055068555
839918.8872270032
840642.2286206599
840642.2286206599
840687.8643559695
842588.3771206391
842596.7617357773
849598.1644241887
853996.4623401413
854006.9223550663
854023.3595213769
854030.830960609
854041.2909755339
854044.2795512268
854153.2795480241
854153.2795480241
854459.0228326004
863522.9716650279
864363.2872026621
879234.4629102357
879258.6067277543
879423.5410548027
879423.5410548027
881696.9432051475
881708.380963972
881726.6813780911
886089.356209705
886092.5661613751
886104.3359841654
886105.4059680555
886120.3857425159
886129.9233575356
886211.7725131233
886214.0877368854
903508.4079954135
903553.9284307351
903581.240691928
903629.5375509643
903629.5375509643
913175.8784738125
927714.4137155742
945640.9191971277
945719.4477130568
945719.4477130568
945730.1337159585
945733.1868596447
945733.1868596447
952127.9916984009
952138.8667932831
952165.5195385439
952165.5195385439
964518.6910889123
964530.1749677319
964531.2864596177
964532.3979515035
964533.5094433893
964652.1116231997
964652.1116231997
967782.4509574703
967786.4080530637
967825.9790089966
967825.9790089966
967828.6170727256
975940.4877830055
976005.0419403707
977901.9435094114
977935.0299940108
982449.5410740194
982460.0564329387
982478.9840789933
982485.2932943448
984635.5735053439
985591.3089431155
985619.5343802145
985655.6002165078
985658.7363761854
985661.8725358631
985665.3499835057
985667.088707327
985672.3048787909
985686.2146693612
1003997.4347033747
1008852.0161804317
1008877.6542857967
1008888.2111527117
1008995.2326017122
1008995.2326017122
1009527.752514981
1012043.9948883672
1012055.1789872177
1015351.0752684728
1022566.0504309337
1024189.7325360553
1024307.4768839538
1024420.8213843044
1024427.4073196276
1031927.74072876
1031973.1550880924
1032168.0766360587
1032168.0766360587
1037013.586310048
1039234.5454137828
1039254.2478757579
1039321.0573008914
1039323.4094206496
1043004.366154329
1043005.3208382309
1043012.1558215284
1046257.998071928
1046264.643963245
1046265.8523071208
1046270.0815106861
1051616.4635571968
1051649.8913297611
1052190.3346582155
1052190.3346582155
1066420.742211646
1066442.6861053905
1066698.6751390807
1066703.7852345556
1073770.7106002325
1076850.0135477486
1076950.1308334589
1077009.5057153564
1077019.6428903146
1077057.6826624048
1077103.4336977026
1083438.2456466248
1083452.8426251246
1093466.7895679134
1093482.9500142524
1094231.8557212814
1094231.8557212814
1102750.3987137645
1116227.0625726632
1118850.2387670586
1118868.4054331917
1118869.802869048
1118871.2003049043
1118873.995176617
1118876.7900483299
1118879.6541000356
1118881.120715885
1118884.0539475835
1118891.3870268296
1118894.3202585282
1119060.9056814068
1119060.9056814068
1119273.2698115807
1119434.0717870537
1119657.3156241092
1119657.3156241092
1123545.881516451
1123550.0138680264
1123550.6042039657
1123557.5222032547
1123617.8656050526
1123846.6945735342
1123870.76921106
1123907.8496872487
1131375.949831694
1131380.0452872731
1131381.4104391327
1131382.0930150626
1131396.860637545
1131496.7288752806
1131670.176953454
1131670.176953454
1135957.8330007782
1137104.6251309135
1143316.0199725202
1143323.076331795
1143327.7805713115
1143330.1326910697
1145079.92531123
1150529.362487149
1151671.2566737875
1151692.4165276126
1151731.7845555665
1151852.1300711976
1151852.1300711976
1158944.195446291
1158993.202553254
1159000.2035685347
1159008.3714196952
1159009.538255575
1159032.316921234
1172445.0031227078
1172483.5087067503
1172523.6930586204
1174558.7839694582
1176782.5056609092
1176801.0043910078
1181627.8861989118
1184195.2756470412
1194023.501980918
1195653.0413254374
1196382.4336624723
1207256.4032168696
