14944.769384009813
30437.753315675356
30445.52914687617
47687.38791079624
48253.118832651664
48275.47780635366
48291.130932744876
58380.03670382955
70627.2383410894
70674.28073625447
70687.97837484666
70690.4688545907
90356.15474539521
90381.5484147853
90381.5484147853
90382.31400670661
90383.07959862793
90384.2279865099
90385.37637439187
93497.5352065311
99803.42069442621
99809.4531898062
99816.49110108285
99817.49651697952
99820.51276466952
101599.02891787759
103851.3726783867
141540.47599678443
141550.4102437634
143864.2919139478
262867.96473101474
276058.54164731654
278065.079669089
278255.6982214977
328724.5092544254
334331.5338421479
370034.484176678
376397.9550906546
446858.77404084825
472111.96653738123
472131.81197134155
472147.0776897726
472148.60426161566
472150.1308334588
472154.47533701226
472155.92350486346
472158.81984056573
472168.95701552386
560206.2998632414
560233.1140284855
560237.8459399991
560241.000547675
560242.5778515128
560245.7324591886
560247.3097630264
588024.7925721186
878387.5014812846
878404.0447235843
878408.9103830842
878409.8835149843
878410.8566468842
878413.7760425842
878419.6148339841
878421.5610977841
913387.4862360639
945526.6845808686
945574.2112359839
945609.9035003154
945609.9035003154
964951.1628964638
964956.7434158903
978716.7454656678
978726.4491126705
982486.3448302367
