7024.356610052238
7116.13078861989
7193.949056621902
14529.956922643316
14558.97562366084
14612.198098190749
14620.610385326154
14658.963773384277
32344.98115165471
62882.34443309239
62893.80986391399
63042.22862065984
63042.22862065984
63049.557087906636
70392.45528121988
98596.15602650619
136404.4795326507
151310.90014060194
151369.21887460808
151388.37712063902
167067.3860531853
245886.28269635426
504439.90635078744
545194.324422139
553567.7877455329
557477.2183237303
557480.4697833961
574688.1351828306
574722.8912112584
574753.4687681157
575257.1636843471
643256.0096595768
652478.7265756864
652497.4928017576
652500.3799134609
652503.2670251642
652504.7105810158
652506.1541368675
652658.4423612157
652658.4423612157
652665.083640533
652670.0646000211
652671.7249198505
652673.3852396798
656417.5724868607
656450.6128514649
803090.1293601812
844266.1994881962
844312.8037434063
844312.8037434063
868853.8343331338
871882.2023578847
912889.2795992685
1077558.7764109035
