390643.5776305212
392141.50895656715
393607.4837378975
393773.0176248843
393774.14295276866
393774.14295276866
393775.268280653
394222.6875786682
394223.8129065526
394483.9665758145
394485.294831678
394836.6323435684
394838.3064993963
395867.15135365387
453752.31128434575
453981.85972475325
455049.93424697896
455240.90792335116
455242.20850721747
455410.6756259028
455544.90326010715
455610.7626133383
455612.05397320556
455614.63669294014
455626.7016837001
455643.5262579709
455876.22930605424
456484.10467957816
456569.56964279426
456592.6480884223
456601.62303949986
456604.18731123634
456613.1622623139
456747.0393845543
456748.6904803846
456905.36471628194
456907.2879200843
456970.7536455614
456995.09577905963
457520.10274510056
457755.84971287096
457949.53985696397
458074.2898321424
458162.5865630675
458167.91342252004
458188.4322084111
458270.13378001406
458652.04884876165
458652.04884876165
458797.47902981465
458921.6709530505
458991.81946584076
459026.68618225725
459028.3465020866
459028.3465020866
459046.6100202095
460129.9640968648
461002.0332512355
462405.2156590195
462412.5487382658
464009.36133414897
464021.5923568919
464025.3557485051
464032.7164997486
464086.3448302368
464086.3448302368
465243.3064193268
465243.3064193268
465343.71887300664
465354.6769838804
465358.78627545806
465373.8536779095
465375.22344176867
465381.28360914584
465389.58520829264
465539.2722649082
465539.2722649082
465725.8184217353
466508.81602926063
466860.5455611106
466866.4950404991
466871.25462400995
466876.01420752076
466877.2041033984
466878.39399927616
466880.77379103156
466904.57170858566
466925.5194104327
466939.21704902494
467037.67401490576
467037.67401490576
467053.4470532846
467055.0243571225
467141.05659628025
467163.3325539908
467177.19622456597
467232.0790189252
467232.0790189252
467319.2504219659
467320.9891457872
467732.9421674476
467751.19646157144
467776.8668509331
467792.03571737406
467800.20356853463
467832.31692123413
467853.7212110342
467888.29737148056
467888.29737148056
467891.59033914213
467891.59033914213
467894.8833068037
467894.8833068037
467896.52979063446
467898.1762744652
467901.4692421268
467920.5121881696
468005.24845546053
468021.59338178067
468021.59338178067
468025.67961336067
468031.80896073073
468033.85207652074
468033.85207652074
468050.1970028408
468052.24011863087
468054.2832344209
468056.3263502109
468058.3694660009
468076.757508111
468119.6629397013
468127.86768685805
468127.86768685805
468146.5462849383
468156.9232838718
468163.1494832319
468173.5264821653
468320.7830150306
468344.2719286165
468385.355620394
468386.5086202755
468396.885619209
468399.19161897193
468414.1806174314
468426.86361612787
468431.47561565385
468436.08761517983
468437.24061506137
468439.5466148243
468446.4646141133
468448.77061387635
468486.8196099658
468486.8196099658
468489.12560972874
468490.2786096103
468491.43160949176
468492.58460937324
468493.7376092548
468494.89060913626
468497.1966088992
468498.34960878076
468499.50260866224
468500.6556085437
468512.1856073587
468512.1856073587
468521.114438441
468525.4312699973
468528.66889366455
468538.3817646663
468545.9362198899
468550.2530514462
468555.6490908916
468555.6490908916
468563.2035461152
468641.8196900352
468671.945270939
468680.15463009523
468699.8570920703
468703.14083573275
468704.782707564
468708.06645122654
468714.63393855153
468717.91768221406
468724.48516953905
468727.7689132015
468729.4107850328
468734.3364005266
468735.9782723578
468739.2620160203
468744.18763151404
468958.6732814697
469076.4914213606
469094.0354675575
469095.4190674153
469102.3370667043
469163.2154604473
469163.2154604473
469165.9826601629
469168.7498598785
469172.90065945184
469173.9568073433
469175.01295523474
469177.1252510176
469178.1813989091
469181.34984258347
469186.6305820407
469239.82999657304
469298.9742784943
469300.52391033503
469337.7150745126
469378.00550237164
469394.8024046453
469599.7642755798
469599.7642755798
469604.98044704366
469849.8499498765
469858.5020609873
469872.09823558986
469921.24831453833
469921.24831453833
469924.6658061871
469928.08329783584
469929.2224617188
469931.5007894846
469933.77911725047
469936.0574450163
469939.47493666504
469941.7532644309
469941.7532644309
469942.8924283138
469945.17075607966
469946.30991996254
469948.5882477284
469953.14490326005
469954.284067143
469956.5623949088
469957.70155879174
470076.9909265315
470118.75719423883
470131.8091528974
470134.4195446291
470158.0237582031
470205.3428733398
470206.92017717764
470213.2293925292
470213.2293925292
470284.3233652223
470356.0860778467
470389.19562244375
470427.2722905303
470765.5762917602
470787.26652553095
470875.94144041714
470882.77642371465
470882.77642371465
470895.3072264268
470903.2813736072
470910.11635690473
470942.24815760227
470942.24815760227
471067.46394473285
471132.5761540408
471134.208801873
471171.75970201363
471181.5555890068
471197.8820673288
471206.0453064898
471210.9432499864
471338.2344369037
471338.2344369037
471341.5550765624
471364.79955417337
471563.03251779947
471585.7927354602
471693.8841683508
471695.3000522053
471854.90751980117
471883.981564813
471909.356786205
471916.6068494599
471925.6694285284
471991.5702897553
472001.3108327542
472002.52840062906
472003.7459685039
472006.1811042536
472015.9216472525
472030.53246175084
472036.62030112516
472046.36084412405
472063.1162384019
472070.74909761746
472079.9085286761
472113.4931092243
472136.39168687083
472136.39168687083
472160.2680084169
472179.094190482
472291.6269789161
472340.12676593143
472360.7470158121
472364.3858834381
472368.02475106413
472371.6636186901
472374.0895304408
472377.7283980668
472381.3672656928
472385.0061333188
472388.6450009448
472391.0709126955
472394.7097803215
472399.74147180433
472403.9199433749
472408.0984149454
472412.27688651596
472416.4553580865
472420.63382965705
472424.8123012276
472428.99077279813
472431.77642051183
472433.1692443687
472437.3477159392
472467.98984078993
472474.95396007417
472483.02957124414
472514.15134404553
472547.49610061845
472549.88972837245
472608.8679783108
472647.0368863879
472688.50337412604
473077.97289809724
473149.97543469694
473158.7889657911
473168.8615727559
473178.93417972064
473185.22955907363
473187.7477108148
473206.6338488737
473207.89292474434
473210.4110764855
473211.6701523561
473211.6701523561
473215.4473799679
473215.4473799679
473258.062255588
473258.062255588
473260.7464393121
473364.8900006086
473375.75125949224
473401.99814879464
473554.0696091651
473559.05056865315
473564.03152814123
473566.5220078853
473569.01248762925
473570.2577275013
473571.5029673733
473572.7482072453
473575.23868698935
473576.56694285286
473577.8951987163
473580.5517104433
473581.8799663068
473584.53647803375
473587.1929897607
473588.52124562423
473589.8495014877
473593.83426907816
473597.8190366686
473599.1472925321
473601.80380425905
473603.13206012256
473604.460315986
473607.116827713
473608.4450835765
473608.4450835765
473631.0254332557
473653.60578293493
474207.4054620167
474225.6689801396
474259.1520966983
474549.32988287444
474571.15386463143
474582.9052394237
475115.0377447322
475115.0377447322
475356.0470039618
475375.2744299857
475399.4182475043
475425.1716528574
475436.43876769935
475454.14423387963
475470.51683219685
475477.1765595124
475512.1401279189
475513.8050597478
475515.4699915767
476017.02494002803
476043.4470853124
476315.4674293547
476380.5335186674
476392.80143740657
477174.62759705214
477195.9119748646
477202.89915414643
477368.34080114274
477368.34080114274
477378.60711208754
477382.02921573585
477385.45131938416
477388.8734230324
477395.71763032896
477395.71763032896
477397.4286821531
477400.8507858014
477404.27288944967
477405.9839412738
477407.694993098
477411.1170967463
477416.2502522187
477419.672355867
477421.3834076911
477424.8055113394
477428.2276149877
477429.9386668118
477433.3607704601
477435.07182228426
478169.7587347748
478212.8809303428
479519.1836760839
479858.44236121565
479889.9884379734
479894.9693974615
479901.6106767789
479904.9313164376
479916.5535552431
479921.5345147312
479924.8551543899
479928.1757940486
479933.15675353666
479936.0715372371
479938.9863209375
479959.3898068405
479962.30459054094
479965.21937424137
479987.08025199454
479991.45242754515
479994.3672112456
479998.73938679625
480001.6541704966
480003.11156234686
480020.60026454943
480026.1715599768
480030.35003154736
480037.3141508316
480042.885446259
480055.4208609706
480059.59933254117
480063.7778041117
480077.70604268025
480566.38428845495
480885.294831678
480912.90687284013
480947.1694173187
480981.4319617973
481260.0705251594
481261.7446809874
481433.87833929586
481445.0163181511
481545.32730784133
481545.32730784133
481681.196813877
481710.1832308978
481819.53835165856
482067.34569818946
482401.7202758232
482777.78271717235
483393.9873618402
483437.80596933665
483472.30372579105
484325.532862098
484344.90326010715
484346.8402999081
484348.777339709
484352.65141931083
484352.65141931083
484354.58845911175
484358.46253871353
484533.75541669736
484535.0652245627
484537.6848402935
484537.6848402935
484540.30445602426
484541.6142638896
484544.2338796204
484544.2338796204
484546.85349535116
484548.1633032165
484549.4731110819
484552.0927268127
484553.40253467805
484554.71234254347
484557.3319582742
484558.6417661396
484559.95157400495
484562.5711897357
484563.8809976011
484565.1908054665
484566.50061333185
484569.1202290626
484569.1202290626
484571.7398447934
484573.04965265875
484574.35946052417
487433.34719068377
487740.395671126
487756.2240534992
487768.3167162563
487786.45571039204
487792.5020417706
487798.5483731492
487802.5792607349
487808.6255921135
487812.6564796992
487814.67192349205
487822.7336986635
487826.7645862492
487836.8418052135
487848.9344679706
487888.62533589127
487888.62533589127
488000.42020440125
488030.6564732936
488044.40023188107
488048.5233594573
488095.6026506186
488095.6026506186
488185.9609453318
488185.9609453318
490092.2387094088
490461.0649235017
490641.8737529185
490664.149710629
490691.19908784895
490751.0259457001
490752.2988575693
490759.93632878433
490761.2092406535
490763.7550643918
490766.3008881302
490768.84671186854
490770.1196237377
490773.93835934525
490775.2112712144
490776.4841830836
490776.4841830836
490779.0300068219
490780.3029186911
493602.9296445878
493624.92888232676
493639.59504081943
493824.9190177722
493826.4455896153
493834.0784488308
493837.131592517
493838.65816436015
493841.71130804636
493844.76445173257
493846.29102357564
493849.34416726185
493852.39731094806
493853.9238827912
493856.97702647734
493858.5035983205
493861.5567420067
493864.6098856929
493866.13645753596
493869.18960122217
493870.7161730653
493873.7693167515
493875.2958885946
493878.3490322808
493881.402175967
495194.0003010611
495203.2658081088
495215.1786028844
495220.47317834024
495543.29008516186
495557.4212517095
495960.1318263198
495974.06006488827
496033.5548587735
496282.095513229
496336.6370196234
496530.4332397055
497694.7186840428
497702.21779527207
497715.966165859
497718.4658696021
497719.7157214737
497720.9655733452
497724.71512895986
497727.21483270294
497728.46468457446
497732.6293201464
497734.01753200375
497736.7939557184
497738.1821675757
497740.95859129034
497745.12322686234
497749.2878624343
497753.4524980063
497754.8407098636
497757.6171335782
497759.0053454356
497760.3935572929
497761.7817691502
497793.71064186865
497797.8752774406
498079.15190453164
498096.64983073325
499204.0139769208
499214.616963831
501916.3677941511
501926.7678530822
502972.2159056334
502998.8179188993
503053.6822652604
503137.32548866374
503145.7377757991
503311.7051907414
503312.74289063475
503324.1575894616
503324.1575894616
503325.19528935495
503326.23298924824
503328.51131701405
503329.650480897
503331.9288086628
503334.2071364287
503335.3463003116
503337.62462807744
503339.90295584325
503342.1812836091
503343.320447492
503346.73793914076
503349.01626690663
503349.01626690663
503352.4337585554
503354.7120863212
503356.9904140871
503358.12957796996
503362.68623350165
503366.1037251504
503368.3820529163
503369.52121679916
503374.07787233085
503378.63452786254
503382.0520195113
503383.1911833942
503385.46951116004
503387.74783892586
503388.8870028088
503391.1653305746
503394.5828222234
503396.630550013
503398.6782778025
503399.7021416973
503401.74986948684
503403.79759727634
503404.82146117114
503406.86918896064
504532.73206524696
504632.3789270055
504633.40740289976
506776.7004346169
506791.4127131048
506807.425575459
506822.9864618597
506828.5439212885
506915.81678831886
506917.8552921093
507310.17041978805
507314.0906193851
507976.5674552972
507994.4435654599
508160.16193242784
508254.26978275564
508269.80299715913
508281.4529079618
508483.62451918307
508484.70833907166
508519.39057550713
508637.5961233582
508662.96212075115
508672.3244797889
509148.55493884295
509158.55836581485
509165.22731712944
509381.61311088974
509381.61311088974
509391.3628778877
509396.93417331506
509403.89829259936
509406.68394031306
509410.8624118836
509416.433707311
509420.61217888154
509423.39782659523
509428.9691220226
509430.3619458795
509435.93324130686
509439.14319297695
509445.5630963171
509448.7730479872
509456.79792716244
509461.6128546676
509464.8228063377
509477.662613018
509480.8725646881
509484.0825163582
509490.50241969834
509495.3173472035
509498.5272988736
509501.73725054367
509503.34222637874
509504.94720221375
509509.7621297189
509519.39198472915
510125.38105044694
510137.21082923113
510882.8466285963
510907.2533300879
511024.407342047
511082.36172809056
511085.9314157237
511088.3112074791
511090.6909992345
511103.77985388925
511154.0967687178
511469.47452030395
511469.47452030395
512804.20563112333
512897.8615054976
513056.8140691608
515230.4678937575
515243.52907641506
515244.6175083032
515246.7943720795
515250.05966774386
515251.148099632
515253.3249634083
515255.5018271846
515258.76712284895
515258.76712284895
515260.94398662524
515262.0324185134
515264.2092822896
515266.3861460659
515267.47457795404
515269.65144173027
515270.7398736184
515272.9167373947
515274.00516928284
515276.18203305907
515277.2704649472
515279.4473287235
515334.7036950443
515334.7036950443
517403.8818943788
517448.8581137562
518623.1331490668
519238.61832180864
519273.0146142735
519282.37697331124
519380.0683472708
519380.0683472708
519594.0743492757
519681.41639629885
519687.6887156542
519692.07933920296
519835.2588644873
519836.0382924072
519843.8325716061
519851.626850805
519853.9651345647
520316.9084229844
520855.8897475891
522675.1021846145
522677.81404033577
522678.50584026467
522678.736440241
522678.736440241
522678.96704021725
522679.19764019357
522679.4282401699
522679.65884014615
522679.65884014615
522679.88944012247
522680.1200400988
522680.35064007505
522680.58124005137
522680.58124005137
522680.8118400277
522681.04244000395
522681.5036399566
522681.73423993285
522681.96483990917
522682.42603986175
522682.65663983807
522684.73203962477
524097.42900243093
524100.0024981664
524101.9533739659
525112.6453980892
525145.990154662
525147.207722537
525147.410650516
525147.6135784952
525148.0793904474
525148.3422744203
525148.8680423663
525149.1309263393
525149.3938103123
525149.6566942852
525150.1824622313
525150.4453462042
525150.7082301772
525151.2339981232
525151.4968820962
525151.7597660691
525152.0226500421
525152.5484179881
525152.5484179881
525153.074185934
525153.337069907
525153.8628378529
525154.125721826
525154.6514897719
525154.9143737449
525155.1772577178
525155.4401416909
525155.9659096368
525156.2287936098
525156.4916775827
525156.7545615558
525157.0174455288
525157.5432134747
525157.8060974476
525158.0689814207
525158.3318653937
525330.0412197458
525891.7504780145
525894.7390537073
525896.980485477
525917.2640593923
525917.6514673525
527696.6149845145
527702.8411838746
527706.3001835191
527720.0900621018
527720.6204420474
528269.6420896201
528822.6946247786
528833.2007596988
528862.7406166628
528862.7406166628
528867.9706241253
528868.8422920357
528869.7139599461
528870.5856278565
528871.4572957669
528872.3289636774
528873.2006315878
528874.0722994981
528874.9439674086
528875.815635319
528876.6873032294
528878.4306390502
528879.3023069607
528880.173974871
528880.173974871
528881.9173106919
528882.7889786023
528884.5323144231
528885.4039823335
528886.275650244
528888.0189860647
528888.8906539752
528889.7623218856
528890.633989796
528891.5056577064
528892.3773256168
528893.2489935273
528894.1206614376
528894.992329348
528895.8639972585
528896.7356651688
528896.7356651688
528897.6073330793
528899.2492049106
528900.0194088314
528900.7896127523
528901.559816673
528902.330020594
528903.8704284356
528904.6406323564
528905.4108362773
528906.1810401981
528908.4916519606
528908.4916519606
528909.2618558814
528910.0320598023
528911.572467644
528912.3426715648
528913.1128754857
528913.8830794065
528914.6532833274
528915.4234872481
528916.193691169
532654.2884869758
532667.3496696334
532671.703397186
532672.7918290742
532674.9686928504
532677.1455566267
532678.2339885149
532680.410852291
532682.5877160673
532684.7645798436
532686.9414436199
533435.8287026508
533493.9491206774
534478.9984274362
534479.750183359
534485.7642307408
534624.7422244571
535584.3655778291
536029.3220680974
539629.1352821167
539735.2758392077
539744.9425902142
539746.1232620929
539748.4846058502
539749.6652777288
539750.8459496076
539753.2072933648
539754.3879652434
539755.5686371222
539757.9299808794
539760.2913246368
539761.4719965154
539763.8333402727
541376.4281985338
542969.5696427943
542988.8016808176
542991.365952554
542992.6480884223
543018.2677457891
543024.5631251421
543029.5994286245
543034.6357321069
543037.153883848
543038.4129597186
543042.1901873305
543044.7083390716
543047.2264908128
543049.744642554
543053.5218701658
543061.0763253893
543062.33540126
543069.8898564836
543078.7033875777
543082.4806151894
543083.73969106
543088.7759945424
543107.413084627
543110.7152762876
543114.0174679483
543145.388288724
543188.3167803119
544089.3446797061
544274.8162406438
544570.044166301
544839.693942587
544846.0585019329
544913.0385710488
547995.4223342482
548002.1743015543
548010.6142606868
548012.3022525134
548017.3662279929
548019.0542198194
548020.7422116459
548022.4302034724
548024.118195299
548025.8061871254
548027.494178952
548029.1821707785
548032.5581544315
548034.246146258
548035.9341380845
548037.622129911
548039.3101217375
548040.9981135641
548044.3740972171
548047.7500808701
548047.7500808701
548049.4380726966
548052.8140563497
548054.5020481761
548056.1900400027
548057.8780318291
549119.8047586868
549128.7474257677
549131.302473505
549132.5799973737
549135.1350451112
549164.3981821035
549164.3981821035
551768.3746224726
551782.9439289753
551806.1884065862
552489.7789763282
552566.5042004427
552778.4901466552
552779.9659865035
552954.124312604
553062.0174295149
555806.9504113967
556256.0300292413
556256.0300292413
557422.1833333867
557424.5262291458
557462.0448452898
557464.2124850671
558383.6699345672
558386.7000182557
560146.943429342
560150.9005249352
560220.4955977824
560226.8048131339
560229.9594208098
560231.5367246476
560233.1140284855
560234.6913323234
560236.2686361612
560237.8459399991
560239.4232438371
560241.000547675
560242.5778515128
560244.1551553507
560244.1551553507
560247.3097630264
560248.8870668644
560250.4643707023
560252.0416745401
560253.618978378
560255.1962822159
560258.3508898917
560259.9281937296
560259.9281937296
562946.3810216219
564990.7651115047
568676.3522927082
572197.5724228051
574283.5751964103
574298.7256148532
574310.5092736421
574313.8760332961
574371.5583113676
574434.7796008699
574551.1864689059
575543.199894949
576120.3455156311
576227.6021766075
576472.388663449
576472.388663449
577269.5912295142
585055.255213321
585074.1321273808
585089.0058258522
588734.1088752166
588745.177674079
588779.4771145538
588780.4041264585
590875.2711631526
590884.1630982388
590924.4996460931
590925.6757059722
591046.7775895257
591070.7461510622
591087.764429313
594043.1383375664
594800.9452036805
594811.4052186055
594814.3937942984
594815.8880821448
594818.8766578377
594821.8652335305
594824.8538092233
594826.3480970698
594829.3366727625
594832.3252484554
597205.3004685664
597216.0372034628
597224.0897546352
601680.5357606116
601703.406666261
601760.1619324278
601760.1619324278
614890.1510109566
614902.2897937091
614902.2897937091
615598.1436701907
615606.4683293352
615607.5936572195
615609.2816490461
615610.9696408726
615613.2202966412
622670.0223233588
622672.2268591322
622690.9654132064
622692.067681093
622692.067681093
622698.6812884134
622699.7835563
622699.7835563
622700.8858241867
622703.0903599601
622707.499431507
622708.6016993937
622708.6016993937
622711.9085030538
622713.0107709406
622715.215306714
622716.3175746007
622717.4198424874
622718.5221103741
622719.6243782608
622720.7266461476
622721.8289140342
622725.1357176944
622726.237985581
622728.4425213545
622730.6470571279
622756.1468025071
622756.1468025071
622786.1294114256
622805.8918293945
628850.9041761014
630671.9199049416
643835.0692600623
643837.4121558215
643882.6374231734
643882.6374231734
665963.6228537387
682416.2163027779
682526.1202514821
682558.3811881664
682675.7750241009
682677.0156519733
683408.3588648076
683434.7763980925
688336.4740623069
691871.5993709746
692084.4247011008
692092.6156122589
692143.6519990135
692144.5190549244
692301.9911667398
692611.8575788924
692620.4497340093
692645.3914274458
695472.0029209331
695473.1651448136
699494.3490835252
709042.7285101641
709051.4129052715
709056.3754167615
709057.616044634
709060.097300379
709061.3379282515
709062.5785561239
709065.0598118689
709066.3004397413
709070.0223233588
709071.1245912455
709073.3291270189
709073.3291270189
709074.4313949057
709076.635930679
709077.7381985658
709079.9427343392
709081.0450022259
709083.2495379994
709084.351805886
709095.3744847531
709100.8858241867
717551.6001396412
717568.6460898892
717584.0040483107
717623.7825442223
717625.3736840588
717636.5116629141
717638.1028027505
717642.87622226
717644.4673620964
717647.6496417694
717649.2407816058
717652.4230612788
717655.6053409517
717655.6053409517
717658.7876206246
717660.3787604611
717661.9699002975
717665.1521799704
717666.7433198069
717668.3344596433
717671.5167393163
717674.6990189892
717676.2901588257
717677.8213426684
717680.8837103536
738743.1291776228
738763.375855542
738763.375855542
741378.5594547592
741398.3818287218
741440.8583443562
741585.8227134572
741587.5891092756
791513.6646499845
791523.9494089274
791532.0204080979
791534.3264078608
791536.6324076238
791538.9384073869
791541.2444071498
791549.3154063203
791551.6214060833
791553.9274058463
794082.3270099831
794083.6829378437
794095.8862885894
794096.5642525199
794100.4660041188
794103.5791037988
802725.8782496181
802748.3110153124
803071.284730118
803076.5193495799
819369.3669710374
819461.5054975675
819475.7012321084
819478.8558397843
819506.7676609155
819506.7676609155
819515.5120120167
819533.0007142193
819544.659849021
819590.779844281
819590.779844281
819623.1560809534
819822.6250604524
819900.2450124748
819939.9404923951
819952.890987064
820009.5494012408
820011.4034250502
820055.899996477
820182.9052394236
820191.2990785609
820191.2990785609
820199.6929176983
820259.4090875607
820284.1847490143
820292.9291001157
820428.22671821
820593.6683652063
820832.5053726592
820835.1157643909
820879.4878118304
820906.2835290764
820931.1652665191
821394.9479388526
822380.0341416076
822417.013153807
822420.905681407
822737.4548808726
822825.2581278485
822842.027358125
822844.8222298378
822847.6171015505
822849.0145374069
822857.3991525451
822865.7837676834
822867.1812035397
822869.9760752525
822872.7709469652
822883.5215178602
823099.3492596779
823184.0394069738
823193.9644299536
823195.2050578261
823303.6285546826
823303.6285546826
823309.8455300436
823312.9540177241
823937.4372015411
823953.5423038859
823973.7474738093
824020.0058290549
824037.6928472371
824238.2456466247
824239.8829064565
824302.1679600549
824436.3264142664
824648.750500434
824648.750500434
824687.0762164949
824692.5737199299
824898.5686787582
824900.0214586089
825748.4448914098
825753.979290841
825757.6688904618
825765.1403296939
825767.3909854626
825769.6416412313
825771.892297
825773.0176248844
825775.268280653
825777.5189364217
825779.7695921904
825785.3962316121
825787.6468873807
825789.8975431494
825791.0228710338
825792.1481989181
825793.2735268024
825794.3988546868
825795.5241825711
825796.6495104556
825797.7748383399
827544.3575068299
827560.9607051235
827574.7967037015
827585.8655025639
827588.6327022795
827632.2576057957
827633.7196096454
827635.1816134952
827636.6436173449
827638.1056211947
827639.5676250444
827641.0296288942
827642.4916327439
827643.9536365937
827645.4156404433
827648.3396481428
827649.8016519926
827651.2636558423
827652.7256596921
827660.0356789407
827661.4976827905
827662.9596866402
827664.42169049
827665.8836943397
827665.8836943397
827815.3724349756
827853.6012990465
827865.836933789
827932.8723468992
827932.8723468992
829041.255744982
829098.1770431318
829802.1849347753
829873.3434754619
829919.7217426952
829937.1551009035
829944.9032601072
830845.5160795442
830867.9857412349
830880.8255479152
830933.0472185479
830941.4410576853
830972.9179544501
830972.9179544501
831044.2655871172
831044.2655871172
831117.8777115514
831117.8777115514
831125.0585948133
831127.4522225674
831129.8458503213
831134.6331058294
831134.6331058294
831137.0267335833
831139.4203613373
831141.8139890913
831141.8139890913
831144.2076168453
831146.6012445993
831151.3885001072
831153.7821278613
831156.1757556152
831158.5693833692
831158.5693833692
831160.9630111232
831163.3566388772
831165.7502666311
831847.0625086074
832113.8343971892
832166.162143811
832202.0204401256
832274.3319806936
832305.0478975368
832339.8592699589
832475.3229200363
832509.9405884782
832853.4146411769
833102.0290876247
833102.0290876247
834486.9249172882
834501.5726277828
834503.4035915947
834507.0655192182
834508.89648303
834510.7274468419
834514.3893744656
834518.0513020891
834519.882265901
834523.5441935246
834525.3751573365
834529.03708496
834532.6990125837
834534.5299763955
835236.4716922515
835261.0951577207
835275.3969682509
835400.898699352
835400.898699352
835971.3476967226
835985.8293752342
836778.4752857678
838916.7642979993
838929.0322167384
838960.9288054601
838968.2895567036
838980.5574754428
839134.6720516032
839134.6720516032
839146.0683024318
839147.6963382646
839150.95240993
839418.6605344155
839605.0129872626
840971.636074804
841128.139666719
841136.224501888
841656.0245204641
842476.8128521054
842486.332019127
842496.6444500671
842497.9404219339
842501.8283375343
842504.4202812678
842508.3081968683
842509.6041687351
842514.7880562023
842517.379999936
842523.8598592699
842530.339718604
842538.1155498048
842542.0034654052
842543.299437272
842547.1873528723
842556.25915594
843406.2045485844
843411.7573960138
843416.8536554901
843535.7786752672
843535.7786752672
843538.7026829667
843538.7026829667
843540.1646868164
843543.0886945159
843544.5506983657
843544.5506983657
844067.3531286332
844112.8274439594
844234.8886234142
844234.8886234142
845055.7230750506
845147.6217776055
845181.3816141357
846757.2142241752
846766.6365392068
846770.8242347764
846805.3358272294
846805.3358272294
847476.9767061997
847541.8952115274
847548.0107228989
847571.3474405004
847647.855900637
847667.1571186533
847724.1614327944
847753.3461657949
847926.9418279532
847926.9418279532
848521.6222708334
848549.4234039759
848558.9148990003
848568.415618024
848605.4684222157
848606.418494118
849391.9527013826
849412.5406672666
849422.8346502086
849451.8349032281
849510.2689372224
849513.561904884
849521.2454960942
849774.269014089
849775.0161580122
850871.3806853304
850888.70335555
850898.8082465114
850954.6088287763
850954.6088287763
851172.8670943442
854754.1123982717
855026.1834743089
855043.9581204822
856348.3238264222
856359.097457315
856415.1424755548
856416.0372034628
857564.6141774146
857578.9943919367
857634.5228662296
857658.1224678041
857679.0932296488
858065.186769967
858072.6582091991
858078.8844085592
858089.0953755096
858090.1745833987
858091.2537912878
858135.5013147402
858155.7018726639
858184.2593737289
863586.0545945443
863599.0604332077
864468.0303238969
864474.1919552636
864497.2980728887
864498.8384807304
864500.3788885721
865182.1200465043
865194.8214931989
867271.5218637603
867281.9265346909
867289.7300378889
867295.5826652874
867368.9734137445
867368.9734137445
868674.4644475689
869622.8391340971
869625.9937417728
869890.8747105489
869892.6687783645
869894.0800502195
869894.3152621953
869894.785686147
869895.0208981228
869898.5490777602
869898.7842897361
869899.2547136877
871460.6471532113
871463.4374129245
871464.0508088615
871464.4105448246
871465.1300167505
871465.8494886766
871466.2092246397
871467.2884325287
871467.6481684918
871468.7273763808
871469.4468483069
871469.8065842699
871470.526056196
871470.885792159
871471.2455281221
871471.965000048
871472.3247360111
871472.6844719741
871473.4039439001
871473.7636798632
871474.4831517893
871475.9220956414
871476.6415675675
871477.0013035304
871477.7207754565
871480.9583991237
871672.2918114589
871729.7019815585
871883.3230737696
873662.3511589251
873835.6977731088
873951.0115972571
875682.8635392613
875710.2911004423
879566.4208001178
879802.8503438182
879808.4769832399
879811.8529668929
879818.6049341989
879819.7302620834
879819.7302620834
879821.980917852
879821.980917852
879824.2315736207
879825.356901505
879826.4822293894
879826.4822293894
879827.6075572737
879828.732885158
879829.8582130424
879830.9835409267
879830.9835409267
879832.108868811
879833.2341966954
879834.3595245797
879835.484852464
879835.484852464
879836.6101803484
880022.1555332785
880022.7781532145
880781.0185472842
880788.4530905201
880790.740642285
880808.233956487
880808.9580404126
881555.7237796618
881735.8315851507
881745.5629041505
883639.5404654917
883665.1324508614
884612.8522334568
884672.7344353023
884672.7344353023
884676.5254989127
884679.0528746529
884680.316562523
884682.8439382632
884684.1076261334
884686.6350018736
884689.1623776138
884690.426065484
884692.9534412243
884694.2171290944
884696.7445048346
884699.2718805749
884700.535568445
884703.0629441852
884704.3266320553
884706.8540077956
884708.1176956657
886134.599925055
886140.8353484141
886187.4626636219
886188.6202755029
886192.093111146
886192.093111146
886194.408334908
886196.72355867
886197.8811705511
886200.1963943131
886200.1963943131
886201.3540061942
886202.5116180752
886203.6692299562
886204.8268418373
886205.9844537183
886207.1420655992
886208.2996774802
886209.4572893613
886211.7725131233
888837.9418952116
888843.0888866825
888845.662382418
888846.9491302858
888848.2358781536
888849.5226260213
888850.809373889
888852.0961217568
888854.6696174922
888855.9563653601
888858.5298610956
888859.8166089633
888861.103356831
888861.103356831
888863.6768525665
888864.9636004342
888864.9636004342
888867.5370961698
888868.8238440376
888870.7470478399
888874.5934554446
888876.516659247
888880.3630668516
888882.286270654
888884.2094744563
888886.1326782586
888888.055882061
888895.7486972703
888899.595104875
888899.595104875
888903.4415124797
888905.364716282
888907.2879200843
888909.2111238866
888911.1343276891
888916.903939096
888918.8271428983
888922.6735505031
888924.5967543054
888926.5199581077
888928.44316191
888930.3663657124
888932.2895695147
888936.1359771194
888938.0591809218
888939.9823847241
888941.9055885264
888943.8287923287
888947.6751999335
888949.5984037358
888951.5216075381
888955.3680151427
888955.3680151427
888957.2912189452
888961.1376265498
888963.0608303521
888964.9840341544
888966.9072379568
888972.6768493638
888974.6000531662
888978.4464607708
888980.3696645732
888982.2928683755
888984.2160721777
888988.8788036986
888990.4330475387
888991.987291379
888993.5415352193
888996.6500228998
888998.2042667401
888999.7585105803
889001.3127544206
889004.4212421011
889005.9754859414
889007.5297297817
889010.6382174621
889012.1924613024
889013.7467051427
892862.9076735345
892894.8042622562
892903.3918053736
893226.7021961445
893227.5784760545
894499.9599652819
894505.1438527491
894512.3893040045
894521.9084710261
894529.0478462924
894540.9468050695
894540.9468050695
894543.3265968248
894546.8962844579
894548.0861803356
894567.124514379
894567.124514379
894580.9051689625
894582.4409648046
894603.9421065948
895196.0259937417
895228.5959343943
895237.4786454813
895427.0594979967
895427.0594979967
899129.1760855014
899138.0864685857
899157.3922986013
899157.3922986013
926211.4645340439
926395.9629630815
926397.9507348773
936639.5782582656
936651.8369530056
936669.8006911593
936750.9672708173
936752.078762703
943329.0852547329
943343.6822332325
943373.5403181638
943406.843566741
943417.0176376954
943443.8041309423
943443.8041309423
943470.5906241892
943476.1711436157
948240.9154819059
948282.0452936788
948431.6908422986
948433.0283221611
948653.1221635402
952572.0580727607
952575.0604844522
952580.9776798439
952582.0707237317
952582.4350716942
952582.7994196567
952616.1949082244
952616.7760201647
952619.1004679258
952619.6815798661
952620.2626918064
952620.2626918064
952621.424915687
952622.0060276272
952622.0060276272
952622.5871395675
952623.1682515078
952623.749363448
952624.3304753883
952624.3304753883
952625.4926992689
952625.4926992689
952626.0738112092
952626.6549231494
952627.2360350897
952627.8171470299
952628.3982589702
952628.9793709104
952628.9793709104
952629.5604828508
952630.1415947911
952630.7227067313
952631.3038186716
952631.8849306118
952632.4660425521
952633.0471544925
952633.0471544925
952633.6282664327
952635.6252622274
952635.6252622274
952637.2948060558
952637.2948060558
952638.12957797
952639.7991217985
952640.6338937127
952640.6338937127
952643.1382094553
952645.6425251978
952646.4772971121
952646.4772971121
952648.1468409405
952648.1468409405
952648.9816128546
952649.8163847689
952650.6511566831
952651.4859285973
952652.3207005115
952653.9902443399
952653.9902443399
952654.8250162541
952655.6597881683
952656.4945600826
952657.3293319967
952658.1641039109
952658.1641039109
952658.9988758251
952660.6684196535
952662.3379634819
952663.1727353962
952664.0075073104
952664.8422792245
952665.6770511387
952666.511823053
952667.3465949672
952668.1813668814
952668.1813668814
952669.8509107098
952669.8509107098
952670.685682624
952671.5204545382
952672.3552264523
952673.1899983666
952674.859542195
952674.859542195
952675.6943141092
952676.5290860235
952677.3638579376
952678.1986298518
952679.8681736803
952679.8681736803
952680.7029455944
952681.5377175086
952682.3724894228
952683.2072613371
952684.0420332513
952684.0420332513
952685.7484730758
952686.6201409863
952687.4918088967
952688.3634768071
952688.3634768071
952690.1068126279
952690.1068126279
952690.9784805384
952691.8501484487
952692.7218163591
952693.5934842696
952694.4651521799
956465.3835486134
956470.115460127
956472.2185319109
961822.6545260049
961827.5939774973
961828.2996134248
961829.7108852797
961829.7108852797
961831.1221571347
961831.8277930622
961832.5334289896
961833.9170288474
961834.5949927777
961835.2729567081
961835.9509206384
961837.306848499
961837.9848124293
961839.34074029
961840.0187042203
961841.3746320809
961850.8661271054
966326.8208910768
966347.9069529095
966353.3952323454
966354.4928882327
966377.5436618635
966377.5436618635
966378.6413177507
966380.8366295251
966380.8366295251
966383.0319412994
966383.0319412994
966385.2272530738
966385.2272530738
966386.3249089611
966387.4225648482
967514.6321449961
967519.1703525296
967763.9845113683
967771.8987025549
967771.8987025549
967773.2177344193
967777.1748300126
967777.1748300126
970257.3144711093
977579.5462945467
977612.5313151566
977623.5263220265
977627.6494496027
977630.3982013202
977633.1469530377
977637.2700806139
977640.8120962499
977642.5831040678
977644.3541118858
977647.8961275218
977651.4381431577
977654.9801587937
977658.5221744296
977663.8351978837
977674.4612447915
977676.2322526095
977681.5452760634
977683.3162838814
977706.3393855151
977709.8814011511
977724.0494636949
977729.3624871488
977743.5305496927
977752.2749007939
977758.83316412
977769.7636029965
977776.3218663224
978960.5449846108
982448.4895381274
982449.5410740194
982475.8294713175
982477.9325431014
982480.0356148853
982487.3963661287
982491.5471657021
986920.035230552
986940.5401804445
986942.6985962227
986950.2530514463
990358.2947131752
990391.5702897552
990550.1308334587
990550.1308334587
990561.7161762681
990563.1643441191
990566.0606798215
990567.5088476726
990568.9570155238
990571.8533512262
990573.3015190773
990574.7496869285
990577.6460226307
990579.0941904819
990580.5423583331
990583.4386940354
990584.8868618866
990586.3350297378
990590.6795332913
990592.1277011423
990596.4722046959
990596.4722046959
990602.2648761005
990603.7130439517
990605.1612118029
990609.5057153563
990612.4020510586
990613.8502189098
990618.1947224633
990619.6428903145
990623.9873938679
990625.4355617191
990626.8837295702
990629.7800652726
990631.2282331238
990638.4967443767
990648.8276233149
990653.2551428599
990654.7309827083
990656.2068225566
990662.1101819498
990662.1101819498
990663.5860217982
990666.5377014948
990669.4893811914
990670.9652210397
991474.3201944727
991484.0607374716
991484.0607374716
991486.4958732213
991488.931008971
991488.931008971
991491.3661447207
991493.8012804704
991493.8012804704
991496.2364162202
991496.2364162202
991497.453984095
991499.8891198448
993746.4771049455
993756.0470039619
993757.9609837651
993765.6169029783
993767.2264908128
993768.8360786474
993772.0552543165
993773.6648421511
995557.4709588154
995570.338437493
995571.768157346
1001632.931726393
1001655.7334520495
1001709.0850625662
1001746.3592427353
1001764.9963328198
1002541.0021490636
1002541.0021490636
1002542.7039768887
1002715.8476630934
1002715.8476630934
1003206.1954526965
1003314.6696815478
1003337.250031227
1003361.0802327779
1003368.7130919934
1003379.3990948951
1003387.0319541106
1007372.9802164437
1007385.2020151876
1007387.3419829676
1007391.6219185278
1007393.7618863079
1007395.9018540878
1007398.0418218679
1007400.181789648
1007404.4617252081
1007406.6016929882
1007408.7416607682
1007410.8816285483
1007415.1615641083
1007417.3015318884
1007419.4414996685
1007498.6203075307
1007498.6203075307
1007521.39436119
1007523.2114890033
1007525.0286168165
1007526.8457446297
1007530.4800002562
1007532.2971280694
1007535.931383696
1007537.7485115093
1007541.3827671357
1007543.199894949
1007546.8341505755
1007548.6512783887
1007552.2855340152
1007554.1026618284
1007555.9197896416
1007557.7369174549
1007559.5540452681
1007561.3711730813
1007563.1883008946
1007566.822556521
1007568.6396843343
1007570.4568121475
1007572.2739399608
1007574.091067774
1007577.7253234005
1007579.5424512137
1008050.8795787706
1024236.6596312321
1024240.9949107866
1024242.0787306752
1024244.2463704525
1024245.330190341
1024247.4978301183
1024248.5816500068
1024249.6654698955
1024250.7492897841
1024251.8331096726
1024252.9169295613
1024255.0845693385
1024256.1683892271
1024257.2522091157
1024258.3360290043
1024260.5036687815
1024261.5874886701
1025291.354742833
1041498.9172690557
1041508.6947080508
1041937.8597119423
1042006.2787249102
1042022.0287032914
1042022.0287032914
1042024.2978070583
1042026.1887268639
1043003.4114704272
1043012.5478414882
1043016.8600610449
1043017.2520810046
1043019.6042007628
1043033.9290712907
1043036.8807509872
1043045.7357900771
1043046.0309580468
1050117.2962152779
1050161.672874717
1050195.377367253
1051147.8013893648
1051282.1673835549
1051282.1673835549
1052166.7673406377
1052177.6516595192
1052179.0121993793
1052182.5864990118
1052183.693378898
1052185.9071386706
1052187.0140185568
1053311.050543031
1053317.276742391
1053319.767222135
1053334.7101005993
1053334.7101005993
1062390.6432778507
1067358.7952432348
1067403.942106595
1076169.7805136614
1076193.0249912725
1076269.943919367
1076269.943919367
1076761.9197448026
1076934.8651150279
1076958.8198405658
1076997.920372547
1077000.8167082495
1077104.909537551
1077129.2101630534
1077137.7008541808
1077146.191545308
1079144.7969278959
1079180.4107882355
1080950.118022349
1080951.7229981842
1081297.5814546375
1081297.5814546375
1084111.6436974145
1084139.2465145774
1084140.699294428
1084145.0576339802
1084149.4251975312
1084155.2547649322
1084156.7121567824
1084185.8599937866
1084190.2321693373
1084320.7333079246
1085298.0067834826
1095184.381207383
1095195.9665501923
1106490.0569774108
1106520.6345342682
1106521.8105941473
1106527.690893543
1106527.690893543
1106530.0430133012
1106532.3951330595
1106534.7472528175
1106535.9233126966
1106537.0993725758
1106539.451492334
1106541.8036120923
1106544.1557318505
1106545.3317917297
1106546.5078516088
1106547.683911488
1106550.0360312462
1106551.26282312
1106553.7164068678
1106562.3039499854
1106563.5307418592
1106564.757533733
1116186.1725848655
1116257.197377566
1122151.1944117937
1122164.4769704288
1122218.4512008813
1122218.4512008813
1131764.5845837512
1131767.960567404
1131768.5232313464
1131769.0858952885
1131769.6485592306
1131770.2112231727
1131770.773887115
1131771.8992149993
1131772.4618789414
1131773.0245428837
1131774.149870768
1131774.71253471
1131775.9992825778
1131776.7233665034
1131777.447450429
1131778.8956182802
1131780.3437861311
1131781.0678700567
1131781.7919539823
1131783.2401218335
1131783.2401218335
1131784.6882896847
1137048.635456668
1137057.1676557912
1137058.297595675
1137361.2967405333
1138551.801402176
1138562.6857210572
1138564.0462609173
1138565.4068007777
1138568.1278804978
1138569.4884203582
1138576.2911196589
1138595.8690576467
1138595.8690576467
1138598.0828174192
1138677.9626492094
1142486.4596177805
1142506.1251837595
1142518.9834384378
1142545.105803753
1142982.3648668125
1142998.3177731729
1143007.39418824
1143028.5724900635
1143048.2380560422
1143061.8526786428
1143067.903622021
1143285.4424156628
1143299.5551342124
1143325.4284515532
1158972.1995074127
1158981.5341944534
1159006.037747935
1159015.8520829263
1159063.600114019
1159066.8930816804
1161004.7907145077
1161015.158489442
1161020.3423769092
1161021.6383487761
1161024.2302925095
1161026.8222362432
1161028.11820811
1161029.4141799768
1161032.0061237104
1161034.598067444
1161038.4859830444
1161041.077926778
1161044.9058863847
1161047.3779181305
1161049.8499498765
1183715.6138603399
