107533.07655598936
107616.599867405
118616.18645289195
118651.70807324111
121421.90097652686
121492.04948931713
128015.0863628939
130434.12162227083
141527.23033414577
143883.15499200908
145223.84019421643
145265.30206995507
153587.0003106694
181930.92890154343
181968.3552776968
189460.59001566158
193583.48237991988
194377.97770226342
212440.5786778294
220377.5485300853
236653.34558929503
258106.19974441838
262039.22992419027
262128.88719497548
262147.48277706426
262263.2624131647
262738.27991634345
262828.33843108744
262951.5664464223
262953.09763026494
262953.09763026494
262992.1704902492
275339.0005412694
275406.8430542967
275686.394793565
275852.84185645793
275863.68927934306
275864.4640952634
277979.1212219237
277996.8405241025
279527.9275147408
279542.1832052756
279551.25500834326
283655.597910508
298775.17130055185
298781.240691928
298782.7580397721
300609.4972600239
300729.16481172474
300972.00503476616
301002.34276764817
320931.9088233316
335924.5415384221
345807.8582066368
345863.1837529505
346062.1223525041
346238.3468543921
346289.8628890974
346712.22980568744
346819.0437147094
346819.0437147094
346820.9807545103
346825.5005140458
346833.8943531831
346838.41411271854
359877.14555662667
360181.7035573249
360836.4276220338
360895.5719039551
360895.5719039551
360916.42736581166
360924.5906049726
361688.0194985091
361694.033545891
368796.70651989407
375773.4211748428
375776.27600254945
375784.356225719
375785.7029295805
375788.39633730374
375789.74304116535
376390.0593474661
385259.50632388407
385267.39284307347
385273.70205842506
388228.80385870626
388840.3365478543
388862.26199360087
388879.4878118304
388887.14373104356
388925.42332710925
389652.77254835394
393797.7748383398
394389.9509654772
394483.9665758145
394536.34966643073
394568.8089190947
394631.163152686
394676.250060052
395289.1525130593
396164.8743710546
397557.5875399146
398480.13502909726
398587.0319541106
400296.8569863786
400786.8358160197
401839.38634784083
402387.0705155511
404373.93835934525
404376.4841830836
406343.4466369236
406426.398060398
408204.21780167765
427425.6343901431
427830.31428855105
428870.7398736184
428955.7205768842
429124.173859571
429125.9310313904
433495.88821025594
436844.5365420893
436847.7464937594
436848.2814857044
436849.35146959446
436850.42145348445
436852.0264293195
436853.19787719916
436854.4707890683
440594.82546464296
446495.53295818134
446508.7509488228
446619.5588494342
446664.1107648553
446665.39751272305
448285.5468262077
449525.4137187769
459058.232259015
462415.48196996434
512346.1787341983
512480.1296484311
531053.2835835237
560028.3689215288
560052.2775270715
568689.4964913572
568692.125331087
568700.0118502765
568701.3262701414
568714.4704687905
568715.7848886554
568719.7281482501
568721.042568115
571009.7242728894
571669.5907170699
571708.1101371109
588041.3219784197
588053.4607611721
588062.9983761918
588084.1766780152
588127.6908935428
593037.1321049614
593039.8716326798
606036.4770729176
758055.3698727537
798576.13021212
807408.0539603945
856059.1330081447
910787.5729672771
1084347.1785132065
1135749.250710216
1142893.090391988
1145024.6827809075
