63296.29906254705
63297.81179839157
68809.74156788766
70004.0188451425
94784.52289825738
94786.64441803933
95071.14944479853
95072.51459665822
99701.41248891038
99714.27074358884
100727.951343405
101590.851842718
103824.65997713218
116952.84576384642
118675.04479084261
118686.71314964337
118780.28600802616
121514.32544702766
126831.77642051187
141517.2960871668
143847.31514369263
145278.96281255106
153597.26662161425
168151.5057217619
168416.70030650584
168437.66184435145
168548.58504495097
169663.12085040146
169663.12085040146
169685.3506881167
173164.44020254366
179910.7347491745
181558.722091798
181923.66500229
181924.63352219044
193401.72809060017
193575.02858478873
193575.96943269204
193588.48178740605
194389.5999410689
212434.26946247785
214609.45447091718
236685.20528202056
236690.9979534252
258175.9700732475
258500.93617184824
258506.38755528795
259421.2237812631
259422.178465165
275889.590268681
275919.38378561893
275936.02387990867
276178.79031095764
276178.79031095764
277191.6868708544
277199.8039900202
277215.0235884559
279078.4927729327
279114.9829131823
279283.0902959046
279559.45975549996
279561.1846433227
283504.3612220517
285563.7758183897
293516.7031890055
293519.45655272255
293520.93239257083
293522.40823241917
293523.88407226745
293525.3599121158
293528.3115918124
297628.15779443935
297636.33025759936
297657.1672714578
297667.58577838703
297671.0586140301
297676.8466734352
297994.7564127611
297994.7564127611
298810.6099049095
298813.7645125853
298837.4240701536
298845.3105893431
298883.1658814524
305303.7610215579
305308.8526690346
305312.2471006857
305320.73317981354
305322.4303956391
305324.1276114647
305325.82482729026
305329.21925894136
325333.5366029421
325342.9912019704
325344.882121776
325346.7730415817
325348.6639613873
325350.554881193
325352.44580099866
325354.3367208043
325360.00948022126
335740.1076773778
335868.090664224
336085.0760179228
339356.7546896669
346404.0698333595
376394.0072190604
382594.45778579183
382624.5925906946
382626.26674652257
382632.9633698343
382637.9858373181
382643.0083048019
382649.7049281136
385278.4339699387
388611.0602154188
388640.04663243965
390403.3893072072
405888.1223717208
405911.8372732834
423453.7665623629
468782.94687553047
479803.9838708128
512301.940434745
512310.1405699022
539767.3753559086
539769.736699666
539885.9221917246
539885.9221917246
539887.32885158
542942.6447895615
552334.1516643233
552339.2433118
552340.9405276255
552772.5867872619
568680.295552303
568684.2388118977
574244.9035803849
574937.1139772411
630674.8162406438
656513.621988989
700878.317901284
722338.2606996787
739745.6487385861
739748.2406823197
799048.6480115557
807425.8747265629
807434.7989456457
807443.7416127265
807448.8517082013
807452.6842798074
810370.3412559371
814437.7651018964
814763.2154604474
843235.6159101173
843272.2213503551
843272.2213503551
882884.2886471148
916939.906542954
917063.6280422382
917067.0501458865
917608.1437662741
951941.1918815997
964698.9141943894
964713.0638089351
964729.1919712775
966514.7875437579
966517.0935435209
966524.0115428099
974987.5195449494
1131842.6288397298
1131996.8356558809
