606028.728913714
606251.626850805
615594.200410596
621985.2695297363
622660.097300379
630667.5754013881
630669.0235692393
681371.9396981063
691884.0517696947
694726.4501375593
694741.3930160234
722313.8586101867
722326.9981968362
746307.3618401878
746318.9517949966
758040.0488103284
797170.1990526184
807474.4021855753
807518.6589330267
810356.1685813938
814427.9968869003
851953.9368860676
851958.4197496069
851987.1432826547
851987.1432826547
857674.2414061474
857812.6336759237
857812.6336759237
878441.9968676837
878448.7534469892
878450.662814793
878454.4815504005
879221.7430155431
886221.0334081715
886223.3486319336
886224.5062438146
886226.8214675767
913273.4637717829
937064.034410641
965662.8313193201
965671.2805024518
965671.2805024518
977857.2071140093
977876.6420800118
977878.5883438118
977882.4808714117
982454.798753479
1030435.9110780869
1030471.8154943967
1030475.4543620227
1030565.7296407445
1030565.7296407445
1046326.0804089307
1046337.771827729
1062564.7739319538
1067388.5841481735
1067466.9097361232
1074511.743624071
1074586.6471083723
1077029.7800652727
1131954.0547482776
1136920.0160138872
1136923.6548815134
1136927.2937491394
1137072.9868141653
1137072.9868141653
1137077.5065737008
1137080.8963933524
1137082.0263332361
1137084.286213004
1143297.203014454
1144941.9342854123
1158980.3673585732
1183842.6283272854
1183855.3574459772
