674.411020866602
675.423253539529
68699.68138509615
68700.9026658211
69151.06013951817
69152.03936460394
69602.23534715272
69603.29709120638
69864.45312082153
69865.18478900359
70543.37517860008
70544.25538092437
70815.6437625593
70816.3809320059
71132.21402975268
71132.21402975268
71483.14519518029
71483.14519518029
71706.93663612955
71707.89385615721
73320.7765951757
73320.7765951757
73777.56859389207
73778.55882150689
74240.13692036155
74241.4407200544
170103.9567845109
170106.45435860608
170427.4806500661
170428.49288273902
171198.5543899327
171199.957212387
171576.44175154148
171576.44175154148
171770.90595129854
171772.0667181137
171954.26309797599
171954.26309797599
173442.98779788965
173443.48291169706
173569.0822821079
173569.0822821079
237791.3779903575
237791.3779903575
238197.22827955591
238197.22827955591
238803.9517416851
238803.9517416851
239335.2913760038
239336.8592363939
244347.57600531788
244348.2361570611
245168.3921790356
245169.96003942573
336797.63567875675
336798.9724860368
337285.00920697744
337286.51105219324
338696.3971301737
338697.4093628466
339701.06556437624
339702.62242223736
340294.42645496986
340295.4386876428
341478.92022402375
341478.92022402375
341742.93140992825
341744.44975893764
396907.5986216276
396907.5986216276
423182.9307986767
423184.26760595664
423694.0202782723
423695.5221234881
424296.09517187637
424299.7920216383
425535.26600906183
426728.68833044264
426731.637008229
600897.4139472337
600898.8332734816
676079.3343469923
676079.3343469923
680154.9461716547
680155.81537145
872453.5841502456
872453.5841502456
922479.8722484127
922481.1265367247
922770.542562214
922770.542562214
923188.7816991267
923816.0853918506
923816.0853918506
924435.7368256175
925268.7327989975
925270.9278035437
926126.3854399865
926127.7387510601
926671.2086736604
926671.2086736604
927412.7626280764
968784.5658967444
