279725.6360455077
279768.8759846881
279939.4922027216
279972.97289863153
280294.7528633318
280337.0905951298
281289.15043666284
283905.26577984245
284136.30788743804
284161.9657851909
284214.4698538345
284217.50655185326
285453.4756530841
285473.64328883926
285521.0641890601
285535.2354464811
285784.25568655017
285784.25568655017
285788.3981387388
285850.53492156876
286043.88236462686
286189.11574813374
286203.5290611939
286457.7975076216
286459.24984145665
288808.8564246365
288832.75391774083
302174.6021898089
302212.0768037653
302296.2681560831
302321.7060032549
303650.8335179823
303650.8335179823
304906.1670703474
309060.62301820767
313275.4388404557
314006.2268201927
314374.2614170341
314374.2614170341
314398.9180846431
314403.78120248474
315446.18281007645
315588.561037294
315629.55095928296
315819.70766891557
315839.27016557276
315883.18125902547
315901.7315230098
316126.01257650193
316131.37630941556
316136.7400423292
316142.10377524275
316347.5760053179
316356.66409431613
318740.29599859414
318775.2510333973
318783.5359377746
318786.297572567
318930.8598018017
318956.7157450775
318964.5275407056
319014.5230327249
319049.53858143784
319070.7789637757
319103.4564750648
319443.7977062783
319509.5983312831
319529.2048380565
319574.9533538612
319574.9533538612
319579.85498055455
319584.7566072479
319592.0842915976
319595.88016412104
319597.77810038277
319599.67603664455
319616.7574630002
319624.34920804715
319901.0408086859
321505.4516003331
321513.8685350591
321983.84706484614
322080.3777534975
322423.3925992711
322849.43252928276
323459.33572230843
324457.65019598254
324472.28355962376
324885.5385508752
324885.5385508752
325035.45901175897
325829.4015082633
325843.4407353357
325856.2036690378
325858.7562557782
325860.0325491484
325862.58513588883
325865.1377226293
325898.1673148481
325931.79104363575
325934.9432682096
325938.09549278347
325942.2984588819
325945.45068345574
326235.2187898746
326236.1815111668
327224.84126559645
327232.3504916755
327414.5358690088
327439.53911628295
327442.8728825862
327446.2066488894
327452.87418149586
327456.2079477991
327459.5417141023
327897.2388236463
327898.4601043712
328183.66766249744
328184.47084711835
328184.47084711835
328331.3105998671
328426.28443065734
328426.28443065734
328432.12677358475
328821.3467401187
328854.26080578245
328873.14114563836
329285.3949067459
329286.67670138064
329527.1644801687
330430.9672292729
330450.02911085816
330517.8431986797
330533.2467393547
330544.02921782713
330557.8924044346
330566.9584883748
330578.57715905533
330810.97257772443
330810.97257772443
332153.55068421975
332343.1627686642
332343.1627686642
332362.5272197984
332367.368332582
332372.20944536553
332375.8402799532
332378.260836345
332806.7873379228
332849.9942695161
332851.14953506674
332853.460066168
332888.11803268665
333097.12207458797
333258.57318591984
333258.57318591984
334249.96156755474
334310.6570190787
334379.4008206053
335039.8001207222
335304.19089387904
335337.7486074924
335337.7486074924
335363.3900014517
335366.37718808977
335370.3601036072
335559.12499331444
335559.12499331444
335566.0840929408
335568.86773279135
335577.218652343
335580.00229219353
336000.39792480075
336246.2439352379
337252.4692273016
338558.2878842289
343297.9133398024
343304.6523888477
343311.391437893
343315.24232306174
343317.1677656461
343319.0932082305
343323.90681469144
343328.9239679398
343331.2565040992
343337.0878444976
343339.4203806569
343342.91918489593
343346.41798913496
343348.75052529434
343353.415597613
343356.91440185206
344723.3074824838
344756.7881783938
344765.20511311974
344776.98882173613
344812.33994758513
344832.54059092747
344845.16599301645
344862.8580597346
345320.7558126208
345544.4482308086
345616.50379358034
347470.3199138135
347537.1162676976
347792.4739645016
347843.88328150427
348393.2670634708
348639.8227370319
348640.39486854273
353236.057732715
353237.4825602274
353239.5180281023
353241.5534959772
353242.3676831272
353243.9960574271
353244.4031510021
353245.01379136456
353247.6929071891
353248.6831348039
353249.6733624187
353250.41603312985
353251.65381764836
354044.82613711903
354211.9545534425
354214.15505925316
354244.6870773768
354245.0776671582
354386.70222113555
355284.4260729376
355681.1772706087
355687.0306160652
355687.86680827325
355689.12109658535
355692.0477693136
355695.9206595405
355697.57103889855
355703.0723034253
355705.8229356887
356755.90430855984
360614.43623499566
361451.8607263197
361460.32717242645
361463.1493211287
361465.9714698309
361471.6157672354
361473.49719970353
361476.3193484058
361477.26006463985
361480.08221334213
361482.90436204436
361484.7857945125
361486.6672269807
361488.5486594488
361492.3115243851
361499.86476058036
361501.7571955776
361506.4882830706
364318.3056105258
364326.474988348
364331.3766150414
364333.01049060584
364336.2782417348
364339.54599286366
364341.1798684281
364344.44761955703
364346.08149512147
364349.3492462504
364352.6169973793
364355.88474850816
364359.1524996371
364360.78637520154
364365.6880018949
364368.9557530238
364370.5896285883
364373.85737971717
364375.4912552816
364606.41233505757
364619.33480543096
364630.8214457629
364639.4364260118
364651.6272282031
364663.81803039444
364668.3895812162
364683.6280839554
364698.86658669455
364708.00968833803
364712.5812391598
364735.25745153916
364742.5741333598
364751.3541515445
364763.0608424575
369146.1933541668
369151.60659846116
369840.57396526565
369849.9921301355
369857.05575378786
369859.4102950053
369860.5875656141
369862.9421068315
369865.29664804897
369867.6511892664
369868.8284598752
369871.18300109264
369875.8920835276
369878.246624745
369880.60116596246
369884.1329777887
369886.4875190061
369888.8420602236
369891.196601441
369894.72841326724
369897.0829544847
374688.28826626117
378959.16197403707
379122.27446725604
379122.27446725604
379131.69263212587
379139.933526387
380152.0286677007
380158.8282306558
381831.32817335095
381944.7037339833
382098.2495281902
382111.78263892606
382118.54919429397
382123.06023120595
382127.5712681179
382133.347595871
382138.6288098167
382145.670428411
382149.1912377081
382154.4724516538
382161.5140702481
382166.7952841938
382226.6490422451
382231.9302561908
382237.31049289805
382241.0293477181
382246.6076299483
382252.1859121784
382255.90476699854
382345.157282681
382347.016710091
383024.2993910406
383236.9012599424
383238.22706469335
388947.62643357605
388967.67854277615
388981.04661557626
388992.18667624297
389012.23878544307
389063.09797599306
389076.13597292156
389119.5959626831
389134.8069590996
389163.0559524446
389214.1626998984
390743.18966373516
391301.64503090637
396176.6676090129
399649.7259300575
399739.98517714837
399829.6942977865
400204.48994873127
400541.260859267
400557.0054783426
401927.0954087363
405474.04671490466
405496.920972807
405498.5548483714
405501.8225995003
405506.7242261937
405509.9919773226
405514.89360401593
405518.16135514487
405523.0629818382
405527.96460853156
405531.2323596605
405537.8833884733
405541.22815730557
405547.91769497015
405551.2624638024
405556.27961705084
405567.98630796385
405573.00346121227
405576.34823004453
405581.36538329296
406642.212730843
406663.57414100046
406669.3999801343
406675.22581926815
406682.99360477994
406688.8194439138
406723.77447871695
406727.65837147285
406733.4842106067
406739.3100497406
406752.90367438627
406761.1775762345
406820.4426989815
406829.22271716624
406833.6127262586
406840.1977398972
406873.1228080899
406888.48783991317
406894.7427776801
406903.0826947027
415698.2128530933
415783.9225544205
415785.1328326164
415792.39450179174
415794.8150581835
415802.07672735886
415808.1281183383
415811.758952926
418076.8716142391
418157.597169905
418170.38210866525
418171.2953185767
418174.5740722347
418176.02640606975
418178.9310737399
418180.38340757496
418182.56190832757
418184.7404090802
418188.37124366785
418190.54974442045
418192.0020782555
418194.90674592566
418197.08524667827
418198.53758051334
418200.71608126594
418203.6207489361
418205.7992496887
418207.9777504413
418210.1562511939
418212.3347519465
418461.046921202
418466.9442767747
418469.15578511445
418470.63012400764
421105.2297159972
421122.4816815532
421126.1785313152
421128.64309782314
421129.8753810772
421132.33994758513
421134.80451409315
421137.26908060117
421140.9659303631
421143.4304968711
421145.89506337914
421148.3596298871
421150.8241963951
421158.2178959191
421161.9147456811
421166.8438786971
421169.3084452051
421172.6972241536
421175.93196769536
421180.2449590844
421182.40145477885
421184.5579504734
425357.2230839172
425432.0072738942
425432.83796483773
428514.46481100866
433216.9457284973
433231.11698591826
433235.1109039647
433238.93978407537
448856.87023892294
448858.47110690025
448859.53835221846
448860.07197487756
448861.32076192513
448862.7510907021
448864.1814194791
448864.89658386755
448866.3269126445
448867.04207703297
448868.47240580997
448869.18757019844
448870.6178989754
448872.0482277524
448873.4785565293
448874.9088853063
448876.3392140832
448877.7695428602
448879.19987163716
448879.91503602563
448881.34536480263
457923.4327890647
458250.372939891
459197.0635472459
459260.7021752917
459412.94967107027
463263.92836131086
463276.27319890895
477254.3592172923
503492.82742074743
504680.2203562069
504685.8976611985
504688.73631369433
504690.6287486915
504692.5211836887
514364.4758899442
519802.75643915375
529061.8302401454
529065.9891961277
529068.5472841327
541520.5605177302
548675.0430550356
548684.0871339176
548687.1018268783
548690.1165198389
553271.5586152094
559506.6588222709
560108.3981387388
560121.9642570618
560126.4862965029
560129.5009894635
560150.6038401882
560155.1258796293
582627.7969727764
582645.8191153661
582650.3246510136
602246.3680193155
609076.3969773608
634845.348757249
634872.6625356245
635078.0577479963
635078.0577479963
636748.6707569588
638325.8062790822
651336.6929759549
653073.387174413
653079.6036033282
653083.3334606774
653087.0633180266
655546.6566828904
655554.0008710336
657453.2079248772
657462.2850113465
659650.3249566393
659657.652640989
659661.3164831639
659664.9803253387
659668.6441675135
659670.4760886009
659672.3080096883
659675.9718518632
659681.4676151255
659683.2995362128
659690.6272205625
659694.2910627373
659699.7868259996
659703.4506681744
659705.2825892618
659708.9464314367
659712.6102736115
659716.2741157863
659718.1060368738
669987.580589705
677472.4525706951
679506.600142116
692969.2286768695
692974.68593128
695389.1579244952
695392.2936452754
695393.3498880645
695394.4061308537
695395.1983129455
695396.2545557347
695397.3107985238
702612.5052911467
723144.610823738
731875.2331542876
754383.5854491554
761225.1505589131
762180.6927008916
768194.5540537443
768204.6048640348
768468.8030929331
768469.7713154899
768486.2916128638
768487.5624049695
768490.1039891809
768491.3747812866
768493.9163654979
768495.1871576036
768496.4579497093
768498.9995339207
768500.2703260264
768502.8119102378
768504.0827023434
768506.6242865548
768509.1658707662
768510.4366628719
768512.9782470831
768514.2490391888
768516.7906234002
768518.061415506
768520.6029997173
768521.873791823
769444.2213036469
769606.8386830584
769606.8386830584
773517.6876351439
773551.1078171441
773559.1286608241
773580.5175773043
773587.2016137043
773603.166283361
773606.351515522
773610.5984917367
782360.1561747874
782361.2124175766
787297.8271533248
795841.092917886
795844.7237524736
795845.9340306695
795847.1443088654
795849.5648652572
807493.816425859
808012.2005822172
808012.2005822172
808031.0809220731
808081.4284950221
808914.099893795
808963.7268010911
808965.3276690684
809044.1827947953
809045.5306046043
811655.0004202356
811938.2880370418
811938.2880370418
812223.4240787292
821542.0600707524
830204.1916579437
830215.0841617066
830222.345830882
830225.9766654697
830231.4229173511
830235.0537519389
830240.5000038204
832285.3750410685
840586.893237265
847878.9348940625
886087.6595939761
886110.0222342775
886110.0222342775
886113.0039196509
886115.9856050245
886121.9489757715
886124.930661145
889491.2919566928
896324.4621367828
896540.628825098
896678.0339091832
900509.5271204701
905184.1936445113
906456.6856409356
906932.8971034314
906951.1117902795
906963.0715393607
910173.3674615484
910185.2281878681
910318.3917970033
911459.2990472115
918423.2672926902
918442.428197037
918444.914768603
918449.8879117352
918454.8610548674
918459.8341979997
918462.3207695658
918479.7267705285
918756.1708142635
918850.3249566393
919454.7818977834
919481.9141344295
919528.4988424423
919530.594824227
919534.7867877964
919536.8827695812
919541.0747331505
919543.1707149352
919549.4586602893
919549.4586602893
919559.9385692128
919562.0345509975
919568.3224963517
919572.514459921
919574.6104417058
919580.8983870598
919614.434095615
919627.0099863233
921246.6537794451
921277.2628152721
921303.1627686642
921362.0428028944
921367.8301331765
937720.025366942
937727.1495045042
937731.220440254
937742.415513566
937745.4687153783
937750.5573850656
937753.610586878
977740.3604856393
987320.1580085423
992699.531017199
992713.0861329931
992726.5092184384
1002671.8602678811
1003307.6634142987
1003340.2749104134
1003341.9913049458
1003347.1404885428
1003350.5732776076
1004380.387991962
1005807.9331290735
1005966.2265145669
1005970.4184781363
1005976.7064234904
1006010.2421320457
1006014.434095615
1006018.6260591844
1006024.9140045386
1006035.0363312678
1006038.5131304486
1006041.9899296296
1006048.9435279914
1006052.4203271724
1006059.3739255342
1006064.5891243056
1006068.0659234865
1006073.2811222579
1006075.0195218484
1006081.9731202102
1006083.7115198007
1006088.926718572
1006097.6187165243
1006099.3571161148
1006106.3107144767
1006111.5259132481
1006116.7411120195
1006121.9563107908
1006773.179501677
1006913.7588153944
1006913.7588153944
1007165.1115916228
1007229.2508347405
1007259.0016733012
1009223.9213319173
1009225.3791670168
1009709.0448429465
1010142.6545129471
1010349.5900793863
1010349.5900793863
1011183.8238372848
1011265.440597804
1011738.5273420488
1011740.6123213044
1011974.3005371373
1011990.0341536839
1011991.6075153386
1011994.7542386479
1012004.1944085758
1014071.7896683196
1014084.3655590279
1014088.5575225973
1014091.3521649769
1014094.1468073565
1014098.3387709259
1014101.1334133055
1014101.1334133055
1014105.3253768749
1014108.1200192545
1014109.5173404443
1014112.1909550042
1014114.7435417447
1014117.2961284851
1014119.8487152255
1014124.9538887064
1014127.5064754467
1014130.0590621872
1014133.8879422978
1014140.2694091488
1014142.8219958893
1014145.3745826298
1014153.032342851
1014243.1430557997
1014243.1430557997
1014249.3264771277
1014250.8723324598
1014253.9640431239
1014258.6016091199
1014260.147464452
1014261.693319784
1014264.785030448
1014264.785030448
1014266.33088578
1014267.8767411121
1014269.422596444
1014270.9684517761
1014274.0601624402
1014275.6060177722
1014277.1518731042
1014280.2435837683
1014281.525378403
1014282.8071730378
1014284.0889676724
1014285.3707623072
1014594.1457376662
1014783.6312930264
1014785.1551433003
1014949.747476677
1015169.2919414116
1015199.3398482568
1015212.6749134697
1015232.677511289
1020148.579986094
1021187.3012477173
1021254.636725525
1021255.5994468172
1029301.0282780279
1029641.6445724677
1030015.4554970622
1030015.4554970622
1030272.2050137914
1031015.4863652687
1033286.3533492768
1037603.7017397749
1038217.7418837246
1038218.4185392614
1038858.9472719077
1039190.0243736581
1039198.7493791976
1044812.6247908373
1045083.0559524447
1045083.0559524447
1045192.3715798563
1045365.1497948486
1045375.2391139907
1045522.177889501
1045708.934817656
1045708.934817656
1045764.1730147694
1045939.9109100773
1045940.2959985941
1046578.9267949786
1046715.5011881203
1046716.1173297473
1049555.8425721468
1049957.220333285
1049957.220333285
1050173.8601303494
1050180.6596933044
1050184.4830721507
1050193.8242193172
1050204.7222243447
1050214.0633715112
1050218.7339450945
1050224.9613765387
1050249.871102316
1050297.5780682922
1050312.2829483722
1053014.2950358728
1053119.638750296
1053120.557461472
1054076.0610945988
1054096.3387556446
1054103.809472872
1054104.87671819
1054107.0112088264
1054109.1456994629
1054111.2801900993
1054112.3474354176
1054113.4146807357
1054114.4819260538
1054116.6164166902
1054118.7509073266
1054122.431253295
1054124.884817274
1054126.1115992635
1054132.2455092107
1054134.6990731896
1054140.832983137
1054145.740111095
1054170.2757508843
1054172.7293148632
1056793.6197556523
1056835.3853559396
1057472.8498842441
1057472.8498842441
1066168.709724249
1066175.7733479014
1066178.1278891189
1066180.4824303363
1066182.8369715537
1066185.1915127712
1066187.5460539886
1066189.900595206
1066191.0778658148
1066194.609677641
1066194.609677641
1066196.9642188586
1066200.4960306848
1066213.4460073807
1066215.8005485982
1066218.1550898156
1066223.5133214649
1066225.603801985
1066229.7847630254
1066232.9204838057
1066235.0109643259
1066236.056204586
1066238.1466851062
1066240.2371656264
1066242.3276461465
1066244.4181266667
1066247.553847447
1066248.599087707
1066250.6895682272
1069988.8153179653
1069998.7671054944
1070003.1901221739
1070005.4016305136
1070009.824647193
1070029.7282222512
1070031.8957204747
1070035.14696781
1070038.3982151453
1070045.9844589278
1070048.1519571512
1070057.9056991574
1070060.0731973809
1070066.5756920516
1070070.9106884985
1070075.2456849457
1070083.91567784
1070087.1669251753
1076369.8695741866
1078819.2085819726
1078842.313892985
1078860.798141795
1078894.68593128
1084786.8428090068
1084848.511984352
1084850.1348573875
1084866.3635877415
1084873.636259446
1087209.2971370504
1087323.2943405742
1093153.952582156
1096512.1004897654
1113177.2186523431
1113185.415536488
1113192.842243599
1113206.4578733027
1113208.9334423398
1113213.8845804138
1113218.835718488
1113220.0735030065
1113229.9757791548
1113234.9269172288
1113237.4024862659
1113243.5914088585
1113247.3047624142
1113249.7803314512
1113258.444823081
1113261.4980248932
1113262.5157588308
1113302.2073823914
1113305.2605842038
1113307.2960520787
1120407.8716982862
1120491.1168331052
1120594.3810695375
1120647.8533607377
1125263.7003644588
1129777.4438985628
1156142.309155785
1156153.0146165541
1156154.5439680927
1156159.132022708
1156162.1907257847
1156163.7200773233
1156168.3081319386
1156169.837483477
1156172.8961865539
1156174.4255380924
1156175.954889631
1156177.4842411692
1156180.5429442462
1156182.0722957845
1156186.6603504
1156189.7190534768
1156191.2484050153
1156197.365811169
1156198.8951627074
1156203.4832173227
1156205.0125688612
1156388.8153179653
1156389.9210721352
1156395.4498429848
1156399.8728596643
1170504.713514009
1170517.0363465492
1170525.9483950825
1170530.4044193493
1170545.2578335716
1170810.1272167424
1170810.1272167424
1181505.0640668098
1181517.210858885
1181524.8026039319
1181527.8393019505
1181530.8759999694
1181533.912697988
1193192.0164426684
1193213.3173389162
1193222.5869696436
1193234.1231213564
1193306.574775174
1205216.306359309
