194514.8664033191
194933.87571726556
196196.68548812263
196199.2710824502
199414.63366926703
200495.9567233857
201893.98757631093
201895.41240382337
201996.03603328264
201997.19129883326
202187.5460539888
202377.5047180984
203621.45065289314
203791.19767113135
205058.4029523453
206482.59231809535
206514.2245891243
206520.52903827198
206538.39164419044
206540.49312723966
206545.74683486274
206548.89905943658
206553.10202553504
206558.3557331581
206562.55869925657
206567.8289106732
206574.23238258236
206891.1162218538
210962.73412846983
214628.82081923
214657.94451363475
214667.5332177049
214686.71062584524
214693.5597001811
215031.75543822921
215055.47689086865
215063.94883823988
215072.42078561115
215236.0173901084
215247.1464482461
215982.60500156635
218129.5119919926
220495.13825747443
220551.16863667968
220778.72844382978
221010.65075374965
221183.67652564583
221184.94181648697
221279.54156128946
221409.77849769633
221599.68214916065
221616.9891273619
221700.01421160004
221705.8235469403
221750.03170867747
222031.00329311806
222145.28656239735
222145.28656239735
222157.3013241238
222205.60792793342
222214.32743220837
222407.99394860902
222536.77304991634
222721.76407215826
225484.0700188724
225668.7474690363
226814.53984214427
227567.2943711367
227585.83363259194
227600.66504175612
227853.3546252646
227968.78215756538
229288.26045431275
229289.53674768299
232288.73814744918
232525.74362579177
232757.952001467
232757.952001467
233661.03958618263
234322.37960253365
234371.15381382804
234698.31951649996
234700.01940723872
234773.7033443104
235001.0375996149
235057.75563688597
235115.27135751344
235520.84108222098
235520.84108222098
235762.96273657345
235778.9164037011
235835.35937774583
236310.2285316972
236311.69736932585
236442.44592333375
236544.09828925953
236554.30863622122
236554.30863622122
236556.86122296166
236558.13751633186
236559.4138097021
236559.4138097021
236560.6901030723
236606.04252783104
236633.86792380747
236834.289993047
236843.36707951617
236844.62136782828
237361.4541675899
237781.27766868635
238598.33097746773
238603.41414589045
238674.8920758869
238684.75034191887
238691.79196051316
238703.058550264
238819.7953835222
238821.11568700863
238825.0765974679
238827.71720444076
238829.0375079272
238831.67811490005
238832.99841838647
238834.3187218729
238836.95932884575
238838.27963233218
238905.64811772708
240386.6655460387
240578.02703260264
240625.14536327444
240691.24305656372
240790.29882563284
240950.90824349207
240950.90824349207
241027.8709342217
241039.53911628298
241039.53911628298
241076.77717586473
241077.89393256366
241139.31555100513
242275.60724027536
243017.81034390544
243837.41073816275
244058.92465559795
244060.19544770362
244147.10992596217
244191.64816357094
244305.4143139847
244492.92491537982
244492.92491537982
244521.29493654444
244561.20110942167
244726.9267032908
244726.9267032908
244814.96343951285
244815.95366712767
244858.2033786933
244860.0297985162
244862.76942825053
244869.16189763063
244870.07510754207
244871.90152736497
244871.90152736497
244873.72794718787
244874.6411570993
244876.4675769222
244876.4675769222
244878.29399674508
244879.20720665655
244880.12041656798
244882.86004630232
244885.59967603663
244886.7439390582
245019.22539139207
245814.76325460922
245845.62534860443
245863.3944330259
246089.61743289602
246187.63346296962
246432.66528625676
246446.52847286424
246488.11803268667
246507.81255969254
246529.18497237907
246530.20270631652
246633.02134032198
246633.73650471045
246636.59716226437
246815.5312922623
246815.5312922623
246936.38307138655
246946.4173778834
246948.08976229953
246948.08976229953
246958.12406879637
246958.96026100442
246958.96026100442
246960.63264542058
246961.46883762864
246961.46883762864
246963.1412220448
246963.1412220448
246964.81360646093
246964.81360646093
246965.649798669
246967.32218308514
246974.94693571926
247840.6424254464
247844.63634349284
247849.96156755477
247876.89575867789
248094.69082129296
248307.69428250522
248361.91474568113
248527.4257902337
248527.4257902337
248596.47766257383
248597.71544709234
248633.61119812957
248664.28624913088
248960.4028148137
248960.4028148137
249051.9548590683
249070.04851809685
249208.93344233985
249210.1712268584
249210.1712268584
249259.4625570183
249303.2251163288
250619.59519861857
250631.69798057748
250781.30486938317
250789.7768167544
251210.08442912917
251210.08442912917
251344.06222541432
251374.75928147373
252177.79536824088
252178.87911735266
252189.71660847042
252190.8003575822
252194.0516049175
252195.13535402928
252199.4703504764
252199.4703504764
252199.4703504764
252204.9331061515
252206.03886032137
252207.14461449126
252210.4618770009
252214.88489368043
252215.99064785033
252217.0964020202
252220.41366452986
252223.7309270395
252224.83668120936
252227.04818954912
252579.00809144325
252589.90059520627
252599.80287135448
252647.79040182152
252648.62109276507
253095.22474957787
253102.7724845086
253148.34495984841
253149.8413037997
257379.01542646263
257428.3397642097
257795.0870651518
257795.0870651518
258350.8963240856
258421.59857578372
258515.45564987508
258521.1329548667
258718.57883999727
258718.57883999727
258721.16993558937
258722.03363412007
258722.89733265078
258724.6247297122
258726.3521267736
258727.2158253043
258728.079523835
258730.6706194271
258731.53431795782
258733.26171501924
258734.12541354992
258736.71650914205
258737.58020767276
258739.30760473415
258740.17130326485
258741.89870032627
258741.89870032627
258743.62609738766
258744.48979591837
259769.31486334707
259952.83154669582
259952.83154669582
263303.1731599416
265676.10510471504
267692.12600952026
267743.60134169733
267743.60134169733
268649.85215351585
268692.56947256625
268720.2463344005
268720.2463344005
269828.0029645703
269864.2838041244
270075.9284529986
270077.155234988
272411.5178141642
272423.4995683036
274183.69516882004
274254.51844833774
274433.0014746445
274433.0014746445
275868.787506017
275868.787506017
276622.94485746376
276626.7682363099
276652.26659739146
276658.81310217833
276848.4251866228
277132.4444716112
277132.4444716112
277780.08083802596
277901.96685488126
277923.20723721915
278071.5928452998
278215.0273153065
278382.08421519113
278386.4742242835
278583.606537336
278654.4188143247
279005.806584708
279026.02923310845
279026.02923310845
279059.4549163731
279068.0808991511
279072.3938905401
279124.1717922662
279135.61442248186
279313.1732363481
279318.080364306
279439.33923700516
279440.8850923372
280709.7682592318
280729.330755889
281112.8789186959
281114.4632828796
281290.6412793496
281550.62003835605
281564.67026795744
281979.1850487855
281980.7088990594
281980.7088990594
282060.28469043924
282061.880057152
282093.7873914073
282106.55032510945
282274.17385524034
282548.0488084414
282548.0488084414
282559.4914386571
282591.51429946744
282634.1766058726
283278.7267628879
287696.4402234125
287708.7630559525
288000.19254425843
288000.19254425843
288081.2866846476
288086.6229112386
288086.6229112386
288091.95913782954
288094.09362846595
288095.16087378416
288096.22811910236
288097.29536442057
288098.3626097387
288099.4298550569
288100.4971003751
288101.56434569333
288102.63159101154
288103.69883632974
288104.7660816479
288105.8333269661
288106.9005722843
288107.9678176025
288110.10230823886
288110.10230823886
288111.16955355706
288112.23679887527
288113.3040441935
288321.0592990472
288322.48412655963
288365.9991289664
288367.15439451707
288615.80054859834
288630.8300032855
288641.28240588633
288642.3276461464
288646.5086071868
288749.1732057855
288981.2715561702
288988.57723546174
288998.62254448765
288998.62254448765
289003.1885940449
289631.08092207304
289922.53241543716
290123.73016297497
290123.73016297497
293794.52593617
298728.3240244806
298758.184888332
298868.518249681
298868.518249681
298965.8576242178
299005.10364535183
299382.7269462633
299455.19510387455
299456.15232390224
303327.4581865693
303370.753138395
303383.075970935
303586.27067749604
303588.0640897318
303658.0071669252
303659.8005791609
303883.9936124206
303886.11159926344
303892.4655597919
303896.3659563414
303898.14836604806
303899.93077575474
303908.8428242881
303910.6252339948
303910.6252339948
303914.19005340815
303914.19005340815
303917.7548728215
303919.5372825282
303921.31969223486
303923.10210194153
303924.8845116482
303926.6669213549
303928.44933106157
303932.0141504749
303932.0141504749
303935.5789698883
303935.5789698883
303939.14378930157
303953.403066955
303955.18547666166
303958.750296075
303958.750296075
303960.5327057817
303962.31511548837
303965.8799349017
303965.8799349017
303967.6623446084
303971.22716402175
303973.0095737284
303974.7919834351
303976.5743931418
303978.35680284846
303981.9216222618
303981.9216222618
303985.48644167517
303987.26885138184
303989.0512610885
303990.8336707952
303992.6160805019
303996.1808999152
304023.1480986254
304025.3100955844
304027.4720925435
304029.6340895025
304072.87402868294
304081.52201651904
304085.8460104371
304088.0080073961
304090.17000435514
304092.33200131415
304098.81799219124
304098.81799219124
304103.1419861093
304107.46598002734
304116.11396786344
304116.11396786344
304129.08594961755
304131.2479465766
304147.09158841375
304148.8519930623
304152.37280235946
304961.99390276516
305059.1572368371
305182.0279800426
305182.0279800426
306534.8604436159
306637.3490017497
306710.32877696195
306710.32877696195
306767.5749356276
307117.6754101116
307287.05934489105
307339.4093781279
307339.4093781279
307492.0364611588
307625.431123404
307798.0277966671
307800.96547192446
307899.2290589017
307900.7419066466
308049.1825273726
308057.89653038303
309061.5252255901
309293.5905683876
309293.5905683876
310755.2985582102
310812.5887269921
310812.5887269921
312322.21273084293
312336.73606919363
312559.7353280511
312600.44468554924
312600.44468554924
312612.5474675081
312790.1062813744
312790.1062813744
312989.38408759236
313012.67644159874
313027.6948937568
313491.6990502678
313491.6990502678
314237.8630643572
314417.1547765494
314575.2006051391
314575.2006051391
316589.5326217346
322998.3132511709
323070.9684517761
323072.51430710807
323085.3707623072
323412.6024801534
324662.9463855928
327209.82281343837
327224.84126559645
327265.39108642336
327266.89293163916
334208.2674837063
334506.2489780637
334506.2489780637
335316.50822515454
335836.08065465046
335866.28259690246
335870.98067680834
335871.6518310806
335918.04949609947
335918.04949609947
335957.47705896286
336108.02466400265
336110.4562229235
336203.1690339932
338748.50510777126
342074.82820009324
343421.39472337044
343422.7865432957
343572.5804750953
343777.58509768563
343778.31126460317
344931.0682386021
345511.8862460746
345600.0
345600.0
345605.2812139457
345608.5819726618
345681.30868970574
351328.15868091903
351394.4819260538
351450.0667028324
351450.29225467803
352738.15478419
352768.8078301332
355744.97543532576
355766.9309820521
356430.53751938813
356447.7124672407
356546.9827856264
356546.9827856264
356549.8544457094
356549.8544457094
356551.29027575086
356552.72610579233
356554.16193583386
356555.59776587534
356557.0335959168
356558.4694259583
356561.3410860413
356562.7769160828
356564.21274612425
356565.6485761657
356567.08440620726
356568.52023624873
356569.9560662902
356571.3918963317
356572.8277263732
356574.2635564147
356575.69938645617
356578.5710465391
357336.6397970645
357381.0019942084
357381.0019942084
361039.0348337014
361282.53180418554
361306.99042627163
361334.12266291765
361335.01386777096
361358.18519395776
361358.18519395776
361739.7859091222
361779.41701877303
361785.7544755079
361927.1589789042
361927.89064708626
362420.65541454323
368067.50540575647
368073.1992145417
368111.03691195685
368111.03691195685
368113.9250758334
368119.70140358654
370018.15478418994
370124.40620726015
370143.93569633015
370164.5324307184
370442.9624309477
370567.79712558934
370587.6236829438
370674.0155410723
370857.55973074364
370862.2688131786
370863.4460837873
370905.5967725915
370945.6459783464
370945.6459783464
376280.788820208
377996.0225857471
378011.09054928593
378489.6015403541
378489.6015403541
379679.10146012733
379708.1371342996
379872.3278753658
379882.8682981991
379904.5542829636
380160.5281213946
380162.22801213333
381513.5366254326
382080.2053805424
382086.9719359103
382956.5348145998
385412.7614055731
385476.4220386769
385481.65924250643
385938.4237349002
386169.5593639927
386455.0309828162
386456.2467622766
386459.8941006579
391938.9885313916
392256.73056792916
392256.73056792916
393001.70080761623
393085.27601830696
393751.4351423834
393752.7224382827
394259.89501753525
394441.92085819726
394538.09396465437
394538.09396465437
394767.8377738216
394817.84426837
394863.9008549882
394865.5457330817
395130.8112072983
395218.0942702802
395218.0942702802
395228.1945919514
395231.5613658418
395241.66168751294
395253.4453961293
395374.34118536965
395374.34118536965
396009.29713705025
396029.7508385608
396157.25914776244
396179.90235255467
396179.90235255467
396231.08611771173
396413.6950924136
396413.6950924136
398901.06434187305
399193.3190198581
399979.0371258949
399980.8800495114
400206.5639254579
401238.51313044876
401261.11232512473
401271.5427226675
401763.8068750525
401763.8068750525
402440.4073992008
403049.7549645092
403118.4602571841
404252.02882051363
404253.3601265291
404332.0722193782
404425.3791670169
404444.33102331165
404461.82504450675
404506.1102239473
404533.3964960001
404553.86120003974
404572.6205120761
404579.44208008924
404607.9936429832
404651.73969850014
404667.3632897562
404847.2766448399
404881.2414520282
404883.1283857609
405345.7792311983
405359.84046332876
405392.6500049664
405394.21236409206
405914.49995797646
405924.30321136315
405940.64196700766
405940.64196700766
406789.71263533493
406807.2726717044
406807.2726717044
406827.02771262004
406829.22271716624
407099.6923876252
407217.9310660992
407224.28502662765
407582.2413068559
407833.9076551624
407920.4150398459
407920.4150398459
409301.1334133054
409350.4797561106
409350.4797561106
412535.42585135886
412626.5542982449
412808.91571604303
412809.71890066395
412887.78184429894
415421.60927268694
415726.43434011564
415726.43434011564
415850.71890830464
416336.62359889667
416336.62359889667
418855.0034764936
418883.3239862774
418883.3239862774
420960.1613704262
420999.9575180128
422335.59302867536
422701.21257038944
422751.07603206014
422781.37699707365
422902.8119102377
422902.8119102377
422906.62428655475
422918.06141550594
423797.0424590652
423797.0424590652
430054.46679757634
430086.9242582844
430117.24722835596
430126.5773729934
430131.2424453121
431594.9969055387
431654.01447138196
431688.87048342364
433559.81754139316
433568.5205418746
433568.8946278624
433580.49129348487
433581.2394654605
433583.1098953996
435265.6606483852
435308.1744206481
435308.1744206481
436743.70739385235
437996.5103645352
438036.8731423681
438036.8731423681
438037.94588895084
440644.24697621464
440730.4187837621
440770.33595916844
440770.33595916844
440795.5867633463
443398.5595855714
444983.3143590645
445002.3377317981
445144.67745016393
445144.67745016393
445443.6436708716
445462.3259652045
445463.8828230656
445466.9965387878
445470.1102545099
445473.22397023207
445476.3376859542
445481.23931264755
445482.873188212
445484.50706377643
445489.4086904698
445491.04256603424
445495.9441927276
445499.2119438565
445502.47969498544
445505.7474461143
445507.38132167875
445509.01519724325
445512.2829483721
445515.55069950107
445520.4523261944
445525.35395288776
445863.90727313014
445864.9030020095
448456.3121661993
448637.44130074343
448674.33278066
448674.33278066
451801.82917045517
452091.56977055146
452335.1602625326
452382.097051475
452383.8354510655
452387.6973387633
452387.6973387633
452393.49017031
452397.3520580078
452397.3520580078
452399.2830018567
452401.2139457056
452403.1448895545
452405.0758334034
452405.0758334034
452408.93772110116
452408.93772110116
452410.8686649501
452412.799608799
452414.7305526479
452416.66149649676
452418.5924403457
452420.5233841946
452422.4543280435
453304.4995759442
453329.7503801221
453358.4944872745
453373.62296472315
453672.121577946
453672.121577946
453673.52440040035
453766.30322664446
453824.5176078668
454678.94100657856
454731.9456902941
454731.9456902941
463637.73928590526
463669.2945392309
463670.6093414528
469879.3749952246
472193.20685518684
472525.65927306906
472525.65927306906
472551.9993276232
472949.4326820957
478345.4250108879
481024.3207848471
481072.97396832186
482416.73484669044
483087.5260354985
483087.5260354985
486569.24334690825
486606.5639254579
486672.9311807089
486675.0051574355
486685.3750410685
489049.7360157092
489093.0474713285
490002.0049052942
490566.26960780565
490567.50739232416
490574.93409943534
490576.17188395385
490594.73865173175
490998.61948822957
491000.18184735515
493344.7822798157
493503.0041488703
493504.66002949286
493511.2835519831
493849.0226850755
493866.02159246325
493879.62071837345
493881.3206091122
494592.94218323793
494615.84944872744
494634.9388366354
494634.9388366354
495230.54424315586
495247.7081884794
495249.13851725636
495264.872133803
495264.872133803
495412.7626280763
495492.60248015344
495492.60248015344
499087.10671689117
499115.53725196555
499116.37344417366
504189.7936261738
504237.2695390399
504237.2695390399
505042.81970369583
505074.22642287915
505076.21788063785
505083.18798279326
505266.0170080762
505266.0170080762
505271.52377386746
505277.0305396588
505282.53730545007
506142.236416843
506154.7792999641
506231.0103225116
506232.31412220444
506237.5293209758
506992.07176093943
506997.7050558149
507017.3445701755
507021.3384882219
507210.5929904721
507210.5929904721
507220.9903804277
507222.14564597834
507248.06210316403
507249.8555153998
512777.02549683297
512839.079760695
512849.2460975404
513071.14510349254
513071.14510349254
513408.6476822103
513466.7685419357
513466.7685419357
517525.3649554168
517627.4904300919
517627.4904300919
518240.35330343293
527661.6483927902
527676.1112172313
527676.1112172313
536883.6106632844
537595.2542424683
537699.9158000902
552710.5781676205
552740.6975909045
552901.6425858999
552902.8088539796
553018.3244065129
553030.2236416844
553091.1061362022
557844.1821835436
557855.1407024809
557949.0967993337
557950.395097762
558080.6485379626
558246.3081166574
558246.3081166574
558514.3847370473
564776.3201124703
564796.9168468586
564817.5135812468
564976.8247006778
565664.2242070921
565664.2242070921
565795.7594419272
565945.69090534
565968.790715088
566318.6326301392
566319.5898501669
566321.5042902222
566323.4187302776
566330.1192704712
568621.5719863386
568844.6262578411
569148.125520519
569149.5943581476
576367.2919261302
577769.0306313465
577905.9240978308
578023.579642265
578158.2781042032
578183.2758502128
578192.6500049664
581078.8444288236
581096.0248779407
581109.3874494762
581111.296388267
581781.5429518869
581790.2844612199
581802.7723316958
581802.7723316958
582085.7628802176
582305.8794764631
582314.8520389062
582316.133833541
582345.61511014
582346.8969047747
582384.2174833243
582384.2174833243
586273.022868451
586355.7563856692
586355.7563856692
586370.7748378273
586372.2766830431
586376.7822186905
589092.2614017527
589180.3696544137
595166.7356871614
595174.3109284148
595174.3109284148
595178.5193957777
595331.1244737506
595436.1931249475
595436.1931249475
595914.5775869314
596091.3277149122
596155.1808922746
596227.1594373429
596261.9549354747
596266.4934787094
596561.6033129838
596563.1051581996
597490.3818030395
597496.3671788445
597503.1007266253
597512.078790333
597544.9323420869
597557.3101872721
597580.2944704652
598194.8517332803
605611.83811001
605616.1456001344
605617.1028201621
605621.8889203004
605623.8033603557
605663.1924143675
605663.1924143675
607896.7718274131
607907.7743564667
607946.9928712781
608112.7239664117
608112.7239664117
608114.1102850725
608116.1897630636
608116.5363427288
608116.882922394
608117.5760817244
608118.6158207199
608119.6555597155
608120.3487190459
608121.0418783762
608121.7350377066
608123.8145156977
608126.5871530192
608503.451279426
608503.451279426
608504.5240260087
608506.6695191741
608509.1725945339
608511.3180876992
610465.8183513016
610466.4785030448
610467.0066244394
610521.8652343004
610570.3093697232
610577.0154111813
610577.890112241
610580.5142154203
610614.7595870995
610614.7595870995
610636.5996072708
611461.5747369708
611478.7111759717
611514.1613245823
611514.1613245823
611515.8777191147
622742.6933274246
622764.3298008085
622764.3298008085
626911.5130769642
627158.9269477915
627303.9457819818
627303.9457819818
628423.6511587038
628429.3174611664
628441.7833265841
628442.9165870766
628444.0498475691
628445.1831080617
628446.3163685541
628447.4496290467
628448.5828895392
628450.8494105242
628450.8494105242
628552.3917511594
628552.3917511594
631081.400071822
642999.0644794047
643015.6342881593
643058.7642020492
643058.7642020492
643072.2423001399
643074.937919758
643109.9809747936
646478.2512091321
647294.8424116933
647328.405626571
647699.7794909802
647846.8888056908
648056.277936109
648066.6753260646
648341.3259575638
648343.4989570519
648354.3639544923
648356.5369539803
648356.5369539803
648360.8829529566
648360.8829529566
648363.0559524447
648365.2289519327
648365.2289519327
648367.4019514208
648369.5749509089
648371.747950397
648371.747950397
648371.747950397
648376.0939493731
648376.0939493731
648378.2669488612
648378.2669488612
648383.0530489995
648385.4460990686
648385.4460990686
648387.8391491377
648392.625249276
648392.625249276
648395.0182993453
648395.0182993453
648397.4113494144
648402.1974495527
648402.1974495527
648404.5904996218
648404.5904996218
648406.9835496909
648411.7696498292
648411.7696498292
648414.1626998984
648414.1626998984
648416.5557499676
648416.5557499676
648426.1279502441
648426.1279502441
648428.5210003133
648430.9140503824
648433.3071004516
648435.7001505208
648438.0932005899
648438.0932005899
648440.486250659
648440.486250659
648447.6654008664
648447.6654008664
648447.6654008664
648450.0584509356
648450.0584509356
648452.4515010047
648452.4515010047
648454.844551074
648459.6306512122
648459.6306512122
648462.0237012814
648462.0237012814
648464.4167513505
648466.8098014196
648469.2028514888
648471.595901558
648476.3820016963
648478.7750517654
648478.7750517654
648481.1681018346
648481.1681018346
648483.5611519037
648483.5611519037
648488.347252042
648490.7403021111
648490.7403021111
648493.1333521802
648493.1333521802
648495.5264022495
648497.9194523186
648497.9194523186
648502.7055524569
648505.098602526
648505.098602526
648509.8847026643
648512.2777527334
648514.6708028027
648519.4569029409
648521.84995301
648521.84995301
648523.9349322657
648526.0199115212
648526.0199115212
648528.1048907769
648530.1898700326
648532.2748492882
648532.2748492882
648534.3598285438
648536.4448077995
648536.4448077995
648540.6147663108
648540.6147663108
648542.6997455665
648542.6997455665
648544.7847248222
648544.7847248222
648546.8697040777
648551.0396625891
648555.2096211003
648555.2096211003
648557.294600356
648557.294600356
648557.294600356
648559.3795796117
648563.549538123
648565.6345173786
648565.6345173786
648567.7194966342
648567.7194966342
648569.8044758899
648569.8044758899
648571.8894551456
648576.0594136568
648576.0594136568
648578.1443929125
648578.1443929125
648578.1443929125
648580.2293721681
648582.3143514238
648588.5692891907
648588.5692891907
648590.6542684464
648590.6542684464
648592.7392477021
648592.7392477021
648596.9092062133
648598.994185469
648598.994185469
648601.0791647246
648603.1641439802
648603.1641439802
648605.2491232359
648605.2491232359
648609.4190817472
648611.5040610029
648611.5040610029
648615.6740195141
648615.6740195141
648615.6740195141
648617.7589987698
648619.8439780255
648626.0989157924
648626.0989157924
648628.1838950481
648628.1838950481
648630.2688743037
648632.3538535594
648634.438832815
648634.438832815
648636.5238120706
648636.5238120706
648642.7787498375
648644.8637290932
648646.9487083489
648646.9487083489
648648.8136370234
648650.6785656981
648652.5434943726
648654.4084230472
648656.2733517218
648658.1382803963
648856.524881761
649137.8485471313
649137.8485471313
658830.7795750273
658857.845796499
658980.1719145165
658980.1719145165
658983.7367339298
658988.489826481
659001.5608309966
659468.7832272558
659468.7832272558
659489.5229945218
659520.9462174986
661234.6561327638
661383.8174191429
661385.3742770039
664360.0620420388
666374.3005371373
666388.4607920293
666405.7677702304
666405.7677702304
667176.527938019
667191.4913775319
667204.5843871057
667206.4548170447
669007.5688231115
669021.7895919132
669194.2982449438
669194.2982449438
669200.5916915624
669205.3612879072
669356.4370143416
669374.8332429191
669374.8332429191
669399.1213258047
669399.1213258047
670268.9537664561
670283.009497322
670285.0174588743
670287.0254204265
670305.097074397
670305.097074397
674258.8723935849
674294.3390459891
674295.1367293454
674296.7320960582
674298.327462771
678458.0811283705
678650.9004500341
678666.606560258
678687.1867908526
678693.5737589682
678731.7800411067
678751.3865478801
679014.0609265047
679068.8205136042
679262.5200375919
679263.4167437098
681085.3585372749
681127.1131350332
681218.835718488
681220.0735030065
690634.1564345693
690648.3882059001
690700.1826114197
690700.1826114197
690762.9190320831
690768.1562359126
690768.8108863913
690770.1201873487
690931.1532025764
690931.1532025764
690934.272419563
690956.1069384698
695672.1099641654
695674.8165863125
695675.718793695
695677.5232084597
695705.2880905264
695705.7556980111
695709.4965578894
695804.7179455833
695821.6233314741
696426.2673156122
696456.9533691425
696456.9533691425
697995.9596268309
698010.3234285103
698010.3234285103
698020.0496641936
698171.9505803069
698175.3613643135
698175.7024427142
698176.0435211149
698176.3845995156
698177.0667563169
698177.4078347175
698177.7489131182
698202.9337021218
698203.1702564964
700914.1329013822
700918.3138624226
700919.1500546306
700919.5681507346
700962.2909710496
700962.2909710496
702089.4230548828
704408.8552021332
704522.8634081862
704522.8634081862
705271.0848952086
705375.3393592555
705375.3393592555
711535.1602625325
711641.7637665324
711643.6947103813
711715.5467263656
711773.1999786062
711799.5070255733
711802.8407918765
711809.508324483
712493.4530367744
713386.8583959229
713425.1526982938
713425.1526982938
716254.9371556934
716263.9152194011
716403.405282742
716403.405282742
717352.9015350057
717361.9676189458
717626.1603465796
717626.1603465796
739714.793664377
740298.1422535318
740534.9881952032
740536.7045897356
741222.3381902368
741233.4782509035
741238.4733990938
741247.445961537
741299.9995415612
741318.4562840486
741360.5739652656
741411.4056494931
741457.1541652977
741527.7793992924
741648.3451126612
741648.3451126612
742354.1023388015
742362.1891976559
742466.6252034322
742625.0176116871
742625.0176116871
743869.5466805217
743878.623766991
743931.7329747324
743931.7329747324
743934.7256626349
743936.2220065863
743937.7183505375
743937.7183505375
743942.2073823913
743943.7037263426
743945.200070294
743945.200070294
743946.6964142452
743946.6964142452
744093.9322580398
744480.9297137051
744616.9484791296
744922.6207412954
745078.2075046417
745103.1392354771
745103.1392354771
745839.7475530835
746105.2825892618
746264.6212150153
746264.6212150153
746268.8461861719
746284.3377470793
749267.0573583234
749274.6215970477
749274.6215970477
749290.8668311952
749299.2287532759
749314.2802130212
751193.072074206
751211.4683027834
751234.6121226477
751236.014945102
752107.2502082075
752107.2502082075
752118.2527372611
752124.4471611183
752136.4289152576
752158.395464513
752158.395464513
753015.2229158231
753020.2730766586
753035.4235591653
753049.0226850755
753050.7225758143
753077.9208276346
753077.9208276346
753216.3931570381
753216.3931570381
753785.3064280748
753802.4868771919
753804.3958159827
753806.3047547735
753829.2120202631
753829.2120202631
758004.7103049381
758011.872951352
758015.4542745589
758016.6480489613
758016.6480489613
758017.8418233636
758019.0355977659
758019.0355977659
758019.0355977659
758020.2293721682
758065.0371717388
758065.0371717388
761657.9955531445
761687.8179081442
761690.8050947823
761695.783739179
761816.3659563414
761817.2241536076
761818.0823508737
762865.9907242567
762876.0910459278
762876.0910459278
762912.6799562954
762923.2093765998
762926.0810366827
762946.1826572635
762963.0495343027
765561.8028866358
765623.0649684059
765759.914424774
766234.6515483768
766235.3172013845
766247.9646085316
770476.3025389863
770589.7166084704
770589.7166084704
770599.4703504763
775536.3876557737
775669.4302370893
775693.9218667625
775747.8122540667
775771.0495954278
775783.9445594786
775806.4777389803
775814.223519434
775850.5648728979
775859.4549163731
775860.5661718076
775865.0111935452
775869.4562152828
775875.0124924548
775877.2350033236
775883.9025359302
775950.7759075175
775952.0466996232
775966.2894734831
776032.2221288364
776052.2082228622
781261.0915425698
784345.5845475593
784345.9256259599
784385.204654681
784388.2578564934
784391.3385646284
784393.2640072127
784424.9787972097
784425.2868680232
788889.9591225483
788974.6345861445
788975.1847125972
788976.8350919551
788977.9353448605
788982.7544525859
788983.6841662909
789114.1466545436
789118.8777420366
789153.9978147754
789153.9978147754
789156.0002750632
789158.0027353509
789355.652167269
791549.8205212449
794245.0660533775
798592.4953583081
798596.0106663407
798597.1824356848
798597.1824356848
798598.3542050291
798600.6977437175
798601.8695130617
798603.041282406
798604.2130517501
798605.3848210943
798605.3848210943
798607.7283597827
802814.0007182206
802838.723401004
802904.1664438145
802904.1664438145
807032.9204838057
807072.639613689
807207.8606957572
807207.8606957572
808707.7914715118
814041.8615667907
814055.3946775266
814109.5271204701
814109.5271204701
814922.3389543013
814934.5517615507
815003.8511907946
815026.5714132901
815051.5636580352
815058.3797247839
816733.3002238709
816770.719825182
816976.9787360844
816976.9787360844
816984.8180380351
816986.3858984252
816987.9537588154
816989.5216192055
816992.6573399858
816994.2252003759
816998.9287815463
817002.0645023265
817005.2002231068
817009.9038042772
817016.1752458378
817019.310966618
817020.8788270082
817024.0145477884
817025.5824081785
817028.7181289588
817030.2859893489
817033.2236646062
817034.5934794734
817035.9632943405
819756.6796812322
824174.0850709433
824700.8366506469
824973.4793205938
824973.4793205938
824980.906027705
826122.6274650631
826184.8082580094
826363.4948311036
826365.0681927582
826571.519647919
827359.5537863217
827391.5931509256
827391.5931509256
827408.8451164817
829773.5526707876
840523.3316269226
840547.0090694459
840547.0090694459
841079.3829414956
841089.6648048962
841102.884343554
841104.3531811826
841628.8767487527
841638.3499262678
841639.6042145798
841652.1470977009
841652.1470977009
843430.1007801099
843439.6839829156
843442.5006303532
843443.9089540722
843463.6254861361
843463.6254861361
845254.2320769565
845303.4023792968
845357.1497337236
845645.8670986178
845718.5828131328
845829.5378173733
845829.5378173733
848391.9223099198
848476.7793152453
848521.3230541188
848584.3455405375
848808.0929713706
848830.9672292728
848862.737031915
848862.737031915
848865.2786161264
854189.8700326255
863930.3099809748
863953.162233819
864031.6872836743
864033.6677389039
865816.7981112325
865828.7798653718
866119.2191260629
866119.2191260629
866129.913584303
866130.507720872
866131.1018574408
866131.6959940097
866131.6959940097
866132.2901305786
866133.4784037163
880767.6562320923
880900.6548032915
880974.3057327761
880975.108917397
881143.0845284576
881154.3071080922
881158.6311020103
881207.4493234209
881217.0875388718
881452.2665973916
881480.3230464781
881480.3230464781
881483.1286913868
881488.739981204
882990.6182046012
895760.7805683112
897088.7418149589
897092.9667861154
897118.3166130548
897119.7249367737
906306.3085750961
906313.0861329931
906393.6246456652
906393.6246456652
906396.9804170264
906398.6583027071
906398.6583027071
906400.3361883878
906402.0140740684
906405.3698454298
906405.3698454298
906408.7256167912
906408.7256167912
906410.4035024717
906410.4035024717
906413.7592738331
906415.3491392813
906416.9390047296
906418.5288701778
906418.5288701778
906420.1187356261
906421.7086010743
906423.2984665226
906424.8883319708
906428.0680628673
906428.0680628673
906429.6579283155
906431.2477937638
906434.4275246602
906434.4275246602
906436.0173901084
906437.6072555567
906439.1971210049
906440.7869864532
906442.3768519014
906442.3768519014
906443.9667173497
906445.5565827979
906447.1464482461
906448.7363136944
906450.3261791426
906451.9160445909
906453.5059100391
906455.0957754874
907306.7795444648
907383.2746277095
907958.8444288236
907992.5121677275
907992.5121677275
911759.4480397925
911774.1034084918
911942.5631308308
911942.5631308308
911944.477570886
911945.4347909137
911946.3920109414
911947.349230969
911948.3064509967
911949.2636710244
911956.9214312456
911958.8358713009
911961.7075313838
911963.6219714392
911965.5364114945
911966.4936315222
911967.4508515499
911968.4080715775
911969.3652916051
911972.2369516882
911978.7284438298
911980.3513168652
911985.2199359714
912960.7756782982
912966.7445503097
913024.3207848471
913110.0414887033
913111.741379442
913128.7402868298
914796.4211217996
915278.6399651587
915453.651693549
915453.651693549
915522.3734900175
915522.3734900175
915522.3734900175
915528.1003063899
915531.9181839714
915537.1333827428
915633.5375423101
915757.415016924
915996.5109757868
915998.0568311189
916080.1356978583
916102.3773103401
916151.344065893
916161.4388862996
916183.6474911942
916222.0078087394
916326.1027361151
916981.46837919
917078.6427157909
917104.7847248222
917194.8074175384
917225.2844230167
917888.4068490743
917898.606193507
918302.8281084055
918386.4088203609
918388.2517439773
918717.2383652076
918719.092291353
919207.428540866
919362.1075955654
919384.3657118408
919400.0773233293
919910.6276790013
920183.7764652848
920183.7764652848
920209.2143124565
920231.3954110285
920424.4457858021
920425.7220791724
920908.13346679
921256.071944315
921269.021921011
921285.5037095333
921286.680980142
921702.4335454886
921702.4335454886
921732.0303486427
921733.5431963876
921778.9286287335
922107.5906753567
922414.2146562856
922425.4702435074
922429.2221059146
922431.0980371183
922442.35362434
922447.9814179509
922449.8573491545
922453.6092115619
922453.6092115619
922457.361073969
922457.361073969
922461.1129363764
922462.98886758
922464.8647987837
922466.7407299873
922468.6166611909
922474.2444548018
922476.1203860054
922479.8722484127
922482.3808250369
922483.635113349
922579.8852375094
922640.0470663742
922649.3662084827
922678.6549408232
922689.305388947
922818.0899915189
922818.0899915189
923061.1138532538
923070.4880080074
923321.8077766487
923361.3728711252
923410.8842518663
923440.8056296274
923456.4787322641
923463.7404014395
923473.1145561931
923474.6769153187
923626.3412770574
923627.7220944536
924684.9441086806
924728.6351515522
924730.9346801244
924740.1327944131
924751.6304372741
924751.6304372741
924774.6257229961
924788.4228944292
925002.3285630238
925002.3285630238
925178.737612604
925202.882662612
925216.0526898891
925224.8327080739
925231.4177217124
925501.3482682478
925522.3796025335
925536.5398574255
925538.1132190801
925666.6447634838
925709.00450034
925721.7124213969
925721.7124213969
925784.9219508095
925784.9219508095
926153.8367499752
926165.2793801909
926168.1400377448
926186.7343118453
926186.7343118453
926842.589567463
926850.8469655177
926853.5315826068
926856.2161996958
926873.6662107748
926873.6662107748
928464.186309492
928586.539933832
930216.6031219676
930290.1110185744
930572.9200253669
930574.487885757
930585.462908488
930587.0307688781
930615.362281191
930767.7032984665
931200.8838698339
931309.6823783801
931310.9861780729
932922.6366338374
932961.9816777329
932962.7848623538
932966.8007854584
932966.8007854584
932966.8007854584
932967.6039700793
932968.4071547003
932969.210339321
932971.6198931838
932972.4230778047
932974.8326316675
932976.4390009093
932978.045370151
932980.4549240138
932982.0612932557
932984.4708471184
932992.5026933275
933313.6225062845
933338.4772194164
933338.4772194164
933344.3525699311
933366.8747469037
933366.8747469037
933597.988370938
933612.8527876893
935969.1324047403
936238.3972982678
936239.5250574958
936436.9599400974
936523.8084031815
936605.7992496886
936739.947585174
936814.3851954859
936821.9109253584
936872.1044629008
936872.1044629008
937280.1772629682
937288.8307520687
937291.1907945507
937445.2041962424
937448.4939524294
937451.7837086164
938556.3000939799
938625.1099106809
938628.7847553848
938637.0531559685
938674.0711649691
938680.095049626
938683.70938042
938684.9141573515
938687.3237112141
938689.7332650769
938693.347595871
938694.5523728024
938695.7571497337
939456.7745780454
939469.7190534768
939497.8360164732
939834.8489826481
939834.8489826481
941703.0289045607
941713.4593021035
941722.1513000558
941730.8432980081
941736.0584967795
941818.0823508736
941819.5951986185
944957.2689277882
944987.9219737315
945079.242964876
945079.242964876
945083.2918955677
945083.2918955677
945088.3530589323
945090.3775242781
945092.401989624
945093.4142222969
947900.4344470847
948450.6049098786
948474.0953094079
948621.6722316033
948622.7834870376
948748.2343233062
949107.9510081831
949107.9510081831
949139.456750128
949143.5661947295
949144.9360095967
949173.7021218071
949176.4417515415
949176.4417515415
949179.1813812759
949180.551196143
949183.2908258773
949183.2908258773
949185.9534379083
949187.246235072
949541.824738881
949686.4584845544
949792.1322748492
949792.8914493539
950469.5634899411
950766.5822630064
950831.3761566026
950832.3168728367
950837.9336639185
950840.6732936528
953964.8304158803
953968.7253111653
954004.6705735833
954004.6705735833
954005.9028568373
954006.5189984643
954006.5189984643
954008.3674233453
954009.5997065993
954010.2158482263
954010.8319898533
954010.8319898533
954337.7721406795
954338.3112646032
954339.3895124503
954339.6590744122
954357.7637359699
954357.9727840219
954359.6451684381
954606.8169836261
954611.2730078928
954673.8718969431
954673.8718969431
954676.6775418516
954681.0840547376
960738.2403594159
960791.1515216344
960791.1515216344
961397.2368370786
962813.1082908642
962819.1046691982
962882.9083351798
962882.9083351798
965655.9967603665
965736.3427287801
965737.3054500723
966341.4983305191
966363.5914088585
966364.5651326799
966365.5388565011
966367.4863041436
966368.4600279648
966370.4074756072
966371.3811994285
966372.3549232498
966373.328647071
966378.1972661772
966380.1447138196
966381.118437641
966383.0658852834
966384.0396091046
966385.0133329259
966387.9345043895
966388.9082282109
966390.8556758533
966391.8293996745
966393.776847317
966414.8191841319
966415.5673561075
966425.293591791
966570.2629146005
967822.1801816944
968133.5022425293
968133.5022425293
971805.3927673653
971832.7945659732
971832.7945659732
973300.1688582584
973881.2674302218
974082.6797270762
975975.048709113
978620.5518073946
978687.9643029057
978714.9975167903
978855.9509164954
978855.9509164954
979042.0972042879
979042.0972042879
979076.8211859809
980004.8735091191
980905.028919842
980983.0808609478
982530.1574736971
982531.4337670673
982533.9863538077
982536.5389405481
982539.0915272885
982540.3678206587
982541.644114029
983729.2460975405
983746.4925618318
984068.8611618365
984087.8735320411
984088.9297748302
984386.5921958451
987019.6074236508
990603.505222381
991149.4617165474
991172.0224023716
991172.0224023716
991282.9939104058
991667.0977009299
991720.8505566211
991740.1049824648
991757.2744290528
991768.9591149077
992059.7999679093
992060.9607347244
992066.7645688002
993226.7281993291
993244.9483874418
993361.6302080547
993380.3675150329
994435.9996638116
994437.402486266
1002045.9483950825
1003092.8280319991
1003172.1342614171
1003172.1342614171
1003892.5908663727
1004028.0044926993
1004028.0044926993
1006179.51054027
1007061.6273046096
1007064.4219469893
1008639.1424139853
1009918.4229708357
1010054.1171616531
1010059.233337663
1011666.5377944513
1011845.0483270808
1012045.4648950557
1012045.4648950557
1012058.1728161126
1012083.5886582263
1012994.8511220288
1013013.9405099367
1013025.3941426815
1013027.3030814723
1013033.0298978447
1013034.9388366354
1013061.6639797064
1013063.5729184971
1013534.6461999252
1013548.4103637711
1013568.2919337709
1013568.2919337709
1013805.2699057909
1013819.0065633142
1013971.6776564614
1013973.1354915609
1016166.5611748256
1016177.9983037768
1016179.2690958825
1016188.1646406223
1016189.435432728
1016842.3970232046
1016854.2357444662
1016857.1954247816
1016858.6752649393
1016891.2317484088
1016891.2317484088
1017228.195203203
1017236.1610342377
1017269.0200872562
1017270.0158161356
1017273.9987316529
1017275.9901894116
1018955.1686672423
1019008.6849685588
1019552.0393646039
1019553.0185896897
1019561.8316154616
1019568.686191062
1021467.4421412144
1021474.142681408
1021477.4929515048
1021478.6097082037
1021479.7264649026
1021481.9599783005
1021483.0767349995
1021484.1934916985
1021485.3102483974
1021487.5437617953
1021488.6605184942
1021499.8280854835
1021502.0615988814
1021502.0615988814
1021503.1783555803
1021504.2951122792
1021506.5286256771
1021506.5286256771
1021507.645382376
1021508.762139075
1021509.8788957739
1021510.9956524728
1021560.2209674584
1021560.2209674584
1021566.4263938447
1021567.4606315757
1022221.4014471382
1022533.6587229426
1022631.6307428998
1022655.3136866876
1022662.0802420556
1022984.7404090802
1022984.7404090802
1022989.0974105854
1024455.6245081335
1024464.4705414926
1024465.9448803858
1024468.893558172
1024491.2286921507
1024492.0428793007
1024494.4854407506
1024506.698248
1024506.698248
1024548.9259545075
1024551.4345311318
1025216.9775135813
1025218.4023410938
1025485.4282199589
1027304.3773256214
1027321.3982380673
1027323.8297969882
1027325.0455764486
1027327.4771353693
1027406.0406940762
1027406.0406940762
1030343.715951375
1030358.503350423
1030607.2815348527
1030607.2815348527
1030614.543204028
1030951.2480993895
1031076.3193484058
1031176.1948058894
1031185.3324062683
1031381.7605574614
1031381.7605574614
1031465.071707455
1031469.1206381468
1031471.1451034925
1031473.1695688384
1031475.1940341842
1031478.230732203
1031703.5625272198
1031703.5625272198
1032066.7945201292
1032324.7653175833
1032324.7653175833
1036594.9128584417
1037445.9584807341
1041520.0794627098
1041745.6368095722
1041798.1298756867
1041816.1300132184
1041816.3610663285
1044755.5546726366
1044773.521802581
1046612.9906249284
1046663.3822079937
1046684.6941067704
1046701.3299306994
1046719.1980378823
1046725.1834136875
1046725.7115350821
1046741.0270555246
1046769.1880286371
1046770.9539345502
1046772.7198404633
1046773.3084757676
1046776.8402875939
1046779.1948288113
1046793.2450584128
1046797.9651433767
1046805.2268125521
1046807.7683967635
1046809.2207305986
1046823.7440689493
1046828.1010704545
1046828.5851817328
1046832.4580719597
1046833.4262945164
1046833.4262945164
1046839.2796399727
1046853.9570137302
1047025.5249505268
1047026.1796010055
1047040.0922989937
1047049.3179196052
1047074.8657920675
1047082.5785649341
1047115.7126811788
1047364.243308705
1047415.0419853453
1047415.0419853453
1047419.1349261532
1047422.5457101598
1047423.2278669612
1047423.9100237625
1047424.5921805637
1047425.2743373651
1047425.9564941664
1047426.6386509677
1047427.3208077691
1047428.0029645704
1047428.6851213716
1047429.367278173
1047430.0494349743
1047430.7315917757
1047430.7315917757
1047433.0146165541
1049019.936888271
1049025.9442691342
1049027.6606636664
1049031.0934527311
1049036.2426363283
1049146.8180533166
1049146.8180533166
1050894.817350377
1050959.6277477671
1051102.06098763
1051102.06098763
1053540.457980272
1054454.1244966725
1056034.1151750854
1056105.2630292103
1056333.7965601815
1056333.7965601815
1056820.928032763
1057583.4473062905
1057604.3961216086
1057604.3961216086
1057659.4747820506
1057660.492515988
1059455.5056196945
1059685.8105578434
1059687.4059245563
1062852.0633562298
1065131.7323634808
1065152.4171181014
1065191.4760962415
1065211.7867648744
1065250.6697025497
1066254.8705292675
1066264.2776916083
1066266.3681721285
1066268.4586526486
1066271.594373429
1066272.639613689
1066273.6848539491
1066273.6848539491
1067193.5622980006
1078161.1693243377
1078463.2822683547
1079615.5936399268
1079615.5936399268
1080903.8137516333
1084402.8325399798
1086070.4803673623
1086819.8626211998
1086821.1004057182
1089142.0564032428
1089152.1402211203
1089491.3316880479
1089509.2878154633
1089512.280503366
1089519.7622231222
1090648.720726778
1090725.8044453275
1090726.93770582
1095554.8694595771
1095580.5163548011
1095599.138135224
1095622.4634968177
1100636.9596344717
1100647.7806217957
1100657.055753788
1100657.055753788
1100660.1474644518
1100661.693319784
1100674.0601624402
1100675.606017772
1101168.3927902873
1101179.0597422046
1101199.001826114
1101200.5916915624
1101388.212318248
1101447.5324536404
1101447.5324536404
1101456.6095401095
1101459.6352355992
1101835.1460509326
1101851.9799203845
1101851.9799203845
1101867.1304028912
1101868.8137898364
1102474.1399307759
1102485.5385508754
1102486.8038417166
1102488.0691325576
1102503.2526226516
1102503.2526226516
1104036.2129906248
1104068.5934336295
1104068.5934336295
1111780.8051711887
1111781.5093330482
1115295.8931532179
1115308.9861627915
1115310.8565927306
1115311.7918077002
1115322.0791723654
1115560.3939516651
1115564.2723431566
1115609.234178134
1115610.3839424201
1119229.7098847027
1121643.4447084712
1121652.2082228623
1122077.2799303173
1122077.2799303173
1122200.7943214725
1124859.5114571473
1124873.7047196263
1124874.650937125
1124875.5971546236
1124882.1326568816
1124883.7170210653
1124888.998235011
1126035.5662864172
1126278.683669649
1126282.0724485978
1126611.1140824733
1126611.1140824733
1140934.7840371642
1140954.0109566853
1140955.29275132
1140996.3101796317
1145721.626846171
1145726.4404526318
1146290.545618472
1146290.545618472
1151608.6620466232
1151960.335882762
1169160.7875977047
1174230.7034742015
1174519.1512771337
1174549.9583584839
1174551.8838010682
1175615.349750533
1175665.917374063
1175679.984107458
1175679.984107458
1175701.1749784152
1175754.1521558082
1175754.1521558082
1177139.5686091734
1177192.0506727588
1177193.2169408386
1182709.048816082
1182724.6724073382
1182743.4207168454
1182859.2333376629
1182872.8764736895
1182961.4028224542
1182961.4028224542
1185299.3192185147
1185320.9721956921
1185322.3255067659
1186036.4061461352
1186045.4777313396
1186060.2431253295
1186061.585433874
1186767.3041511625
1186777.5089968597
1186777.5089968597
1186790.629512756
1186792.0873478556
1187444.3172701502
1187453.3283414452
1187454.8301866609
1187456.3320318768
1187469.848638819
1187469.848638819
1188538.1336960092
1188601.2111950733
1188603.202652832
1194033.3358292775
1196158.89791334
1196175.748286585
1196400.1008565163
1196400.1008565163
1196470.73709304
1203864.2165664467
1203869.8828689095
1203958.750296075
1203958.750296075
1205300.1016205808
1205322.8768557217
1205488.8225001718
1205490.0602846902
1205504.9136989126
