800612.2219268549
800705.8132332359
800766.9314509543
800877.3242716083
801458.795947846
801487.8515448597
802767.9396852951
803068.1439584407
803172.1307117532
803175.2161394361
803191.6717537448
803194.7571814277
805252.7189979149
805457.4456568736
805500.5678524416
805544.298831947
805546.9092236788
805891.2733922858
805899.764083413
805993.6597817627
806001.8137969247
806708.5796642848
809614.0655736654
810685.5391395418
810721.8355758113
812875.7823264335
812882.7372217186
812907.0793552168
813360.531148612
813605.2484554605
813619.5502659907
813629.7658449407
815248.2317785984
815249.6522744524
815278.0621915325
815279.4826873865
815432.0061237104
815433.3020955772
817086.8884056254
817774.7496869285
817795.0240368447
819965.841481733
826405.1705639131
826425.5233178212
826865.0929926432
826901.9244208578
826913.6435116533
827157.5306585871
827160.2425143084
827438.078589753
827454.1467961016
827456.6188278475
827865.836933789
827900.0118502765
827903.9551098712
827954.027588725
827991.1219009125
828495.3887050851
829008.4828763504
829742.7039768887
829796.4153233684
829863.7274564502
829894.5402252834
829964.2736581163
830112.208154912
830112.208154912
830120.6204420474
830541.2347988175
830582.4522385813
830588.5585259537
831281.322362753
831281.322362753
831313.2281754739
838749.0950552319
843189.8556508204
845999.6610180349
846003.9086695983
853883.3945597622
858759.9245425634
858764.5918860837
858766.9255578438
860672.6452699781
861662.9338081984
870647.8837007453
870653.8424041328
870654.5434280608
870654.5434280608
870655.2444519887
871052.2084751897
871054.3392189707
871054.4914149551
871056.1655707831
891658.4609373248
891660.3749171281
891956.0455947397
902403.3636849876
907281.4017916337
912124.4624938747
916702.5499873491
941658.5544584264
951942.492465466
957415.7644549353
957418.6285066409
957419.2649625755
957419.2649625755
957419.5831905429
957420.5378744447
957514.0553888332
957521.4899320691
957531.3688350538
957531.5164190386
957546.4316255057
957573.6654827065
957574.5648226141
957575.4641625216
957576.3635024292
957576.6632823985
957579.0615221519
957660.0021138332
957660.0021138332
957663.876193435
975713.079310378
975943.5455386912
975954.7573095389
975960.8728209103
975963.9305765961
976007.0988921592
976008.1273680535
976033.7885334161
1040215.6837449436
1040225.507303934
1040226.8171117994
1040228.1269196647
1040230.0916314628
1040230.7465353955
1040231.4014393282
1040234.214759039
1040282.7053220554
1040282.7053220554
1080639.9841142236
1100994.6197182196
1101001.3578495272
1101002.3171454286
1101003.27644133
1101005.1950331328
1101006.1543290343
1101008.072920837
1111291.1530959648
1131018.538316428
1131086.685221424
1131094.5302326176
1131095.6509485026
1131096.7716643873
1131099.013096157
1131100.1338120417
1131101.2545279267
1131102.3752438114
1131105.7373914658
1131207.1045290476
1131207.1045290476
1139228.3817326387
1154021.6423202201
1154025.5901918143
1154025.5901918143
1154027.5641276115
1154029.5380634086
1154031.5119992057
1154033.4859350028
1154039.4077423941
1154053.2252929742
1157212.537208267
1162098.7247180755
1174799.6410327037
1201405.4084662218
