6256.0943410125265
6266.088543985345
6266.088543985345
6266.821851909976
6267.066287884854
6267.066287884854
6267.310723859731
6267.555159834609
6267.799595809486
6268.532903734119
6269.266211658751
6269.266211658751
6269.510647633628
6269.755083608506
6269.999519583383
6270.2439555582605
6270.732827508015
6270.977263482892
6271.22169945777
6271.22169945777
6271.466135432647
6271.710571407525
6272.19944335728
6272.443879332157
13579.183996361644
13583.772935890003
13584.690723795675
13585.608511701346
13585.608511701346
13587.444087512691
13587.444087512691
13589.279663324034
13590.197451229706
13592.033027041049
13592.033027041049
13592.950814946722
13593.868602852393
13595.081558727728
13596.294514603063
13599.933382229068
13601.146338104403
13603.572249855075
13604.78520573041
72358.34313917029
72369.79934599285
72412.58025359591
72412.58025359591
72416.95242914655
182187.01017522396
182200.73087381377
182201.41344974362
229677.77009822917
229705.23455540644
229749.17768689006
229749.17768689006
229758.33250594913
229758.33250594913
229760.16346976097
229761.99443357278
229763.8253973846
229765.65636119642
229769.31828882004
229769.31828882004
229772.98021644368
229774.8111802555
229776.64214406733
229776.64214406733
229787.34198296763
229789.4819507477
229791.62191852773
229791.62191852773
229793.7618863078
229795.90185408786
229802.32175742803
229802.32175742803
229804.4617252081
229806.60169298816
229808.74166076822
229810.88162854826
261247.22969359029
261247.22969359029
261248.93152141536
261249.49879735705
261250.06607329877
261250.06607329877
261251.20062518216
261251.20062518216
261254.60428083234
554439.9814238908
554452.2401186308
554452.2401186308
554452.2401186308
554454.2832344208
554456.3263502108
554458.3694660009
554464.4988133709
554468.585044951
554468.585044951
554468.585044951
554470.628160741
554472.671276531
554478.8006239011
554480.8437396911
554480.8437396911
554482.8868554811
554484.9299712711
554491.0593186411
554499.2317818011
554505.3611291712
554542.395485365
554544.4708851516
683537.5501955295
683546.9771225606
683548.3238264222
683548.3238264222
683551.0172341454
683555.0573457301
683555.0573457301
683560.4441611766
683563.1375688997
683563.1375688997
683563.1375688997
683564.4842727613
683565.8309766229
683573.9111997924
683573.9111997924
683609.7741081065
683609.7741081065
683624.0897546352
683629.4581220835
799064.407213936
813005.4440811072
813013.9762802302
813015.6827200548
813017.3891598794
813019.0955997041
813020.8020395286
813022.5084793533
813024.2149191779
813025.9213590025
813029.3342386517
813031.0406784763
813032.747118301
813034.4535581255
813037.8664377749
813041.279317424
813042.9857572487
813042.9857572487
813046.3986368979
813048.1050767225
813048.1050767225
813053.2243961963
813054.930836021
813056.6372758456
813058.3437156702
813058.3437156702
813061.7565953195
813065.1694749687
813065.1694749687
971548.1854664364
973465.2230254075
973467.261529198
973527.6879469876
973530.2614427231
973642.2085072174
973643.5090910838
973674.7231038756
973676.023687742
973695.5324457369
973696.8330296032
973727.4936024521
973728.7665143212
975240.515390947
975241.8021388148
975853.4870239472
976008.1273680535
976053.3065154101
980759.7505676923
980762.6837993909
980783.2164212805
980786.1496529791
980976.6436814006
980977.8335772782
989111.685077299
989130.2253153935
989131.2353432897
989134.2654269782
989135.2754548744
989177.6966265144
989231.1358650221
1042892.737317802
1042893.6089857125
1042900.4393570103
1042900.5961649942
1042901.2233969298
1042901.3802049137
1042901.5370128975
1042901.6938208814
1042901.6938208814
1042902.0074368492
1042902.164244833
1042902.164244833
1042902.3210528169
1042902.3210528169
1042902.6346687847
1042902.6346687847
1042902.7914767686
1042902.9482847524
1042903.1050927364
1042903.2619007203
1042903.4187087042
1042903.4187087042
1042903.575516688
1042903.7323246719
1080639.9841142236
1111321.2233328742
1154023.6162560172
1154059.1471003655
1154059.1471003655
1160886.5851666566
1160899.706305308
1160900.9100371844
1160903.3175009368
1160903.3175009368
1160904.5212328131
1160905.7249646895
1203174.719068376
1203367.0117766126
