5163.064289351726
5210.775424448081
5210.775424448081
11403.602355963088
11545.310653398627
11545.928661335109
11692.350422286205
11799.740831248857
11799.740831248857
11973.39644940092
12056.661488843125
12057.703800735999
12188.292567314375
12317.935873989923
12317.935873989923
12456.660207732146
12666.063434210148
12666.815190132884
12747.022473889356
12865.942881666982
12865.942881666982
13014.407758408091
13065.790045127134
13065.790045127134
13162.27768721035
13273.330023796636
13273.330023796636
13382.592904566842
13502.813896210793
13503.51953213827
13661.794131871158
13804.821461171128
13805.697741081067
13948.162406438863
14116.320521155947
14116.320521155947
14291.29517117244
14415.722306384096
14416.69543828408
14582.755093216836
14754.349147580782
14754.349147580782
14987.624083605302
15167.298361138777
15167.298361138777
15412.472255940347
15539.325302902675
15539.325302902675
17143.563218022668
17614.001005672122
17614.001005672122
17755.9122310868
17911.90850305385
17913.01077094056
18002.8479097073
18189.910610481405
18190.888354380917
18267.2815145294
18347.25358631005
18348.415810190596
18354.226929593344
18383.282526607072
18397.229213173665
18686.641407428524
18863.336333268206
18864.208001178617
19160.243026752796
19298.561504536734
19299.317872458996
19849.750791886723
19925.94102405606
19986.099945873062
19999.400952506014
20046.567871658302
20057.590550525416
20088.97059530025
20088.97059530025
20100.73119409152
20123.07633179494
20454.45772173629
20454.45772173629
22121.455726405937
25431.30330622716
25432.474754106763
25547.622546272123
25601.956512687804
25602.9849885821
25738.99285460351
25874.816240643882
25875.540324569465
26018.87204583815
26310.202831895822
26310.202831895822
26436.511662914083
26635.985254412626
26635.985254412626
27975.62353272758
28038.789478235525
28039.937866117496
28164.392673326307
28171.17231262951
28364.101476800683
28365.120728695925
28468.129738108888
28474.383609466127
28474.383609466127
28474.383609466127
28475.425921359
28475.425921359
28475.425921359
28476.468233251875
28478.552857037623
28525.521460210293
28528.20564393442
28529.995099750504
28562.943224364164
28562.943224364164
28656.299318769237
28838.371836056227
28839.59862793014
28970.64398246159
29825.87472656287
29825.87472656287
30011.844383449326
30200.51667205801
30201.863375919595
30437.753315675356
30565.934618501164
30570.694202011986
33346.45840072511
33479.205583081646
33480.8290069148
33613.64075726469
33786.641471484065
33788.70764727171
34011.44416437935
34310.315569662016
34310.315569662016
34314.14814126812
34319.45655272252
46459.92729695192
46754.54643867161
46754.54643867161
54338.50462320925
54364.69155651781
54429.102741897776
54429.102741897776
54610.62643124117
54735.763814379825
54867.94372079467
54869.78852060506
55247.41904179305
55555.61129811773
55557.67747390537
55848.93446797063
57194.0794737196
57195.89660153284
57409.07705562264
57641.14825977087
57642.707115610654
57953.4636436718
61208.65902911004
61452.22794807657
61453.487023947164
61456.005175688355
62853.15970009193
62876.090561735145
62877.13287362802
63938.75059651729
63960.131826319775
63989.279663324036
63989.279663324036
64089.858148986794
64104.3582754965
64112.81668262717
64114.025026502975
64470.652501849596
64480.15783287266
64482.27012865557
64505.436202274606
64506.68605414615
72229.368572426
72393.9985075057
72395.09155139336
72485.27459012455
72730.96041687351
72732.07190875927
73054.67205160315
73117.1830931784
73128.30723603508
73199.59030070876
73200.6602845988
73212.43010738911
73213.50009127914
73214.57007516918
73215.6400590592
73217.78002683926
73217.78002683926
73218.8500107293
73220.98997850934
73229.54984962958
73261.64936633047
73262.7193502205
73300.251802363
73388.90365725156
73390.222689116
73417.92235826909
73449.50533102306
73450.55686691498
73470.53604886157
73504.99690931976
73504.99690931976
73526.82089107674
73550.65570462705
73550.65570462705
73569.69403867032
73590.48032053397
73591.43500443586
73611.48336637532
73639.16919952985
73639.16919952985
82721.3907740793
85725.07998936676
85734.5438123941
85870.89296638043
85870.89296638043
85902.3836991439
85904.67125090878
85908.10257855612
85911.53390620346
95632.4159511128
97729.939499534
98040.41008362452
98040.41008362452
98258.61300519812
98471.25385534336
98471.25385534336
98502.31106015136
98578.17384035436
98722.04977756711
98723.0782534614
98863.59665501922
99119.22595274623
99119.79322868792
99176.68685484052
99324.65824763235
99325.43767555224
99417.13345012795
99613.65536192986
99614.71612182085
99733.1799416454
99891.48221337544
99892.31237329011
99955.32151081417
100111.5253227599
100111.5253227599
100314.79458986832
100535.73242716084
100536.8439190466
100742.83887787489
100924.37640321687
100925.49250710216
100932.1891304139
101159.12256709018
101369.36978948144
101369.36978948144
101499.9216600636
101654.3821361885
101654.3821361885
101801.40345707798
101871.9670498256
101873.16616970237
102003.13231634472
102104.79923389564
102104.79923389564
102273.74600053165
102603.86831460243
102603.86831460243
103557.24702061628
104065.11579641864
104267.54106761383
104268.78169548632
104536.52210396856
105070.59164907808
105071.6616329681
105137.78848217175
105394.37707580013
105394.37707580013
105538.93558894274
106388.95016158013
106388.95016158013
106394.65059299425
106405.10138392013
106407.9515996272
106408.90167152954
106419.01117449052
106420.11344237723
106425.62478181078
106426.7270496975
106428.93158547091
106430.03385335763
106435.54519279118
106436.6474606779
106438.85199645131
106439.95426433803
106544.24540961922
106730.5194584744
106731.8154303412
107988.30858120162
108005.09625947622
108093.57747038231
108093.57747038231
108094.71663426523
108857.90109182683
109260.99907439732
109262.39651025369
109442.79948371228
109596.70651989405
109596.70651989405
109716.0373956295
109832.67486364176
109832.67486364176
110029.5057794119
110214.24403242492
110214.24403242492
114629.14975867073
114798.75604123897
114799.77529313421
114888.83761598058
115028.15689766165
115028.15689766165
115114.59499277774
115267.81484103015
115269.04163290406
115436.42031970124
115682.31368642887
115683.40673031654
116208.05396039446
116389.6376057317
116391.21490956958
116562.86430792783
116674.13802049136
116675.55390434584
116768.55026278789
116840.34525940895
116846.82511874297
117031.58643175362
117033.12222759577
117395.26104237595
117491.33360450182
117493.2106883089
117835.49945712922
118116.5731562411
118117.95214409937
118476.88100720945
118578.96761671723
118578.96761671723
118719.43989827979
118812.32095673367
118973.00763221865
118973.00763221865
119300.47804656197
119347.65880171284
119356.32013682264
119357.76369267427
119404.14195990763
119445.6084476458
119496.58487840656
119498.26825823354
130786.66747803695
130809.9765236413
130886.91851173338
130886.91851173338
136845.9216792803
136862.19281360798
136977.1607377918
136979.8910415112
136989.44710452904
136993.54256010812
136999.00316754688
140201.08676644386
140459.10507992533
140459.10507992533
140669.72126227865
140829.10274189778
140830.68004573567
141125.52517543215
141984.53775914473
141988.67011072004
142310.50927364212
142650.52893869564
142656.10023412303
145080.06110899372
145283.84692004908
145525.8016391815
145543.35952137693
145566.77003097086
145636.180623837
145642.5175111857
145860.21311281144
147118.9292474434
147165.92091061367
147240.42776295604
147240.42776295604
152756.60057201606
152799.68587158783
152799.68587158783
153236.21162672268
153248.4057534694
153270.69093517898
153270.69093517898
153459.72295975068
153471.47894654245
153685.99688049476
153697.1117993524
153697.1117993524
153716.00716141038
153716.00716141038
159379.1044393698
159401.17285710166
159434.60985366508
159434.60985366508
166403.98220536846
166468.17662677073
166473.02845027205
166476.66731789807
166481.51914139942
166591.37235810896
166591.37235810896
167490.11731773795
167631.25833923178
167688.26726537253
167689.54478924125
175299.44547111256
175322.93899669795
175337.05171524748
175337.05171524748
186067.42205240385
186279.85997456996
186279.85997456996
186328.21678959994
186432.6831908631
186449.6645731178
186450.87752899315
186475.13664649983
186504.24758750788
186504.24758750788
186533.3585285159
186587.1067709918
186588.0799028918
186607.45030090096
186631.10985846928
186631.9861383792
186653.77783613952
186677.50657370072
186678.63651358458
186705.7550707974
186741.2444071499
186741.2444071499
186774.6814037133
186789.5689381832
186939.06690281813
186939.06690281813
187056.46535075217
187323.2602993316
187324.37640321688
187439.66255536804
187585.82143234613
187587.21425620298
187772.88413312024
187968.42830102265
187969.5582409065
188143.63816301498
188339.32530290267
188340.4091227913
189823.3606743768
190135.53769829197
190174.53676628374
190175.85579814817
190321.5027431789
190818.06750814305
190818.06750814305
190953.81249019149
191090.0463441897
191091.0240880892
191264.1539382953
191423.94588587224
191423.94588587224
191577.0365981379
191978.35434889136
191979.1245528122
192097.0487686922
192117.47070259327
192309.5512588517
192310.59818274408
194358.60730425426
195358.55798148154
195394.8774777487
195479.1387090885
195479.1387090885
198255.58087173197
198256.62779562437
198420.46907878513
198440.57739671844
198441.4260046312
198458.39816288685
198489.34467970624
198490.31781160622
198508.8073177059
198529.24308760557
198530.21621950556
198554.8581329729
198592.53816910024
198593.52974899832
198615.26149076477
198646.84446351876
198646.84446351876
198679.88482812294
198704.7527295671
198716.2366083868
198748.391469082
198935.9522658049
198937.01763769542
199017.69534540354
199332.94396100298
199334.4751448456
199555.65741811297
200399.127563423
200401.0415432263
200512.19534380216
200532.79253368522
200534.263761534
200537.20621723158
200538.67744508036
200544.56235647554
200546.03358432432
200550.4472678707
200551.9184957195
200556.33217926585
200559.27463496345
200560.74586281224
200562.21709066103
200565.1595463586
200566.63077420738
200569.57322990499
200571.04445775377
200573.98691345134
200575.45814130013
200578.40059699773
200579.87182484652
200581.3430526953
200587.22796409047
200588.69919193926
200590.17041978805
200593.11287548562
200594.5841033344
200597.83556300023
200598.91938288882
200601.08702266606
200601.08702266606
200603.25466244327
200946.76561113796
201009.13829272744
201009.13829272744
201035.26527004217
201128.87502442117
201128.87502442117
201162.0629730102
201905.86780856358
201911.29152000614
201917.6191833558
201924.85079861255
201924.85079861255
201929.37055814802
201932.0824138693
202329.65522100765
202329.65522100765
202330.9189088778
202349.8742269296
202392.04635059522
202392.04635059522
202461.25401548223
202461.25401548223
202473.6741302057
202608.05396039446
202792.7922134075
202794.36951724536
202891.9824872129
202946.27494563285
202947.78306947785
202976.2760025494
202993.78315275005
202995.12985661163
203026.1040454282
203175.8833420342
203177.34995788347
203364.74472262344
204087.03919238763
204087.03919238763
204342.57163812456
204412.67403091962
204412.67403091962
204449.00275118582
204730.23325828157
204731.22483817968
204837.9741792082
204924.60597830437
204926.67215409203
204931.83759356113
216056.520054191
216231.61000419565
216272.18176402577
216272.18176402577
218340.61743143652
218517.61674924495
218517.61674924495
218525.38796844622
218525.38796844622
218528.49645612674
218530.050699967
218531.60494380727
218534.7134314878
218536.26767532804
218537.8219191683
218537.8219191683
218542.48465068906
218544.03889452934
218544.03889452934
218545.5931383696
218547.14738220983
218548.7016260501
218551.8101137306
218553.36435757088
218554.91860141113
218556.47284525138
218592.32652956643
218620.1461107072
218627.1010059924
218628.83972981368
218630.57845363498
218634.05590127758
218635.79462509888
218637.53334892017
218639.27207274147
218641.01079656277
218642.74952038407
218644.48824420536
218646.22696802666
218647.96569184796
218647.96569184796
218649.70441566926
218651.44313949056
218653.18186331185
218654.92058713315
218656.65931095445
218658.39803477575
218660.13675859704
220139.24651457745
220305.23698951732
220306.78662135804
220462.84746131848
220567.86269052522
220569.50456235648
220656.7820413863
220849.84956554326
220851.2423894001
221011.2787729519
221159.1440897546
221160.3293736328
222819.09957114808
231351.1511102428
231360.946997236
231512.83858962494
231665.30206995507
231731.05995919663
231803.68511573234
231803.68511573234
231823.8164936633
231826.0533134334
231830.5269529736
231978.4752857678
232005.78754696072
239475.12370727895
239497.93004493497
239497.93004493497
239839.10270987
239848.80635687266
239870.46430664673
239871.47894654245
239872.49358643816
239882.63998539533
240054.8751076934
240203.00792046863
240211.20805562584
240211.20805562584
240227.60832594027
240227.60832594027
255139.2312693568
255140.76706519895
255163.20444289286
255189.4052122
255189.4052122
260180.06834727075
260517.53757658642
260578.34679033657
260584.72979768054
260605.47457154843
260657.86227416416
260670.6651848483
260670.6651848483
260672.62067264732
260674.08728849658
260674.57616044633
260675.0650323961
260675.55390434584
260676.0427762956
260677.50939214486
260677.9982640946
260678.48713604436
260679.95375189363
260679.95375189363
260680.93149579313
260680.93149579313
260681.90923969264
260682.3981116424
260682.88698359215
260683.3758555419
260683.86472749166
260684.35359944144
260685.33134334095
265264.1244727427
265266.69796847826
265266.69796847826
265267.4866203972
265267.7495043702
265269.58969218103
265312.4766757732
274342.4396836937
274353.73908253235
274354.86902241624
274357.12890218396
274358.25884206785
274360.5187218356
274361.64866171946
274363.9085414872
274367.2983611388
274367.2983611388
274369.5582409065
274370.6881807904
274372.9480605581
274374.078000442
274376.3378802097
274377.4678200936
274378.59775997745
274379.72769986134
274381.7662036518
274382.6747675584
274384.49189537164
276157.8702811078
276166.58696021186
276188.3786579722
276188.3786579722
276262.7748223259
277767.35665168834
277807.4810475644
277808.26508748386
277813.75336691976
277813.75336691976
277815.3214467586
277816.105486678
277816.88952659746
277818.4576064363
277818.4576064363
277820.0256862751
282920.0254941085
303345.3030948438
303346.9080706789
303362.9578290293
303375.7976357097
303382.21753904986
303395.05734573025
303403.08222490543
303406.2921765755
303409.50212824566
303414.31705575075
303420.7369590909
303422.341934926
303423.946910761
303428.76183826616
303430.36681410123
303431.97178993624
313091.38049316366
313114.62035877514
313419.0722834842
313419.0722834842
313475.05273373064
320763.33101665764
320797.06318119075
320797.06318119075
321307.0857607717
321316.9646637564
321332.4886541609
321332.4886541609
321837.24433028325
321849.8258649901
321851.3985568285
321868.32920708845
321869.316174987
325270.4029414308
325312.8979050633
325312.8979050633
328480.97723145515
330975.9398390284
330982.80249432306
330986.2338219704
330987.37759785284
330989.6651496177
330990.80892550014
330991.95270138263
330993.09647726506
330995.3840290299
330995.3840290299
330997.67158079485
330997.67158079485
330998.8153566773
330999.9591325597
331002.24668432464
331003.39046020707
331006.8217878544
331007.96556373686
331009.1093396193
331010.2531155017
331011.3968913842
331012.54066726664
331175.1413225549
331175.1413225549
335396.0202287424
335560.1843518699
335574.0065144493
340024.0925730794
340030.420236429
340076.53561968944
340076.53561968944
340080.53422327846
340083.1999590045
341945.4607996054
341949.70845116884
341952.54021887784
341965.2831735681
341966.68983342353
341968.0964932789
341972.3164728452
341984.9764115441
341987.7897312549
341990.60305096576
342003.2629896646
342010.29628894175
342013.1096086526
356751.0953819152
356759.2309490791
356761.55539684015
356762.71762072074
356763.87984460127
356765.0420684818
356767.3665162429
356770.85318788455
356773.17763564567
356774.3398595262
356776.6643072873
356778.9887550484
356780.15097892896
356781.3132028095
356782.47542669007
356783.6376505706
356784.7998744511
356787.12432221224
356789.44876997336
356808.72692799196
356809.4925199133
356810.2581118346
356811.7892956772
356813.32047951984
356814.0860714412
356814.85166336247
356817.14843912644
356817.9140310477
356818.67962296907
356819.44521489035
356820.2108068117
356820.976398733
356821.7419906543
356822.5075825756
356823.27317449695
356824.03876641823
356824.8043583396
356826.3355421822
356827.1011341035
356827.1011341035
356827.86672602483
356828.6323179461
356847.7951759766
356848.5838278955
356850.16113173345
357044.0864878022
357314.6909479901
357314.6909479901
357373.87212590757
357487.345762245
357488.16669816064
357654.57686505734
357692.9763731108
357692.9763731108
357715.88878675585
357814.02752466936
357818.31668422854
357818.31668422854
357819.0315441551
357912.79349451844
357912.79349451844
357917.9358739899
358089.6083323458
358210.62258790823
358211.83554378356
358306.9257500104
358825.3237207306
358825.3237207306
358914.27074358886
358944.48856448306
358945.2357084063
358968.3971700258
359247.23866136716
359248.4516172425
359341.3695716926
359423.2233392798
359423.2233392798
359518.18440951995
359568.91640430584
359570.0694041873
359624.8415105579
359790.19552956324
359790.19552956324
359904.35635383
360070.71117673244
360162.3239353167
360162.3239353167
360340.02888905257
360515.48318701977
360515.48318701977
360690.3655970458
360752.6091426485
360753.73908253235
360779.72769986134
360954.52248189633
360955.8830217565
361110.3388858818
361132.82238357107
361133.90620345966
362342.0748232868
362406.06170471036
362406.06170471036
362407.5098725615
362408.2339564871
362408.9580404127
362409.68212433823
362805.82059962396
363961.20027287665
363962.3624967572
364051.3694756093
364980.2630761396
364980.2630761396
365141.9643915203
365804.10916346655
365805.165311358
366624.0350511964
366678.24449362484
366679.5312414926
366684.6782329636
366688.53847656684
366691.1119723024
368899.4341973359
369045.8744062851
369047.3410221344
369155.2341390454
369305.21636363055
369306.3555275135
369405.20451335394
369491.1721845184
369496.1162480103
369611.4715801543
369656.6046075157
369657.55467941804
369694.30309164105
371059.76856730157
371061.86241508636
371173.1591876475
371286.4252840063
371287.3984159063
371426.11813764897
371502.45595380315
371503.6043416851
371618.87204583816
371659.7343616384
371660.94731751375
371873.66195965145
371984.0040483107
371985.59518814716
372091.60199725203
372357.4053659333
372362.64920939435
372373.1368963165
372576.8765873766
372578.53690720594
372578.53690720594
372578.53690720594
372578.53690720594
372578.53690720594
372707.1701859853
373006.92709517694
373006.92709517694
373206.78348263615
373260.3749171281
373260.3749171281
374140.15994670574
376451.2513571769
376453.22529297404
376628.4812749616
376819.7132233072
376821.19367515505
377027.05949799664
377436.3652319291
377597.13031140604
377598.07115930936
377898.8104244
378627.1788975399
378633.3220809085
378889.0067226299
378932.7607621329
379046.0360824907
379046.0360824907
381914.37694768904
381965.6254864218
381988.8146200385
381989.96761992
382322.8432977078
382448.8477367573
382450.0791406307
382531.9236842189
382686.5363563282
382688.21051215613
382778.1813989091
382911.37133322016
382914.4705969016
395272.8952147302
395297.0390322487
395346.98698711523
395346.98698711523
395348.30140698014
406131.08711874933
406157.81365600246
406204.44097121025
406206.0321110467
407972.10970153316
412975.9862152459
413005.3508162278
413005.3508162278
413469.76994449587
413483.39379109564
413502.8564290953
413502.8564290953
413864.552491921
413872.3329351214
413873.4444270071
413882.5254540738
413882.5254540738
414228.5453305106
414238.74246146256
414239.6694733673
414240.596485272
418058.5987848662
418077.4941469242
418106.39293595403
418106.39293595403
423458.1387379135
423485.7000470808
423532.8439062355
423532.8439062355
430520.1015921007
430526.18943147495
430577.3134462206
430577.3134462206
430581.2567058153
430582.57112568023
437178.7220277425
437220.8941514081
437231.4833023198
437231.8614862809
437235.8554778704
443314.11111716076
443643.03892335435
443643.03892335435
443745.48988082464
443913.8370875223
443914.9531914076
444056.6614888431
444663.0564105192
444663.8081664419
444773.3200951866
444889.1550752813
444889.8929952055
444984.71570545976
445164.7220469591
445164.7220469591
445240.17435920425
445342.9942766367
445343.7414205599
445476.5393349112
445653.3034407438
445654.51639661915
445735.7844402666
445875.246693933
445876.3766338168
446007.2052243706
446470.71117673244
446471.66586063436
446604.8373469472
446739.0742051507
446739.0742051507
446847.1056820475
447035.82870265096
447036.7557145557
447114.19118659705
447304.18250707013
447304.18250707013
449225.26017762604
449749.0126797959
449749.0126797959
449918.5221103741
450305.69024658186
450306.66799048136
450404.20255645696
450648.1219873875
450649.1919712775
450824.98294521007
451110.502611865
451111.1575157977
451271.0555393637
451456.1581403393
451457.2050642317
451560.2279096432
451715.3017817051
451716.0950456236
452743.03975607647
455647.73240153864
455647.73240153864
455784.86559544434
455917.1285178507
455918.3645337237
456064.20518273447
456582.3910014765
456583.6731373447
456587.5195449494
456776.75910949975
457096.36145265173
457097.54212453036
457237.67311812803
458505.3826518357
458506.9138356783
458692.7312965804
458909.163210336
458910.7266781753
459081.18618065584
459281.5452760634
459283.3162838814
459339.98853405676
459484.42713521165
461778.77698740346
461781.3228111418
461921.8135407025
462144.76682178787
462146.27494563285
462356.81733599375
462517.14888751524
462518.338783393
462648.4801860173
462656.1591652281
462703.19694839366
462705.75199613103
462786.1114758719
463059.4231797815
463063.1773473956
463315.3015254829
463378.1077350278
463379.79572685435
463475.37480503094
463861.4268373534
463864.2493810633
466018.00242770533
466363.731748172
466365.20758802036
466613.2639825256
466940.46228889696
466947.9337281291
466950.42420787306
467152.93710705923
467540.0591232717
467541.8024590925
467555.74914565915
477361.8471058101
477397.4286821531
477397.4286821531
478372.38693394914
478384.6317926906
478407.76097031345
478409.1215101736
483641.066012446
484718.93642166484
484953.4473735624
484954.97394540545
485146.0813697638
485191.46344509954
485192.97618094407
485354.0318163912
485688.4617380192
485688.4617380192
485858.8382245083
485934.7056167108
485936.250636552
486050.5037008094
488337.1607377918
488450.0440381899
488451.81504600786
488618.2621089008
488875.93913441733
488877.7700982292
488954.6705783255
489028.0013707887
489030.1413385688
489168.6396843342
489231.97627382464
489233.6043096573
489359.3781487306
489490.7002232336
489526.54007155006
489575.6763144999
489577.2351703397
490180.76604031015
490182.81838009926
490441.4593135167
490471.62179041666
490473.1299142617
490590.3346582156
490729.38644392416
490730.6593557933
490792.38635744917
490843.8562721592
490845.28599201224
500231.2077353481
513334.53484461724
513603.70036095305
513613.62538393296
513675.1771296068
513768.07663605874
513768.07663605874
513904.6978980171
513920.42481640074
519091.5232089268
523027.3113644152
523028.0031643441
523029.11004423036
523032.3430558981
523036.48924347194
523036.48924347194
523039.2656671866
523044.06214669364
523044.1820586813
523044.90153060737
523045.4272985533
523046.0360824907
523046.8477944073
523047.45657834475
523047.862434303
523048.47121824045
523049.28293015703
523049.48585813615
523050.29757005273
523050.703426011
523051.5151379276
523051.9209938859
523052.9356337816
523053.1385617607
523053.9502736773
523054.3561296356
523054.964913573
523055.7766254896
523056.99419336446
523057.6398732981
523059.4108811161
523060.2963850251
523062.0673928431
523062.51014479756
523064.28115261556
523064.72390457004
523066.49491238804
523066.9376643425
523068.26592020603
523069.151424115
523070.922431933
523071.3651838875
523072.69343975093
523073.57894365996
523076.6782073414
523077.5637112504
523078.8919671139
523080.2202229774
523080.6629749319
523083.31948665885
523084.73998251284
523085.2288544626
523086.2065983621
523087.18434226164
523088.16208616114
523089.6287020104
523090.11757396016
523091.09531785967
523092.0730617592
523093.0508056587
523094.0285495582
523095.0062934577
523096.47290930693
523096.9617812567
523098.42839710595
523098.91726905573
523100.383884905
523100.87275685475
523102.33937270404
523102.82824465376
523106.25034830207
523107.2280922016
523110.6501958498
523111.1390677996
523112.60568364884
523113.6387715427
523114.72720343084
523116.90406720707
523117.44828315114
523119.08093098336
523120.1693628715
523121.8020107037
523123.4346585359
523124.523090424
523125.61152231216
523126.6999542003
523127.78838608845
523129.4210339206
523129.9652498647
523132.14211364096
523133.2305455291
523137.5842730816
523138.67270496977
523139.7611368579
523140.84956874605
523143.0264325223
523143.57064846635
523144.6590803545
523145.74751224264
523146.64224015066
523147.98433201277
523148.8790599208
523149.7737878288
523151.1158796909
523152.01060759893
523154.24742736906
523154.69479132304
523156.48424713913
523157.8263390012
523159.6157948173
523159.6157948173
523160.95788667933
523164.5367983115
523165.4315262196
523167.2209820356
523167.66834598966
523169.0104378517
523169.45780180575
523170.7998936678
523172.5893494839
523173.39183740143
523174.19432531897
523174.5955692777
523176.2005451127
523178.2067649065
523180.21298470034
523181.4167165766
523182.21920449415
523183.4229363704
523185.0279122055
523185.42915616423
523186.6328880405
528918.5043029315
528926.20634214
528926.9765460608
528928.5169539024
528929.2871578233
528930.827565665
528931.5977695858
528933.1381774275
528933.9083813484
528935.44878919
528936.2189931108
528937.7594009525
528937.7594009525
528939.2998087942
528940.0700127151
528942.3806244776
528942.3806244776
528944.6912362401
528945.3369161737
528946.628276041
528947.9196359083
534229.8582130424
534887.7507214256
534983.486607586
534984.4182314903
535112.0138103764
535334.5289515068
535334.5289515068
535450.3777676001
535584.3655778291
535585.2695297363
535810.1506266234
536035.7465834372
536036.6643713429
536160.2244506435
536172.2986654026
536730.1338440696
536730.1338440696
537596.8392429915
537896.9881721429
537900.12894382
537917.8897539946
537917.8897539946
540001.2221798744
540070.7941927239
542756.2738887162
544512.5140842138
544513.5794561043
544601.4380470744
544684.2464985636
544846.0585019329
544847.6496417694
544986.0096275491
545160.9012615741
545162.6492093945
545276.3303857105
545451.5909796975
545451.5909796975
545596.0388048516
545724.0494636949
545725.8204715129
545880.5346076117
546060.3749171281
546060.3749171281
546265.147696082
546439.9378661176
546441.0862539995
546561.680817605
547081.5684641721
547082.6338360626
547179.7256500837
547350.7201445093
547351.8270243956
547417.0775936892
548219.510167217
548220.7830790862
548381.7510865423
548499.523106438
548501.031230283
548620.7172299819
548793.4827322254
548793.4827322254
548968.3144102566
549415.8259482624
549417.4078640997
549690.5719840245
550019.1123822579
550022.3315579271
550124.8470833907
551037.1974416215
551040.3243773
551340.4410224546
551473.2527728046
551474.7885686468
551611.1469466321
551940.8956887414
551942.5191125744
552944.2131256226
553109.262752659
553110.6279045187
553229.1655163357
553361.6313667212
553362.8766065933
559261.3380563625
559298.6030125325
559342.6476080057
559342.6476080057
562861.5940223362
562890.9171153224
563941.8580593091
563956.7455937789
563959.2268495238
563960.4674773964
563964.1893610138
563966.6706167589
563967.9112446313
563970.3925003763
563971.6331282489
563972.8737561213
563974.1143839938
563976.5956397387
563977.8362676112
563979.0768954838
563980.3175233563
563981.5581512287
563984.0394069738
563985.2800348462
563986.5206627187
563987.7612905912
563990.2425463361
563991.4831742087
564007.611336551
564100.520067002
564102.0743108423
564105.1827985229
564111.3997738839
564153.3643575709
564154.9186014112
564158.0270890916
564159.5813329319
564209.7137677795
565857.1984024546
567332.7430828015
567339.9562500601
567341.7595418748
567343.5628336894
567345.366125504
567347.1694173188
567348.9727091334
567350.776000948
567352.5792927627
567357.9891682067
567359.7924600213
567361.595751836
567365.2023354654
567367.00562728
567368.8089190946
567372.415502724
567374.2187945386
567376.0220863533
567379.6286699827
567379.6286699827
567383.2352536119
571711.3200887811
571712.9250646161
571754.0318163912
571816.9856099209
571842.1671273329
571884.3669229955
571920.2713393054
571927.4522225674
571965.7502666311
571992.0801719251
572008.1437662741
572029.5618920728
572054.5497055047
572065.258768404
572068.8284560371
572074.1829874868
572081.322362753
572083.1072065695
572102.6851445574
572106.1994881962
572114.9853472932
572120.2568627514
572127.285550029
572150.1287836812
572222.6801482246
573340.9885692872
573353.0627840463
573353.0627840463
573354.787671869
573356.5125596917
573356.5125596917
573361.6872231598
573363.4121109826
573363.4121109826
573365.1369988053
573366.861886628
573366.861886628
573370.3116622735
573372.0365500962
573372.0365500962
573373.7614379189
573373.7614379189
573375.4863257416
573375.4863257416
573377.2112135644
573378.936101387
573380.6609892099
573435.497663574
573437.3885833796
573452.5159418248
573456.2977814361
573456.2977814361
573458.1887012417
573458.1887012417
573460.0796210475
573460.0796210475
573461.9705408531
573461.9705408531
573463.8614606587
573467.6433002701
573467.6433002701
573467.6433002701
573469.5342200757
573471.4251398813
573473.3160596871
573473.3160596871
573473.3160596871
573477.0978992983
573477.0978992983
573478.9888191039
573484.6615785209
573484.6615785209
573484.6615785209
573486.5524983266
573486.5524983266
573488.4434181323
573488.4434181323
573490.3343379379
573490.3343379379
573495.771885379
573495.771885379
573497.4275932087
573499.0833010386
573499.0833010386
573500.7390088685
573500.7390088685
573502.3947166983
573502.3947166983
573504.0504245281
573505.7061323579
573505.7061323579
573510.6732558474
573510.6732558474
573512.3289636773
573512.3289636773
573513.984671507
573513.984671507
573515.6403793369
573515.6403793369
573515.6403793369
573520.6075028264
573522.2632106562
573522.2632106562
573523.9189184861
573525.5746263159
573525.5746263159
573527.2303341457
573527.2303341457
573528.8860419756
573532.1974576352
573532.1974576352
573533.853165465
573535.5088732949
573538.8202889545
573538.8202889545
573540.4759967844
573542.1317046141
573542.1317046141
573543.787412444
573543.787412444
573545.4431202739
573545.4431202739
573550.4102437634
573550.4102437634
573552.0659515932
573552.0659515932
573553.721659423
573553.721659423
573555.3773672528
573555.3773672528
573557.0330750827
573558.6887829124
573560.3444907423
573565.3116142318
573565.3116142318
573565.3116142318
573566.9673220617
573568.6230298915
573568.6230298915
573570.2787377213
573570.2787377213
573571.9344455511
573575.2458612107
573575.2458612107
573575.2458612107
573578.5572768705
573578.5572768705
573578.5572768705
573580.2129847003
573580.2129847003
573581.8686925301
573585.1801081898
573585.1801081898
573586.8358160196
573588.4915238494
573593.458647339
573593.458647339
573594.957547185
573594.957547185
573596.4564470309
573596.4564470309
573597.9553468769
573597.9553468769
573599.4542467229
573602.4520464147
573602.4520464147
573603.9509462606
573603.9509462606
573605.4498461066
573605.4498461066
573606.9487459526
573606.9487459526
573608.4476457984
573611.4454454904
573611.4454454904
573612.9443453363
573617.4410448741
573618.9399447201
573618.9399447201
573620.438844566
573620.438844566
573621.937744412
573621.937744412
573623.436644258
573623.436644258
573626.4344439498
573627.9333437958
573627.9333437958
573629.4322436417
573632.4300433337
573632.4300433337
573633.9289431795
573633.9289431795
573635.4278430255
573635.4278430255
573636.9267428715
573638.4256427174
573642.9223422552
573642.9223422552
573644.4212421012
573644.4212421012
573644.4212421012
573645.9201419471
573645.9201419471
573647.4190417931
573647.4190417931
573650.416841485
573651.915741331
573651.915741331
573653.4146411769
573654.9135410228
573654.9135410228
573656.4124408688
573656.4124408688
573659.4102405607
573659.4102405607
573660.9091404066
573665.4058399445
573665.4058399445
573665.4058399445
573666.9047397904
573666.9047397904
573669.9025394823
573669.9025394823
573671.4014393282
573671.4014393282
573674.3992390201
573675.8981388661
573675.8981388661
573677.397038712
573677.397038712
573678.8959385579
573678.8959385579
573680.3948384039
573681.8937382499
573683.3926380958
573685.1175259185
573685.1175259185
573692.0170772094
573692.0170772094
573693.7419650321
573693.7419650321
573695.4668528548
573695.4668528548
573697.1917406776
573698.9166285002
573698.9166285002
573704.0912919684
573704.0912919684
573704.0912919684
573705.8161797911
573705.8161797911
573707.5410676139
573709.2659554366
573709.2659554366
573709.2659554366
573712.715731082
573712.715731082
573714.4406189048
573719.6152823729
573719.6152823729
573721.3401701956
573721.3401701956
573723.0650580183
573723.0650580183
573724.7899458411
573724.7899458411
573728.2397214865
573728.2397214865
573729.9646093092
573729.9646093092
573731.689497132
573731.689497132
573733.4143849546
573733.4143849546
573736.8641606001
573736.8641606001
573736.8641606001
573738.5890484228
573740.3139362455
573745.4885997137
573747.2134875364
573747.2134875364
573748.9383753592
573748.9383753592
573750.6632631818
573750.6632631818
573752.3881510046
573752.3881510046
573757.5628144727
573757.5628144727
573759.2877022955
573759.2877022955
573761.0125901182
573761.0125901182
573762.7374779409
573762.7374779409
573764.4623657636
573767.912141409
573767.912141409
573769.6370292318
573774.8116926999
573776.5365805227
573778.2614683454
573778.2614683454
573779.986356168
573779.986356168
573781.7112439908
573781.7112439908
573781.7112439908
573785.1610196362
573786.885907459
573786.885907459
573788.9059632514
573788.9059632514
573790.9260190438
573792.9460748361
573794.9661306285
573796.9861864209
573799.0062422133
573799.0062422133
573801.0262980056
573809.1065211751
573809.1065211751
573811.1265769675
573811.1265769675
573813.14663276
573813.14663276
573815.1666885524
573815.1666885524
573817.1867443447
573823.2469117219
573823.2469117219
573825.2669675142
573825.2669675142
573827.2870233066
573829.307079099
573829.307079099
573831.3271348914
573831.3271348914
573835.3672464761
573835.3672464761
573837.3873022685
573843.4474696456
573845.467525438
573845.467525438
573847.4875812305
573847.4875812305
573849.5076370229
573849.5076370229
573849.5076370229
573851.5276928152
573857.5878601924
573857.5878601924
573859.6079159847
573861.6279717771
573861.6279717771
573863.6480275695
573863.6480275695
573865.6680833619
573865.6680833619
573869.7081949466
573869.7081949466
573871.728250739
573879.8084739086
573879.8084739086
573881.828529701
573881.828529701
573883.8485854934
573883.8485854934
573883.8485854934
573885.8686412857
573885.8686412857
573889.9087528705
573891.9288086629
573891.9288086629
573893.9488644552
573893.9488644552
573895.9689202476
573895.9689202476
573897.98897604
573897.98897604
573900.0090318325
573904.0491434172
573904.0491434172
573906.0691992096
573912.2216065773
573914.2877823649
573914.2877823649
573916.3539581526
573916.3539581526
573918.4201339402
573918.4201339402
573920.4863097279
573920.4863097279
573926.6848370908
573926.6848370908
573928.7510128784
573928.7510128784
573930.8171886661
573930.8171886661
573932.8833644537
573934.9495402414
573937.015716029
573939.0818918166
573939.0818918166
573941.1480676043
573947.3465949672
573949.4127707549
573949.4127707549
573951.4789465425
573951.4789465425
573953.5451223301
573953.5451223301
573955.6112981178
573955.6112981178
573961.8098254807
573963.8760012684
573963.8760012684
573965.942177056
573965.942177056
573968.0083528436
573968.0083528436
573970.0745286313
573970.0745286313
573974.2068802066
573974.2068802066
573976.2730559942
573980.4054075695
573984.5377591448
573986.6039349324
573986.6039349324
573988.6701107201
573988.6701107201
573990.7362865077
573990.7362865077
573992.8024622954
573992.8024622954
573996.9348138706
573996.9348138706
573999.0009896583
573999.0009896583
574001.0671654459
574001.0671654459
574003.1333412336
574003.1333412336
574005.1995170212
574009.3318685965
574011.3980443841
574013.4642201718
574017.5965717471
574019.6627475347
574019.6627475347
574021.7289233224
574021.7289233224
574023.79509911
574023.79509911
574025.8612748976
574025.8612748976
574029.9936264729
574029.9936264729
574032.0598022605
574032.0598022605
574033.9276620685
574033.9276620685
574035.7955218765
574035.7955218765
574039.5312414926
574041.3991013006
574041.3991013006
574050.7384003408
574052.6062601488
574052.6062601488
574054.4741199568
574054.4741199568
574056.3419797649
574056.3419797649
574058.2098395729
574058.2098395729
574063.8134189969
574063.8134189969
574065.6812788049
574071.284858229
574071.284858229
574073.152718037
574073.152718037
574075.020577845
574075.020577845
574076.8884376531
574076.8884376531
574078.7562974611
574086.2277366932
574086.2277366932
574086.2277366932
574088.0955965013
574088.0955965013
574089.9634563093
574091.8313161173
574091.8313161173
574091.8313161173
574099.3027553494
574101.1706151575
574101.1706151575
574103.0384749655
574104.9063347735
574104.9063347735
574106.7741945816
574106.7741945816
574108.6420543896
574110.5099141976
574112.3777740055
574112.3777740055
574116.1134936216
574121.7170730457
574123.5849328537
574123.5849328537
574123.5849328537
574125.4527926617
574125.4527926617
574127.3206524698
574127.3206524698
574129.1885122778
574132.9242318938
574132.9242318938
574134.7920917019
574134.7920917019
574136.6599515099
574136.6599515099
574138.5278113179
574138.5278113179
574142.263530934
574142.263530934
574144.131390742
574154.2086097063
574154.2086097063
574156.2240534992
574156.2240534992
574158.239497292
574158.239497292
574160.2549410849
574160.2549410849
574162.2703848777
574166.3012724634
574166.3012724634
574168.3167162563
574168.3167162563
574170.3321600491
574170.3321600491
574172.347603842
574172.347603842
574176.3784914277
574176.3784914277
574178.3939352205
574178.3939352205
574188.4711541849
574188.4711541849
574190.4865979777
574190.4865979777
574192.5020417706
574192.5020417706
574194.5174855634
574194.5174855634
574196.5329293563
574202.5792607348
574202.5792607348
574202.5792607348
574204.5947045278
574204.5947045278
574206.6101483206
574206.6101483206
574208.6255921135
574208.6255921135
574212.6564796992
574214.671923492
574216.6873672849
576920.130801431
576988.7020103834
577796.4429953655
577798.3754231669
577925.9018220601
578058.3907324432
578058.3907324432
578117.2767423909
578201.4734057374
578484.1105726886
578486.0614484882
578696.4424188656
578983.7561533363
578983.7561533363
579106.6705527033
579324.8688622774
579326.293970131
579353.371019348
579517.6735024614
579625.1469274154
579629.8096589362
579648.4605850193
579656.2318042206
579665.5572672621
579725.3518411167
579727.8054248645
579742.5269273515
579743.7537192254
579842.1553411118
579863.0384749655
579867.9225824636
579900.4832991171
579918.3916932765
579918.3916932765
581844.6855352962
582162.5998866217
582162.5998866217
582189.0635399017
582231.6230715277
583010.9771994273
583102.0780260642
584254.565975614
584268.8355021474
584269.8547540427
584867.3531286332
584878.6525274719
584894.7945258128
584896.4087256469
585205.5141578778
585215.1071168918
585216.0664127932
585227.5779636101
585227.5779636101
587306.0862379855
587310.8135374998
587346.5565338262
587346.5565338262
587347.4650977327
587348.3736616394
593078.225020738
593190.0752332424
593191.4127131049
593195.1991647156
594000.7171659262
594067.2867670845
594067.2867670845
594077.6360940208
594079.3609818436
594086.2605331343
598060.5312126676
598096.6431689562
598129.6281895661
598129.6281895661
605199.3023069606
605330.1216735152
605330.1216735152
610443.3902039849
610445.9406397227
610450.2989792748
610450.4603992583
611192.1344910306
611192.6694829756
611198.1992704073
611198.3422423926
611198.7711583485
611199.7719622457
611200.9157381281
611203.9319858181
612507.5367118365
612530.7811894475
612705.7373914659
612705.7373914659
615841.6157371673
616187.1006216591
616188.0506935614
616232.5334289896
616291.5347389255
616311.7952528432
616311.7952528432
616358.2888200647
616444.7914831742
616444.7914831742
616492.3504222862
616503.5621931339
616503.5621931339
616537.4234936537
616549.2440484387
616549.2440484387
616590.2908442201
616608.6742743307
616608.6742743307
616636.1617915055
616645.4780305481
616645.4780305481
616670.9270439325
616759.1914908609
616775.4257291923
616776.4403690881
616782.5282084623
616783.542848358
616787.601407941
616788.6160478366
616791.6599675238
616793.6892473153
616794.7038872109
616796.7331670024
616797.7478068981
616799.7770866895
616800.7917265852
616803.8356462724
616804.8502861682
616806.8795659596
616807.8942058553
616809.9234856467
616810.9381255425
616813.9820452296
616814.9966851253
616817.0536369139
616875.4231029148
616937.7219925119
616938.5475404271
617006.878925404
617092.2239766325
617093.2524525268
617180.1886435917
617188.9883386872
617188.9883386872
617231.2296423458
617254.9260959104
617254.9260959104
617291.3424441676
617370.5950440222
617381.5116469002
617394.8541615289
617397.2800732795
617398.4930291548
617399.7059850302
617402.1318967809
617403.3448526562
617405.7707644069
617406.9837202822
617408.1966761575
617409.4096320329
617410.6225879082
617413.0484996589
617414.2614555343
617416.6873672849
617417.9003231602
617419.1132790355
617420.3262349109
617422.7521466616
617423.965102537
617424.7168584596
617450.2765598327
617450.2765598327
617462.3046545965
617463.0564105193
617463.808166442
617465.3116782875
617544.1860941809
617548.1570257727
617653.0615669909
617653.7395309212
617708.3409933094
617714.2443527026
617714.9822726268
617753.4970806683
617770.925826877
617770.925826877
617815.3163223148
617838.9389838869
617839.8475477935
617891.9400824396
617915.8348519837
617917.0570318581
617980.6103853262
618075.8620115364
618076.7060074497
618137.718149179
618252.4646973856
618252.4646973856
618452.0904848684
618554.0202863924
618554.0202863924
618626.7284589196
618645.1303370283
618645.1303370283
618744.7034067943
619589.9999039166
619591.3927277735
619704.7833481195
619835.8287026508
619836.7557145556
620132.7538441336
620310.3388858818
620311.5380057587
620876.743159668
620899.7985452984
620899.7985452984
620902.1045450615
620903.2575449429
620904.4105448244
620905.5635447059
622968.4002446922
623161.2002728767
623162.3624967572
623264.1539382953
623269.4807977478
623423.1618459529
623423.9458858722
623584.332781388
624127.3034855827
624128.059853505
624258.2519881241
624392.0507063725
624393.0007782748
625171.533970259
625674.9244945217
626841.4006386339
626842.5167425192
626949.409055533
627108.0941232237
627109.2378991061
627279.4852496085
627407.9524964049
627409.4052762556
627476.8142613274
627602.7218483869
627603.7549362808
627704.3195859449
627842.7994837122
627846.8764912932
627865.2230254075
627866.2422773028
627868.2807810933
627871.338536779
628004.150287129
628170.7726060039
630898.5489496492
630899.7619055245
631035.0364636212
631150.3825717663
631151.6001396412
631231.7382434047
631362.0364540129
631362.0364540129
631557.4053659334
631709.163210336
631709.163210336
631861.5528986737
632250.6488506834
632252.8349384586
632485.2566545708
632606.5061221091
632607.5899419978
632869.7959510488
637896.5848784066
638101.2561933709
638102.6259572301
638231.0932040266
638360.3767747391
638362.0001985722
638401.6449464976
638676.446326254
638678.1435420796
638773.1876283112
638920.3842051827
638920.3842051827
639047.7169000957
639220.2748623606
639220.2748623606
639227.1467416544
639232.6442450893
639384.9555294351
639676.0142075208
639677.2041033985
639680.7737910316
640786.6667093703
640854.2832344208
640856.3263502108
640860.4125817909
645711.1845472393
645835.2427224889
649914.5793632237
649953.1817992562
649953.1817992562
650371.6331282489
650382.7987791012
650400.1675693161
650400.1675693161
653582.3411662594
653650.7601792275
653652.0884350908
653770.6122109094
653862.377165478
653864.1112772997
654011.0219102006
654175.7348612717
654175.7348612717
654249.7897376604
654345.3273078413
654346.683235702
654417.5512204184
654566.3896691211
654722.2199091052
654722.2199091052
654930.5347036951
655500.1120331552
655579.4707089987
655579.4707089987
655780.203376368
656202.2705129889
656217.1073154641
657696.074099459
658671.4935512076
675057.7433870652
675074.2082253731
675106.4645500578
675107.4884139526
695107.5258223932
695118.2348852926
695141.6084988902
695142.0973708399
698455.6668342787
698459.517853883
698511.9470644944
698511.9470644944
698513.3767843475
698513.662728318
703201.806366481
703229.5613796284
703231.6460034142
703252.4922412717
703252.4922412717
703287.0361177213
705339.066902818
705352.4048054472
705446.8170477438
705449.9347594234
705451.0231913115
705452.1116231997
705453.2000550878
705454.2884869758
705456.4653507521
705456.4653507521
705458.6422145284
705458.6422145284
705459.7306464165
705461.9075101928
705461.9075101928
705464.0843739691
705468.4381015216
705469.5265334097
705469.5265334097
705470.6149652979
705541.5982500024
705542.8388778749
705635.1849443838
705782.7550932168
705782.7550932168
705864.1107648553
706063.0539764083
706064.1239602984
706195.9671907477
706337.9199241583
706339.0498640421
706433.5543463292
706788.4108138578
706789.1856297781
706813.9797392299
706816.304186991
706862.6732302252
707028.732885158
707029.8582130424
707179.7389736379
707269.9773563634
707270.7291122861
707433.5557555512
707481.2576666485
707481.972526575
708947.2877919731
709445.2638287924
709446.2646326895
709718.3587687243
709914.2534485906
709915.3741644755
710054.6196541641
710069.4380086411
710284.3064545573
710284.96135849
710384.5159802581
710516.714334671
710517.4707025933
710713.7389544212
711269.7154972793
711270.8177651659
711931.7495812367
712068.8643271445
712069.8743550407
712074.9244945217
712076.944550314
712078.9646061064
712911.9562884934
712921.1802875453
712940.7812855308
712943.0872852938
712945.3932850568
712948.8522847013
712950.0052845827
712952.3112843458
712955.7702839903
712956.9232838717
712959.2292836348
712961.5352833978
712962.6882832792
712963.8412831607
712966.1472829237
712967.3002828052
712968.4532826868
712969.6247305664
712974.3105220848
712977.8248657236
713045.2430747945
715747.7733330345
715749.0554689027
715876.1852358364
716052.0961217568
716052.0961217568
716143.8287923287
716277.4707025933
716278.651374472
716358.1253503037
716470.4183147626
716470.4183147626
716562.4461533041
716695.3639796432
716695.3639796432
716800.9280367935
716944.942333992
716945.9339138902
717080.6089120485
718991.6416476368
719158.6559864715
719159.9611823373
722679.6639645902
722681.0936844432
722880.719471926
722959.2433758556
722960.1473277627
723092.4748181623
723158.9890753261
723159.9806552242
723306.0103962156
723434.20553504
723434.20553504
723668.126150998
724080.5080886144
724080.5080886144
724086.4990759988
724090.4930675883
724177.9734745971
724336.9859942542
724336.9859942542
724589.5852082927
724706.8037882452
724706.8037882452
724844.2967181139
724848.295321703
724879.6061864849
724879.6061864849
725084.9324053819
725086.6296212075
725224.5606910312
725393.364485682
725393.364485682
725645.013627818
725762.6196157308
725775.519378405
725789.6736049502
725791.2462967886
725865.1628131915
725865.1628131915
725966.2993507971
726021.8554970871
726021.8554970871
726300.9598724014
726417.9663003756
726419.5343802145
726851.1345198556
726856.908743262
726880.8957527969
727066.8930816804
727068.5395655113
739981.0728663898
740002.6339641737
740003.9022640435
740007.7071636524
740010.2437633916
740012.780363131
740020.3901623489
740022.9267620881
740077.3252964971
740077.3252964971
741671.2323326789
743347.809460364
743351.2131160141
743354.6167716644
743452.1882336362
743454.1114374385
743459.8810488455
743479.1130868689
753082.9287478101
753085.9818914963
753085.9818914963
753090.5616070256
754458.858850395
755138.7505965173
755139.8759244017
755325.1353333611
755478.9685775504
755480.0108894433
755594.0471897229
755721.6842766047
755721.6842766047
755881.3378641958
756695.8077564863
756697.0207123618
756858.4729797681
756997.8752774405
756999.2634892978
757102.1525867232
757443.2099516701
757443.2099516701
775061.3525329165
775405.6936415259
775413.2803807461
775542.5316674621
775545.188179189
775546.5164350525
775549.1729467794
775551.8294585064
775554.4859702335
775557.1424819604
775559.7989936874
775561.1272495508
775563.7837612778
775565.1120171413
775567.7685288682
775569.0967847317
775571.7532964587
775574.4098081857
775575.7380640492
775577.0663199127
775578.3945757761
775581.0510875031
775585.0358550935
776062.1933260524
776062.1933260524
776067.8199654741
777121.8278891455
777182.1528429454
777183.4534268117
777186.0545945443
777187.3551784107
777188.655762277
777188.655762277
777189.9563461434
777191.2569300097
777192.557513876
777193.8580977423
777195.1586816086
777196.4592654749
777196.4592654749
777197.7598493414
777199.0604332077
777200.361017074
777201.6616009403
777201.6616009403
777204.2627686729
777204.2627686729
777205.5633525393
777206.8639364056
777218.5691912025
777346.8473460185
777346.8473460185
780340.8006303066
780869.5709879608
780879.9756588915
780879.9756588915
780881.2762427578
780881.9265346909
789268.2019927681
789405.9255226132
789406.6127105425
789518.3015030635
789639.9844985572
789639.9844985572
789781.1439680491
789857.9199241583
789858.9207280553
790047.1225927124
790192.4282497782
790192.4282497782
790304.5597942536
790365.9132239477
790365.9132239477
790461.1971341547
790571.4562068225
790571.4562068225
790675.3783921417
790779.3882054518
790780.6103853262
790844.4173987681
790914.2707435888
790915.0271115111
790969.8914578722
791126.805517745
791127.5111536725
791143.3902680405
791208.4240733563
791672.4650176633
791673.6503015416
791756.8507729903
791843.0536561306
791843.9945040338
791990.4208769846
792150.0467925785
792150.0467925785
792234.515563897
792581.0842682775
792582.2557161571
792659.3083922378
792830.8286546093
792831.737218516
792935.4749238539
793143.6605824571
793144.7444023457
794005.6202338669
794011.4313532696
794012.3998731701
794013.3683930705
794015.3054328714
794016.2739527719
794017.2424726724
794019.1795124733
794020.1480323737
794022.0850721747
794023.0535920751
794024.0221119756
794024.990631876
794025.9591517765
794027.8961915773
794028.8647114778
794029.8332313782
794031.7702711791
794032.7387910796
794034.6758308805
794035.644350781
794036.6128706814
794037.5813905819
794038.5499104824
794039.5184303828
794040.4869502833
794041.4554701837
794042.4239900842
794043.3925099847
794045.3295497856
794046.298069686
794047.2665895865
794048.235109487
794049.2036293874
794050.1721492879
794051.1406691883
794052.1091890888
794053.0777089893
794054.0462288897
794055.9832686906
794056.9517885911
794058.5982724219
794790.6932411788
795134.2134138725
795134.2134138725
795243.0888866825
796010.8853437701
796011.9507156606
796374.9519743521
796432.8279564037
796433.6996243142
796547.3392926345
796607.747262426
796609.0432342928
796728.2818700378
796789.1372037831
796789.907407704
799684.0062902549
799743.1736321738
801101.1492206041
806058.748931073
806061.8758667517
806917.291090834
807089.2172091638
807459.071899151
809569.8457222102
809570.7865701136
809667.4171841821
809675.8294713175
809956.6080024597
809958.0008263167
810058.2472480134
810273.1572019255
810275.1818697174
810564.9814719324
810843.3064193268
810920.4328873999
810920.4328873999
811123.0380265766
811160.3767747391
811162.0001985722
813697.1886660111
813699.2317818011
813991.1206198015
814156.7282987807
814157.8075066698
817679.908528676
817810.9538832075
817813.8502189098
821547.369911187
821968.2655999282
822567.4196823485
830302.5499873491
831688.3497689196
833953.4687681157
834815.695915498
835029.7849334944
835031.8557212815
835265.1813893007
835645.0948502541
835647.5761059991
835842.3362339821
836036.9349419817
836038.4430658267
836241.8737529184
836483.846920049
836529.4319233639
836529.4319233639
837129.434613697
837131.2010095154
837371.7352327938
837383.1729916183
837406.0485092673
837406.0485092673
838012.47571494
838023.8027857759
838023.8027857759
838050.704579011
838052.1204628655
841486.6534498718
841793.3329703519
841797.1932139551
841800.3985536257
841832.0553183721
841833.0146142734
845773.1103773192
845792.5730153188
845830.0962434623
845830.0962434623
854463.9853440904
870422.0709799537
870433.7900707494
870442.3683898677
870442.3683898677
870442.7696338265
870442.9033818127
872180.727863203
875244.7097482936
875535.4225264149
875536.0405343514
875604.482607317
875740.3567253522
875740.3567253522
875872.5689157638
876087.8847256341
876087.8847256341
876178.1738403543
876314.850446307
876315.8789222013
876378.2654397894
876455.7931518212
876456.6602077321
876540.5340311117
876675.3796732527
876676.1683251716
876773.9934471173
876956.6147923479
876956.6147923479
877013.4991945015
877102.4000973644
877102.4000973644
877248.8541423122
877320.3216869669
877321.0780548892
877363.1671625633
877455.7853370443
877456.615496959
877533.1562410922
878256.4653507521
878257.5537826403
878354.0045287273
878479.3033318493
878479.3033318493
878489.80485477
878572.2397342976
878806.7137901988
878808.1066140557
878813.6779094831
878996.8942026525
879291.3473123893
879292.4034602809
879383.6933788982
879534.9900233482
879536.0738432368
880385.4473479402
881357.3063360546
881995.7454304373
881996.760070333
882145.5431750414
882331.111587969
882332.0893318686
882410.8853437701
882537.2633547813
882538.3010546747
882697.4427103185
882755.7199363288
882756.8406522137
882771.8250386735
882789.5443408523
882790.5866527453
882810.3905787098
882985.3698407259
883197.6094469124
883310.663391293
883311.4197592152
883432.2587587957
884112.4917928828
884797.2307505067
897735.0608687854
897757.7150104571
897890.0240528586
897890.0240528586
899850.4282433727
899928.0297473969
899967.1210553793
899979.149150143
899980.6526619885
900027.7227291507
900046.1107712608
900054.2832344208
900060.4125817909
900091.0593186411
900107.4042449612
900134.0938862182
900158.9986836584
900665.377783614
900665.377783614
900681.7965019265
900690.0058610827
900709.7083230577
900716.2758103828
900721.2014258766
900726.1270413703
900729.4107850328
901340.8143381941
906483.7103536187
906673.9830060629
906673.9830060629
906681.269965314
906684.1847490143
906685.6421408646
906688.556924565
906690.0143164152
906691.4717082654
906692.9291001157
906694.3864919659
906695.843883816
906697.3012756662
906698.7586675165
906700.2160593667
906701.6734512169
913542.6154521201
913966.4951045547
913967.8787044125
914080.5037328372
914124.2808323378
914125.8443001772
914132.0981715344
914132.0981715344
914133.6616393737
914136.7885750523
914139.9155107309
914139.9155107309
914141.4789785702
914144.6059142489
914144.6059142489
914146.1693820882
914147.7328499275
914149.2963177668
914149.2963177668
914152.4232534454
914153.9867212847
914153.9867212847
914157.1136569633
914157.1136569633
914158.6771248027
914160.240592642
917589.6865441711
917652.7648616881
917965.6060135349
917965.6060135349
919445.467525438
925043.8630620474
925131.6616970237
925131.6616970237
925138.9255962771
925199.942350006
925288.8709248661
925288.8709248661
925358.4752217124
925381.7842673167
925381.7842673167
925674.6139532202
925850.8707391049
925850.8707391049
925949.1063290085
926017.7974499486
926019.2179458026
926125.4322948861
926205.4228146649
926206.6311585407
926311.747851737
926757.9864778736
926757.9864778736
926828.9743745776
927070.4955657547
927071.542489647
927126.5498079936
927171.8027473425
927173.8596991311
927253.5642749391
927340.1684020383
927343.1938737273
928028.0204593424
928409.4143721435
928432.6311777573
928433.6873256488
928738.1623103556
928744.6421696895
928758.0077443159
928758.9624282178
929806.2045485844
931189.241742439
931212.6891480292
931236.7868455525
931237.7507534534
931922.688027057
931942.5749690131
931945.4159607211
932046.6447383171
932065.3832923912
932065.3832923912
932105.2863122901
932118.937830887
932120.3029827467
932174.0835092192
932188.6804877189
932189.653619619
932231.2077353481
932275.6674107787
932275.6674107787
932312.0791470363
932321.9303780239
932598.9362935538
932635.0344138436
932635.0344138436
932636.8884376531
932637.8154495578
932638.7424614625
933123.7126596185
933575.7716291569
933594.2426872584
933594.2426872584
933637.8537547761
933691.2330372899
933774.5718687245
933899.3495159001
933900.294975803
933909.7495748312
933911.640494637
933920.1496337623
933940.0042917217
934020.8341954143
934315.6793251107
934416.1840187811
934417.4154226546
934517.9155043253
934837.9605994318
935093.8620051309
935336.4854641946
935495.2719958748
939189.7418881654
943390.7661363934
943683.2683703307
948353.1577143699
948377.0663199127
948427.6784027109
948427.6784027109
950841.1377546608
950894.9874611263
950894.9874611263
951822.788017769
952195.183919495
952212.6818456965
952267.9428240169
952285.0441182595
952328.5998417828
952446.6624176486
952446.6624176486
967228.5083064033
967229.2323903289
967247.8418084163
967247.8418084163
974665.0393140932
974822.419185918
974822.419185918
975171.8058220089
975199.339459179
975200.6262070468
975991.6717537448
976074.5217132297
976074.5217132297
977241.6435372756
979376.1783818929
979385.9143128921
979438.5695114803
979439.6441073698
979441.793299149
979442.8678950386
979530.2745100551
986722.9183708113
986832.6286155353
986832.6286155353
986838.3936149429
986840.6996147059
986920.035230552
987091.647732914
987091.647732914
987101.4989639015
994802.6157723978
994984.5268697015
995343.5110768058
995346.1306925365
997544.8000025622
997566.1812323647
997588.5402060667
997660.7964026404
997660.7964026404
997666.6075220432
1012032.261961573
1012045.4615042164
1012049.6261397884
1012049.6261397884
1012067.6728939336
1012069.0611057909
1012519.7872074663
1012532.4886541609
1012555.0690038401
1012556.4802756951
1013115.7036662194
1013124.6555572993
1013125.6655851955
1013141.8260315346
1013142.8360594307
1021378.8664089498
1021465.1200240848
1021497.27488478
1021497.95746071
1021499.3226125697
1021501.3703403592
1021658.3535802247
1021699.2527920211
1021699.2527920211
1024257.2522091157
1024261.5874886701
1024287.5991659967
1024288.6829858853
1024579.7139919738
1026549.3883015352
1026605.7284877446
1026605.7284877446
1032500.1867219253
1032519.2527279657
1032523.6525755135
1032526.5858072119
1032528.0524230612
1032530.9856547598
1032533.9188864583
1032535.3855023076
1032539.7853498553
1032541.2519657046
1032544.1851974032
1032545.6518132525
1032547.1184291017
1032550.0516608002
1032552.9848924987
1032558.8513558957
1032561.7845875943
1032563.2512034436
1032566.1844351422
1032567.6095429957
1032570.4597587028
1032571.8848665563
1032607.5125628946
1032706.9795566716
1032708.5153525138
1032744.9778207662
1032744.9778207662
1032749.5344762978
1033132.7178449151
1033488.2799483712
1033488.2799483712
1033491.434556047
1033925.9310313904
1038418.4520976591
1038426.246376858
1038426.246376858
1038427.025804778
1038427.8052326979
1038430.1435164575
1038430.9229443774
1038432.4818002172
1038433.2612281371
1038434.040656057
1038434.8200839768
1038435.5995118967
1038436.3789398166
1038437.1583677365
1038437.9377956564
1038438.7172235763
1038439.4966514962
1038440.276079416
1038441.0555073359
1038441.8349352558
1038441.8349352558
1038521.4472710735
1038604.5278305346
1038604.5278305346
1040239.4770504981
1040273.3060670212
1040274.057822944
1040447.9071450763
1041435.419259582
1041438.4262832729
1041455.1678415522
1041481.5484788409
1041481.5484788409
1041483.3194866588
1041811.647732914
1041974.7557081501
1041974.7557081501
1044297.4785814257
1046571.9507156607
1046578.924058944
1046580.0862828245
1046580.6673947647
1046581.248506705
1046582.4107305856
1046582.9918425259
1046583.5729544661
1046584.1540664064
1046585.8974022273
1046586.4785141675
1046588.175729993
1046589.0243379058
1046589.8729458186
1046590.7215537314
1046592.4187695569
1046594.1159853825
1046594.9645932954
1046596.6618091209
1046597.5104170337
1046599.2076328592
1046644.1838522366
1046644.1838522366
1046645.8810680623
1049065.9263553354
1049166.0851490411
1049166.0851490411
1049208.6354566682
1049293.0765559894
1049294.04507589
1049363.3173087703
1049435.9931973007
1049436.7449532233
1049476.9569770906
1049522.6296083962
1049523.196884338
1049587.460485733
1049629.4711894155
1049630.2598413345
1049693.5825948264
1049775.168866441
1049775.168866441
1049826.2190891942
1050392.9508149468
1050393.8686028523
1050536.997396142
1050543.3158354925
1050578.348583892
1050608.3265808108
1050609.2028607207
1050646.882896848
1050661.6874153267
1050662.8173552104
1050710.274830333
1050750.4684062018
1050751.6214060832
1050847.989136179
1050873.6503015414
1050873.6503015414
1050957.962264876
1050975.7461350483
1050975.7461350483
1051049.9347594234
1051084.7645798437
1051092.3836030606
1051176.3358304321
1051260.2096538118
1051261.1643377135
1051326.6086109874
1051363.440039202
1051363.440039202
1055140.2802430268
1055395.7204487731
1055447.0520034975
1055447.0520034975
1056878.533640373
1056894.8508946958
1056911.3157330037
1056932.484810828
1056933.6608707071
1056938.3651102234
1057000.9407197924
1057000.9407197924
1064679.5371346031
1065568.4539232422
1065568.4539232422
1066053.8668733526
1066504.5699150304
1066606.7810485251
1067126.5257231072
1067126.5257231072
1067174.416726185
1067177.3499578836
1068211.867571558
1069187.2501273104
1069252.7589685775
1069263.7355274493
1069382.4760672455
1069441.8878451393
1069443.4513129788
1069446.5782486573
1069460.6494592112
1071419.554749879
1071433.7089764243
1071452.5812784848
1071496.976385922
1071503.8021452203
1071536.565789853
1071542.0263972918
1071588.229408543
1071588.229408543
1072435.2554054877
1072821.5933817807
1073042.0146751262
1073042.0146751262
1073224.557616365
1073322.1936463302
1073322.1936463302
1073440.4499261759
1073440.4499261759
1074171.806975009
1074404.980447044
1074408.4578946864
1074409.8783905404
1074411.2988863944
1074411.2988863944
1074414.1398781023
1074644.9058863847
1074646.1419022575
1074667.154172098
1078123.4235128704
1078890.4497660373
1078896.1870934474
1078903.3587527105
1078910.5304119734
1078986.2363841925
1078987.4816240645
1080436.2582591625
1080492.9766293329
1080539.6039445407
1080539.6039445407
1080550.4836514224
1080641.4368940743
1080642.889673925
1080645.7952336264
1081356.1953566133
1081378.2776103436
1081379.5044022177
1083083.905723043
1083085.1970829105
1083085.1970829105
1083086.4884427777
1083087.7798026449
1083091.806078231
1083093.148170093
1083094.4902619552
1083099.8586294034
1083101.2007212655
1083102.5428131276
1083106.5690887137
1083109.253272438
1083110.5953642998
1083111.937456162
1083114.6216398862
1083117.3058236102
1084579.3557933439
1084645.1598025807
1084650.1407620688
1089429.578930849
1089684.1197966877
1089688.1045642782
1089697.4023553224
1093549.5841834038
1094075.9332413068
1094469.2676208809
1094597.338235718
1094597.338235718
1096878.2579452903
1097230.882205048
1097240.7933920296
1097317.0205201951
1097318.4271800506
1098070.219998783
1098076.436974144
1098096.6421440674
1098115.5375061254
1099548.896226808
1099756.4408174767
1099757.7367893436
1099970.7742714481
1103101.1089937193
1103787.2361632008
1103801.5010777344
1103847.5934009973
1103852.4452244986
1103926.4816528894
1103935.447379968
1103936.5680958526
1103993.4109900107
1103994.3748979117
1106156.189719725
1106169.195558388
1106170.92967021
1108816.7415582794
1108843.0299555773
1108843.0299555773
1109627.2174589804
1109833.2723738025
1110101.6953582144
1110103.1389140661
1112084.2971024474
1112110.1704197882
1112121.9310185795
1112122.7150584988
1112539.9349836176
1112539.9349836176
1112554.2137341502
1112555.8002619871
1112558.973317661
1112562.1463733348
1112563.7329011718
1112565.3194290088
1112568.4924846827
1112571.6655403564
1112573.2520681934
1112574.8385960304
1112578.0116517043
1112579.5981795413
1112582.771235215
1112584.357763052
1112585.944290889
1112589.117346563
1112592.2904022366
1112593.8769300736
1112597.0499857476
1115016.587953073
1115036.1520550621
1115095.2594409871
1121742.4236698064
1121850.9532426521
1121852.9271784492
1124002.7876974912
1124007.9162409643
1124235.1402336105
1124235.1402336105
1124627.4645852884
1124629.8028690482
1124632.1411528077
1124683.3758555418
1124683.8647274915
1124796.4067399248
1124797.13543585
1124848.849786535
1124849.629214455
1124851.1880702944
1124851.91215422
1124854.8084899224
1124854.8084899224
1124856.980741699
1124856.980741699
1126409.2598701594
1126538.612620865
1126607.1699938185
1126634.214759039
1126985.5292109319
1126985.5292109319
1127011.2549442877
1128197.4427743738
1128218.0584122553
1128218.0584122553
1129166.1656028107
1129172.1704261936
1129332.4604697193
1130631.8313801729
1130668.727376381
1132580.9730678445
1132661.0189316175
1132779.3812874525
1132779.3812874525
1139532.9120613397
1139556.7238148921
1139556.7238148921
1142393.7584273082
1142398.3796508333
1142433.2832632458
1142434.2517831463
1142437.1573428477
1142439.0943826486
1142439.0943826486
1142441.0314224495
1142442.9684622504
1142444.9055020513
1142444.9055020513
1142445.8740219518
1142446.8425418523
1142447.8110617527
1142448.7795816532
1142449.7481015536
1142450.716621454
1142451.6851413546
1142453.6221811555
1142453.6221811555
1142455.5592209564
1142456.5277408569
1142457.4962607573
1142457.4962607573
1142917.6815734606
1142974.7550675946
1142991.2429659
1143085.7612841856
1143085.7612841856
1143124.7234561811
1143296.026954575
1143296.026954575
1144547.3039339713
1144807.6789792106
1144807.6789792106
1146955.339574479
1147275.6060455628
1147279.406333172
1147328.7593400998
1147328.7593400998
1147336.5397833001
1147340.9857508433
1147721.069855779
1147726.3505952363
1147727.4067431276
1147773.4160503987
1147773.4160503987
1147777.2624580036
1154541.7974627595
1155072.717012193
1162268.5477646214
1165306.2274164157
1185199.3310038464
