9034.399751464469
29330.407617485882
154383.7693487793
154402.23579488133
154411.37216594233
154411.37216594233
154412.47443382905
154413.57670171576
154416.88350537588
186478.77551412582
186482.41438175185
186484.84029350252
186486.05324937784
186487.2662052532
186488.47916112852
232283.50832241718
232288.80750987257
232290.573905691
232292.34030150945
232292.34030150945
232294.10669732792
232294.10669732792
232295.87309314637
232297.63948896484
232297.63948896484
232299.40588478328
232301.17228060172
232301.17228060172
232302.9386764202
232302.9386764202
232304.70507223863
232306.4714680571
232306.4714680571
232308.23786387555
232310.004259694
232310.004259694
240623.05961329665
240650.3073064962
299687.4755387872
322285.0971562539
322289.9397557562
322290.6315556851
322291.323355614
322292.0151555429
322303.0839544052
322303.0839544052
328359.30807196
328378.65079797205
328388.3544449747
328388.3544449747
341963.86728971364
357008.5418074554
357015.5981667302
397725.6856986379
414243.3775209862
414248.93959241454
414248.93959241454
414249.86660431925
414250.79361622396
414262.84477098536
414263.7717828901
479181.0872148327
479186.6769582582
479188.54020606674
479190.4034538752
479192.26670168375
479194.1299494922
479195.9931973007
479197.85644510924
479201.58294072625
479242.5743925132
479244.43764032173
499989.4513321953
499996.55381146533
499999.3948031733
562881.5870402814
565113.3059389102
565121.2616380926
565122.852777929
565124.4439177655
565126.035057602
565126.035057602
565127.6261974385
565129.2173372748
565130.8084771113
565132.3996169477
565133.9907567842
565133.9907567842
565135.5818966207
565137.1730364572
565138.7641762936
565140.3553161301
565140.3553161301
565141.9464559666
565145.1102876414
565145.1102876414
565146.6829794798
650861.3306259188
650874.9083525233
650874.9083525233
650876.6055683489
650880.0
650881.6972158256
650913.9443165113
650913.9443165113
726160.3861268492
726167.8575660813
726169.1028059534
726169.1028059534
726171.5932856974
837267.4671475103
837273.0015469415
837273.0015469415
837274.3851467993
837275.7687466571
855735.8964093662
855745.0973484205
855746.4117682854
855750.3550278802
855768.7569059889
855770.0713258538
855770.0713258538
855770.0713258538
855771.3857457187
855772.7001655836
855772.7001655836
855772.7001655836
855776.6434251784
855777.9578450433
855777.9578450433
855779.2722649082
855779.2722649082
855780.5866847731
855780.5866847731
855781.901104638
855785.8443642326
855792.8315435145
855794.2289793709
855794.2289793709
855795.6264152272
855795.6264152272
855797.0238510836
855797.0238510836
855798.42128694
855798.42128694
855798.42128694
855799.8187227964
855802.6135945091
855802.6135945091
855802.6135945091
855804.0110303655
855804.0110303655
855805.4084662219
855805.4084662219
855805.4084662219
855806.8059020783
855810.9982096474
855830.5623116366
855831.959747493
855831.959747493
855833.3571833493
855833.3571833493
855833.3571833493
855834.7546192057
855834.7546192057
855836.1520550621
855852.9212853386
855852.9212853386
855852.9212853386
855852.9212853386
855852.9212853386
855861.3059004769
855862.7033363333
855862.7033363333
855862.7033363333
855864.1007721896
855864.1007721896
855877.826082779
855895.2594409873
855896.4216648678
855897.5838887483
855897.5838887483
855897.5838887483
855897.5838887483
855898.7461126288
855898.7461126288
855899.9083365095
855901.07056039
855904.5572320316
855904.5572320316
855905.7194559122
855906.8816797928
855906.8816797928
855906.8816797928
855906.8816797928
855908.0439036733
855909.2061275538
855909.2061275538
855909.2061275538
855912.6927991955
855925.4772618816
855925.4772618816
855926.6394857621
855926.6394857621
855927.8017096426
855927.8017096426
855927.8017096426
855928.9639335232
855930.1261574037
855930.1261574037
855930.1261574037
855934.7750529259
855934.7750529259
855934.7750529259
855937.099500687
855937.099500687
855937.099500687
855937.099500687
855938.2617245676
855938.2617245676
855939.4239484482
855939.4239484482
855940.807548306
855960.1779463151
855962.9451460307
855962.9451460307
855962.9451460307
855962.9451460307
855964.3287458885
855964.3287458885
855965.7123457463
855965.7123457463
855965.7123457463
855967.095945604
855969.8631453196
855979.5483443242
855979.5483443242
855980.931944182
855980.931944182
855982.3155440398
855982.3155440398
855983.6991438976
855989.2335433288
856027.8359793613
856027.8359793613
856028.9151872504
856028.9151872504
856029.9943951395
856031.0736030285
856031.0736030285
856031.0736030285
856031.0736030285
856032.1528109176
856032.1528109176
856037.548850363
856039.7072661412
856040.7864740302
856040.7864740302
856040.7864740302
856040.7864740302
856040.7864740302
856041.8656819194
856065.6082554791
856067.7666712573
856067.7666712573
856072.0835028136
856073.1627107027
856074.2419185918
856075.3211264809
856075.3211264809
856075.3211264809
856076.40033437
856077.479542259
856081.7963738154
856081.7963738154
856083.9547895936
856083.9547895936
856083.9547895936
856083.9547895936
856085.0339974826
856085.0339974826
856087.1924132608
856087.1924132608
856090.4438729266
856113.2040905874
856113.2040905874
856113.2040905874
856114.287910476
856116.4555502532
856116.4555502532
856116.4555502532
856116.4555502532
856117.5393701418
856117.5393701418
856117.5393701418
856124.0422894735
856124.0422894735
856124.0422894735
856124.0422894735
856125.1261093621
856125.1261093621
856125.1261093621
856127.2937491393
856128.377569028
856132.7128485823
856153.8727024075
856153.8727024075
856153.8727024075
856155.5237982379
856155.5237982379
856155.5237982379
856160.4770857288
856160.4770857288
856160.4770857288
856160.4770857288
856162.1281815592
856167.08146905
856167.08146905
856170.3836607106
856172.0347565409
856172.0347565409
856172.0347565409
856172.0347565409
856180.2902356924
856218.2654397894
856218.2654397894
856218.2654397894
856219.9165356198
856223.2187272804
856223.2187272804
856223.2187272804
856224.8698231106
856228.1720147713
856228.1720147713
856228.1720147713
856249.6362605653
856251.2873563955
856265.0172789844
856281.9156452476
856281.9156452476
856282.971793139
856282.971793139
856284.0279410305
856284.0279410305
856286.1402368135
856286.1402368135
856287.1963847049
856287.1963847049
856287.1963847049
856288.2525325964
856292.4771241621
856292.4771241621
856293.5332720536
930832.3744431171
930836.2116267227
930836.2116267227
930838.1302185255
930838.1302185255
930840.0488103284
930840.0488103284
930842.834458042
930842.834458042
930844.227281899
930845.6201057557
930845.6201057557
930847.0129296127
930848.4057534694
930849.7985773263
930851.1914011831
930851.1914011831
930852.58422504
930853.9770488968
930855.3698727537
930856.7626966105
930872.0837590359
930872.0837590359
1007693.8416354663
1082614.9299392435
1082620.1461107072
1082621.8848345287
1082623.62355835
1082625.3622821711
1082627.1010059924
1082628.8397298139
1082630.578453635
1082632.3171774563
1082634.0559012776
1082635.794625099
1082637.5333489203
1082639.2720727415
1082639.2720727415
1082642.7495203842
1082642.7495203842
1082644.4882442055
1082646.2269680267
1082647.965691848
1082649.7044156694
1082651.4431394907
1082651.4431394907
1082682.108324339
1082683.2152042252
1083082.6143631758
1095229.3943227567
1095244.4755612067
1095247.4918088967
1095250.5080565866
1187066.3790999553
1187075.0681070625
1187076.5162749134
1187077.9644427646
1187080.860778467
1187080.860778467
1187083.7571141694
1187109.4920715243
1187109.4920715243
1190229.3990628673
1190231.824974618
1190233.0379304932
1190234.2508863686
1190235.463842244
