9069.635427843026
230419.3242780139
230431.79512473216
230433.35398057193
230434.91283641174
230434.91283641174
230436.4716922515
230438.0305480913
230441.14825977088
230441.14825977088
230442.70711561065
448602.1190856711
504231.60539219616
504239.57492737705
504514.1733791544
552652.8269955706
564162.6898206124
564176.6780151748
564187.1103581026
564201.020148673
572617.7394156212
579044.219467122
579090.3256263832
712984.8535530012
713003.5967190748
713005.939614834
713009.4539584728
713011.796854232
713012.9683021116
713015.3111978708
713018.8255415097
713019.9969893892
713021.1684372688
713022.3398851485
713024.6827809076
713025.8542287872
713027.0256766669
713029.368572426
713030.5400203057
713032.8829160648
713034.0543639445
713035.2258118241
713036.3972597036
713037.5687075832
777239.5491770464
806666.2507326354
881881.0450022259
886489.3641525932
890133.8215220239
890143.4098690384
895913.376400014
979608.0973900567
979624.0733564147
979624.9496363247
979625.8259162345
979626.7021961445
979627.5784760545
979628.4547559643
979629.3310358743
979659.1245528122
979660.0008327222
979660.877112632
979660.877112632
979661.753392542
979661.753392542
979662.629672452
979664.3822322718
979666.1347920917
979667.0110720017
979667.0110720017
979670.2902036647
979676.8484669906
979677.9415108783
979718.3841347216
981806.8035960785
981815.2435552111
981889.6720035615
982199.6214317057
982425.3557485051
982432.7164997485
983842.7154428321
985469.2200916634
988386.1806558648
988432.8356430697
988794.5086458977
988795.3941498067
988995.365837254
989015.7554871584
989053.2787153019
994821.0176505065
996283.2152042252
996294.2840030876
996299.8184025188
996300.925282405
996306.4596818362
996308.6734416086
996894.8908653584
996906.5453881606
996921.5297746205
997110.1236592373
997462.7525309949
997820.8373981917
998093.1621342028
998230.2538201128
1001288.3231218113
1001400.4039342919
1006252.9653555563
1006751.4302643252
1009607.7384227602
1010750.3566933245
1018527.1287420451
1018529.8590457645
1018540.7802606421
1032746.1169846491
1032752.9519679466
1032754.0911318295
1032754.0911318295
1036510.0666497988
1036527.8228479738
1036529.0911478434
1047480.3762622947
1051589.9999039166
1054102.884741648
1057284.1405506856
1080479.8877746782
1167709.5772654046
1167789.8952371497
1167909.585848848
1167945.9699131085
1167980.0341416076
1167995.6042520073
1168013.120626207
1168048.1533746063
1168084.5697228636
1168110.7658801712
1168122.5541509597
1168144.820884671
1168151.3699239981
1168177.750561287
1168184.9821765437
1168194.279967588
1168968.9067959737
1168970.4610398137
1168990.5878057452
1170026.8902632364
1178704.049143417
1179083.5751964103
1192269.9505811438
1192788.2655358727
1193610.0269994137
1193639.5806923762
1193646.969115617
1193813.0333825494
1193814.3247424166
1193858.0926179183
1193921.599851391
1193932.5441262661
1194625.2987390666
