867305.5860922593
867612.0165647649
867612.0165647649
867733.9578322321
867778.8879316143
867788.8498505905
867800.8041533617
867802.5290411846
867809.2717844916
867821.5673752278
867821.5673752278
867840.6887252625
867907.9224543525
867912.6820378633
873747.9083621317
874686.7684936377
875456.9678024783
875458.323730339
875463.0694778512
875478.3213602836
875480.964036012
875481.8449279214
875484.4876036498
875488.8920631972
875578.9551899408
875578.9551899408
876586.3634704015
876735.1096791137
876735.6769550554
879002.4562740808
879264.943615103
879264.943615103
879272.3366503433
879276.561241909
879277.6173898005
879313.7062860912
879316.4273658115
879338.1960035743
879339.5565434344
879342.2776231548
879344.9987028751
879347.7197825954
879349.0803224556
879350.4408623157
879353.1619420361
879354.5224818962
879365.4068007775
879366.7673406377
879374.9305797988
879440.1442530963
879440.1442530963
879441.2511329826
879446.7855324137
879446.7855324137
879446.7855324137
879457.5776113046
879537.1576631254
879537.1576631254
879566.4208001178
880329.8681416526
882875.5396840139
882897.2990977776
882898.2999016747
884117.1960323993
884119.5481521576
884120.7242120367
884126.6045114323
884782.2325280482
885336.4934070826
885376.8207309379
885389.8081216031
885394.5308091177
885398.0728247536
885401.6148403896
885403.976184147
885409.8795435402
885416.2025948904
885418.9836306045
885427.3267377471
885429.1807615565
885432.8888091753
885436.5968567943
885438.4508806037
885529.5286472428
885677.6291760214
885723.4862873084
885733.8632862418
886031.3557036662
886035.8201192074
886038.052326978
886044.7489502898
886048.0972619456
886054.7938852573
886064.7465802344
886697.7342911772
887365.6809585273
887412.1422417521
889807.3657475762
894051.5675353666
894125.161211803
894156.8318125479
895823.3271092692
906243.9324982625
909243.4247939814
912211.2787729519
912837.4776205926
912841.462388183
912854.7449468179
914782.8466926519
915850.4323429278
915873.9719885084
915877.3848681577
924466.2793014102
931272.6589778656
931274.8819616372
931278.2164372944
947136.8489153794
951728.4403434658
951732.9831629989
957588.0964292234
959162.5408274055
959170.602602577
959175.1039141143
965443.7797898337
983520.1521959844
988031.1858283504
998355.0176312899
1009860.2131128113
1021616.6242085135
1021688.8757930878
1021689.9134929811
1034954.1947737078
1034972.5413078221
1034974.2200756496
1034980.9351469594
1034991.0077539241
1034992.6865217516
1036696.2530706628
1036739.0109182684
1036740.0809021583
1036822.0453577342
1036823.147625621
1036936.7457859457
1036939.0886817048
1037035.5440397913
1037036.4987236932
1037514.6985065449
1044060.0021138332
1044077.7214160119
1045010.3507361584
1045048.1230122762
1045050.295264053
1045068.752486156
1045151.814597619
1045160.7434287013
1054315.1012878367
1054322.4804870784
1055368.3943515818
1055384.7438899013
1055391.0162092566
1057342.454672692
1057350.571791858
1057353.0069276076
1057357.0654871904
1058608.282510593
1077825.8204074574
1089643.552648857
1089680.135029097
1089856.7838349417
1094862.463640469
1095206.1037251505
1101700.5323656674
1110508.8657363665
1131937.9865419292
1143647.6135144397
1143723.6561626242
1153565.6170310895
1155183.0175928567
1167622.2444423805
1167628.37840175
1167633.603797213
1167641.601004391
1167644.266740117
1167645.5996079799
1167646.932475843
1167649.598211569
1167652.263947295
1167653.596815158
1167654.929683021
1167657.595418747
1167661.594022336
1167662.926890199
1167666.9254937882
1167669.5912295142
1167672.2569652402
1167673.5898331031
1167676.2555688291
1167678.9213045551
1167680.2541724183
1167681.5870402812
1167952.2975764582
1167953.8794922957
1168143.5110768056
1174178.1833205756
1174182.2234321602
1174184.2434879527
1180963.2509472214
1186419.1495344762
1187573.2562958598
1187578.6800073022
1187592.2392859086
1187594.047189723
1187598.5669492583
1187632.6311777574
1187676.9893891984
1187676.9893891984
1187790.7581935055
1187792.0218813755
1187800.8676964664
1187802.1313843364
1187803.3950722066
1197966.0005957168
1198205.3910431126
1198205.3910431126
1198224.2633451729
