8522.080396119514
9042.47075063495
12401.758965374773
15595.38415714107
31625.550733596174
31666.92959334335
38281.73603348824
41812.60907859296
46776.56412440869
57128.662872442976
62090.15049851231
67105.97670299684
67210.76133222731
67471.68981740966
67482.53724029478
70320.79864458459
70337.1804669009
70471.59719308584
70471.59719308584
70502.3084979294
79043.09516412632
84654.80093136769
95428.2657920949
95431.58643175362
95433.82325152373
102939.49735610723
104017.41388532135
105060.96179406781
142208.62559211347
142216.6873672849
142218.70281107776
142220.71825487062
142222.73369866348
142224.74914245633
142246.91902417777
142246.91902417777
142248.93446797063
142250.94991176348
142252.96535555634
142256.99624314206
142278.5250569294
142280.20843675637
142283.57519641033
142286.94195606431
142286.94195606431
142288.6253358913
142290.30871571827
142290.30871571827
142291.99209554525
142293.67547537226
142298.7256148532
142300.40899468018
142303.77575433417
142305.45913416115
142307.14251398813
142308.8258938151
142310.50927364212
142313.87603329608
146325.7391209657
146444.4981087599
146716.65220078852
146716.65220078852
166640.02895310815
166657.27783133535
166657.27783133535
166659.30711112678
166660.3217510225
166662.35103081394
166664.38031060537
166665.3949505011
166917.15478062577
166918.23398851484
171689.9516700883
177744.87520377673
179558.33186539367
179560.43493717752
179561.22358909648
179562.80089293435
179563.06377690734
179564.05996880494
179564.29518078075
179564.7656047324
179565.7064526357
179566.4120885632
179566.88251251483
179567.11772449067
179568.76420832143
179569.2346322731
179569.46984424893
179569.94026820056
179570.1754801764
179571.1163280797
179571.58675203135
179571.82196400716
179572.057175983
179572.29238795882
179573.70365981376
179574.17408376542
179574.64450771708
179575.58535562037
179576.05577957202
179576.52620352368
179576.99662747534
179577.7022634028
179578.089671363
179578.47707932317
179578.86448728337
179579.44559922363
179579.83300718383
179580.4141191241
179581.18893504445
179581.38263902455
179581.77004698472
179581.96375096482
179582.5448629051
179582.73856688518
179583.12597484537
179583.90079076574
179584.28819872593
179584.481902706
179584.8693106662
179585.0630146463
179585.45042260646
179585.64412658656
179586.41894250692
179586.61264648702
179587.0000544472
179587.38746240738
179588.16227832774
179588.54968628794
179588.74339026804
179589.1307982282
179589.54587818557
179590.6527580718
179591.0955100263
179591.75963795805
179591.9810139353
179592.20238991253
179593.08789382153
179593.30926979877
179593.97339773053
179594.19477370777
179594.85890163953
179595.301653594
179595.52302957125
179595.96578152577
179596.187157503
179596.6299094575
179596.85128543474
179597.07266141198
179597.95816532098
179598.17954129822
179598.62229325273
179599.06504520722
179599.5077971617
179599.9505491162
179600.17192509345
179600.61467704794
179600.8360530252
179601.50018095694
179601.72155693418
179602.1643088887
179602.38568486593
179602.92990081
179603.57558074364
179604.22126067727
179605.83546051136
179606.1583004782
179606.48114044502
179606.80398041182
179607.12682037865
179608.0953402791
179608.41818024594
179608.74102021274
179609.06386017957
179610.03238008003
179610.67806001366
179611.00089998048
179611.3237399473
179611.96941988094
179612.61509981457
179612.61509981457
179612.9379397814
179613.2607797482
179614.22929964866
179614.5521396155
179614.8749795823
179615.52065951595
179615.84349948275
179616.4891794164
179617.45769931687
179617.78053928367
179618.4262192173
179618.74905918413
179619.07189915096
179619.7175790846
179620.36325901822
179620.68609898505
179621.00893895188
181262.94533819729
181267.46509773275
181270.17695345404
181632.66166819865
182880.49348394928
188009.0231208504
188057.55057986284
188164.04626091747
197057.80769883643
198103.16351139708
198179.7595995247
198350.68030195785
198356.7958133293
199490.98334876003
199497.97514004144
215572.83660390292
229110.6601885155
229732.6990125837
263847.45657834475
263848.47121824045
264654.01227944874
264656.1153512326
276240.1299046533
277863.1017618479
299616.4553580865
328299.52272210456
342535.9074269206
342554.2401250364
342577.92735460185
342591.2514212325
343088.43419413315
343209.4715096932
343554.4859702334
343555.8142260969
349012.40922528016
356664.8417667801
356669.7673822739
356678.38720938796
356683.3128248817
356691.9326519958
357095.0583065635
357101.2245499297
370879.5869698202
371253.30651541014
371411.3136191705
371436.97478453314
371437.9617524317
376906.46954639064
376910.0023380275
376943.56385857816
376948.86304603354
376950.629441852
376952.3958376704
376954.16223348887
376986.54769416037
376994.98765329295
389684.31401311216
391134.5203680632
391883.905723043
391895.83235381724
391913.27954802406
392123.19470644946
392123.19470644946
392184.2160721778
393319.1461395322
393330.6945863453
394162.4963728545
394167.68026032177
394175.45609152253
394189.71178205736
395766.4944639992
395864.52251392405
396064.00071742217
396078.46394793567
396303.31276082614
396304.91312466166
396998.1289374145
402081.92217891355
410805.1779943567
434010.09387340705
434026.235871748
434139.285204129
434139.285204129
434148.13563121937
434172.0580727607
446951.7980712874
447011.72639312816
447177.4678200936
447178.59775997745
448405.62023386685
448489.10664928623
448495.88628858945
448496.56425251975
448509.80530315894
448696.84494393534
478218.0463698119
482672.9058479513
482709.7142161682
493667.6728939336
495326.55377943756
495529.65701456304
495937.62526863295
495938.7505965173
500534.921740133
500588.92364258284
503214.023040781
506940.2788338047
518994.78651886916
521549.80197227036
521590.12007212656
521590.12007212656
521593.0256318279
521714.8838833036
521811.09941741475
521818.95826460706
521947.3840034078
521948.10347533383
523601.4822454032
523606.87828484864
523608.3771846946
523608.97674463294
523609.57630457135
523609.8760845405
523610.4756444789
523611.0752044173
523611.3749843865
523611.97454432485
523612.27432429406
523665.66744280636
523665.66744280636
526393.508354445
526403.3964814286
526405.2505052381
526407.1045290476
526407.1045290476
526408.3359329209
533537.9199241583
540278.8414913414
542443.3036008826
542517.6444212421
542964.4410993214
542965.7232351896
550298.119905582
550321.3090391988
550347.090116549
550353.0395959376
550356.0143356319
550378.31335334
550390.544376083
551525.2023354654
551525.2023354654
562698.3200151171
566589.8975431494
573375.4863257416
578950.7803567253
582623.4216552594
582655.0784200057
584450.2531155017
597764.353215108
597782.7274212196
597819.249845466
597894.8912496917
597894.8912496917
606492.4608540527
606501.4680891269
606515.1380557219
606566.1375464803
606566.7555544168
606580.969736956
607529.6718754504
607569.966915309
607569.966915309
607633.1974288103
607633.9584087321
607690.0818309638
607731.7927546769
607890.4455383709
607891.3494902779
610086.7119966436
610088.9949364089
610092.7998360179
610093.8144759135
610094.0681358875
610094.5754558353
610094.8291158093
610165.2128405754
610165.2128405754
610799.3258794026
625465.1523080816
633099.764083413
633130.0879802965
633136.1527596732
633138.5786714238
633139.7916272992
633141.0045831745
633144.6434508004
633145.8564066759
633624.3513574973
633625.2276374071
637164.9649456008
637199.7855420221
637203.9640135926
637258.2472480134
637497.4532154284
639216.1517347844
639580.9193892945
639582.3813931441
640265.1694749687
640299.9623993927
642584.0551646388
665620.1626370389
678304.9969093198
690990.2923815532
691172.1804188592
691240.7839118083
691240.7839118083
691256.2156622222
691259.5224658824
691883.22160978
691908.6106671706
691929.9181049806
691945.8848473396
691949.1363070054
692236.6621934542
692248.076892281
692249.5988521245
692251.8817918899
692257.9696312642
692259.4915911078
692260.2525710296
692263.2964907167
692264.8184505603
692265.5333104868
692269.1076101195
692384.361478274
692385.1086221972
692798.5928277002
692798.5928277002
692816.1138138995
692889.5645183503
692889.5645183503
692989.6218480667
700036.794019774
700040.3360354098
700044.4683869851
700050.288730387
700051.3033702828
725220.1885154806
725222.3746032559
725231.1189543572
725232.2119982449
725237.6772176832
725238.7702615708
725240.227653421
725243.1424371215
725244.5998289717
725251.8867882227
725253.3441800729
725254.8015719232
725256.2589637734
725259.1737474737
725260.631139324
725262.0885311742
725266.4607067249
725267.9180985751
725269.3754904253
725270.8328822755
725278.1198415265
725305.8102866806
725305.8102866806
725308.725070381
738339.3024991272
738407.1726841517
738581.487818236
738582.9452100862
742548.4300305225
742558.7839694583
742562.9255450326
742562.9255450326
742567.067120607
742571.2086961813
742571.2086961813
742575.3502717557
742660.229511032
742661.9543988548
743604.9514939355
753125.0962594762
773766.6259059856
773771.6898814652
773791.9457833833
773808.2215297106
773809.5820695708
773810.942609431
773813.6636891513
774044.056125472
774044.056125472
774049.6827648937
775062.9390607534
777235.2507934881
780137.0517152474
780147.9452581279
780147.9452581279
789271.6517684136
789278.5513197045
789281.1386514385
789282.8635392613
789285.4508709953
789288.9006466408
790280.1115847663
790280.1115847663
808324.9148541616
808330.0249496364
808331.302473505
808331.302473505
808332.5799973737
808333.8575212425
808382.1636042777
808382.1636042777
808392.0332832632
808415.7205128287
816755.4332236917
816846.7784863033
816858.7235650757
816939.8947567331
816948.1963558798
816974.7614731495
816979.7424326376
817002.9869102485
817012.9488292247
817057.6206566334
817099.2116683588
817125.0988216981
817951.0433688094
817951.0433688094
823277.3124853873
823356.4728452513
823367.3525521331
839434.0784488309
847602.8520092624
847640.1354134305
847643.9956570338
847665.8703707856
847673.5908579921
847686.4583366696
847696.0190116869
848284.2426552306
848284.2426552306
861933.2338764176
862065.1278388619
862284.8481082794
862284.8481082794
865693.1849379782
865708.3030724244
865708.8288403704
865712.5092159921
865713.560751884
865715.1380557219
865716.1895916138
865718.8184313437
865721.4472710735
865722.4988069654
865724.0761108033
865728.5958703388
867627.8680071358
867629.5144909666
867630.9257628216
867647.1968971492
867647.1968971492
867931.8310598951
872214.8474356963
872216.6461155114
872228.3375343097
872240.9282930157
872240.9282930157
875668.2019927681
875680.2762075271
875682.8635392613
875731.5570302566
875732.2903381813
875735.2235698798
885485.9221917246
885492.9554910017
885492.9554910017
885495.7688107126
885497.175470568
885502.8021099897
885509.8354092669
910413.203129754
910504.8804563318
910506.5453881606
925316.7642979993
925367.0627648297
925369.5163485776
925379.3306835688
925414.4556719587
925414.4556719587
930538.4240413286
931035.463842244
931101.918143414
935001.6681346063
935086.3536699025
935087.7188217622
935088.401397692
935089.083973622
935090.4491254817
935213.1237008733
935214.0230407809
935817.1157707964
935839.050440542
935843.6993360643
935899.2923783505
935899.2923783505
935903.6830018993
935926.7337755301
936978.168203466
941356.5422814665
941490.5024196984
941547.6543178244
942116.1801113926
942116.1801113926
947883.6192666279
947917.3237591638
947918.5274910402
947929.3610779267
947932.9722735556
947935.3797373081
947937.7872010607
947940.1946648132
947941.3983966896
947943.8058604421
947946.2133241947
947947.417056071
947949.8245198235
947951.0282516999
947951.9137556088
947953.6847634269
948187.4854673973
948187.4854673973
948201.1415979937
958510.459438425
958521.3714293035
958527.2471166996
958528.0865006134
958529.7652684408
958530.6046523546
958531.4440362683
978213.0090414408
978874.3836094661
978894.2059834289
979211.2071588482
979211.2071588482
982230.4388125383
982241.106367442
982302.8241450986
983099.4778832203
983101.5025510122
985994.8358416419
986600.5066793924
989019.9247347299
989036.6017250159
989040.7709725874
989043.897908266
989081.1905364331
989501.0623612797
989501.0623612797
991132.6263735913
991133.8716134633
994709.2320059956
994724.8205643934
994737.2914111117
994848.2653437061
996156.4728452513
996158.0270890916
1000871.2323326789
1001092.1102139775
1002789.4551755282
1002791.3922153291
1003203.428252981
1004253.4145130657
1004345.5207555993
1006073.152718037
1006073.152718037
1010166.0163533817
1011828.3055065352
1018422.3948448094
1032705.4437608294
1032711.586944198
1032716.1943317244
1032717.7301275666
1032720.801719251
1032722.337515093
1032722.337515093
1032725.4091067774
1032726.9449026196
1032728.4806984618
1032728.4806984618
1032730.0164943038
1032730.0164943038
1032731.552290146
1032731.552290146
1032733.0880859882
1032734.6238818304
1032734.6238818304
1032736.1596776724
1032737.6954735146
1032740.767065199
1033301.5862075592
1033313.798782304
1033327.537928892
1033349.827722601
1033355.5281540152
1033362.6536932829
1033369.7792325504
1033378.3298796717
1033444.5028488705
1033444.5028488705
1033447.6297845491
1036553.1888453667
1036577.8584308312
1037276.5025670261
1037288.0556258387
1037309.6213356223
1037311.161743464
1037317.5770348045
1037320.7131944823
1037338.9029206127
1037339.5301525482
1042575.0074464576
1042913.1039077088
1042920.7874989191
1042938.2070211287
1042939.0279570443
1045173.4909953913
1045175.1882112168
1045175.6125151732
1057225.125404751
1095286.7030288666
1117538.9735098279
1117551.6611205237
1117608.725390659
1117609.629342566
1117613.2451501943
1125815.6125151732
1125853.0803993223
1126008.8460713131
1126009.607051235
1129175.4680058546
1131951.084620583
1131956.1762680598
1131957.449179929
1132310.1057236835
1132310.5899836337
1132365.8647979528
1135005.2383346837
1137619.614833984
1137630.3192848838
1137634.2118124838
1137637.1312081837
1137661.1643377135
1137661.1643377135
1137664.0283894192
1143210.8018153342
1143339.5411701025
1149775.3005646495
1153505.28746529
1164509.9749222526
1164561.527852954
1164563.7692847238
1165301.9244208578
1166025.385726502
1166025.385726502
1168172.5851218177
1168278.4443469376
1168279.8971267883
1168282.8026864897
1168285.708246191
1168294.4249252952
1168300.236044698
1168313.1496433706
1168317.4388029298
1168323.157682342
1168330.3062816074
1168338.8846007257
1168395.9119748645
1168398.7068465773
1168401.50171829
1168405.6940258592
1168414.0786409974
1168421.0658202793
1168428.0529995612
1168702.7529153281
1168702.7529153281
1173888.9094863066
1173909.7142161683
1174134.249413091
1175271.227208235
1175296.7546256115
1175413.7241575895
1175611.2607092871
1175613.363781071
1176519.3449679562
1178594.9661306285
1178702.0290876247
1179332.3833468384
1179333.854574687
1186712.9661882785
1190254.8711362493
1195403.0202191342
1195409.3801664806
1195411.1972942937
1195413.014422107
1195415.7401138267
1196519.0180284341
1196551.9707650475
1196562.523019963
1196616.6033264047
1196616.6033264047
1207191.7614315134
1207219.212052692
1207221.868564419
1207224.525076146
1207228.0670917819
1207231.6091074178
1207240.4641465077
1207242.2351543256
1207243.1206582347
1207246.6626738706
1207249.3191855976
1207305.271963847
1207305.271963847
1207312.3283231219
1207486.7910411907
1207486.7910411907
1209443.136672122
