944228.8679142552
944537.6597305182
946360.926115127
946539.6180367614
946551.433979547
946610.942609431
946612.3031492911
948558.4285892727
948565.4849485474
948772.333127288
948772.333127288
948834.0601289439
949751.3683866649
949772.3991045034
949781.0696636123
949790.4550826477
949898.9523714966
949900.096147379
950084.6822044076
951367.0625086074
951372.2648440727
951380.0683472707
951380.0683472707
951381.8024590925
951555.619497228
951562.6943045008
951567.1771680401
951573.901463349
951576.1428951187
951684.5525559766
951685.179787912
951691.4521072675
952516.1145185104
956703.7501321146
956740.37863235
957604.8333755033
957605.7050434137
957606.2031393625
957606.4521873369
957607.0748072729
957607.9464751834
957608.1125071662
957608.4445711322
957609.1086990639
957631.9380967175
958404.0144893652
958407.722536984
958461.304747477
958461.304747477
958484.9919770425
958486.9659128396
958487.9528807382
958488.9398486367
958491.9007523324
958492.887720231
962256.9711333668
962266.0014284387
962266.0014284387
962266.8223643543
962267.64330027
962269.2851721012
962270.9270439325
962271.7479798481
962275.8526594262
962320.5337108341
964999.5796674876
965001.6827392714
965015.3527058666
965016.4042417584
965019.5588494343
965021.661921218
965030.0742083534
965031.1257442454
965040.9493032357
965140.9835729545
965436.7557145556
965794.7621777606
965803.6172168505
965804.7240967368
965810.2584961678
965811.3653760541
966729.1071617308
966776.6707128423
967050.5174086968
967050.5174086968
968911.6805934106
969571.9621175483
969920.3802337387
974899.9468979499
974910.5083768644
974912.6206726474
975237.9418952116
978344.298831947
979538.4100772189
979548.353548197
979548.353548197
979574.3006575302
979579.5813969874
979581.6936927703
979582.7498406618
979582.7498406618
979582.7498406618
979582.7498406618
979592.2551716849
979593.3113195763
979736.4816208617
980488.966239523
980501.031230283
980504.0474779729
980507.063725663
980510.079973353
980511.5880971979
980516.112468733
980519.128716423
980522.1449641129
980523.6530879579
980529.6855833379
980550.799317168
981103.1969483937
981685.2727965692
981694.1047756614
982198.4361478274
982263.3085331599
982436.9226433163
982442.1803227759
982443.2318586678
984674.5449013384
985287.9131662978
988106.9286965657
988156.2817034933
988193.1269677064
989092.4253672785
991692.9566440016
994564.5628048644
995647.6171015505
995653.206844976
996216.6686630647
996225.3622821711
996227.1010059925
996230.5784536351
996241.0107965629
996241.0107965629
996246.2269680267
997444.0831569138
998243.4994827515
1000606.8771318487
1000616.7883188301
1000618.2042026846
1000619.6200865391
1000622.4518542481
1000629.5312735204
1000630.9471573749
1000635.1948089383
1000636.6106927928
1000640.8583443562
1000643.6901120652
1000647.9377636287
1000755.7939845434
1000755.7939845434
1000757.5603803619
1000792.8882967309
1001593.0287064943
1001619.6307197602
1001621.5308635648
1002460.5458173328
1002498.4564534364
1002500.1582812615
1002501.8601090866
1002503.5619369117
1002508.6674203869
1002512.0710760371
1002517.1765595124
1002522.2820429876
1002527.3875264629
1002529.0893542881
1002532.4930099382
1002535.8966655884
1007231.050543031
1007243.4199257597
1007243.4199257597
1007590.4452180932
1007614.0678796653
1007638.4884171555
1008081.5263156209
1008089.6987787809
1008116.259284051
1012109.3192496533
1014026.3106886292
1014047.5858424426
1014981.9123784145
1015002.1313843364
1015004.6587600767
1015004.6587600767
1018232.7909322965
1018273.6624720958
1018395.1333156113
1018396.5538114653
1018584.787960119
1018586.734223919
1018754.3527346916
1018768.5115732363
1018774.1751086543
1018789.7498310535
1018805.3245534528
1018809.5722050163
1018815.1112164469
1018828.8549750344
1018838.4756060456
1018849.4706129155
1021544.3357279432
1021552.7480150786
1032280.7939044739
1032401.3285120857
1032631.7393964046
1032633.1645042582
1032651.690906354
1032654.7624980384
1032662.441477249
1032665.5130689334
1032671.656252302
1032673.1920481442
1032676.2636398284
1032677.7994356706
1032680.871027355
1032683.9426190392
1032688.5500065658
1032691.62159825
1032694.6931899344
1032717.7301275666
1033156.7878704412
1033214.516268508
1033217.3295882188
1033220.1429079297
1033222.9562276406
1033222.9562276406
1033225.7695473514
1033228.5828670623
1033231.3961867731
1033232.8028466286
1033234.209506484
1033237.0228261949
1033239.8361459057
1033242.6494656166
1036029.7499591645
1036092.7590966887
1036478.2346290704
1036484.6822044076
1036485.7568002972
1036486.8313961868
1036487.9059920764
1036488.9805879659
1036490.0551838555
1036493.2789715241
1036493.2789715241
1036494.3535674136
1036495.4281633032
1036498.6519509719
1036551.9205454971
1036591.8466253935
1036866.1360732027
1037142.9298367545
1037172.511201714
1037179.429201003
1037393.0800790446
1037402.2625701008
1040469.265314881
1040469.4820788588
1040473.8173584132
1040474.6844143241
1040474.6844143241
1040475.805130209
1040475.805130209
1040477.1795060677
1040477.1795060677
1040478.5538819265
1040478.5538819265
1040479.2410698558
1040480.6154457146
1040481.3026336438
1040481.3026336438
1040481.9898215733
1045373.5872068257
1045374.7125347101
1045375.2751986523
1045380.3437861314
1045380.3437861314
1046820.0440061622
1046863.5582216899
1046873.9075486262
1046882.3751797559
1046895.7868743774
1046899.255098021
1046902.7233216645
1046903.5903775754
1046904.4574334862
1046911.3938807733
1046913.1279925951
1046914.6268924412
1046922.0844956747
1046926.3459832367
1046932.7382145796
1046935.9343302512
1047457.6483286306
1047461.9098161926
1048142.4472422485
1048143.3973141508
1048169.0492555144
1048217.0094385851
1048666.0014284388
1051524.7539466226
1053819.6341787598
1054797.7747102287
1054800.8186299158
1054802.8479097073
1054803.862549603
1054808.9357490817
1055192.5803176516
1055548.99564102
1056617.9833391518
1056633.110697597
1056636.136169286
1056642.187112664
1056645.212584353
1057327.8438581938
1058563.8412831607
1058569.6247305663
1058571.9676263256
1061925.878249618
1077088.6752992196
1077823.7265596727
1080570.6888213458
1080700.9224639607
1082716.4216008123
1082719.742240471
1082719.742240471
1094544.8629051112
1094548.9491366912
1094550.9922524814
1099375.909348587
1099391.6362669708
1099396.3543424858
1099397.9270343243
1099401.0724180008
1099404.2178016775
1099407.3631853543
1099410.508569031
1099413.6539527078
1099415.2266445463
1099418.3720282228
1099421.5174118995
1099423.090103738
1099426.2354874148
1099427.808179253
1099429.3808710915
1099485.107661364
1099485.107661364
1099488.0685650597
1101687.9185469637
1102614.8151516996
1103233.4549321171
1103243.1401311217
1103244.754330956
1103807.5658571112
1106088.0889347242
1106142.3168251507
1106163.9932229228
1106164.8602788337
1107984.3448238312
1108459.459179
1108471.7455457374
1108473.793273527
1109006.6544747606
1109391.2398912336
1116006.6089953207
1116282.2082509953
1116326.598746433
1117009.322260264
1117133.5695274943
1117204.598932194
1117255.2248509908
1119157.5086234782
1119165.4827706588
1119219.2909691285
1119286.0542742668
1119919.9505491161
1119994.383609466
1120077.2704649472
1120077.2704649472
1120282.0017359054
1131864.6373014678
1133521.7794631503
1133530.2332582816
1133531.5338421478
1133536.08588568
1133536.7361776133
1133539.3373453459
1133544.816400783
1133561.1152071077
1133567.9501904051
1133592.5136998803
1133593.6574757628
1133641.234862873
1133643.706894619
1138706.7415262517
1139073.7460005316
1139080.7746878094
1139081.955359688
1139083.1360315667
1139084.3167034453
1139086.6780472025
1139086.6780472025
1139089.0393909598
1139090.2200628386
1139092.581406596
1139092.581406596
1139093.7620784745
1139094.9427503531
1139096.1234222318
1142499.317872459
1150467.3772135195
1150485.0872916994
1150525.8204715129
1150525.8204715129
1155174.5499617269
1155178.3133533401
1158289.0793616222
1158293.5345531644
1158295.0196170118
1158297.9897447065
1158309.8702554854
1158314.3254470276
1158315.810510875
1158317.2955747223
1160324.474664429
1161166.8148698553
1161196.5484307993
1161210.804121334
1161222.4678681353
1161240.6114742705
1161243.203418004
1161263.9389678729
1161286.1272975923
1161293.9584727876
1161300.4844521168
1161378.5287080957
1161380.1060119336
1161909.2776135465
1162292.3918021708
1162588.0440317844
1162593.0249912725
1164366.3434210147
1164396.561241909
1164483.5620009673
1164669.9744098082
1164685.2493522381
1164698.6149268644
1165163.6059430738
1165163.6059430738
1165167.9781186245
1165191.9789641576
1165202.7710430485
1165212.3640020625
1165213.5631219393
1165217.1604815696
1165224.3552008301
1165226.7534405836
1166997.8534985539
1167162.8523935957
1167198.374013945
1168005.335571007
1171601.814309369
1171634.8592859728
1174147.8824836898
1174151.9225952746
1174153.942651067
1174155.9627068592
1174157.9827626518
1174160.002818444
1174162.0228742366
1174164.0429300289
1174166.0629858212
1174168.0830416137
1174172.1231531983
1175091.0363867546
1175096.1557062285
1175750.7829189473
1175763.880997601
1175780.908499851
1175780.908499851
1179132.393211393
1180977.7556857306
1190191.7974307318
1190194.2233424825
1192801.5480945075
1194419.8341601838
1194433.4764547816
1198232.8416642912
1198707.7484794816
1198717.1569585146
1200303.2512674993
1205778.4418487714
1205785.1938160774
1206513.036521271
1206523.8701081576
1206537.1111587968
1206543.1298181782
1206550.352209436
1206625.301813733
1206625.301813733
1206683.7589077249
1206685.5160795443
1206834.6819802132
1206835.871876091
1206875.1384400553
1206876.328335933
1206883.467711199
1206997.891419439
