2243.9729813694435
2559.1062969807417
2652.4992873820174
2652.4992873820174
2703.388090151779
6312.997191164178
6316.594550794449
8546.016673659396
8555.019296734126
8555.019296734126
8560.645936155834
8563.459255866686
8565.147247693198
8565.70991163537
8567.96056740405
8568.523231346222
8570.211223172733
8571.336551057075
8572.461878941416
8573.587206825758
8574.149870767927
8575.27519865227
8578.171534354591
8579.619702205753
8580.343786131332
8581.791953982492
8583.240121833654
8585.412373610394
8587.584625387135
8651.52077481592
8652.249470741024
9146.563579936521
9157.770738784673
9160.261218528707
9199.721486473069
9250.241329280754
9423.938455428548
12221.176123934676
12899.4859542195
12913.506432778508
12914.244352702664
12916.45811247514
16997.275205057827
17110.29686544171
17110.29686544171
25479.66012125715
25784.60552991554
29058.15667346723
29073.445451895885
29096.82828949265
39055.5419259582
39265.5493243741
39267.255764198715
39274.08152349718
39275.787963321796
39277.49440314641
39279.200842971026
39280.90728279564
39284.32016244488
39286.02660226949
39287.73304209411
39291.14592174334
39296.26524121719
39297.9716810418
39299.67812086642
39301.38456069103
39308.2103199895
39309.916759814114
39311.62319963873
39311.62319963873
39314.9899592927
39316.650279122056
39318.310598951415
39321.63123861013
39324.95187826884
39328.27251792755
39329.9328377569
39331.59315758626
39333.253477415616
39334.913797244975
39336.57411707433
39338.23443690369
39343.21539639175
44084.31401311217
44791.7117244074
44799.496779607274
44801.44304340724
44803.38930720721
44805.33557100718
44809.22809860711
44811.17436240708
44813.12062620705
44815.06689000701
44820.90568140691
44822.85194520688
44824.79820900685
44826.744472806815
44830.63700040675
44832.58326420672
44834.529528006686
44836.47579180665
44838.42205560662
44840.36831940659
44846.20711080649
44848.15337460646
57884.763298732665
58040.13233876417
58040.13233876417
61746.10455787258
61783.9598499819
61788.69176149557
61861.55674200666
62407.88959385579
68268.99845946406
68881.79944848172
69252.53041837881
70931.73177379425
71866.94381367521
73242.38965630994
73249.87954354014
73307.46958162118
73308.91313747282
73311.80024917609
73311.80024917609
73317.57447258262
95635.8749507573
95645.09894980927
97129.54017724171
103127.70383276377
112474.28983214243
112708.98526402096
135780.7711647541
181398.44588427083
199571.3889484961
247991.614359973
247999.10424720318
253867.14956009854
254058.88421639247
254112.5402188778
254383.7165670069
254384.77271489834
259101.9027700822
259130.1512671789
259160.4105960689
259161.4805799589
260904.6226968027
260921.4472710735
260921.4472710735
260922.49880696542
260923.02457491137
260923.55034285734
260924.0761108033
260924.60187874926
260925.6534146412
260925.6534146412
260926.78335452505
260927.38752646293
260927.99169840085
260929.20004227664
260929.80421421456
260930.40838615247
260931.01255809038
260932.22090196618
260932.8250739041
260933.42924584198
260934.0334177799
260934.6375897178
276089.7141521127
276101.737634877
276170.94529976393
277613.01608755114
277620.47369078465
277622.60443456564
277631.1274096897
279045.21258435317
279061.8526786429
279121.0707525566
303372.5876840396
303380.61256321485
303387.032466555
325187.8389259165
325226.24765796895
325429.9735130305
325429.9735130305
328660.716076982
328685.9898343844
341956.7878704413
341994.82303053205
342001.8563298092
342004.66964952
344932.4407406103
357056.289838548
451294.7796649254
451312.17612713744
478536.5141610805
483850.4323429278
500062.0764887311
532574.6346431625
541274.973432961
541330.870867216
541425.4722014931
577233.8482331878
577256.7237508367
577858.28068501
577864.0779684142
579386.9463758972
593940.678156097
593949.8145271579
593952.4249188897
593953.7301147555
593958.9508982189
593961.5612899506
593964.1716816823
593965.4768775481
593966.7820734141
593969.3924651458
593972.0028568775
593974.6132486091
593977.2236403408
593979.8340320726
593981.1392279385
593983.7496196702
593986.3600114018
593988.9704031335
593991.5807948653
593995.4963824629
593998.1067741945
594000.7171659262
594003.327557658
604292.0897162019
611501.1891912667
672343.5539940236
710781.5999154466
789826.8950033468
800990.1430040131
807416.9643434787
807438.6315172517
807482.0673287875
814950.1121292384
906359.3662343986
906360.9850462321
906362.6038580658
906364.2226698993
906364.2226698993
906365.841481733
906365.841481733
906372.3167290675
906373.9355409011
906373.9355409011
906375.5543527347
906377.1731645684
906377.1731645684
906378.7919764019
906380.4107882356
906391.742471071
906391.742471071
906393.3612829045
906394.9800947382
906394.9800947382
958331.5138568167
1071361.2037318763
1071383.3828375968
1071394.3916804653
1071419.554749879
1078125.6649446401
1083099.8586294034
1090443.8406426052
1090529.0427218482
1090529.0427218482
1090613.6406291535
1090684.1488779068
1090903.8322513283
1091053.7268479227
1091063.0569229636
1091140.045031051
1091605.2205272412
1091619.9789257243
1091664.2541211739
1091772.0365500962
1091773.761437919
1091778.936101387
1091780.6609892098
1091782.5519090155
1091784.442828821
1091786.3337486268
1091788.2246684325
1091790.115588238
1091792.0065080437
1091793.8974278495
1091793.8974278495
1091795.788347655
1091797.6792674607
1091799.5701872662
1091801.461107072
1091803.3520268777
1091805.2429466832
1091809.0247862947
1091810.9157061002
1091812.806625906
1091986.8358160197
1091986.8358160197
1092171.3619170543
1092259.6079159847
1092259.6079159847
1092261.627971777
1092265.6680833618
1092267.688139154
1092279.8084739086
1092279.8084739086
1092281.8285297009
1092283.8485854932
1092285.8686412857
1092289.9087528703
1092289.9087528703
1092291.9288086628
1092295.9689202476
1092295.9689202476
1092300.0090318322
1092302.0290876247
1092306.0691992093
1092306.0691992093
1092310.1554307896
1092312.221606577
1092312.221606577
1092723.976312258
1093006.3459832366
1093246.502022554
1093248.2730303719
1093324.4909345384
1093923.2114890032
1094663.2068129482
1094710.0739521312
1094713.6897597597
1094726.3450864588
1094733.5767017156
1094748.039932229
1094962.2949822086
1094964.3473219976
1094980.7660403103
1095103.2838077182
1095326.6613927598
1095326.6613927598
1095334.8246319208
1095334.8246319208
1095336.457279753
1095339.7225754175
1095341.3552232496
1095342.9878710818
1095349.5184624107
1095351.1511102428
1095352.783758075
1095356.0490537393
1095357.6817015717
1095357.6817015717
1095362.5796450682
1095362.5796450682
1095365.8449407327
1095367.4775885649
1095369.110236397
1098687.5084633394
1098851.8893504445
1098851.8893504445
1098974.0058738939
1099306.5771597128
1099308.3850635272
1099312.0008711554
1099317.424582598
1099319.2324864122
1099321.0403902263
1099322.8482940407
1099322.8482940407
1099326.464101669
1099328.272005483
1099331.8878131115
1099337.3115245542
1099372.7639649103
1099374.3366567488
1099375.909348587
1099377.4820404255
1099379.0547322638
1099379.0547322638
1099380.6274241023
1099383.772807779
1099383.772807779
1099391.6362669708
1099393.208958809
1099457.689324182
1099457.689324182
1099459.2620160202
1099460.8347078587
1099476.2249502768
1099509.781858828
1099510.7688267266
1099511.755794625
1099555.9664220812
1099556.9764499776
1099557.9864778738
1099557.9864778738
1099558.99650577
1099593.9139541811
1099594.7487260953
1099595.5834980095
1099596.4182699237
1099596.4182699237
1099597.2530418378
1099617.2875677787
1099617.2875677787
1099618.9571116073
1099619.7918835215
1099619.7918835215
1099657.3289476635
1099658.3712595564
1099659.4135714492
1099660.455883342
1099660.455883342
1099675.0482498424
1099676.0905617352
1099677.132873628
1099680.2598093068
1099686.513680664
1101862.3997130312
1101876.2357116092
1102663.7392426713
1106648.677477108
1107007.9522401828
1107114.655461216
1107115.6793251107
1107121.8225084795
1107237.1178846294
1107269.134385339
1107269.134385339
1107469.2997767664
1107995.136902722
1108229.3941946456
1108235.5373780143
1108237.5851058038
1108619.4033225614
1108630.9148733781
1108723.4408078685
1108778.683338191
1108874.958828296
1108874.958828296
1108890.8010466679
1109034.261903923
1109034.261903923
1109044.8879508309
1109046.2162066945
1109048.8727184213
1109051.5292301483
1109052.857486012
1109058.1705094657
1109060.8270211928
1109062.1552770562
1109064.8117887832
1109067.4683005102
1109068.7965563736
1109070.1248122372
1109072.781323964
1109083.407370872
1109086.063882599
1109087.3921384625
1109091.376906053
1109092.7051619163
1109095.3616736433
1109168.5264341235
1109179.982640946
1109211.4872097084
1109962.3253445388
1110424.8489410016
1110424.8489410016
1110480.0868593245
1113672.669739198
1113746.9506035633
1115036.1520550621
1115146.3419477371
1115164.3287458885
1115175.397544751
1115247.2617213647
1115268.8458791464
1116819.252535799
1116819.252535799
1117131.2266317352
1117132.3980796146
1117132.3980796146
1117140.5982147718
1117141.7696626515
1117146.1787341982
1117152.7923415187
1117156.0991451787
1117158.3036809522
1117160.5082167257
1117163.8150203857
1117167.121824046
1117169.3263598192
1117172.6331634794
1117175.9399671396
1117190.2694496668
1117222.8486143183
1117222.8486143183
1117593.3489842392
1117598.7819196808
1117599.6858715878
1117600.589823495
1117602.3977273093
1117602.3977273093
1117604.2056311234
1117605.1095830305
1117606.9174868446
1117606.9174868446
1117608.725390659
1117609.629342566
1117610.533294473
1117612.3411982872
1117613.2451501943
1117615.9570059157
1117616.8609578228
1117617.7649097298
1117619.572813544
1117623.1886211724
1117624.0925730795
1117625.9004768936
1117630.4202364292
1118021.5085722338
1118032.6511630886
1118069.104407342
1118070.3819312106
1119782.605203232
1119806.8320367422
1119821.0831152773
1119823.9333309846
1119826.7835466918
1119828.8681704774
1119830.9527942631
1119834.079729942
1119835.1220418348
1119836.1643537276
1119837.2066656204
1119839.2912894061
1119841.375913192
1119843.4605369777
1119844.5028488706
1119846.5874726563
1119848.6720964422
1119849.714408335
1119850.756720228
1119852.8413440136
1119854.9259677993
1119860.1375272637
1119955.8180694296
1119956.8603813224
1121640.81209625
1121647.564063556
1121647.564063556
1121647.564063556
1121648.6893914402
1121653.1907029776
1121654.316030862
1121655.4413587463
1121656.5666866307
1121658.8173423994
1121659.9426702836
1121661.067998168
1121663.3186539367
1121665.5693097054
1121666.6946375899
1121667.819965474
1121675.6972606645
1121675.6972606645
1121676.8225885488
1121680.198572202
1121681.323900086
1121682.4492279706
1121683.5745558548
1121684.5891957504
1121685.6038356463
1121686.618475542
1121688.6477553335
1121689.662395229
1121690.6770351247
1121692.7063149163
1121693.720954812
1121695.7502346034
1121696.764874499
1121697.779514395
1121700.823434082
1122537.6984200699
1122566.0898891517
1122567.1414250438
1124557.5143884777
1126735.7894365995
1126769.6876331156
1126769.6876331156
1128741.4050584666
1129204.7864868415
1129204.887950831
1130361.595879947
1131065.211751631
1131095.6509485026
1131095.6509485026
1131104.616675581
1131106.8581073508
1131107.9788232355
1131109.0995391202
1131110.2202550052
1131111.34097089
1131113.5824026596
1131114.7031185443
1131115.8238344293
1131116.944550314
1131118.065266199
1131119.1859820837
1131120.3066979684
1131121.4274138534
1131122.548129738
1131123.668845623
1131125.9102773925
1131127.0309932774
1131128.1517091622
1131129.272425047
1131129.272425047
1131131.5138568166
1131132.6345727015
1131138.2381521256
1131138.2381521256
1131139.3588680103
1131140.479583895
1131141.9877077402
1131141.9877077402
1131142.9931236368
1131142.9931236368
1131143.9985395335
1131144.5012474817
1131145.0039554301
1133688.0189860647
1133691.5056577064
1133759.5418747137
1133759.5418747137
1133760.8332345812
1133761.4789145146
1133762.1245944484
1133762.7702743819
1133763.4159543156
1133764.0616342493
1133765.3529941165
1133765.9986740502
1133766.6443539837
1133767.9357138511
1133769.2270737183
1133769.872753652
1133770.5184335855
1133771.1641135192
1133772.4554733864
1133773.1011533202
1133773.746833254
1133775.038193121
1133775.6838730548
1133776.3295529883
1137853.8167819132
1137963.8959865996
1137963.8959865996
1137965.8053544033
1137965.8053544033
1137966.7600383053
1137967.714722207
1137967.714722207
1138250.9468370972
1141425.2477508497
1141429.250966438
1141430.2517703352
1141431.2525742324
1141434.2549859239
1141435.255789821
1141437.2573976154
1141441.2606132037
1141443.262220998
1141445.2638287924
1141446.2646326895
1141449.267044381
1141452.2694560722
1141453.2702599694
1141457.273475558
1141458.2742794552
1141460.2758872495
1141462.2774950438
1141464.2791028381
1141466.2807106322
1141468.2823184265
1141469.2831223237
1141471.284730118
1141472.2855340152
1141474.2871418095
1141475.2879457066
1141479.291161295
1141482.2243929936
1141485.1576246922
1141487.113112491
1141489.0686002902
1141490.0463441897
1141491.0240880891
1141492.9795758883
1141494.9350636872
1141497.8682953857
1141498.8460392852
1141500.8015270843
1141503.7347587827
1141504.7125026823
1141505.6902465818
1141507.6457343807
1141508.6234782804
1141511.5567099787
1141513.5121977779
1141516.4454294764
1141519.378661175
1141520.3564050745
1145948.4201659681
1145959.0093168798
1145960.3329607437
1145961.6566046076
1145962.9802484715
1145964.3038923356
1145965.6275361995
1145966.9511800634
1145968.2748239273
1145969.5984677915
1145969.5984677915
1145970.9221116554
1145972.2457555193
1145973.5693993832
1145974.8930432473
1145976.2166871112
1145977.540330975
1145977.540330975
1145978.863974839
1145980.187618703
1145982.834906431
1146154.8440407522
1146154.8440407522
1146761.6909383817
1146772.02181732
1146774.6045370547
1146775.8958969219
1146779.7699765237
1146783.6440561255
1146786.2267758602
1146787.5181357274
1146790.100855462
1146792.6835751964
1146796.5576547983
1146806.8885337366
1146809.471253471
1146822.4955401325
1146828.103731556
1146830.907827268
1146836.5160186915
1146839.3201144033
1146840.722162259
1146846.3303536826
1146851.9385451062
1147156.6810257854
1150068.4577025196
1153263.8954100995
1153278.962812551
1153290.4743633678
1153293.490611058
1153304.047477973
1153310.0799733528
1153320.6368402678
1153325.1612118029
1153326.6693356477
1153335.7180787178
1153338.7343264078
1153347.7830694779
1153353.8155648578
1153368.8968033078
1153387.049633442
1153396.4765604732
1153403.210079781
1153423.410637705
1153430.144157013
1153432.8375647361
1153438.2243801823
1153443.6111956288
1153857.6949610703
1153894.254281313
1153898.0868529188
1153901.919424525
1153905.7519961311
1153914.694663212
1153917.2497109494
1153919.8047586868
1153923.637330293
1153924.9148541617
1153926.1923780304
1153930.0249496363
1153931.302473505
1153933.8575212425
1153936.41256898
1154135.4249605257
1154135.4249605257
1154147.9327032403
1156046.5591601038
1156208.7493474341
1156208.7493474341
1157173.1876283113
1185243.3663753206
1185287.3279548024
1185288.7392266574
1186605.8986192828
1186617.8160260578
1186628.2437569862
1186628.2437569862
1187676.9893891984
1187684.3824244386
1187684.3824244386
1187699.1869429168
1187699.1869429168
1195416.6486777335
1195500.6746970974
1195500.6746970974
1195505.9877205512
1195513.791223749
1195517.6099593567
1196718.4270519393
