47790.84889616275
47800.70012715027
47800.70012715027
47807.26761447527
47807.26761447527
47810.551358137775
47820.40258912529
94031.5678556444
94033.92458740219
94037.62802302156
94037.62802302156
94037.96469898695
94042.70122250015
94042.70122250015
94099.1244247011
94099.1244247011
113517.27507694674
147001.25869153728
147020.3523695749
147020.3523695749
224951.2131160142
225336.3750324281
225745.81451434686
247945.5358727088
247956.97363153327
275126.82089107676
275132.72425047
275777.8968641606
275778.8284880649
275799.32421395835
308864.59361558344
308893.09577265405
309155.4263056923
309156.8099055501
309159.5771052657
309162.3443049813
309163.7279048391
309167.8787044125
330344.3357279432
330349.2428954389
330399.6336022599
330399.6336022599
359296.9698522559
359515.92452975217
359519.3374094014
359526.2554086904
359530.8674082164
359532.0204080979
359535.4794077424
359541.2444071499
359545.8564066759
562340.4888078942
562350.8104628334
562352.5307386565
562384.3858193825
562387.494307063
562390.6027947436
562392.1570385838
619867.6699473783
619872.4479788872
619874.8369946417
619876.0315025189
619876.0315025189
619878.4205182734
619878.4205182734
619880.8095340278
619880.8095340278
619882.0040419052
619962.7786016033
619962.7786016033
619966.168421255
843272.2213503551
843284.7198690705
844104.4797248174
844104.4797248174
844136.7176015041
844152.0755599255
844155.4884395748
844167.4335183471
894701.919424525
909421.3834076911
927434.2024603736
927629.8434802662
939627.614347162
1000132.5283686012
1000387.2491024217
1003648.7260312143
1003650.3310070494
1004899.2604786871
1072224.214919178
1072229.334238652
1080201.0278353386
1080210.6853623462
1080412.2620256287
1080536.4954568602
1081618.959417607
1081622.8519452068
1105254.9681163505
1105272.835002514
1105404.3277209997
1105417.421187654
1143819.0323128218
1143820.2683286946
1144094.1150245492
1144095.1250524456
1145832.6497538665
1146100.1272783757
1146119.691380365
1146150.047561245
1146782.3526962583
1146783.6440561255
1148610.2172443944
1148612.5601401536
1148616.0744837925
1148617.2459316722
1148619.5888274312
1148621.9317231905
1148623.10317107
1148625.4460668294
1148626.6175147088
1148710.9294780432
1148711.9487299386
1150324.492856205
1151633.7334456441
1157320.3842051828
1157884.6900191845
1157896.976385922
1157899.706689641
1157901.071841501
1157903.8021452203
1157905.16729708
1157906.5324489397
1157907.8976007993
1157910.6279045187
1157911.9930563786
1157913.3582082381
1157914.7233600977
1157916.0885119576
1157918.818815677
1157920.1839675365
1157922.914271256
1157922.914271256
1157925.6445749754
1157931.1051824142
1157973.6093700456
1157973.6093700456
1157983.8433969938
1174773.7400433656
1174833.428541231
1197173.151757204
