1152.0036895996207
1190.338629659641
1275.1440769435253
1275.1440769435253
1321.171832212895
2466.128386536805
2476.3670254845
2476.8789574318853
2477.39088937927
2479.9505491161935
2482.5102088531175
2483.0221408005023
2484.046004695272
2487.1406563772107
2487.6756483222257
2488.2106402672403
2489.8156161022844
2490.3506080472994
2490.885599992314
2492.490575827358
2493.0255677723726
2494.6305436074167
2496.235519442461
2496.770511387476
2498.9104791675345
2502.6554227826377
2503.725406672667
2504.260398617682
2505.3303825077114
2505.865374452726
2506.9353583427555
2507.47035028777
2508.5403341777997
2509.075326122814
2510.1453100128438
2510.6803019578583
2511.750285847888
2512.2852777929024
2512.8202697379174
2516.56521335302
2517.100205298035
2518.1701891880643
2519.6460290363807
2520.1164529880316
2521.998148794635
2522.4685727462856
2522.9389966979365
2523.8798446012383
2525.761540407842
2526.231964359493
2528.5840841177474
2529.0545080693983
2529.9953559726996
2532.817899682605
2533.288323634256
2533.758747585907
2534.6995954892086
2534.6995954892086
2536.581291295812
2537.051715247463
2537.5221391991136
2538.9334110540663
2539.874258957368
2539.874258957368
2541.7559547639717
2542.2263787156226
2542.6968026672735
2544.108074522226
2545.0489224255275
2545.5193463771784
2547.43793817999
2548.4525780757076
2549.467217971425
2549.9745379192836
2552.003817710719
2553.0184576064366
2553.5257775542955
2554.033097502154
2556.062377293589
2556.569697241448
2557.077017189307
2557.5843371371657
2559.6136169286005
2560.628256824318
2561.135576772177
2563.6721765114708
2564.1794964593296
2564.6868164071884
2566.7160961986237
2567.2234161464826
2568.2380560422
2568.7453759900586
2569.2526959379175
2570.267335833635
2571.281975729353
2571.7892956772116
2574.833215364364
2575.340535312223
2576.3551752079406
2577.3698151036583
2577.914031047725
2580.0908948239917
2581.179326712125
2581.723542656192
2582.811974544325
2583.356190488392
2585.533054264659
2590.9752137053256
2591.5194296493924
2593.696293425659
2594.7847253137925
2595.3289412578592
2596.9615890900595
2597.505805034126
2599.138452866326
2599.682668810393
2600.771100698526
2601.3153166425927
2602.4037485307263
2602.947964474793
2603.49218041886
2604.580612306993
2606.213260139193
2607.3016920273267
2607.845907971393
2608.3901239154598
2609.4785558035933
2610.022771747659
2610.488583699784
2611.4202076040337
2611.8860195561588
2612.3518315082833
2613.2834554125334
2613.7492673646584
2614.215079316783
2615.6125151731576
2615.6125151731576
2616.0783271252826
2617.9415749337822
2618.407386885907
2618.873198838032
2620.2706346944065
2620.7364466465315
2622.599694455031
2623.0655064071557
2623.5313183592807
2623.9971303114057
2625.3945661677803
2625.8603781199054
2626.32619007203
2626.792002024155
2627.7236259284045
2628.1894378805296
2629.121061784779
2629.586873736904
2630.052685689029
2630.5184976411538
2631.450121545404
2631.915933497529
2632.8475574017784
2633.3133693539035
2633.779181306028
2634.244993258153
2635.1766171624026
2635.1766171624026
2637.0398649709023
2637.5056769230273
2637.9714888751523
2639.1337127557017
2639.714824695976
2640.2959366362506
2641.4581605168
2642.0392724570747
2642.620384397349
2643.7826082778984
2644.363720218173
2645.525944098722
2646.1070560389967
2646.1070560389967
2647.269279919546
2647.850391859821
2649.0126157403697
2649.5937276806444
2650.755951561194
2651.337063501468
2652.4992873820174
2655.4048470833905
2655.985959023665
2656.56707096394
2658.891518725038
2659.472630665313
2660.0537426055876
2660.634854545862
2663.540414247235
2664.702638127784
2665.283750068059
2665.8648620083336
2667.0270858888825
2667.6081978291572
2672.257093351354
2672.8382052916286
2673.502333223371
2676.822972882083
2676.822972882083
2677.4871008138252
2680.8077404725373
2681.47186840428
2682.1359963360223
2684.792508062992
2685.4566359947344
2686.1207639264767
2687.4490197899613
2690.105531516931
2691.433787380416
2692.0979153121584
2692.7620432439007
2694.754427039128
2698.07506669784
2698.7391946295825
2699.403322561325
2702.723962220037
2704.052218083522
2704.052218083522
2706.708729810491
2707.372857742234
2708.0369856739762
2711.3576253326883
2712.0217532644306
2712.685881196173
2720.300292413581
2722.643188172783
2751.518917205
2751.518917205
4305.163197524894
4506.237152858959
4506.550768826727
4509.567016516724
7569.411938032661
7570.864717883347
7572.0269417638965
7574.351389524995
7574.351389524995
7576.094725345819
7576.094725345819
7576.3852813159565
7576.966393256231
7577.838061166643
7578.419173106917
7579.000285047192
7579.000285047192
7579.2908410173295
7579.581396987466
7579.871952957604
7580.453064897878
7580.743620868016
7580.955772846211
7581.167924824406
7581.380076802602
7581.592228780797
7581.804380758993
7582.016532737189
7582.228684715384
12086.187509808506
12096.37080476189
12817.6414106313
17504.253864951683
17511.033504254887
17516.45721569745
17544.968596767114
17564.52347475731
17564.52347475731
18179.1554275868
18184.044147084347
18189.910610481405
18206.53225677307
18206.53225677307
18210.443232371108
18274.28714180938
18277.2895535008
18382.120302726526
18385.606974368173
18386.76919824872
18404.20255645696
18441.78112859472
18442.846500485222
18763.486543530547
18808.305954924108
22527.46849267685
22540.169939371423
22694.247619535658
22701.220962818952
22774.893043247102
22774.893043247102
22793.424057342523
22795.490233130167
22852.31006729035
23225.300916955184
23227.90208468784
23256.514929747074
23256.514929747074
24743.737192893677
24780.061301160367
24780.061301160367
26213.36006584911
26216.61152551493
26217.69534540354
26218.779165292144
26220.94680506936
26222.030624957966
26224.198264735183
26225.28208462379
26226.365904512397
26227.449724401005
26229.61736417822
27308.1103933331
28350.708230177206
28372.25549196263
28372.25549196263
28642.74926416188
28647.960823626247
28654.21469498349
28668.807061483716
28681.56846417213
28685.829951734144
28700.745158201193
28710.333505215724
28714.594992777736
28756.31514048983
28756.31514048983
28777.99153826198
28848.18617104753
28849.412962921444
29251.238033622758
29672.20290235692
29672.20290235692
29685.443952996033
30282.633323618244
30296.79216216303
30371.483494486416
30371.483494486416
30561.175034990345
30602.406310752685
30623.907452542844
30682.756566494467
30684.034090363166
31817.400689878268
31849.403354589103
31850.588638467285
31925.27535879114
31932.216418077754
32057.953361154792
32154.155059267396
32896.48405497247
33350.56769230277
33350.56769230277
33682.68700216828
33690.38904137668
33696.5506727434
33707.333527635165
33707.333527635165
33710.41434331852
33711.9547511602
33713.49515900188
33715.035566843566
33716.57597468524
33718.116382526925
33718.116382526925
33719.6567903686
33722.73760605197
33724.27801389364
33724.27801389364
33727.358829577
33727.358829577
33730.43964526037
33730.43964526037
33731.980053102045
33733.52046094373
33733.52046094373
34003.79285716573
34003.79285716573
34412.02860720818
34420.27486236065
34429.89549337186
34480.74740014542
34480.74740014542
34686.05517104433
34718.818815676954
34725.64457497542
34802.84944704048
34802.84944704048
34829.16551633577
35586.17450653206
35628.03762622946
35943.064865851666
35944.568377697135
37153.53026144272
37340.814338194075
37340.814338194075
37345.46323371628
37718.96601532849
37738.225725349024
37744.24438473044
37747.85558035929
37747.85558035929
37749.05931223557
37750.26304411185
37751.466775988134
37772.39141783755
37774.983361571154
37776.27933343795
37777.57530530476
37778.87127717156
37781.46322090517
37786.64710837238
37787.94308023918
37789.239052105986
37790.535023972785
37793.12696770639
37794.422939573196
37794.422939573196
37795.71891144
37797.0148833068
37799.60682704041
37804.79071450762
37806.08668637442
37806.08668637442
37807.38265824122
37811.27057384163
37812.56654570844
37837.19001117769
37842.3738986449
37885.69441019252
37889.40245781142
37890.63847368438
37891.87448955735
37893.11050543031
37894.346521303276
37894.346521303276
37896.818553049205
37898.05456892217
37898.05456892217
37899.29058479513
37954.284067143024
37954.284067143024
37956.56239490886
37983.90232809892
37983.90232809892
37988.772599598364
38199.033657988206
38227.42512707019
38235.31164625964
38235.31164625964
38243.7885013884
38267.93693090648
38279.14870175416
38309.62018262237
38311.119082468314
38323.11028123589
38381.22608726287
38493.05323976952
38493.05323976952
38551.79627773205
38552.72328963677
38587.94974201628
38729.21528749732
38729.21528749732
38871.38478488545
39559.997822111334
39579.72334408399
39698.13181991423
39698.13181991423
41588.52124562421
41681.416140076675
41682.61987195296
42748.56365039763
42954.94601718611
42956.73547300219
43623.16940450759
43668.98039579924
43805.11739780738
43805.11739780738
43842.88967392523
43888.8805331984
43993.71128242411
43995.265526264375
44004.59098930592
44004.59098930592
44274.93717752034
44296.761159277325
44307.67315015581
44332.61484359236
44337.29141111171
44340.40912279128
44345.08569031063
44359.67805681087
44371.94597555
44401.388980523916
44402.615772397825
44409.97652364131
44422.24444238043
44433.60379721295
44480.254172418325
44480.254172418325
44508.24439754155
44508.24439754155
45426.51656316357
45445.33813322913
45447.04918505327
45467.58180694299
45473.25456635995
45577.836267611274
45795.803977209034
45795.803977209034
45797.54270103033
45801.02014867293
45802.758872494225
45807.97504395812
45809.713767779416
45814.92993924331
45816.66866306461
45825.362282171096
45827.101005992394
45830.57845363499
45837.53334892018
46195.43373613599
46291.80607823105
46291.80607823105
47622.0912215073
47634.239228258746
47717.70258368057
47717.70258368057
47723.47680708711
47724.92036293874
47726.363918790375
47727.80747464201
47729.251030493644
47729.251030493644
47732.13814219691
47732.13814219691
47735.02525390018
47735.02525390018
47738.308997562686
47739.950869393935
47739.950869393935
47743.23461305644
47744.876484887696
47746.518356718945
47746.518356718945
47749.80210038145
47749.80210038145
47751.4439722127
48611.4342998248
48623.81290655256
48751.90196938785
49006.67804720253
49008.48133901719
49313.64351165331
49345.51704037741
49452.97201733343
49452.97201733343
49462.518856352224
49464.109996188694
49465.701136025156
49467.292275861626
49981.71470299042
49988.63270227941
50020.56157499783
50027.87159424652
50041.02962889417
50124.2808323378
50125.84430017711
52086.5436586608
52091.64914213607
52098.456453436425
52120.5802151626
52190.64571196141
52192.568915763746
52518.51737026349
52533.755416697364
52570.430036928024
52604.48504142793
52621.637067665084
52637.52079403259
52638.84443789655
52723.40544920556
52808.96265241218
52813.11345198557
52849.08704828828
52865.524214598896
52892.08933186859
52930.608751909655
52959.55366093476
52970.23966383647
52970.23966383647
52977.872523051985
52977.872523051985
52979.39909489509
52983.9788104244
52985.505382267496
52987.0319541106
52988.558525953704
52990.08509779681
53025.19625018816
53025.19625018816
53036.25121305196
53046.51752399681
53167.25967158719
53167.25967158719
53205.078067700306
53223.2308978346
53235.88622453392
53404.39485121497
53406.4933109993
53642.05579878871
53667.043612220514
53758.91464277821
53760.67181459762
53797.57242280505
53813.640629153604
53891.38049316368
53893.18839697786
53971.786092899754
54086.629493096414
54086.629493096414
54819.97892572438
54909.94058847833
55693.699175925365
55704.90633477352
55748.16227832777
55772.347603842056
55782.424822806344
55810.641035906345
55810.641035906345
56664.096160190114
56680.25660652918
56689.6835335603
56761.990462128764
56763.23109000125
58168.45200157576
58197.18475862267
58199.23709841174
59732.496340826765
59762.58502573432
59764.87257749921
59766.01635338166
59768.303905146546
59769.44768102899
59770.59145691144
59791.17942279545
59798.042078090126
59808.33606103213
60018.371131445194
60034.99738973638
60053.99882778346
60184.121782409704
60184.121782409704
60371.22137918003
64724.63070374628
64752.27964090459
64780.92015796098
64781.87484186286
65616.64214406734
65649.00915674074
65740.95859129036
65830.10393012821
65830.10393012821
65852.52747182357
65863.73924267125
65872.91250972844
65880.22252897713
65884.60854052634
65959.17073686302
65960.63274071275
66087.90086763242
67560.0003843333
67813.32829429682
67869.76994449587
67871.71620829584
67908.69522049522
68079.34842695587
68079.34842695587
68105.28631229003
69379.19437336057
70414.95261490764
70540.45895800838
70566.47063533496
70566.47063533496
70573.40708262206
70573.40708262206
70578.16666613288
70579.45802600015
70580.74938586743
70583.33210560199
70620.78154175302
70906.45801639183
71368.38205291628
71437.58510580375
71438.60896969851
71675.84100131634
71716.90624509576
71716.90624509576
72054.42159440667
72163.80899916406
72163.80899916406
72166.7975748569
72175.01615801222
72513.06188726863
72520.97146645571
72522.14752633483
72523.32358621396
72531.55600536785
72533.90812512611
72533.90812512611
72535.08418500524
72608.7239814367
72608.7239814367
72693.43718873007
72775.410868305
72793.04715449238
72799.66076181264
72840.44467362096
72875.31139003744
72949.144890449
72950.08112635277
73042.6347328403
73042.6347328403
73104.82293444875
73160.31451274545
73160.31451274545
73167.35242402212
73194.49865323208
73194.49865323208
73201.73026848881
73210.29013960905
73224.19993017944
73233.8297851897
73272.82424118195
73282.92913214338
73290.14691140156
73365.16108369177
73365.16108369177
73371.75624301394
73382.30849792939
73504.99690931976
73504.99690931976
73524.30273933554
73555.41528813787
73555.41528813787
74435.1265257231
74513.70577364691
74521.22333287427
74522.72684471974
74567.59698810808
74672.74596530112
74672.74596530112
74680.96454845642
74683.70407617486
74686.4436038933
74689.18313161175
74690.55289547096
74770.01303530422
74770.01303530422
75670.73654272985
75911.98101393529
75911.98101393529
75983.15339062034
75992.56186965336
76092.82673934837
76092.82673934837
77103.25126749917
77764.26148756202
77903.06883729571
78159.55596693451
78159.55596693451
78172.70016558358
78435.39043458487
78508.86881103291
78828.56339417543
78833.93176162368
78838.4054011639
78847.35268024431
78863.58691857578
78868.40184608092
78912.23428957592
78912.23428957592
79479.67165125595
79489.81805021313
79491.08635008278
79492.35464995242
79493.62294982208
79496.15954956137
79497.42784943101
79499.96444917031
79502.5010489096
79506.30594851854
79507.57424838819
79510.11084812749
79512.64744786678
79517.72064734537
79517.72064734537
79520.25724708466
79521.5255469543
79522.79384682396
79524.0621466936
79526.5987464329
79527.86704630255
79527.86704630255
79534.20854565078
79535.47684552042
79536.74514539007
79539.28174512937
79540.550044999
79543.0866447383
79544.35494460796
79545.6232444776
79550.69644395619
79551.96474382584
79553.23304369548
79555.88955542246
79557.27776727978
79558.6659791371
79561.44240285175
79561.44240285175
79562.83061470908
79565.60703842371
79566.99525028103
79568.38346213836
79568.38346213836
79572.54809771033
79573.93630956765
79576.7127332823
79578.10094513962
79579.48915699695
79580.87736885427
79582.26558071158
79583.6537925689
79585.04200442623
79587.81842814088
79587.81842814088
79589.2066399982
79591.98306371285
79591.98306371285
79593.37127557017
79596.14769928482
79597.53591114214
79598.92412299947
79600.31233485679
79603.08875857142
79731.07635741714
79758.59154658919
80149.06187445752
80150.34401032575
80546.29339363096
80580.68968609576
80587.829061362
80622.2391898254
80622.2391898254
80654.65232249405
80666.22844130428
80726.28589913173
80798.78191968075
80810.53329447297
80814.14910210135
80816.86095782263
80829.51628452195
81047.626966105
81047.626966105
81156.42403492308
81162.25821432345
81687.38970435162
82288.5500065657
82290.08580240785
82325.4091067774
82463.32634060258
82546.37000406752
82556.49795502659
82610.9426094309
82638.15340663424
82644.95610593507
82650.39826537574
82731.30196106064
82732.71784491513
82772.31647284524
82787.78973125493
82861.89533963852
82861.89533963852
84187.48546739732
84326.33893712627
85490.4675734797
85634.80009864554
85635.81012654174
85782.77610343689
86370.04045107917
86378.6003221994
86381.81027386949
86439.6816439216
86439.6816439216
87189.96633880903
87197.01808608425
87207.27517303005
87260.50687155902
87260.50687155902
87267.80305480913
87268.84536670201
87269.88767859488
87270.92999048776
87271.97230238063
87273.0146142735
87274.05692616638
87276.14154995212
87276.14154995212
87277.183861845
87278.22617373787
87280.31079752362
87281.35310941648
87282.37697331124
87283.40083720602
87284.42470110078
87285.44856499556
87286.47242889032
87288.52015667986
87288.52015667986
87289.54402057464
87291.59174836417
87292.61561225895
87293.63947615371
87294.66334004849
87295.68720394325
87296.71106783803
87297.73493173279
87298.75879562757
87299.78265952233
87300.8065234171
87301.83038731187
87302.85425120663
87303.87811510141
87304.90197899617
87305.92584289095
87306.94970678572
87307.9735706805
87308.99743457526
87311.0451623648
87312.06902625956
87313.09289015434
87315.14061794388
87315.14061794388
87316.16448183864
87318.21220962818
87318.21220962818
87319.23607352296
87321.28380131249
87322.30766520726
87324.3553929968
87325.37925689157
87327.42698468111
87327.42698468111
87328.45084857589
87330.49857636541
87330.49857636541
87332.54630415495
87333.57016804973
87334.59403194449
87334.59403194449
87335.61789583927
88530.43477703865
88539.28520412903
88572.91590467253
88573.34482062844
88576.34723231987
88598.83073000905
89641.60843483469
89653.56273760606
89664.5208484798
89665.66923636178
89666.31952829493
89668.27040409444
89668.92069602759
89670.22127989393
89670.87157182708
89672.17215569342
89672.82244762658
89674.12303149291
89674.77332342608
89675.42361535924
89676.72419922557
89677.37449115873
89678.0247830919
89679.32536695822
89679.97565889139
89680.62595082456
89681.92653469088
89684.52770242354
89685.17799435671
89692.3312056215
89699.48441688632
89703.3861684853
89742.70807644389
89742.70807644389
89744.24387228604
89744.75580423343
89757.55410291805
89896.39373664842
89900.30471224646
89901.77132809573
89930.80847711135
89931.43109704736
90075.11794227954
90133.9578322321
90134.72342415342
90138.55138376
90139.31697568131
90141.61375144526
90143.14493528788
90147.73848681577
90168.26188470642
90370.19367195232
90437.82864500095
90437.82864500095
90441.97944457433
90443.70894439658
90446.47614411218
90447.51384400552
90448.20564393442
90448.55154389887
90449.58924379222
90452.01054354337
90453.7400433656
90566.92312373291
90575.39997886166
90580.62998632414
90610.31742727294
90610.31742727294
90654.03457077978
90654.03457077978
90682.19543988547
90689.11343917446
90737.91761815848
90737.91761815848
90742.83400965318
91051.51513792762
91053.13856176076
91060.7391369796
91170.79989366778
91171.2472576218
91191.44781554563
91193.45403533944
91194.65776721573
91527.30745702673
91542.17654349853
91542.17654349853
91870.29263777548
91874.68326132421
91932.56385537538
91932.56385537538
91977.13883079405
92046.10205970617
92046.26347968959
92064.46704181867
92065.10349775325
92065.95210566603
92067.22501753521
92067.80612947549
92068.38724141575
92443.4903868635
93681.18041565646
93709.37356875883
93712.80489640617
93719.58914770889
93719.58914770889
93721.08804755483
93721.08804755483
93723.48628730835
93728.88232675377
93774.91930602217
93775.32516198047
96585.674745139
96591.8179285076
97931.71447879601
98009.7402867767
98097.52508575437
98097.52508575437
98105.15794496988
98107.35786874377
98108.82448459305
98881.80482914783
98892.20950007846
98926.97475250538
98935.6914316095
98936.65995150995
98944.40811071362
98950.21923011636
99004.55780853156
99004.55780853156
99081.6888886042
99081.6888886042
99099.03923082097
99348.04108522911
99405.3221193419
99569.61076645667
99569.61076645667
99589.2578844374
99604.10852291108
101000.63120337957
101458.11388436051
101479.61502615067
101588.12615099814
101614.47450429012
101614.47450429012
101885.15736846994
101886.35648834669
101920.90036479634
101942.5767625685
101980.51045866976
101981.59427855836
101999.2582367429
102001.582684504
102911.05054303091
103026.34130718159
103026.34130718159
103587.07743355038
103591.59719308585
103591.59719308585
103593.40509690004
103596.11695262132
103597.02090452841
103633.03600882686
103651.17961496211
103651.17961496211
103658.95544616292
103677.09905229816
103726.0139192708
103726.0139192708
103747.78255703347
103749.14309689363
103750.5036367538
103927.36920657594
104415.02358845591
104556.0677579597
104556.0677579597
105349.34090042884
105490.20058995161
105544.26244839525
105548.52393595726
105587.59679594144
105587.59679594144
105882.33123764928
105979.69977164197
105979.69977164197
105983.50005925138
105986.35027495844
105989.2004906655
106420.11344237723
106424.52251392406
106433.34065701776
106436.6474606779
106443.26106799816
106453.18147897857
106491.3227150585
106503.08331384978
106512.49179288279
106554.47021256834
106554.47021256834
106557.63865624269
107063.88862021144
107174.08773688543
107174.08773688543
108722.96320969546
108732.11341675502
108742.40739969703
109906.29621207512
110006.88853373646
110085.58769364793
110147.36542729856
110147.36542729856
110189.38535497984
110189.38535497984
110193.9051145153
110196.16499428304
110627.97728590234
110631.59309353071
110637.92075688037
110656.90374692934
110666.84721790737
110667.75116981447
110831.46792898802
110831.46792898802
113000.28837808147
113032.41556677951
113032.41556677951
113508.61374183692
114175.45814130014
114304.99537198659
114304.99537198659
114393.89627484954
114397.81186244711
114488.29006914797
114488.29006914797
115077.30697661011
115823.49621591844
115840.58367416222
115903.11777573513
115904.38146360524
116591.08974502688
117266.63237559612
117329.17108916854
117330.73455700785
117333.86149268645
117335.42496052576
117336.98842836508
117338.55189620439
117338.55189620439
117341.67883188301
117341.67883188301
117343.24229972232
117344.80576756163
117346.36923540094
117347.93270324025
117351.05963891887
117351.05963891887
117352.62310675818
117355.7500424368
118502.91113253414
118533.90376934878
118533.90376934878
118623.6302201269
118671.54428320238
118671.54428320238
118677.37846260276
118710.59869518847
118711.5810510875
118753.82235474604
118753.82235474604
118755.21517860288
118756.60800245973
118952.71483430431
119037.19744162138
119037.19744162138
120267.22232720215
120337.54609597442
120337.54609597442
120791.77270529003
120924.39075165984
120924.39075165984
121339.21704902493
122111.84226961622
122180.36735857335
122180.36735857335
124655.00027223608
124663.62471134968
124664.48715526104
124665.3495991724
124667.07448699512
124667.93693090648
124668.79937481784
124711.11908246831
124711.11908246831
124715.61578200615
124939.1363390332
125116.50000480418
125117.3024927217
125121.13506432778
125122.14509222397
125124.16514801636
125125.17517591255
125140.32559435542
125150.42587331735
125389.38279275787
125418.6689897479
125418.6689897479
128036.33845670965
128063.36016193242
128110.30570510746
128110.30570510746
129443.91148804245
129449.7087714466
130138.04970070045
130462.09801139547
130463.65225523573
131101.67626966105
131153.87949229573
131155.46140813312
131193.6579882074
131232.58326420674
131263.7234850062
131263.7234850062
131397.37923126935
131429.04983201434
131752.63233075722
131752.63233075722
132007.61133655105
132367.40725557203
132367.40725557203
132391.39887710623
132411.3918950514
132435.87238853535
132463.0278417444
132483.39443165113
132542.7324175525
132587.3258409693
132594.08242027488
132596.7850519971
132615.46365007735
132618.0463698119
132618.0463698119
132891.5610017007
133108.53251940082
133127.62619743843
133132.39961694783
133167.12797337852
133211.16334485266
133211.16334485266
133212.73603669103
133212.73603669103
133214.3087285294
133215.88142036775
133217.45411220612
133219.0268040445
133219.0268040445
133220.59949588284
133222.1721877212
133223.74487955956
133225.31757139793
133225.31757139793
133226.8902632363
133228.46295507465
133228.46295507465
133230.03564691302
133231.60833875136
133231.60833875136
133233.18103058974
133234.7537224281
134655.91370436442
134680.13592587493
134701.6739636613
134732.13160853094
134742.67463944733
134881.46815318245
134882.9716650279
135002.43167675007
135087.77672797852
135087.77672797852
135105.431462164
135298.5773903129
135305.69370558148
135314.7101646548
135462.3771654779
135462.3771654779
135526.67766286925
135540.73503742446
135540.73503742446
135544.24938106324
135544.24938106324
135546.00655288267
135547.76372470206
135549.52089652146
135551.27806834085
135553.03524016027
135554.79241197967
135556.54958379906
135558.30675561845
135560.06392743788
135561.82109925727
135563.57827107667
135565.3354428961
135567.09261471548
135568.84978653488
135572.3641301737
135574.1213019931
135575.87847381248
135588.1786765483
135589.9358483677
135591.69302018711
135595.2073638259
135598.72170746472
135600.4788792841
135602.2360511035
135603.9932229229
135607.50756656172
135609.2647383811
135611.0219102005
135612.77908201993
135614.53625383932
135616.29342565872
135618.05059747814
135618.05059747814
135621.56494111696
135623.2390969449
135623.2390969449
135626.58740860075
135628.26156442869
135636.63234356837
135638.3064993963
135639.98065522424
135641.65481105217
135641.65481105217
135646.67727853596
135646.67727853596
135648.3514343639
135651.69974601976
135653.3739018477
135655.04805767562
135658.39636933152
135658.39636933152
135660.07052515945
135663.4188368153
135665.09299264324
135665.09299264324
135668.4413042991
135670.11546012704
135671.78961595497
136036.92161842747
136337.43950754093
136349.8919062611
136354.0427058345
136397.169513402
136458.57367509103
136558.6771248026
136636.6106927928
136814.08504655235
136814.08504655235
137713.2266381406
137713.2266381406
137943.85428643718
139193.74305397642
139278.80677323375
139280.13502909723
140918.2065727399
141068.18879732504
141156.24109227525
141162.38427564385
141709.26595543657
141712.71573108202
141712.71573108202
141712.71573108202
142315.55941312306
142320.60955260403
142552.38558878258
142617.10116613127
142617.10116613127
143305.23455540644
143363.8253973846
143440.8411774691
143447.26108080926
145446.18469136435
145481.973807686
145519.949011783
145568.72090677035
145648.8543985344
145650.9666943173
145765.52415054335
146041.0403902264
146042.61769406428
146050.50421325373
147478.67443446958
147493.9954968949
147567.98119329082
147582.5089917977
147897.22722745163
147942.81223076652
147942.81223076652
151679.44041072417
156295.5676762889
156299.34951590022
156305.02227531717
156309.7495748313
156345.67705113874
156345.67705113874
156357.3454099395
157698.21509212788
157832.4657863299
157835.5373780142
157863.24627116634
157869.44479852926
157874.61023799836
157904.5697869192
157917.9999295389
157971.97877199107
158002.7592568275
158063.5546345791
158063.5546345791
158598.47739960093
158672.78132396415
158762.1618747778
158926.85176585134
158928.02782573047
158929.2038856096
158952.72508319214
158976.2462807747
158989.18293944508
159056.5642525198
159057.50971242262
159480.10261698943
159509.7669979406
159542.21702660547
159589.47157374874
159622.05996239936
159902.47875757856
159903.3181414923
160222.40394069735
160346.4390559493
161125.87619984048
161140.5884783284
161140.5884783284
161143.26343805346
161144.600917916
161208.5370673448
161236.32436448886
161236.32436448886
161425.9790089966
161571.9534059937
161571.9534059937
161578.50705732012
162379.3899990071
162403.85204449296
162428.40632996935
162922.6420351729
162923.72585506152
163059.50312110665
163068.09066422403
163488.1700290492
163529.659576785
163529.659576785
163657.67023562835
163806.68394031303
163808.07676416988
164044.85681983415
164066.00744966036
164083.18253589515
164107.71837337338
164140.7402899795
164168.96572707855
164178.37420611156
164731.28838128425
164744.9583478793
164785.0827437554
165278.03170109118
165285.25409234889
165287.66155610146
165334.15051132342
165334.15051132342
168208.84671186854
168223.23615038962
168228.03262989665
168230.43086965015
168232.82910940368
168237.6255889107
168242.42206841774
168244.82030817124
168247.21854792474
168249.61678767827
168252.01502743177
168254.4132671853
168256.8115069388
168259.20974669233
168261.60798644583
168264.00622619936
168266.40446595286
168268.8027057064
168273.59918521342
168273.59918521342
168278.39566472045
168280.79390447395
168285.59038398098
168290.386863488
168292.78510324153
168295.18334299503
168297.58158274856
168299.97982250206
168301.55251434044
168303.12520617878
168304.69789801716
168306.2705898555
168307.84328169387
168309.41597353225
168312.56135720896
168312.56135720896
168315.70674088568
168317.27943272406
168317.27943272406
168320.42481640077
168321.99750823915
168323.5702000775
168325.14289191586
168326.7155837542
168331.4336592693
168333.00635110767
168334.57904294605
168336.1517347844
168337.72442662276
168340.86981029948
168340.86981029948
168344.0151939762
168344.0151939762
168355.02403684476
168366.03287971328
168372.32364706672
168377.0417225818
168381.7597980969
168386.477873612
168389.6232572887
168397.13620451657
168399.93107622932
168402.7259479421
168419.49517821858
168420.89261407495
168426.48235750044
168429.27722921318
168432.07210092596
168441.85415192056
168443.25158777693
168446.0464594897
168447.44389534608
168458.62338219705
168461.41825390983
168462.8156897662
168472.5977407608
168473.99517661717
168484.05394758334
168498.72010607598
168522.18595966423
168532.45227060906
168535.3855023076
168536.85211815688
168539.7853498554
168541.25196570467
168542.71858155393
168547.1184291017
168550.05166080024
168551.5182766495
168552.9848924988
168554.45150834805
168555.9181241973
168557.38474004657
168558.85135589584
168560.3179717451
168561.78458759436
168563.25120344362
168567.60954299566
168570.45975870272
168571.88486655627
168573.30997440979
168576.16019011685
168576.16019011685
168579.0104058239
168580.43551367745
168581.86062153097
168584.71083723803
168588.98616079864
168590.41126865215
168593.26148435922
168594.68659221276
168596.11170006628
168598.96191577334
168600.38702362688
168601.8121314804
168603.23723933395
168606.087455041
168606.087455041
168608.93767074807
168610.3627786016
168611.78788645513
168611.78788645513
168613.21299430865
168616.0632100157
168616.0632100157
168618.91342572277
168620.33853357632
168621.76364142983
171141.46501446055
171141.46501446055
171529.91067453698
172435.25079348809
172569.67674367208
172590.29238155327
172602.72633227534
172647.79940364283
172650.90789132335
172652.4621351636
172654.01637900388
172658.67911052465
172666.45032972595
172680.43391228875
172687.21355159194
172732.41114694663
172736.87095048823
172792.51011276976
172797.8600322199
172802.20453577343
172845.19298335517
172846.29525124189
172848.4997870153
172852.90885856215
172854.01112644887
172855.11339433558
172856.21566222227
172858.4201979957
172859.52246588242
172861.72700165585
172862.82926954253
172862.82926954253
172862.82926954253
172862.82926954253
172863.93153742925
172865.03380531596
172867.21528109178
172867.21528109178
172868.29448898084
172869.37369686994
172870.452904759
172871.5321126481
172872.61132053717
172873.69052842626
172874.76973631533
172875.84894420442
172876.9281520935
172878.00735998258
172879.08656787165
172880.16577576075
172881.2449836498
172882.3241915389
172883.40339942797
172884.48260731707
172947.28881686198
172947.28881686198
172963.6890871764
172977.7464617316
172991.80383628682
173004.99415493116
173205.24256235006
173205.24256235006
173206.72762619745
174263.33210560196
174297.5346940867
174298.0835220303
175598.19235240802
175628.63154927953
175628.63154927953
175643.62977173805
177227.54721694655
177230.36976065644
177236.74354400137
177268.87534469893
177268.87534469893
179146.84926768494
179367.25672503194
180672.1666469162
180682.20235788476
180684.44378965438
180685.5645055392
180686.685221424
180687.80593730885
180688.92665319366
180691.16808496328
180692.2888008481
180693.4095167329
180695.65094850253
180696.77166438734
180700.1338120418
180701.25452792662
180704.61667558106
180705.73739146587
180706.85810735068
180709.09953912033
180711.34097088996
180712.46168677477
180714.7031185444
182553.9362455121
182556.26069327322
182563.2340365565
182613.6339673765
182613.6339673765
182791.36198111004
182834.6778806581
182834.6778806581
184016.3828472051
187791.3321312242
187798.748226462
187801.52926217616
187838.6097383651
187838.6097383651
187933.40016462276
187940.17980392597
188002.6631735041
188003.5717374107
188006.29742913056
188009.0231208504
188011.74881257027
188012.65737647688
188013.5659403835
188017.20019601
188316.33448526563
189036.94557520282
189039.6574309241
189042.36928664538
189051.86078166985
189085.5468262077
189085.5468262077
189520.14015354114
189553.42034212066
189554.17671004293
191026.24855474668
192636.136169286
192648.2380560422
192672.4418295546
192676.98003708816
193008.33375503236
193008.33375503236
193095.5282180707
193769.2168248305
193787.34198296763
194081.70285271388
194168.5560277873
194168.5560277873
194173.2787153019
195141.26362381456
196561.0353938936
197635.36839947602
197764.98403415442
198821.08580561064
198831.04772458677
198915.71019988533
198916.77557177586
200623.8472403268
200659.61329665084
200659.61329665084
200665.14769608204
200666.25457596828
200667.3614558545
200791.28588311782
200896.39335231512
200896.39335231512
201813.85380602058
201822.45057313703
201829.9727443639
201874.34479180345
201874.34479180345
202402.1743015543
202467.78921881053
202467.78921881053
202920.63684026786
202931.19370718286
202938.73432640787
203042.26449176724
203043.61119562885
203550.58063152366
203828.48127496164
203828.48127496164
203891.33360450182
203938.26069967877
203960.7857053637
203982.7019271112
203998.98689743745
204009.35006037235
204022.67412700295
204913.24201147235
204918.40745094145
204971.52384948227
204971.52384948227
207746.68848825703
207774.0837654414
207774.0837654414
207845.5605340952
211512.48756521658
211522.14509222397
211645.18401557833
211645.18401557833
211693.02889866094
211702.1422097243
211708.9771930218
211724.53807942246
212114.9899592927
212114.9899592927
213266.59701693308
213273.56113621735
213277.7396077879
213735.65581672426
213735.65581672426
213746.14350364637
213758.37913838882
213760.12708620916
213763.62298184988
213765.37092967023
213768.86682531092
213788.09425133475
213789.84219915513
213793.33809479582
213795.08604261617
213800.3298860772
213809.06962517893
213943.72156333973
214129.02709229445
214129.02709229445
214246.10731226119
214389.84950148768
214391.17775735116
214408.4450835765
214409.77333943997
214423.05589807482
214424.3841539383
214432.3536891192
214433.68194498267
214454.93403879844
214459.74896630357
214463.36016193242
214481.41614007668
214494.65719071578
214521.139291994
215694.10451943928
215867.1006216591
215867.1006216591
215872.8979050633
215874.83033286466
215874.83033286466
218919.035963988
218930.57057480246
218933.2732065247
219000.83899958045
219000.83899958045
225225.98221177404
225232.2914271256
225282.76514993803
225284.86822172187
225314.3112266958
225314.3112266958
226883.18894145003
226895.23087221239
226965.44395299605
226979.55667154558
226993.6693900951
226998.3736296116
227093.83279580052
227095.3732036422
228349.4127707548
228380.40540756946
228382.4715833571
229730.8680487719
229749.17768689006
229979.54245121367
229979.54245121367
232141.79541298212
232233.159123592
232233.159123592
234943.7788290005
236350.35566843566
236359.18764752793
236369.78602243864
236431.60987608452
236431.60987608452
237175.06419967394
237178.68000730232
237213.93413167898
237213.93413167898
240049.31764826458
240071.54748597986
240072.65897786562
242535.92331269677
243812.5063334924
243817.0814370222
243877.70155879177
243877.70155879177
244368.29839636933
244391.60744197367
244391.60744197367
248641.5096611782
248651.54537214673
248736.9688273671
248738.1587232448
248806.67458820288
248817.0239151392
248828.40632996935
248890.1333316252
248891.48003548678
252740.07372793686
252816.47611208438
252830.3582306576
252874.2414061474
252916.6948617841
252983.6795428996
252984.9616787678
253186.96264600664
253271.41296932698
253291.2537912878
253296.64983073322
253448.86426308894
253448.86426308894
256084.14695624044
256403.38495142988
256403.38495142988
256888.3367015876
256949.55177129607
256990.52016308543
257078.88146200386
257082.04529367868
257143.8599233255
257200.97492545538
257202.30318131886
257208.95368463531
257210.29116449784
257211.6286443604
257212.96612422293
257214.30360408546
257216.97856381055
257216.97856381055
257219.6535235356
257220.99100339814
257220.99100339814
257223.66596312323
257223.66596312323
257226.3409228483
257227.67840271082
257227.67840271082
257230.3533624359
257231.69084229844
257233.02832216097
257235.70328188606
257235.70328188606
257237.0407617486
257241.0532013362
257242.39068119874
257243.72816106127
257245.06564092383
257246.40312078636
257247.7406006489
257249.07808051142
257250.41556037395
257250.41556037395
257253.09052009904
257254.42799996157
257255.7654798241
257257.10295968666
257258.4404395492
257259.77791941172
257261.11539927425
257262.4528791368
257265.12783886187
257269.1402784495
257270.47775831202
258671.87071027994
258677.737173677
258688.65838855453
258694.37726796677
258754.99738973635
258756.14116561884
259686.51521799705
259692.67684936378
259695.75766504713
259748.31139964578
259748.93863158132
260212.66595992044
260221.4425950184
260232.09631392342
260245.7939525156
262024.06566974882
262323.8917589334
262323.8917589334
262427.60640427377
262431.8402198386
262433.72191564523
262465.66923636175
262466.3195282949
262854.2993764192
263070.5514221933
263070.5514221933
263129.38670014637
263143.07511473953
263150.01156202663
263150.01156202663
264015.70232105284
264053.8343331337
264054.4707890683
264069.7457314984
264273.0380586044
264278.6416380285
264307.5312030593
264403.8804851567
264452.7446201346
264452.9982801085
264457.81781961315
264459.3397794567
264921.71579193475
264934.1451306573
264935.41343052697
264946.9757133386
264946.9757133386
265034.86197630584
265045.49724721274
265045.49724721274
265045.6725031948
265046.0230151587
265046.1982711407
265046.3735271227
265046.5487831047
265046.89929506864
265050.05390274443
265053.5590223842
265054.70279826666
265084.2564912292
265085.7692270737
265087.6601468794
265100.66598554264
265100.66598554264
265999.5077971617
266027.3043183049
266027.3043183049
271388.29256731435
271396.8708864327
271447.91188518686
271448.912689084
274195.04017884313
274200.6022502715
274384.49189537164
274385.40045927826
275079.5940159306
275087.85871908115
275092.58140659577
275119.73685980483
275120.91753168346
275239.5888914867
275243.32461110275
275292.5300340455
275294.033545891
275294.033545891
275313.63454387645
275313.63454387645
275479.8279467955
275548.8926396971
275548.8926396971
276043.8293688286
276071.9164459419
276195.41195724934
276196.34358115355
276311.3299533355
276341.8613901976
276422.6682338924
276494.7215024869
276496.0820423471
276610.15062662336
276610.15062662336
276639.1693276409
276821.9797648521
276821.9797648521
277322.9904973593
278196.3786835944
278220.70698109403
278256.9941933645
278258.2901652313
278322.95501058514
278322.95501058514
278324.02038247563
278325.0857543662
278327.2164981472
278328.28187003767
278329.34724192816
278330.41261381865
278331.4779857092
278333.6087294902
278334.6741013807
278335.7394732712
278336.8048451617
278337.87021705223
278340.0009608332
278340.0009608332
278342.1317046142
278342.1317046142
278343.1970765047
278345.32782028575
278345.32782028575
278347.45856406674
278349.5893078477
278350.6546797382
278352.78542351926
278354.91616730025
278357.04691108124
278357.04691108124
278358.1122829718
278360.2430267528
278360.2430267528
278361.3083986433
278362.37377053377
278363.43914242426
278364.5045143148
278365.5698862053
278366.6352580958
278367.7006299863
278368.7660018768
278370.8967456578
278370.8967456578
278373.0274894388
278375.1582332198
278375.1582332198
278376.2236051103
278378.35434889136
279583.60818501806
279594.81995586574
279601.71950715664
279607.75661453616
279618.28119745443
279623.16991695197
279657.3909534348
279657.3909534348
279767.6177421059
279767.6177421059
279865.15230808157
280595.71148099634
280605.15685602557
280611.0602154188
280619.9106425092
280656.06410679343
280702.8021099898
280702.8021099898
280733.74862680916
281082.09295100713
281083.1767708957
281858.21867923863
281931.21279573644
281955.03838528774
281964.30389233545
282182.42379791755
282182.42379791755
284483.5163934163
284571.7024363528
284571.7024363528
284587.9597346819
284755.7765614341
284776.2446153304
284901.995394406
284901.995394406
285051.77930301154
285123.1269356786
285134.61081449833
285141.5011417901
285149.53985696397
285287.63234677113
285765.0988216982
285952.1615224723
285952.1615224723
286040.0662334376
286041.6435372755
286065.3030948438
286071.6123101954
286076.3303857105
286141.99603496154
286141.99603496154
286146.68643847946
286146.68643847946
286148.2499063188
286151.3768419974
286152.9403098367
286154.50377767603
286157.6307133546
286159.19418119395
287015.17668121797
287015.17668121797
287057.44565687364
287057.44565687364
287236.49270247156
287429.1497586707
287435.2652700422
287441.38078141364
287505.82886278984
288001.5680798388
288571.4728612653
289207.73509187164
289213.21414730855
291033.99466417276
291120.3174593007
291121.3090391988
291128.2500984854
293690.4095391524
294299.47480855393
294327.69102165394
294764.46582476323
294914.65558932704
294974.53317917295
297466.21204308374
304428.0529995612
304494.2720887554
304495.8078845975
305564.27903878246
306260.4188592347
307168.13415794173
307248.4567416864
316922.38863142114
328793.57855932665
331541.79528487107
331675.27116315265
331676.38265503844
335638.30239984114
335670.61868051975
335702.0494572894
335778.5256334293
335927.364082132
336039.1727866406
336039.1727866406
336125.7723017401
336269.06712701253
344066.69463758974
356564.6276290799
356574.0407201125
368376.21668711107
368465.19138196646
368519.69138036505
375222.4302034725
375469.2920901006
375851.6914187984
376576.278052327
376691.3336045018
379374.2444167582
382407.2982330277
382714.78946542443
383255.3342578684
383270.95971226244
383346.651848483
383619.8759244016
383847.2382770338
385123.58147385414
385155.4457785792
385167.5845613316
385201.1460818822
385276.8566661008
385323.61772929487
385623.22705450165
386927.90637640964
387794.9530632965
387986.88603557006
388249.20734460925
388257.95169571054
388260.86647941096
388262.32387126115
388263.7812631114
388266.6960468118
388268.153438662
388271.06822236243
388272.5256142127
388272.5256142127
388275.4403979131
388276.8977897633
388278.35518161353
388278.35518161353
388279.8125734637
388282.72735716414
388282.72735716414
388284.1847490144
388285.64214086457
388287.0995327148
388288.556924565
388554.9460171861
388981.712781324
389512.9643947231
389657.4352798747
390345.9699131086
390878.9141303338
391189.0019184637
391792.73110441375
391810.29821060825
391819.3377296792
391881.3230033085
391881.3230033085
392262.38946414326
392530.96925653925
392818.3521710027
392827.6684100452
392829.5316578537
392835.12140127923
392836.9846490877
392838.8478968962
394101.0138071736
394721.40614741103
398215.01884834527
398215.01884834527
398914.5300404511
399021.1825294896
399031.67482841125
399096.33506176557
399204.57407864096
399234.91642352246
399265.25876840396
401567.4351837914
401567.4351837914
401593.54832510755
401647.14898359857
401667.6493214916
401683.8328278283
401683.8328278283
401714.7286126529
401739.19527013827
404495.2431708778
406868.6657549427
407061.41043913283
407069.5506182962
407071.17865412886
408315.7036662194
413230.76690506004
414337.5176553107
414356.5698253526
414379.85581095924
414386.4970902767
414390.6478898501
414970.92967021
415027.7495043702
415330.0430133011
415331.2190731802
418372.0856166468
422241.0551230027
443154.58205355686
443159.2309490791
443159.2309490791
451089.54568601894
452208.33375503233
452941.7984876485
454032.4718075515
454053.677781372
454679.13870908855
454969.2334792733
455013.24117875024
455013.24117875024
455046.87649129325
457491.17628407356
457631.2427096778
457925.42371144256
458173.2587299706
458201.4380470744
460707.1373895442
460717.7911084492
460717.7911084492
460802.4443597488
471092.39180217084
471105.39764083416
471107.56528061134
471110.81674027717
471119.5149713832
471121.1476192154
471124.4129148798
498105.398793834
501904.07681541436
501922.9860134709
501980.682127541
501980.682127541
504334.157813656
504345.61402047856
504363.434786647
504364.7076985162
504367.2535222545
504369.79934599285
504371.072257862
504372.3451697312
521248.02961928584
521311.26013278717
521311.26013278717
522184.865083
522186.1933388635
535664.1393336302
536427.1992672045
544493.6971261478
544564.7173068485
544564.7173068485
553788.3796828609
555918.0442559788
561414.9250710215
561422.6547822271
561424.5872100285
561426.5196378299
561428.4520656313
561430.3844934327
561430.3844934327
561434.2493490354
561434.2493490354
561436.1817768369
561441.979060241
561443.9114880424
561445.8439158438
561447.7763436452
561449.7087714466
561451.6411992479
561451.6411992479
561453.5736270493
561453.5736270493
561457.4384826522
561459.3709104535
561461.3033382549
561463.2357660563
561465.1681938577
561467.1006216591
561469.0330494605
561470.9654772618
561472.8979050632
561472.8979050632
561474.8303328647
561476.7627606661
561478.6951884674
561480.6276162688
561480.6276162688
561482.5600440702
561484.4924718715
561486.424899673
561488.3573274744
561488.3573274744
561490.2897552757
561492.2221830771
561496.7650026103
561496.7650026103
561499.375394342
561501.9857860737
561504.5961778054
561504.5961778054
561507.206569537
561507.206569537
561512.4273530005
561515.0377447322
561515.0377447322
561517.648136464
561520.2585281957
561520.2585281957
561522.8689199274
561528.0897033907
561528.0897033907
561530.7000951224
561533.3104868542
561533.3104868542
561535.9208785859
561538.5312703176
561541.1416620493
561543.7520537811
561543.7520537811
561546.3624455128
561548.9728372445
561551.5832289761
561551.5832289761
561554.1936207078
561556.8040124396
561556.8040124396
561562.024795903
561562.024795903
561564.6351876347
561567.2455793665
561569.8559710982
561572.4663628299
561575.0767545615
561575.0767545615
561577.6871462932
561580.297538025
561582.9079297567
561585.5183214884
561588.1287132201
561590.7391049518
561593.3494966836
561595.9598884152
561598.5702801469
561598.5702801469
561601.1806718786
561603.7910636103
561606.4014553421
561609.0118470738
561611.6222388055
561611.6222388055
561614.2326305372
561616.843022269
561619.4534140006
561619.4534140006
561622.0638057323
561624.674197464
561627.2845891957
561632.5053726592
561635.1157643909
561637.7261561226
561637.7261561226
561640.3365478544
561642.946939586
561645.5573313177
561648.1677230494
561650.7781147811
561650.7781147811
561652.6920945845
562482.7090372771
562485.9189889473
562489.1289406173
562493.9438681225
562497.1538197926
562500.3637714627
562511.598602308
562519.6234814832
562527.6483606584
562535.6732398337
562545.3030948439
562559.7478773593
562579.0075873798
562591.8473940601
562627.1568624311
562636.7867174414
562641.6016449465
562698.3200151171
562723.2617085536
562794.0282292804
570056.3409548762
619726.0262179362
619734.2263530934
619762.3411022038
619763.5125500835
619767.0268937222
619768.1983416019
619768.1983416019
619770.541237361
619770.541237361
619771.7126852407
619772.8841331203
619772.8841331203
619777.5699246387
619777.5699246387
619779.9128203979
619781.0842682775
619781.0842682775
619784.5986119163
619785.7700597958
634258.9855522709
634424.118195299
665585.8678085636
665621.7214928786
665637.3100512766
665640.4277629561
665643.5454746357
665645.1043304754
665646.6631863152
665652.8986096744
665656.016321354
665657.5751771937
665659.1340330335
665663.8106005528
665666.9283122325
665668.4871680723
665670.046023912
665673.1637355916
665676.2814472711
665679.2654109644
665680.690518818
665682.1156266715
665684.9658423786
665684.9658423786
665686.390950232
665692.0913816462
665693.5164894997
665694.9415973532
665697.7918130603
665700.6420287674
665702.0671366209
665704.917352328
665706.3424601814
665707.767568035
665709.1926758885
665712.0428915956
665713.4679994491
665716.3182151562
665719.1684308633
665720.5935387168
665722.0186465704
665724.8688622774
665726.293970131
665727.7190779845
665729.1441858379
665729.1441858379
665733.4195093986
665734.8446172521
665736.2697251056
665737.6948329592
665739.1199408127
665740.5450486662
665741.9701565198
665743.3952643733
665744.8203722269
665746.2454800804
665747.6705879339
665749.0956957875
665750.520803641
665751.9459114944
665753.371019348
665754.7961272015
665756.2212350551
665757.6463429086
665759.0714507621
665761.9216664692
665763.3467743227
665767.5114098947
665768.899621752
665770.2878336093
665771.6760454666
665774.4524691813
665775.8406810386
665780.0053166106
665781.3935284679
665784.1699521826
665786.9463758972
665789.7227996119
665789.7227996119
665792.4992233264
665793.8874351837
665795.2756470412
665796.6638588984
665798.0520707557
665799.440282613
665802.2167063277
665803.604918185
665804.9931300423
665809.1577656143
665811.9341893289
665813.3224011863
665814.7106130436
665817.4870367582
665820.2634604729
665824.4280960449
665825.8163079022
665827.2045197595
665829.9809434742
665831.3691553315
665832.7573671888
665834.1455790461
665835.5337909035
665836.9220027608
665838.3102146181
665839.6984264754
665842.4748501901
665843.8630620474
665848.032309619
711951.5073872061
909197.3094107211
911784.2814088378
911810.5513581379
927508.4141447464
1072212.2698404058
1072217.3891598796
1080197.8086596695
1080207.4661866769
1080407.8990740771
1080531.8327253393
1152747.3468511894
1152991.5061060952
1152991.5061060952
1153009.3268722636
1153018.2372553477
1153019.5101672169
