1003546.0813697638
1003547.5941056084
1004652.3939800595
1143568.0841946136
1143568.0841946136
1143569.8090824364
1143569.8090824364
1144043.475269754
1144043.475269754
1144155.034926288
1144155.034926288
1145670.8146904996
1145731.7023082417
1146038.8799246708
1146166.8352395196
1146226.4914533885
1147298.7490591842
1147318.755913128
1147324.3133725568
1147332.0938157572
1147364.036524474
1147379.0162989344
1147634.4841766781
1147683.0485316867
1147714.7329684303
1147718.957559996
1150402.9106841453
1151713.8899974057
1152536.4816208615
1152614.2952768642
1152701.854087865
1152703.1177757352
1152722.073093787
1152729.6552210078
1152753.66529054
1155968.3165881452
1156018.6012189772
1157241.6850452712
1157613.402983067
1157638.1417485245
1161984.056573861
1161987.266525531
1165857.9516957104
1167557.224473063
1167559.6780568107
1170694.3895666322
1170709.8858850393
1171950.6336695182
1171975.999666911
1174581.5626351172
1174653.329959741
1180660.5192983355
1185405.422814665
1186008.1050767226
1201059.2317818012
1201062.5109134642
1203462.351030814
1203707.441909624
1203736.5805226292
1203838.4457561597
1207202.3874784212
1207614.3036040855
1207625.003442986
1207920.8770485765
1207967.9609517374
