22923.883687934172
28626.072273875903
29797.870665441067
29991.214909569582
29991.214909569582
30433.865400074945
30493.480105947878
30493.480105947878
32729.847900098965
32860.538130666915
34498.904842279226
34503.15249384266
34632.13628458599
34632.13628458599
40461.02572150569
40496.367473873346
40497.47896575911
42720.45812528625
43926.726601308656
44023.24191538902
44023.24191538902
44321.70285271387
44579.5044022176
44652.973554666605
44652.973554666605
44703.25818549846
44852.045902206395
44921.24434309433
45014.94172546432
45015.974813358145
45018.88037305952
45020.33315291021
45026.14427231295
45027.59705216364
45029.04983201432
45039.21929096913
46273.57484410481
46960.45838150845
52265.65066025257
52341.02918050533
52341.02918050533
53183.89976587696
53421.182529489575
53421.182529489575
56930.868048771896
57135.93138369593
57135.93138369593
59433.15912359198
60710.75678428333
66051.85347933728
66071.65279330235
66127.89612752179
68147.6060199405
68188.68048771897
68202.30433431873
68217.86983271895
68231.2077353481
68963.81924805189
69019.19091436094
69019.19091436094
69356.18971972493
69985.3494710613
70028.55468262077
70028.55468262077
70042.70890916603
70333.08501132182
70654.3568983022
70655.60213817422
70707.90221279893
71046.81960996577
71249.52621313202
71452.94306422528
71491.13964429952
71491.13964429952
72223.91718898628
72376.16390533872
72376.16390533872
74821.87496997396
74991.66573252325
74993.38139634691
77101.24043570584
77370.47052003499
77370.47052003499
77843.92916737395
78517.53937014178
78621.56763145
78621.56763145
78933.1543194258
78951.08577358285
78952.08196548047
78985.92481800215
78987.2991938609
81658.28798734261
82752.54021887782
82845.46278532743
82974.05455611106
82975.4796639646
83419.3800063415
83577.88520605068
86406.61360732027
86522.25488343491
86523.334091324
86537.91723382517
88499.51593221641
88517.88552632843
88521.42754196438
89661.53227278696
90796.12105217646
90800.17961175932
90880.45607550867
90880.45607550867
90909.56701651672
91833.77021352918
91950.57371352437
91950.57371352437
91957.33951682899
94724.43776843278
98195.21645971386
98281.59921083564
98282.42014675126
98294.86332147238
98302.6760486694
98307.14046421056
98310.48877586643
98314.95319140758
98318.30150306346
98322.76591860461
103906.96572067298
105397.37948749155
105402.56337495876
105459.58613709809
105459.58613709809
105463.4740526985
106589.32309298623
106592.4915366606
106660.38478168267
106660.38478168267
106663.65007734708
106815.34796575591
106930.27899394355
107041.28059853504
107041.28059853504
107159.0341704326
107195.98089863529
109251.27697939653
109260.99907439732
109263.79394611006
109265.19138196643
109309.90932937042
109311.30676522681
109751.67892796634
109910.15645567837
109910.15645567837
109930.74442156238
110399.09297342655
110468.95554224623
110468.95554224623
110610.0458317453
110619.67568675557
111612.8052166839
111653.39081251262
111653.39081251262
113987.57911660992
114135.73498938279
114137.2062172316
114352.13000714219
119292.49006338295
124927.32039624761
135196.2924648255
135359.79246002133
135359.79246002133
136327.75430853636
140368.69605321734
140590.53323041744
140718.4793212674
140718.4793212674
151691.71755346237
157818.13169180314
161582.25200093523
161625.21738851932
161625.21738851932
161632.80412773957
162416.0830672359
163199.82320668484
163480.12670187585
163557.44687392906
164441.22589509623
164495.81352148583
164590.0366718018
167812.24703663014
167813.8012804704
167813.8012804704
168448.84133120245
168448.84133120245
168489.9204109804
168557.38474004657
168596.11170006628
169177.94311226695
169192.0097108212
169348.4026147475
169473.687581871
169473.687581871
172259.1600395863
172908.22518087685
172919.01725976766
172921.17567554582
172930.88854654756
172932.05999442717
172935.57433806596
172936.74578594556
172995.3181799256
172995.3181799256
172997.66107568482
174241.49428784644
174260.39887390344
174260.39887390344
174708.4546278533
177293.37889818053
177295.57420995488
177347.28394864025
177347.28394864025
184164.2988960026
184184.25040595204
184185.2004778544
184187.1006216591
184188.05069356147
184189.0007654638
184189.95083736617
184190.90090926853
184209.9530793104
185751.15879690865
185760.51193194737
185801.6878637154
185801.6878637154
193048.4120309132
193227.08089255003
193227.08089255003
195032.6095269818
195090.96976898366
195090.96976898366
195093.10051276468
195093.10051276468
195095.2312565457
195096.2966284362
195097.36200032668
195099.4927441077
195100.5581159982
195101.62348788872
195102.6888597792
195104.81960356023
195105.88497545072
195106.95034734122
195108.09412322365
195109.2378991061
195110.38167498854
195112.66922675344
195114.95677851833
195116.1005544008
195129.82586499013
196554.20041059607
198747.24308120002
201781.6159293339
201895.0296096775
202000.7043548165
202001.76050270794
202075.75542310294
203405.477902437
207168.15926771698
207754.15992748915
207769.10280595336
208014.830140698
215128.60880955966
215287.41840123758
215287.41840123758
215554.9512697411
215570.28155616552
215719.15690086444
215720.9463566805
215724.5252683127
215726.31472412878
215729.89363576093
215731.68309157703
215733.47254739312
215751.36710555395
215754.9460171861
215756.7354730022
215756.7354730022
215760.31438463437
215762.10384045044
215780.1413705966
216843.4470853124
216951.722998184
216951.722998184
216954.9329498541
216958.14290152417
216958.14290152417
216961.3528531943
225396.62619423564
225401.86542569715
225599.2774534076
225600.6610532654
225611.72985212778
225613.11345198556
241729.72273555625
241739.17733458453
241971.8711586688
241971.8711586688
241989.56740085
246661.5874886702
248395.49638246285
248420.71479587097
250187.18440631716
250421.19726226584
250421.19726226584
250452.32825906624
259557.52220325466
263091.4207200484
263106.3359265155
263106.3359265155
263152.2299337986
264397.2853258346
275568.6919536622
275603.68319406593
275603.68319406593
277109.7039672804
277149.7868551608
277150.69541906746
277641.7811285947
277728.9617556345
277728.9617556345
280452.8132876831
280881.0466676702
280921.1802875454
281828.2914143145
284369.341733151
284422.6195516752
284422.6195516752
284983.61395001743
285327.4292906809
285360.4558192865
285360.4558192865
287828.1568976617
287841.706952269
288448.609193893
288460.8771126321
294330.6611493487
294762.72248894244
294917.4689090379
297461.0373796156
306262.7525309949
329674.56270878104
375165.03848137107
382387.8171470299
382431.6495905249
382463.62458323856
382469.78160260577
382477.1700258464
382483.3270452136
382599.4802532756
382718.94026499783
383293.68764592655
383328.59587033873
457839.9356882288
457921.9785477966
458025.5133251556
458077.92869976844
458090.0582585218
562673.3783216806
562731.0559877526
620193.6552978744
620236.8236134376
620237.9304933238
620240.1442530963
620241.2511329826
620242.3580128688
620243.464892755
620244.5717726413
620245.6786525275
620247.9846522905
620251.5820119207
620251.5820119207
620252.7811317976
693109.1049197864
711827.6844239325
711830.1564556783
939655.2125523255
992040.3232243002
992041.6514801637
