1937.1162676976442
1957.019842755522
58367.3163761948
58389.82755063837
58488.65226659739
58489.906554909496
63992.33734976581
64000.45721620733
64018.05026016396
64018.05026016396
87681.05746529237
108946.65759976773
134074.0959206595
175912.1753680881
210018.21101933846
328161.178493112
345829.4467408828
362823.68905630393
376095.588749914
379326.8334874197
385359.1570840242
394379.2284476501
444564.4700830538
477799.1274383209
536178.3650547452
597032.2089869269
597071.4495067964
623719.1237708111
625461.181702183
654861.5457025191
661063.6988363297
661112.3520198046
661137.4157809886
721526.292835367
721533.6535273038
721533.6535273038
721534.9848333193
791505.7278860627
791637.0760779041
791640.1677885681
791646.3512098962
1015110.7584868467
1015120.7927933434
1015272.6827069278
1015274.3495900794
1015285.5776709785
1015292.8118338312
1015297.1523315428
1015300.0459966839
1015308.7269921072
1020401.3355847768
1022463.6826381619
1022471.901527365
1022480.1204165679
1022480.1204165679
1171929.486013799
