64784.33789989227
64797.67296510518
64809.34114716647
64811.00803031808
74203.63052896188
76336.85587451005
76520.35055280068
76543.91797003339
76920.18245860681
76920.18245860681
76944.49804781516
77540.15296571644
77560.20507491654
77923.15650333514
77924.57582958305
79125.12778979057
83547.528327692
90760.84138784678
90764.49422749257
90764.95083244829
90765.86404235974
90812.94936544442
97617.92006357017
132124.25522811146
133902.7040243278
135174.50836268615
176146.34219393486
195028.55247977137
251273.44799394862
293094.765088364
305129.89249612234
328150.73709304014
328597.6048105502
328606.1702794184
376874.028682982
381183.2847133612
381522.97129409603
381530.5190290268
393911.3569021768
418184.7404090802
431430.87217964686
435543.73856768466
435636.91898623924
435636.91898623924
444596.46543754154
563173.0095737284
563255.5780530109
563255.5780530109
581139.9304701289
596710.4675310783
596738.4579649905
623547.7153706859
623599.8013432254
623652.5804750953
623652.5804750953
623656.4423627931
654716.0867671666
691402.8096180442
691583.3996286646
700944.3348436343
729814.3219309438
840769.8212853094
840920.3138777039
853695.7574553596
979443.8160438266
979454.6535349444
979455.7372840563
979456.821033168
979457.9047822797
979457.9047822797
979458.9885313915
979460.0722805033
979461.1560296151
979462.2397787268
979463.3235278387
979464.4072769504
979465.4910260623
979465.4910260623
979471.190336112
1039668.1612787384
1064416.2599041862
1085899.8421442707
1139893.5872065036
1151677.0757722782
1155433.7572872653
1156379.9692846064
1156766.40561129
1156815.2568402877
1156815.2568402877
1163234.6274039382
1182287.349383782
