370750.04851809685
371426.6325384515
372311.6539704613
372311.6539704613
372312.77622842474
372313.8984863882
372720.02383881295
374159.2756668373
374192.2392438817
375369.3998273214
375435.35998899746
375484.16170661454
376126.6323856386
376222.8770085346
376231.6515254548
376330.81731981447
376332.19813721074
376381.90756347467
376392.9541026444
376555.38443906204
376601.5180433836
376602.99238227675
376802.0391353846
376803.4584616325
377449.8735473223
377451.3313824219
377823.8990212334
377825.13130448735
378152.1704780752
385745.80796002416
385814.0346426852
385912.804345999
385939.9585877032
386235.0409156549
386661.0863469311
386731.4145126415
387594.628932067
387946.64384660637
388268.1432468157
388303.9069675043
388304.9907166161
388344.1652213113
388345.41950962343
388488.1883266223
388527.9294615637
388581.808846339
388583.250177645
389206.983549691
390485.8460104371
391610.9921377761
396514.1206763499
397645.9178325018
400733.16697101906
400745.49530482356
401489.67886368325
401498.65692739096
401534.3931417569
402023.1694924319
402034.65613276383
402208.5290993971
403673.1087493028
403759.43459225696
404034.8498995255
404394.76462992537
404703.63862804574
406287.2436372527
406928.10244577046
407895.6318431528
410870.8202232596
411229.7777336318
411498.8335791075
413010.12996737444
413405.0272389
413750.9082434921
417158.6005394295
417291.2415284346
418437.79857731186
419982.0035299781
420140.6379938722
422871.0421075956
423134.6021898089
423226.5173175223
423239.22523857915
431254.6886819123
432646.94870834897
442384.3849662666
442482.47801404353
442815.81613551447
442872.2481070301
443242.87930072815
446817.81553954416
449033.0537366575
454741.08879193757
464888.38576089364
467603.072761864
473765.41324429435
480074.9785679903
495628.47271143575
495631.2673538153
504351.14571474417
505256.57683814823
505800.34382903297
505980.67528022063
508743.1682699287
511702.623033489
512957.2689277883
522511.469066848
527973.5040762842
527990.596505169
528047.6996309569
528283.4618235164
534923.1360264061
536381.4112271641
539056.1810527281
543531.8118261906
544607.2980386465
544610.697820124
564360.7875977047
574823.1694924319
587180.4839584654
591693.5508370327
596623.5805591424
599085.3304197007
600577.99952628
600579.5398803474
600927.2197984398
600930.0584509356
601563.4245371679
602877.594113647
604206.7876435486
607607.1852627236
613445.858846721
614663.3822079937
614864.585456796
614874.0696368401
626576.8931608585
628715.9773531277
645827.9907395381
657473.1775151094
677746.8666478198
680147.1233734977
683085.2277294295
694652.791662528
706910.2086660197
706911.495961919
707322.6879789729
707323.5021661229
707877.0834129234
707878.1836658288
710777.5316131695
740342.33941274
740452.3867083336
740490.361937362
740548.7193514621
779910.6796353884
787746.1527059345
787747.3299765432
787918.8318981655
787919.5250574959
794124.962446229
801962.6800327019
806794.880767732
806797.1912988333
812879.7194355092
816134.7736458866
841427.6845024794
873211.0422604085
873514.6680521703
873515.5262494364
873616.9805698394
873617.2556330657
873720.8829529566
873721.3615629704
881016.4784266383
882008.0813575898
908472.0023838812
914532.9985711994
934441.6567975
938665.6377264496
939229.0772392821
944042.1115687009
944181.865692739
961569.7674951673
974603.4074221227
1003998.1381275835
1004047.550485563
1022040.7014112271
1022042.8248993345
1024172.617455818
1031172.0413511717
1046755.0607813323
1046755.6494166367
1047350.8422283179
1047351.5518914418
1056510.1836047035
1066936.3946851674
1067103.6826381618
1069205.6112898174
1069792.7777565536
1072367.721636015
1072394.0781943626
1076565.8576242176
1076658.0918252738
1076723.072761864
1076991.8095339972
1077003.505222381
1077003.505222381
1079661.6942366613
1081681.522016519
1081692.332001314
1085635.8694672177
1086183.0472421092
1086224.7908373384
1086992.5253096372
1087013.1000389673
1087035.1271021327
1089005.856096089
1089491.3316880479
1089762.588039334
1089764.3044338664
1089982.616615347
1089984.140465621
1090171.8381100101
1090288.4649179778
1093180.8702694857
1093189.8428319287
1094149.0213097595
1094160.5959703238
1102796.0299207666
1115028.003575822
1126725.6063998044
1126854.4900251378
1176197.4220463177
1183650.9203157115
1183780.3650700264
1183850.4511800976
1183857.3497658141
1194305.4118689783
1200220.398994491
1206134.049312724
