22517.775961002146
23376.00073350194
27636.713605696867
57929.96584631607
57941.325957563866
57942.94883059926
57946.19457667006
57951.06319577626
57952.68606881166
57955.93181488245
57960.800433988654
57965.66905309485
57967.29192613025
57970.53767220105
57972.160545236446
57973.78341827184
57977.029164342646
57978.652037378044
57981.89778344884
57983.52065648424
57988.38927559043
57991.41497108016
57994.440666569884
57997.46636205961
67185.62336203668
82450.94476577603
124860.11048372925
158717.31293790447
195409.2564888179
195521.12470296992
195545.66034275937
195598.99510234644
195684.21519113073
201308.76305595244
230423.14932112867
230501.08573567952
230821.67192597743
321358.1277363061
322713.1662069545
362084.088050795
396902.6694886116
398911.1316559571
428440.25275254244
429704.6523888477
489852.50804177905
539614.0202782722
539697.5954889631
603113.9229364527
603204.1656797499
649585.4864416751
649599.7457193285
676303.4778688713
676420.5282742075
676421.5900182611
676424.7752504222
676426.8987385294
676430.0839706905
676432.2074587978
676435.3926909588
676437.5161790662
676439.6396671735
676441.7631552808
676444.9483874418
676446.631774387
676449.1568548048
676451.6819352226
676454.2070156403
676459.257176476
676463.465643839
676466.8324177293
676484.5079806539
677854.9774983
923847.9047058733
1024849.9661519419
1067123.2781424064
1142696.6410195676
1178647.2451653818
