373629.7459485479
374147.50296074996
374180.46653779445
374201.65740875155
374272.4806882693
374832.9220119347
375280.2903445167
375370.31303723285
375436.4162317866
375888.6091733586
375894.6385592799
375953.623117536
375953.623117536
375953.623117536
375954.9544235515
376236.91623560694
376277.2790134399
376289.5633371282
376366.7185721162
376409.36987599236
376410.71218453685
376417.42372725956
376428.1621956158
376564.42851794406
376611.8384156358
376613.312754529
376782.1685679139
376783.5878941618
376797.7811566409
376799.2004828888
377458.6205579199
377460.0783930195
377830.0604375034
377831.29272075737
377990.54332627845
384973.8430153042
385758.7469341911
385786.22024923784
385793.9055157817
385824.5640629895
385834.1362632661
385895.6404006754
385902.50597880484
385926.5355022578
385953.7722629299
386662.1645947784
386733.39496787114
388275.72949059814
388320.3337433813
388321.5880316934
388327.85947325395
388329.11376156606
388340.402356375
388340.402356375
388341.6566446871
388498.12361035764
388536.20886467653
389707.1915280526
389708.8804162623
389921.70783700974
390355.18547666166
390498.81799219124
391289.5862590637
391336.31399995415
396287.9471878605
396302.5915540308
396318.748767946
396545.06528931303
396545.06528931303
396871.1307390796
397854.3112340406
398224.1612481758
400738.64623048774
400748.23493455787
400783.8501211042
400792.06901030726
400806.21276140556
400818.37055600976
400852.41238090146
401024.6349681767
401029.1570076177
401077.3920949885
401494.1678955371
401500.1532713422
401537.8259308216
401705.8015418822
401717.21116451075
401723.86769458815
401733.18683669646
401751.8251209132
401755.8190389596
401770.4634051299
401771.7947111454
401786.4390773157
401787.77038333117
401791.7643013776
401791.7643013776
402038.4850128745
402044.8664797255
402052.5242399468
402055.0768266872
402168.24884053215
402270.0112317484
402280.08954836143
402292.45639101765
402292.45639101765
402297.0939570137
402303.2773783418
402312.55251033395
402468.2988103515
402468.2988103515
402483.1027131931
402490.2543570779
403912.6558118568
403936.949396007
403974.82010100933
404092.4151315337
404212.0676349911
404213.3054195096
404213.3054195096
404215.78098854667
404268.0044926994
404268.0044926994
404274.6610227768
404516.34257596714
409618.05026016396
413148.9048663269
413162.63602258574
413438.2658791708
413495.7981035919
413495.7981035919
413509.4632446764
413511.7407681905
413512.87952994753
413515.1570534616
413516.29581521865
413518.5733387327
417271.8825785649
417359.3526845407
417475.9849937729
418398.4975435326
418497.4047784595
418497.4047784595
418497.4047784595
418497.4047784595
418497.4047784595
418497.4047784595
418497.4047784595
418621.3097593961
418678.20933839655
418678.20933839655
420377.50043933705
420404.8307215061
422164.11861337576
423232.87127805076
424429.9299352837
428101.6719259774
428110.18788346485
428142.93140992825
429159.3890540117
429169.5553908572
433162.1311287525
433190.6276790012
433190.6276790012
442377.6184108986
442441.3670642349
442444.24972684693
442497.73302057624
442498.2446381772
442505.4072845911
442508.476990197
442921.1378448796
442978.5710465391
442978.5710465391
443217.92006357014
443224.2905278922
443259.6306512122
449019.36108925036
449100.438725846
449158.6311020102
449164.37442217616
478717.0024220845
482342.4127629337
482371.67949021613
495655.02181404195
495702.5307344952
495702.5307344952
499943.74162394274
499948.24715959013
499951.2508500218
499954.2545404534
499958.7600761008
502665.98736237286
505795.39269095886
505852.33077881095
505963.36830201943
505964.4575523957
505985.5163930042
507810.0932922776
507833.61119812954
507842.27568975923
507866.2226942443
508074.07147059496
512093.7354350202
512115.2453793199
513721.5045958481
514491.73664224206
514507.34923096903
515657.4986055823
515663.90207749145
515687.91509715084
515689.5159651281
517004.10913897573
523154.0827787498
523191.6289091451
523203.59415949084
523210.6082717625
523215.28434661025
523216.68716906453
527998.7163716104
528299.4815058184
528348.4207550486
528348.4207550486
528383.9039112462
528489.1210965854
539110.0329311808
539571.5065060094
539580.6166000657
539580.6166000657
539583.6532980845
539584.6655307574
539585.6777634303
539585.6777634303
539586.6899961033
543519.1864241016
543586.5219019094
543597.5189296984
543717.0394028072
543718.4697315842
543744.2156495695
543761.8747087003
560226.3342476638
560271.6426623064
560286.7106258452
561491.7791242292
567353.6130318843
567363.1632271028
567394.2013615629
567452.3332238175
567453.8075627106
568192.8254341796
585252.0926963072
585256.0756118246
587166.9893565812
591722.7350453472
591756.380779193
591756.380779193
591762.960291567
599041.5513565965
602415.3338579909
602833.8700631881
604090.997027789
607581.2412992152
608493.7965601815
608498.8027109009
608504.1664438145
614976.7012278517
616283.1415276707
616284.1482590791
616338.7483095073
616353.9978147754
616370.0174970774
616384.0347190916
616391.0433300987
616420.7171509562
634703.4711451035
645824.9540415193
645835.2083985972
649631.7960864616
650036.6286417225
650089.8203684319
650091.4322389383
650138.4570481131
652571.5068116351
659923.5782669489
672661.6352508806
674960.9272686986
692826.5808876902
695145.8589995338
695148.2850571902
695153.5827749295
695154.8370632416
695155.2551593457
695157.1365918139
806782.1728466753
806785.638643327
806819.1413442951
806821.1383033183
807626.0778276117
815787.8859098862
815793.4751946455
815796.2698370251
816211.670321442
816270.0057304838
834280.0895483615
862312.652144347
873252.3017443593
880971.8961789133
880995.5791227011
889173.8964998204
908478.8239518945
918551.8373459454
940805.7121463337
945887.6427845567
945930.8387136209
945983.9809289497
946325.708478824
946327.045286104
961579.6972776381
993355.8648828306
1024163.7054072845
1024168.6565453587
1036077.3813980853
1056454.6318355121
1069222.0490682235
1069242.5962912308
1069243.9661060981
1073006.242407109
1076978.534982694
1076987.6175704277
1076987.6175704277
1102810.5532591173
1116306.519456903
1126669.8895926771
1126732.4059627596
1183905.6398658303
1184052.2375629398
1184061.0395861827
1184094.0471733434
1184096.247679154
1184120.453243072
1184363.3725807806
1184363.3725807806
1184374.3476035115
1184455.5627717203
1184479.7078217284
1184494.7427776803
1184498.9127361914
1184500.997715447
1184503.0826947028
1184507.2526532141
1184509.3376324696
1184511.4226117253
1184513.507590981
1184515.5925702367
1184519.762528748
1184521.8475080037
1184526.0174665148
1184528.1024457705
1184530.1874250262
1184532.272404282
1184538.5273420487
1184540.6123213044
1184542.69730056
1193839.7133229931
1196309.0769336564
1203808.6868023134
