2072.1503067719036
2129.9135843030585
2167.8282994216033
2229.4424621215016
2290.4734907815614
5979.8030241673605
8468.591599874693
8471.661305480635
8520.90862552434
8521.596283590186
14157.663796330962
14161.59169920308
14191.050970743969
14193.01492218003
14196.942825052147
14200.870727924266
14202.834679360325
58237.530543479086
58303.5457178004
59201.99023525546
59201.99023525546
59353.71511090396
65058.71346816525
74546.66187852902
84260.36568127813
84321.61676051926
84321.61676051926
85045.67119247549
87607.83563444097
99274.77440995118
99311.46784434478
99316.25394448308
102442.50154723064
106674.89390964173
106683.00827481873
106696.91547154242
106709.08426867565
116331.36255625424
116351.52469074489
116353.21908021913
116353.21908021913
116356.60785916762
116358.30224864188
116507.2599882334
116509.08090679176
116516.36458102522
116521.8273367003
116521.8273367003
116525.46917381702
116525.46917381702
116525.46917381702
116527.29009237539
116529.11101093376
116530.93192949212
116534.57376660884
116538.21560372558
130532.52485119842
130673.28570664507
130673.28570664507
138347.04360516203
138354.77288182214
138357.8645924862
138360.95630315025
138362.50215848227
138367.13972447833
138410.42367377502
138416.60709510313
138419.69880576717
140804.8380565255
142444.57246769918
142469.3556643923
142486.84968558745
142502.88587168301
142630.33916823936
142631.3954110285
142666.6475141161
148083.5886582263
148096.29657928317
148276.2209368959
148276.2209368959
161225.52647865587
161231.2257887056
161248.32371885484
163896.09333812149
163970.8995331566
163970.8995331566
177577.84824150553
181300.31189113608
181301.33512633806
181303.38159674202
181308.5307803391
181310.59375453662
181313.34438680002
185788.74960841693
200362.19897768166
222040.8725616791
253254.35982854394
253259.03040212716
253387.4189136531
253388.86574622363
271869.3351874632
290002.619824418
290280.2631438199
290280.2631438199
290283.3218468968
290304.732768435
294476.47368943837
294489.45667372155
294517.04551532335
314048.4930355519
314074.13993077574
314074.13993077574
314079.635694038
314081.4676151254
314086.9633783877
314088.7952994751
314094.29106273735
314096.12298382475
314105.2825892618
314107.11451034923
314110.7783525241
314118.10603687377
314119.93795796117
314121.7698790486
314129.0150444303
314130.7644465499
314132.51384866936
315686.98416094255
316682.2069239527
323824.8397374674
324107.28015953663
342759.3890540117
342774.63855927996
342913.9470808915
342913.9470808915
368539.7229502059
385787.6175704276
398998.2441797385
399078.8377050558
402551.0433300988
402591.7251812743
403055.4817808816
403055.4817808816
403185.0805706034
403288.95544739795
403384.9800197128
403384.9800197128
408523.33162692253
408654.8118491125
408654.8118491125
416332.2775999205
416335.7543991014
416435.54733761714
416435.54733761714
428849.85490414815
430591.70378746785
430598.47034283576
430694.769978377
430694.769978377
432044.5107312862
447928.25128553854
450157.27565155603
450170.74274711753
450174.1095210079
450232.6209705147
451766.0324421794
455447.7317216666
455457.5129699952
455458.91029118496
455463.1022547544
455464.4995759442
455467.2942183238
455474.2808242728
455481.26743022184
455489.6513573606
455517.59778115666
455524.5403769894
455525.893688063
455527.2469991366
455562.43308704987
455563.7863981235
455565.13970919704
512739.3968474698
512807.12841632345
512807.12841632345
513028.5873211134
518319.472489857
521068.25082709984
531754.5947019766
531865.4396809266
531865.4396809266
537137.9121172992
537194.6521596283
537194.6521596283
543438.7634379847
543478.5045729262
543479.6268308896
551353.0146165543
551359.1320227081
551360.6613742465
566078.3043880225
566089.5269676571
566101.4922180029
566102.6749898761
566106.2233054959
566110.9543929889
566114.5027086086
566115.685480482
566122.7821117215
566126.3304273413
566129.878742961
566133.4270585808
566135.7926023273
587010.0107733097
587146.1340627603
601853.3906891098
601857.4176147433
601922.1124855784
601922.1124855784
604864.1172380596
604870.6527403174
604870.6527403174
604934.3133734212
606155.3795490492
606158.3062217773
606158.3062217773
606159.0378899594
639097.3256213755
639109.3733906891
644316.6393386257
644321.832532339
644347.7985009054
644347.7985009054
647797.6634907051
647809.1941411532
658807.7732867763
676088.5764713973
676096.2782417347
676097.8185958023
676099.3589498698
676102.4396580047
676105.5203661397
676107.0607202072
676110.1414283422
688296.6966434646
688340.750769795
688340.750769795
689230.0081754903
689254.4667975764
702238.7273741395
702243.9260691173
705439.4951061667
731639.658004722
731706.6359003355
731706.6359003355
731718.3425912485
731725.659273069
731727.1226094331
736287.8689476539
762551.7309881647
762565.5061545396
762730.4120599944
762731.0722117376
763420.35315062
770526.8041473422
778157.3441117369
782156.268308896
782188.0546153317
782188.0546153317
790822.168262288
790844.8004645512
790902.9158230121
793371.5532667579
798167.4346533822
798171.7586473002
798174.6413099122
798176.0826412182
798177.5239725242
798178.9653038302
798180.4066351362
798180.4066351362
798183.2892977482
798183.2892977482
798184.7306290542
798186.1719603604
798189.5057266636
798191.1726098153
798241.1791043637
798241.1791043637
823686.2274314443
823698.8143246815
823698.8143246815
823716.1213028828
823716.1213028828
823720.8413878467
825418.2455550546
825423.438748768
825424.7370471962
825426.0353456246
825428.6319424812
830351.185446099
830363.1561977094
830375.1269493196
830376.6232932709
830381.1123251247
844912.2899777658
863253.7809732654
863257.411807853
863309.0686817595
863309.7783448835
865396.4189824188
865413.8469884397
873215.7018314627
873218.2434156741
875807.9361853315
875934.4982770345
875934.4982770345
887632.7172426439
887640.6500660916
930628.1252148931
932448.2460898999
932453.197227974
932455.672797011
932456.9105815296
932458.1483660481
932460.6239350851
932461.8617196037
932463.0995041222
943808.7479274749
943811.2400003056
943881.9477532683
943881.9477532683
946742.6493173083
946844.8628122158
946844.8628122158
952575.8381405727
952581.9995568426
952753.7930454847
952787.339756569
956592.1408323719
956592.883503083
956596.3492997348
956606.0040189794
956606.251575883
957070.7508462014
957070.9103828727
962087.3484669045
972940.8812720146
972942.806714599
972943.7694358912
972943.7694358912
972946.6575997678
972946.6575997678
972947.62032106
972949.5457636443
972949.5457636443
973026.6679910452
973026.6679910452
973314.5271586733
973338.4631606293
973339.7229502059
973342.2425293592
973343.5023189358
973346.0218980891
973353.5806355488
973353.5806355488
973356.1002147021
973478.2667960483
973478.2667960483
977358.8477907075
977371.8197724615
977376.1437663796
977377.5850976857
977379.0264289917
977381.9090916037
977384.7917542157
977387.6744168277
977387.6744168277
977390.5570794397
977391.9984107458
977394.8810733578
977397.7637359699
977400.6463985819
977402.0877298879
977404.9703924999
977406.4117238059
977407.853055112
977409.294386418
977412.17704903
977413.618380336
977419.0206221014
977421.001077331
977422.9815325607
977424.9619877903
977430.9033534792
977432.8838087089
977438.8251743978
977448.727450546
977454.6688162349
977456.6492714646
977462.5906371535
977466.5515476128
977468.5320028424
977472.4929133017
977472.4929133017
977482.3951894499
977486.3560999092
977488.3365551388
991648.9655330495
991651.2320540346
1029042.1607744559
1031891.3536931059
1031946.7184193033
1048175.1847125972
1048178.4854713132
1051528.4254922485
1071380.9268102597
1071645.559639056
1104646.1381887086
1122564.0428181756
1122589.0955768307
1122589.0955768307
1131325.345700991
1131327.359163808
1131328.0303180802
1131328.7014723525
1131328.7014723525
1131330.043780897
1131330.7149351693
1131331.3860894416
1131332.0572437136
1131332.728397986
1131333.3995522582
1131333.3995522582
1131334.158726763
1131335.29748852
1131335.6770757723
1131336.0566630247
1131336.4362502769
1131336.8158375293
1131337.1954247816
1131340.2321228005
1131340.991297305
1131428.7914791524
1131430.6619090915
1141329.2192024693
1141375.2317789714
1141376.354036935
1141383.0875847156
1141383.0875847156
1141386.630399071
1141387.8406772667
1141390.2612336585
1141396.312624638
1141398.7331810298
1141401.1537374216
1141401.1537374216
1141403.5742938134
1141404.7845720092
1141407.205128401
1141408.4154065968
1141409.6256847929
1141410.8359629887
1141410.8359629887
1160690.1880362777
1169383.5337983938
1169393.7001352394
