775920.2768969812
776100.0362166581
776332.6076757922
776435.0797301324
776532.6006463985
776538.4044804743
776583.6743862651
776584.8351530803
776795.5060781331
776796.3477716058
776840.9575256535
777543.3589804323
795336.0658317988
795356.5745459546
795360.4199298589
795371.9560815715
795468.0411677962
795468.0411677962
795469.0534004691
795716.8743648714
795720.2411387617
795732.5859763599
795740.4417821041
795742.686298031
795892.5297412113
795894.1526142468
796281.1115610602
796285.7821346435
797874.8939096418
797879.5314756378
797881.2698752283
797881.2698752283
797884.7466744091
797884.7466744091
798003.1448895545
798003.1448895545
798236.1784549088
798242.8459875152
798247.8466369701
798251.1804032733
798254.5141695765
798257.8479358797
798261.181702183
799259.496175857
799263.7046432201
802509.6597620704
803178.129417248
803178.129417248
803187.371541653
803205.8557904629
803221.2593311379
803241.2839340154
803280.0018337549
803362.2457384302
803896.9136377876
803896.9136377876
804173.2091473804
804177.3515995691
804188.3981387388
804200.8254953049
804456.469257864
804558.8477907075
804571.8197724615
804574.7024350736
804587.6744168277
804591.9984107458
804594.8810733578
804600.6463985819
804604.9703924999
804613.618380336
805537.5557576081
805589.1796239275
805611.3277149122
805611.3277149122
806423.2978552709
806429.2667272824
806430.4605016847
806440.0106969032
806447.1733433171
807062.1872110881
807149.1732057855
807191.1038440085
807192.2371045011
807196.7701464711
807199.8948647224
807200.8905936017
807202.8820513604
807202.8820513604
807209.8521535158
812254.3686916924
812456.265099825
812468.4999121325
812480.73472444
812485.3227790555
812494.4988882861
812502.1456459783
812505.2043490552
812509.7924036705
812514.3804582858
812515.9098098243
813413.661167949
813871.201338641
813880.6855186851
813925.7353738949
813925.7353738949
814841.734426455
818398.2469303708
818479.3465720245
818481.7781309454
818490.2885871683
818491.5043666287
818493.9359255496
818500.0148228516
818507.0949502976
818510.5277393623
818512.8162654055
818515.1047914486
818516.2490544702
818572.3179425271
818572.3179425271
818574.342407873
819593.0940792641
825392.2795864883
825396.1744817732
825396.1744817732
825397.4727802015
825643.6433652458
825661.4949686351
826287.1262769429
826290.1519724326
826300.7419066466
826302.2547543915
826552.419257482
826561.9694527006
826563.1632271028
826576.2947455283
827406.3805499736
827413.7742494976
827419.9356657676
827428.1435524416
827429.9479672064
827433.556796736
827444.3832853247
827448.8943222367
827450.6987370014
827455.2097739134
827460.6230182077
827462.4274329725
829570.2314351423
829577.9607118025
829937.2703031044
831011.4472146028
833814.4955264023
835677.6472925374
835697.5563688598
835709.2630597728
835722.6421351018
835727.6592883503
835732.6764415987
835741.0383636794
835742.7107480955
835746.0555169279
835754.4174390086
835915.6925098755
835926.3209529412
835927.8393019506
844609.2968314245
844613.7418531621
847075.6072402754
847234.0876687628
847235.1494128164
850946.2364474057
851948.0167177317
851952.9403494832
853453.415750426
853740.8953308017
853831.0775601892
853849.1712192177
853856.1303188441
853858.9139586947
853864.4812383957
853867.2648782462
853871.4403380221
853874.2239778726
853879.7912575738
853881.183077499
853889.5339970506
853890.9258169759
854662.0380656943
857319.9245104257
859687.2286615882
860935.2785397199
861015.8060498629
861100.0854224131
862000.4003698071
862001.6876657065
862008.1241452028
862013.2733287999
862017.1352164977
862068.2639690095
862095.0881348421
862097.4206710014
862107.9170837186
862125.4111049137
862143.4552525615
864560.1607591745
873223.3265840968
873225.8681683082
873230.9513367309
873232.2221288366
873233.4269057679
873234.2300903888
874180.3650700265
874352.5656522437
874385.7382773401
881089.4196929989
885686.1498024893
885693.1639147609
885700.1780270326
885705.7893168499
886817.2813056335
887175.3421098877
887175.3421098877
887193.2212195997
887201.4731163899
887304.5668136217
887310.2881287296
888063.6532980845
890397.2346976979
890416.7201766517
890418.4915838294
890426.1603465796
890458.5958022295
890710.5317124978
890773.0150749929
890776.4313602641
890785.5414543203
890793.5347916777
890795.8233177209
890817.5643151307
890822.141367217
891791.7942527067
891818.134307261
892019.0019789271
892019.0019789271
893472.639613689
893489.2259262372
893617.8179845506
893618.81371343
893621.800900068
893622.7966289474
893623.7923578267
893634.7453754995
893635.7411043788
893635.7411043788
893638.7282910169
893638.7282910169
893641.715477655
893645.6983931724
893646.6941220517
893648.6855798104
893649.6813086898
893652.6684953277
893653.664224207
893661.6905691517
894788.8116504558
895778.9347412495
896945.367858862
896963.7200773234
896968.3081319387
897695.2672315651
897702.6609310891
905575.905683876
905594.3294187762
905673.7291696911
905688.8026344945
905691.8173274552
907112.7279395473
909650.3732455168
912620.060361097
912637.6864126407
912642.0929255267
912646.4994384126
912656.8693220456
912656.8693220456
912661.4078652802
912675.0234949839
912679.5620382186
912681.0748859635
912685.613429198
912691.6648201775
912694.6905156672
912697.7162111569
912705.2804498812
912708.3061453709
912712.8446886055
917100.4277233169
926068.1930638222
931193.6552082457
931212.1284545267
931216.9475622522
931220.1603007357
931224.1762238403
931228.9953315657
931231.4048854285
931233.8144392913
931243.4086446259
931245.8071959596
931248.2057472933
931261.3977796285
931272.19126063
931285.3832929652
931287.7818442989
931296.1767739668
931302.173152301
931309.6823783801
936726.5850136386
938842.6244088052
952712.1154654298
952717.8587855959
952734.6101360798
952779.9570595741
952810.1590018261
952812.8436189152
955368.8301408171
979254.335989731
992758.3890463711
992758.3890463711
992761.7448177325
1053006.131159315
