652851.7577304228
652866.3635877414
652934.0401439498
652934.0401439498
653227.9617050864
653334.3781660923
656388.8342667655
656481.6295968032
660937.1807547429
662036.7570045615
662039.4306191215
662041.9446970102
662185.192124023
662474.1295394984
662474.1295394984
662475.4773493074
664762.9691547154
670626.2884037929
670638.2756591967
670677.7087233246
670677.7087233246
673076.7771758647
673106.9296067359
673261.8617196037
673263.0995041222
673837.5910573888
676015.7177240046
676018.259308216
676020.8008924273
676395.0464169194
676459.257176476
678854.8873386869
686396.0427570505
689209.411441102
690784.5224978798
690787.1410997945
690865.1050206679
690865.1050206679
702352.2074587978
702358.6769458813
702361.4495832028
702371.6159200483
702372.5401324888
702375.4503014234
704414.1804261951
704427.4934863499
704485.7518776886
704485.7518776886
705996.4266230641
711378.1926817901
711971.6635976742
711972.9728986316
711972.9728986316
711973.6275491103
711974.9368500677
711974.9368500677
711975.5915005463
713029.8428319287
714317.8318905248
719385.3767220104
720639.1919253662
720699.5958098702
720699.5958098702
721708.423200055
723586.433881677
724902.6609310891
724914.2245891243
724974.2323825824
724975.2996279006
730600.4966419365
730956.2854239412
731589.0738773983
739596.3294340575
739600.1253065809
739601.390597422
739603.9211791044
739605.1864699456
739606.4517607867
739607.7170516278
739608.982342469
740880.7756782982
761516.5690446902
761874.7453754995
761927.9316009444
761997.2145263946
762033.3358292774
762034.0729987241
762748.8963088043
764494.33751786
764963.7054072845
765040.8881485953
766409.4377249215
766451.6489276355
767220.3241161684
767655.9692540438
798142.9320211798
798145.8146837918
798147.2560150978
798151.580009016
798153.021340322
798154.462671628
798157.34533424
813058.62055792
813818.78529023
818253.5911796392
875979.4436082182
876727.9236546734
876729.0404113723
876730.1571680713
876731.2739247703
876732.3906814692
876734.6241948671
876735.740951566
876736.857708265
876737.9744649639
876740.2079783618
876742.4414917596
876743.5582484585
876745.7917618564
876961.5733616546
876961.5733616546
879462.6022509341
884554.462671628
884656.1810527281
885779.9188563483
885784.4573995828
885785.9702473277
885787.4830950726
885788.9959428174
885790.5087905623
887528.6003102103
887536.7201766517
887538.0734877253
887540.7801098726
887557.0198427556
887559.7264649027
887561.0797759764
887563.7863981235
887566.4930202707
887569.1996424178
887577.3195088594
904192.508194592
938224.4913240474
952737.4817961629
952751.5045194416
990993.3028216902
992062.1215015396
1022763.6885978653
1023878.4538390422
1024172.617455818
1024173.6076834328
1024688.3775089969
1024746.0472650311
1024773.5865952522
1037380.581453098
1052508.2777221708
1071619.1755743856
1071623.3345303677
1091204.8380565254
1104875.904002934
1141964.0541263304
1141968.9557530237
1160647.019613536
