48979.87606873524
48984.65116634448
49040.538512672014
49040.538512672014
49043.48719045836
52189.70438343813
52193.742311600785
52197.780239763444
52281.43246815762
52283.02783487038
52289.40930172144
62359.69406856715
71453.1302959222
73925.24453884886
89851.36133375102
100500.70920468523
101358.54338740364
113646.17883694099
114354.3896270601
115214.94143445473
115220.91030646628
115222.1040808686
115223.2978552709
115297.29536442057
115297.29536442057
115302.63159101155
170857.0413893749
170860.9032770727
180530.10184980018
191260.51085353646
191262.9424124573
191264.15819191773
191264.15819191773
191312.30525905607
191312.30525905607
280558.4944872745
393792.6286111599
543277.5983924083
544174.1064647499
545126.3258429541
551919.9199260386
551954.0607736917
553883.0021623026
553889.7797201995
555169.6159047671
555668.6026024037
555671.0451638537
597504.5970705766
597506.8415865035
597525.1277897905
597525.1277897905
597527.6033588276
598084.3038226148
598169.105815295
598169.105815295
606176.2513466637
606197.2111645107
606214.2430794856
613969.8157840448
699223.8198641493
699326.6880095355
699326.6880095355
702254.5710159766
702269.4244301989
702274.375568273
702276.85113731
702279.326706347
702279.326706347
702281.8022753842
702285.5156289397
716224.3391223955
775478.4593403067
825201.6167605192
825205.2640989005
825207.6956578214
825208.9114372818
825212.558775663
825215.1773775778
825217.9830224864
825219.3858449407
825220.788667395
844565.9578694826
897319.2613024244
912927.3499950335
912993.0075871606
912994.2013615629
913005.1543792358
913006.628718129
913008.1030570222
913012.5260737017
913014.0004125949
913015.4747514881
913019.8977681675
913021.3721070607
941716.9361012845
941947.2850495495
941947.2850495495
944033.507590981
952589.3932563666
952643.8832815044
970116.9171524844
970160.7292231756
970160.7292231756
970162.0550279266
970163.3808326775
970183.2679039418
970183.2679039418
970184.5937086927
970185.9195134437
970189.8969276965
970193.8743419495
992788.5909886231
992805.3698454298
992808.7256167912
1022316.0507033214
1049458.3436609388
