333343.0726090511
338431.7422963195
338442.63480008254
345153.12678122544
345201.6974457323
345201.6974457323
350512.9868046058
350513.3718931227
358725.86312548234
358882.31908862386
359071.667112371
359071.667112371
361015.46741646866
364827.678695589
364828.9659914883
364830.25328738755
364832.8278791861
366141.4906898738
366141.4906898738
366142.9320211798
366745.1884565133
366748.22515453206
366749.23738720495
366751.26185255084
366752.27408522373
369000.563879614
374155.7438550111
375356.6148885612
377009.1397397596
377032.05250651366
377038.791555559
377300.8497925565
377325.6825006303
377393.01797843806
377394.47581353766
377648.73325743625
377654.0804865563
379605.04893833236
379621.74527617113
379650.7094339046
379651.78218048735
380072.48588390806
380077.15095622675
380081.81602854544
380086.4811008641
380089.97990510316
380093.4787093422
380096.9775135812
380138.9631644496
380138.9631644496
380143.5292140068
380733.19325483846
381541.8406314229
381556.93610128434
381618.077155235
381620.09061805176
385290.35276858776
385304.9091145256
386691.27728665405
389302.7055524569
389474.9226384676
389489.8420678642
389493.5719252133
389497.3017825625
389502.89656858623
389506.62642593536
389510.35628328455
389517.81599798286
389763.7115198007
391771.6730720742
394566.74455030984
396271.2233436991
399541.90114533267
399544.23368149204
399546.5662176514
399551.2312899701
411133.2085361288
412377.25349368504
415719.117658295
415725.38909985556
415766.978659678
415768.1889378739
421868.6566981716
421978.61047226825
423194.9620641967
423727.0608730201
423728.5627182359
423728.5627182359
423836.849609181
424409.234178134
424412.6834709923
424421.88158528105
424481.30074343475
424484.88756790623
424486.680980142
424488.4743923777
424491.1645107313
424492.95792296703
424495.6480413206
424497.44145355636
424501.0282780278
424985.3816120233
425328.0663819253
426386.9937881555
426390.31655192963
431516.8514429359
431524.6247297122
431534.98911208066
431539.30760473415
431544.4897959184
431547.0808915105
431551.399384164
431553.99047975615
431682.5330266888
435217.6346090664
446398.7622154815
447897.02610808454
451047.05567738134
452721.2555108153
452722.65833326965
452728.26962308696
452735.2837353586
463074.1457376661
463525.8270616371
463552.05158963625
463557.04673782655
463560.7160812659
463568.9184666753
463571.2620053637
463587.6667761826
468648.46705735836
472317.3813980852
472324.24697621464
472852.59942389536
472852.59942389536
476842.6060712566
485872.5412021791
485894.0731515369
490972.6205120761
498463.11478541244
521193.8997088914
527162.854239412
527170.7100451562
527171.4582171319
527172.9545610831
527173.328647071
527174.0768190466
527175.9472489858
527176.3213349736
527177.0695069492
527178.5658509005
527178.9399368883
740059.3488642181
1205350.273153065
