99325.82614475967
99348.16127873838
99351.35201216392
179723.40742212272
208152.7487221021
208157.61734120827
208157.61734120827
208160.86308727908
208172.36073014006
208179.40234873432
208182.92315803145
208184.68356268003
208186.4439673286
208188.20437197716
208189.96477662574
208191.72518127432
208193.48558592287
208202.2876091657
208204.0480138143
208216.37084635426
208221.65206029997
208235.7352974885
208239.25610678564
208249.81853467706
208262.14136721706
208269.18298581132
208276.22460440558
208281.30777282832
208284.6965517768
208286.39094125107
208298.2516675708
208301.64044651928
208305.0292254678
208313.50117283902
208316.8899517875
208325.36189915874
208354.16652022096
208354.16652022096
208371.11041496342
208374.4991939119
208377.88797286042
208388.68145386197
208392.27928086248
208401.27384836375
208404.87167536427
208410.26841586502
208415.6651563658
208417.46406986605
208421.06189686657
208422.8608103668
208426.45863736732
208433.65429136835
208437.25211836887
208442.64885886962
208448.0455993704
208449.84451287065
208453.44233987117
208458.83908037195
208462.43690737247
208467.83364787322
208480.426042375
208491.12050061507
208494.65231244126
208499.95003018057
208501.71593609365
208508.77955974604
208529.97043070316
208531.73633661628
208537.03405435555
208540.56586618174
208544.09767800794
208545.86358392105
208549.39539574724
208552.9272075734
208554.69311348652
208558.2249253127
208559.9908312258
208561.7567371389
208563.52264305198
208567.05445487818
208568.8203607913
208570.58626670437
208574.11807853056
208593.4605246067
208595.1439115519
208596.82729849708
208600.19407238747
208601.87745933267
208603.56084627786
208605.24423322306
208608.61100711345
208610.29439405864
211284.5911108734
211287.0391735878
211289.48723630223
211291.93529901665
211296.8314244455
211301.7275498743
211304.17561258873
211309.07173801755
211326.81881738096
211332.12203638477
243092.42949594665
260613.45089739375
260693.02118750906
260716.21451875396
309933.43714423245
309937.8436571184
309948.1255205189
377128.3246357322
402721.61003675155
402730.69812574977
402731.99642417807
402738.4879163197
402738.4879163197
402746.2777068896
402747.5760053179
402750.17260217457
402755.36579588783
402760.5589896011
402764.5694114411
402765.9062187211
402769.91664056113
402771.25344784115
402772.5902551212
402780.6110988012
402784.6215206412
402785.9583279212
402787.29513520125
402792.6423643213
402802.0000152813
402807.34724440135
402807.34724440135
403705.91829094046
403707.5906753566
403709.2630597728
424976.7116191291
425029.2596978889
425030.3654520588
450218.097632164
450221.7284667517
450244.72375247366
450302.26697942376
450307.13559852995
473181.18995407975
522699.9808983871
522730.6229418012
587168.2161385707
587182.9375224444
587185.3910864233
587190.2982143812
587192.7517783601
587197.658906318
587200.1124702969
587379.6517393929
604917.3969850014
620843.2497192062
620857.8610777895
651071.0039043697
651073.5564911101
651074.8327844803
744303.3323909871
744307.6893924923
744309.1417263274
859081.1598499378
893023.224810703
896647.056288633
896653.6908136522
952626.554298245
960916.1512542119
973377.5166375049
973381.2960062347
973387.5949541179
973387.5949541179
973846.3344004768
973846.3344004768
991680.69682684
