4167.620473872814
4193.085827367262
4199.687344799394
4207.312097433508
4387.247457575318
6346.533821315872
29447.55384744688
29922.780583592474
32103.542355916532
32253.4738193293
32262.09980210729
32875.01218682906
47007.5682118598
48251.00803031807
48392.53356153393
48401.39059742204
48402.655888263194
56347.54360898235
56740.37790631041
71113.22916587077
74856.87268392944
81841.56969414499
84378.87392171395
84453.17950167712
84453.17950167712
88658.19207053843
88789.35321938584
88794.72245356398
88800.76284201437
88813.51477318745
88891.74275475822
88891.74275475822
90657.50563497581
93920.07457269692
101634.2117528404
115319.70751610266
124121.96181205541
124389.20224023717
124476.10021470214
124557.14484371062
124571.11805560863
124587.88590988624
124593.47519464545
124607.44840654347
124621.02552739554
124623.72114701367
124637.19924510426
124639.89486472239
124842.97404472834
124845.42210744276
124855.21435830042
125296.20672529588
125296.20672529588
148323.81787758158
148427.06561022013
148427.06561022013
159190.00909236778
161222.676823631
162104.5735373895
168228.68023135874
168613.42766983245
168830.77162875634
168848.8212776687
169580.8360393952
171139.33877856645
171235.0277737452
171236.43059619953
171252.20822286233
183224.79175421572
183268.77986537185
197808.39645779692
198716.91929186502
199720.3004301683
210237.93152453794
224419.5753329411
247843.30503747737
263336.1587420442
276781.4582935383
276983.49223328417
277047.7965143377
280088.98906623677
280185.299704307
281327.91234651854
286081.2689583508
286875.761581308
287116.2328563024
287163.3676907678
309918.748767946
310024.059474782
316588.08578916406
316653.5728420908
316653.5728420908
316655.4817808816
316657.3907196724
316659.29965846316
319970.02666585165
320222.29815325607
320230.28598934895
337454.8057365964
337501.74252553884
355287.89186958945
357913.37036499364
386609.77055142535
399041.70416950004
402889.0355213594
408231.12095905375
408322.7500210118
409588.277416545
416291.1666501119
418276.43548621243
425186.8984329037
425215.4554970622
427468.3058397451
429029.2291353082
435250.2075963294
447404.8334721384
448689.18619488226
453875.107236455
454078.7145378556
454095.1138074099
458219.763904064
459155.42447604274
466341.9023678359
473712.92017817986
473874.38229204074
473903.14840425126
473967.00158161356
505584.5292216475
512904.58881867985
521543.95617325924
522994.3920720666
535361.4547788415
558177.3442645497
558231.9058061263
558713.9486090206
558713.9486090206
558798.2829942161
559700.6334094851
559844.0458744336
571819.1489849404
573296.1229838247
593374.4677144538
608837.8181373635
608882.7084559021
608952.0188876749
608952.0188876749
609290.1541118132
618566.6559188258
628558.7292078943
628584.0790348337
628644.0208131175
628849.977154471
628873.0164503091
628874.9198878353
630422.7996852054
639081.6635212677
639159.5779307605
653087.0633180266
672922.3126704819
677342.0726014104
677342.9858113219
677344.8122311448
677345.7254410562
677347.5518608791
677348.4650707906
677349.378280702
677351.2047005249
677353.0311203478
677354.8575401707
678495.0496259904
683570.7363289755
687536.6419364451
687610.2873646651
687610.2873646651
687631.0326331955
689320.746032595
689435.0072968161
690263.0136232703
692055.8262211662
692273.0216459477
701544.7098464994
733804.1470365757
735518.1210125382
735632.899395625
739616.5740875159
739669.7493104318
760894.1999862468
767532.6804147343
772356.700769413
775490.1055173099
776943.1325117092
777081.6158436418
777735.4411326492
782104.3528755568
782113.7050252524
782114.1726327371
782114.6402402219
782115.1078477066
782115.5754551914
782116.0430626762
782123.0571749479
782123.0571749479
782123.9923899175
802839.9006716127
802874.1295394984
816972.2751549141
825364.1791272855
825365.3618991587
829105.1930409003
856613.0725326446
865379.2550370953
868121.8554542746
868150.2089716456
868402.5519754888
872770.3359591684
874351.6414398032
880667.9403112798
887683.5379243423
887700.7018696659
887714.4330259247
887714.4330259247
887716.1494204571
887717.0076177233
887717.0076177233
887717.8658149894
887718.7240122557
887719.5822095218
887720.440406788
887721.2986040541
887722.1568013204
887723.0149985865
887723.8731958526
887724.9294386418
887727.04192422
887727.04192422
887729.1544097983
887730.2106525875
887731.2668953766
887755.5604795269
887900.9589009696
910576.8247006778
915229.0790730369
915248.6030608425
921130.6981257497
936275.6133527914
946304.9136989127
946361.8022753842
946453.0682538834
946456.2534860444
948114.2796017695
948196.567516561
948197.7337846408
952573.9897156917
952731.7384759969
972913.9250758335
972957.2475339818
974862.120890288
975365.4645894299
978200.1121646712
978319.5996301927
978455.8384461984
979758.1142887706
980331.3625562543
981477.204440743
982306.7181136776
1195502.459523682
