4201.799830377677
4209.540109566852
4361.297992802512
4370.765669053095
4371.35430435746
4371.942939661825
4372.53157496619
4373.120210270556
4373.708845574921
4374.886116183651
4375.474751488016
4376.063386792381
4377.829292705476
4379.006563314207
4379.595198618572
4380.183833922937
4380.772469227302
4381.949739836032
4382.538375140397
4383.127010444762
4384.304281053493
4384.892916357858
4386.658822270952
4387.247457575318
8001.73228707432
8009.7201231672
8010.446290084734
8010.809373543501
8011.535540461036
8012.2617073785705
8012.624790837338
8013.350957754872
8013.71404121364
8014.440208131175
8014.440208131175
8057.174030975175
8057.174030975175
8062.191184223595
8063.863568639736
8064.699760847805
8065.535953055875
8066.372145263946
8068.044529680085
8068.880721888156
8070.553106304295
29411.091466163398
47015.952138998604
47029.43023708921
47040.790348337
47585.81162753381
48289.54988959267
48324.24636496305
48325.418134307256
48326.58990365146
48326.58990365146
48327.761672995664
48328.93344233986
48330.105211684066
48331.27698102827
48332.448750372474
48333.62051971668
48374.819489757705
48374.819489757705
48378.61536228118
49070.02529053554
49083.29434057412
85439.64425156062
92072.28783838508
107690.69140198198
107749.41740080532
107752.44309629506
107753.95594403992
107753.95594403992
107755.46879178478
107756.98163952965
107758.49448727451
107760.00733501937
107761.52018276423
107763.0330305091
108021.61996959023
130716.32760030257
134464.74071470593
134501.82473888094
134515.24782432627
135698.94391002378
140981.67620473873
141008.63790218448
168508.02344149936
169655.26814844247
169709.5326217346
171007.18190083973
197799.28636374057
212908.8394624042
212914.3847370472
228099.64623812836
229015.5517691914
240721.21394570556
258757.02717777487
275996.8569442004
276971.9560815715
277045.7720489918
280134.93012629985
280212.41543715954
280258.11444158346
286082.4517302241
286947.18449865904
287172.3457544755
306927.51319921453
306929.87874296104
309961.3450591768
316467.8446504023
319100.18872393586
319103.4564750648
321310.1457071035
337447.1699814332
337461.7593349582
342481.21211195074
355254.96130013216
363454.88214304816
366835.27716440376
366840.3383277684
374096.4402234125
386533.4129997937
386596.6115266773
386615.8439474629
389670.03598743875
389673.4137638582
402850.1855912713
405029.4070095279
405549.59007938625
405551.2624638024
405588.0549209575
405589.72730537364
405624.8473781126
405626.5197625287
407156.9935589361
407180.59398375597
407496.6196257612
408143.3097746774
408702.69485555356
417411.0865761505
418239.59351767664
427524.7653175834
429034.59836948634
435243.02844612196
439028.70162516524
445393.8242193171
450922.09445365565
451744.81956616417
453459.06310408853
453673.52440040035
453847.14981012995
454024.0924823692
459207.11435753637
459275.22551364236
465431.5916227966
466185.10532629373
466222.26636817213
466290.09695978725
466451.63609135157
471693.5875121295
475288.955447398
484709.28781546315
505848.03979248006
517070.70194607234
519177.2076498139
521531.8919001521
521545.0949350163
524065.42226025567
524077.39301186596
524107.3418959497
531781.792953797
538345.912789676
540930.2913378006
553990.4803673623
553999.4749348635
554091.120500615
554099.9500301805
555128.4224359904
555132.1412908105
555220.0294928905
555806.1232130441
555819.7553465414
556221.1826190603
556232.5482315727
556247.181595214
556642.5904843406
556658.7642020492
557527.3918657692
557560.8725616791
557572.6892778827
567210.6956807433
593422.0041412297
599013.2198442837
599055.1504825067
599058.5502639844
601731.4166520222
608839.7985925932
608880.2878995102
615256.5010429481
617730.612244898
617762.9321739927
618004.8612840868
628562.9541790509
628700.9589009696
628818.8950098946
628877.7750441247
653057.2244592333
660746.4079034834
690042.8365131152
692049.026658211
692329.2060605597
697894.0487014723
697896.9753742005
697896.9753742005
714185.0753749646
726495.9481658632
733696.4322771415
735473.285706645
735505.5671268882
738618.8647529398
742972.3344463207
742985.3889470426
743015.2278058359
743015.2278058359
764150.8770696598
768352.1982900236
776321.6491568548
778177.0606438008
800380.7088990594
802845.7870246563
802879.8508546061
811967.6647896148
817859.0239839852
819194.3294187762
826106.9598636909
833747.8312028669
863414.4509050344
868142.4521886628
885743.6105104715
893719.9324566966
897291.5019216222
902926.7057358323
913094.7424720543
913764.4829193377
915218.5661565262
946236.5329808448
946313.6772133039
946455.1917419907
946456.2534860444
947300.5215504398
947947.3382284399
948092.1370120493
948576.8589307681
972931.2540590927
975373.6284659876
980213.1788904255
980339.6639644251
981481.7924953583
1034413.309392645
1120932.422772179
1204508.9097563399
