644533.3121432774
646979.6364581025
647002.5932349727
647021.5891013837
648792.5121677275
648809.3460371793
651044.2017435953
653273.6662107748
660784.1685831952
662491.6510670162
670627.5591958986
673271.7639957519
673749.9339084193
673838.949869727
676025.8840608501
686452.2051666043
690708.2144576288
690725.4884282429
690779.939944529
690779.939944529
694363.4471534776
702380.7590216919
702386.0677419602
704502.0576257459
705997.763430344
711376.9658998005
718478.1301813126
724860.4112195234
724865.6924334691
724872.029890204
725277.0989998395
725363.7329136071
725370.8570511694
730996.4886651029
731581.3996133833
739614.0435058337
739617.8393783572
740379.737008993
762042.1213487267
766378.2455550546
767390.274681194
877561.2992153057
878541.338488222
878542.8458347023
880304.9393714805
885616.7238441614
885618.6822943329
885619.6615194187
885797.8914875572
885801.8854056037
887590.8526195952
887597.6191749632
887793.1616225675
890018.720191933
890019.8699562191
890026.7685419356
890030.217834794
904163.863110201
904181.3296250735
941332.0401286685
947990.7762131435
948005.5636121915
952723.123495748
952746.3553358446
990996.3945323543
995920.8734785566
1003482.9997172961
1091072.620664889
