32.34743541744665
47.77848241505513
964.6962461510251
1445.4847607331965
1448.1913828803706
1449.5446939539577
1450.8980050275447
1452.9279716379253
1454.957938248306
1456.2122265604107
1457.367492111034
1458.522757661657
5981.332375705804
5982.141061591241
5983.488871400301
7943.385875503327
7957.117031762161
7957.898211324963
7961.804109138974
7963.3664682645785
7964.928827390183
7966.491186515788
7967.2723660785905
7968.834725204195
7969.615904766997
12361.781492829252
15320.939188105041
15321.901909397227
16867.042077032984
16962.25796346243
16963.06114808334
18205.994850205152
18592.403670565942
18595.484378700938
18750.983121814803
18762.420250765972
19448.543463810085
20213.05969636076
20213.05969636076
27510.586113891455
30130.931929492122
30155.137493409937
30374.92401378372
30374.92401378372
44258.93840875923
58661.34796262196
63692.749486166605
63732.61164892764
63829.23035781141
63830.776213143436
63836.95963447153
63838.50548980355
63840.05134513558
63844.68891113165
63847.7806217957
63849.326477127725
63852.41818779177
63853.96404312379
63857.05575378784
63858.60160911987
63860.1474644519
63863.239175115945
63864.785030447965
64819.34244607615
64844.34569335035
64846.01257650196
64852.68010910841
64867.682057472935
64879.35023953423
64885.577670978535
64891.3650012607
64894.25866640179
64897.15233154287
64898.59916411342
64914.51432238938
64934.76997837697
64937.663643518055
64947.79147151185
64950.68513665294
65127.490277279016
65127.490277279016
70467.90333055724
70827.43847370471
70888.3319707516
70889.29469204378
70912.47702075963
70927.95757913799
70965.1681323971
72980.10528809052
73981.64350277737
77301.54111813202
78023.66460623936
78040.60850098182
78659.12667425637
78660.35895751037
78704.7211546543
78756.51556017391
82260.35345624585
82297.48699180159
82301.20034535717
82304.91369891274
82306.15148343127
82315.0140205839
84726.6308575096
84732.98481803804
87066.81927581965
87106.48339305772
87205.61617983022
87571.5382910933
87573.41972356146
87582.5298176178
87596.70107503877
93486.01379900519
93488.32433010644
93489.09450714018
93642.17269386227
93652.03095989425
93652.03095989425
94750.75451371114
94753.78020920086
94754.38534829882
129749.8544457094
129760.99450637613
129772.13456704284
129774.36257917619
129778.81860344288
131447.07156992337
131472.56993100498
131474.26982174374
131477.6696032213
131543.18966373522
131544.63099504123
131553.27898287732
161246.8988913424
172486.49393714804
172517.63659563413
172517.63659563413
203142.9726694122
226111.13165595703
226131.26628412504
226131.26628412504
239802.629298818
240959.61124397346
240967.07095867174
240968.3142444548
242335.02089716456
242340.95676158895
242342.72816876657
242343.61387235537
242404.35883526006
242411.79104363572
242412.8527876894
242414.97627579674
242416.03801985038
242417.09976390406
242418.16150795773
242419.2232520114
242420.28499606508
242421.34674011872
242422.4084841724
242424.53197227974
242425.59371633342
242426.65546038706
242428.7789484944
242429.84069254808
242431.96418065543
242434.08766876275
242434.08766876275
242436.2111568701
242437.27290092377
242439.39638903108
246066.01700807616
257629.4164839279
275655.28342973284
275989.35321938584
278395.2542424682
278399.64425156056
278401.1075879247
278401.1075879247
278408.4242697453
278411.35094247357
278412.8142788377
278414.27761520183
278415.7409515659
278418.6676242942
278419.9549201934
278421.2422160927
278423.81680789124
278425.1041037905
280118.5033504229
306919.2337961017
363227.05277393624
369225.9176796889
396413.6950924136
405546.245310554
405549.59007938625
417735.9472489857
417741.66856409353
417742.8128271151
417743.95709013665
419300.6884221304
419309.8480275675
419310.8657615049
424277.6109230664
424287.46918909834
424288.7014723524
485460.95859534375
485495.3414986361
485496.7168147678
485498.0921308995
485500.8427631629
485502.2180792946
485504.96871155803
485508.18145004165
485511.39418852533
485514.60692700895
485517.81966549257
485521.0324039762
485546.7343118453
485551.5534195708
485556.37252729625
553979.6868863608
554078.6271288748
554370.1446374132
555209.5990953477
555792.4910795467
556213.8329296525
556612.9386685413
557509.6667914639
567209.1223190887
573711.8700479069
573720.7600913821
573720.7600913821
575567.2430260011
575576.6006769611
575577.9374842412
575579.2742915212
587653.5486976521
587665.348910062
587666.4216566447
587671.7853895583
587673.9308827238
587677.1491224719
587683.5856019682
587688.9493348819
587691.0948280473
587694.3130677955
587695.3858143782
587717.9134926153
587724.7680682157
587726.7265183872
587736.5187692449
587739.4564445022
587740.4356695879
587742.3941197594
587752.1863706171
587753.165595703
587755.1240458745
887799.0754819337
887808.5376569198
887809.720428793
979395.5149412816
979458.9885313915
979458.9885313915
979461.1560296151
979462.2397787268
979465.4910260623
990453.6067665553
990574.3430191245
991870.220891052
1042514.790608119
1042522.1513000558
1042571.7672048227
1042571.7672048227
1042579.0563803207
1042579.6395143606
1042581.9720505199
1050562.1008717977
1050572.349727611
1050572.349727611
1050574.6272511252
1050575.766012882
1050576.9047746393
1050579.1822981534
1050580.3210599103
1050583.7373451814
1050584.8761069386
1071541.8387976682
1104848.8707890494
