630989.1658707662
631001.6317361839
633248.9092979011
633257.7113211439
633417.5010505887
633417.5010505887
634101.9573804812
634198.1414894674
634588.5772354618
634599.5357543991
634633.2475034192
634663.8785443043
634664.9347870934
635301.8821965327
637075.6549179013
637110.2028591294
637228.8981425592
637228.8981425592
637574.9276812935
637612.2042497268
637627.453754995
637634.231312892
637641.0088707891
638374.3274322083
638394.1319845048
638450.9050344211
638451.9612772103
638675.9507636825
638685.9850701793
638709.4094545344
638711.087340215
638711.087340215
638714.4431115764
638717.7988829376
638719.4767686183
640134.8971187128
640141.3886108543
640152.7487221021
640157.6173412083
640160.8630872791
640165.7317063853
640258.62055792
640258.62055792
640383.2847133613
640494.6523124413
640542.3317720948
640545.863583921
643213.5972921554
643225.8376057275
643440.8380259628
643440.8380259628
643467.3541209819
643617.445121066
643617.445121066
644112.6799562955
647028.3666592807
647033.4498277034
647035.1442171776
647043.6161645489
651040.3728634847
651987.1184834847
658468.8733868687
658488.4193797325
658495.527013501
658499.0808303853
658502.6346472696
658511.2221211959
658512.8504954958
658517.7356183956
658520.9923669954
658525.8774898952
658538.9044842946
662499.7379258705
664279.3639926956
664349.6701533478
670627.5591958986
670659.4005149795
671029.5751037217
671123.2451348192
671211.1553419571
671213.0257718962
671479.1769497016
671479.1769497016
671819.8152491996
673840.3086820651
673893.8579909687
673929.2861345211
673930.2983671941
673953.9978147754
675506.2016060636
676033.5088134842
676037.3211898013
676062.737031915
676065.2786161264
676348.2361570612
676552.8831974572
676563.0495343027
676580.6095706722
685744.0989005112
685778.0637076994
685794.0833900014
685813.7999220653
685822.4259048434
685824.8904713513
685844.6070034154
685845.8392866694
685849.8882173611
685862.0350094362
685863.0472421092
685892.401989624
685896.4509203157
685898.4753856616
686053.7045668137
686053.7045668137
686062.8311646635
688210.5688460333
690511.1976711313
690521.8426179907
690561.7652946614
690561.7652946614
690631.9669312877
690654.956715745
690695.726587153
690695.726587153
695721.6543524936
695725.8628198565
695769.5703665217
698290.2497726908
698810.8619411823
698812.9799280252
700273.8407231107
702079.608798967
702212.7338992505
702242.4407276951
702300.369043162
704503.7740202782
704513.2141902063
704535.3292736039
704535.3292736039
704573.8601303494
704684.5070637765
704699.2119438566
704735.1572062745
704736.7910818389
704789.289649218
704852.6312089793
704853.8524897043
706028.5099977842
709160.9135155373
711378.1926817901
713158.8254800236
713165.1629367584
718718.8490132106
719004.2711206535
719012.589032618
719013.9753512787
719018.134307261
719020.9069445825
719023.679581904
719026.4522192255
719031.9974938685
719038.9290871721
719040.315405833
719068.0417790479
719070.8144163694
719072.2007350301
719075.8315696177
719080.3206014716
719083.6873753619
719087.0541492524
721043.8099313106
721058.5973303586
721097.0346656071
721097.0346656071
725223.8907693366
735418.2840639064
735430.6068964463
735432.3673010949
735439.4089196891
735442.9297289863
735444.6901336348
735448.210942932
735449.9713475805
735451.7647598162
735453.558172052
735457.1449965235
735460.7318209949
735464.3186454664
735464.3186454664
735467.9054699378
735475.0791188808
735476.8725311165
735478.6659433522
735480.459355588
735482.2527678236
735487.6330045309
739230.6603809625
739622.9005417217
739625.4311234041
739626.6964142453
739629.2269959275
739630.4922867687
739633.0228684511
739638.0840318156
740492.0783318944
742880.0782402066
742886.2836665928
742904.8999457514
742906.4513023479
744490.997027789
762166.99455222
762188.9115900947
762245.4425843718
762246.2457689927
764889.2732982372
764895.0496259904
764899.670688193
764904.7593578802
764907.8125596925
764927.1495045042
770807.5776862599
770883.2860886774
770937.2259873624
772369.9698194516
772384.7132083834
772390.6105639561
839442.2231221204
839449.0226850755
960215.2186370618
960216.7039784839
960217.446649195
960217.446649195
960218.1893199062
960218.9319906173
960218.9319906173
960219.6746613284
960220.4173320396
960221.1600027507
960221.9026734618
960221.9026734618
960222.6453441728
960222.6453441728
960224.1306855951
960224.8733563062
960225.6160270174
960225.6160270174
960226.3586977285
960226.3586977285
960227.1013684396
992638.5329961262
992658.8656698171
992697.8366277248
992701.2254066733
1091142.1786535655
1091171.6654314292
