4972.196914707479
5009.831065335157
5009.831065335157
8611.954553442494
10603.445319722796
10898.010528809053
10899.237310798524
10981.442706622149
11240.486250659005
11241.283934015388
11304.977574706409
11436.83188288419
11437.83861429259
11508.469349551877
11718.243568486922
11718.243568486922
11829.462633424764
12163.103324444714
12164.121058382168
12215.007755254852
12478.353288151651
12479.492049908693
12546.513955638415
12642.467011514453
12642.467011514453
12696.203363412005
12935.398345036254
12936.993711749019
13032.231603236576
13281.460891357665
13303.774020278272
13304.63221754445
13328.529710648767
13379.526432811987
13429.63195012187
13431.188807982946
13438.973097288335
13442.086813010492
13443.643670871568
13445.200528732646
13446.757386593725
13448.314244454803
13452.984818038036
13456.09853376019
13457.655391621269
13459.212249482347
13460.769107343425
13465.439680926658
13465.439680926658
13468.553396648813
13476.337685954202
13484.507063776466
13515.550699501066
13517.18457506552
13520.452326194423
13523.720077323329
13697.81859580223
13699.039876527173
13752.990777741272
14046.351209896164
14046.351209896164
14165.5196020752
14460.596428762445
14460.596428762445
14548.875220623631
14951.556781454625
14952.954102644428
15024.52555413779
15362.088646765334
15363.106380702788
15451.511701648084
15710.208666019756
15710.85231396939
17154.307108092205
17668.895391926893
17670.06166000657
18012.41635403693
18053.59882028438
18282.792502998956
18284.415376034354
18337.970186202525
18848.718587397518
18850.005883296784
19618.9671375851
19883.1763690126
19948.2013157191
19948.2013157191
19972.736955508524
20528.518708119715
20537.166695955806
22390.51520870422
22390.51520870422
23142.389535372367
24620.029187264572
24871.392966022056
24872.42720375309
25048.20360791265
26557.07393852337
26558.102674989877
26588.398138738834
26628.44184322924
26793.53479167781
26794.679054699376
26859.979064632214
27230.20316475523
27231.6554985903
27840.315405832866
28072.721827031073
28290.53889470427
28291.826190603533
29121.059299047214
29254.8060422222
29254.8060422222
29299.360783624565
29567.30537366575
29567.30537366575
29592.237104501102
29722.22648400431
29722.991159773534
29742.872729773302
30074.483454182868
30076.30437274123
30134.57376660885
30208.147678389956
30258.462243751856
30258.462243751856
30259.969590232195
30261.47693671253
30262.984283192865
30338.978751365757
30340.31005738124
30341.64136339672
30341.64136339672
30677.279013439897
30680.78882020798
30691.31824051223
30696.582950664357
30700.092757432438
30705.357467584563
30708.867274352648
30712.377081120732
30715.886887888813
30717.641791272858
30721.15159804093
30721.15159804093
30722.532415437152
30723.913232833373
30726.674867625814
30728.055685022035
30730.81731981448
30732.1981372107
30736.340589399362
30737.721406795583
30740.483041588024
30743.244676380466
30744.625493776686
30825.47757852673
30826.819887071262
31011.83841563581
31163.717326691058
31192.103851649226
31193.523177897136
31196.36183039295
31347.71812131816
31349.31898929545
31417.226598613986
31664.035330343286
31673.238945896584
31793.017978438093
32064.77494479634
32066.111752076344
34452.47778482415
34635.323313900626
34637.0232046394
35042.94501027667
35479.61338335409
35481.30777282834
36586.159735328045
47330.40441934917
56272.5448696888
56284.33958083421
56290.23693640691
56400.09718900664
56455.07682668725
56456.353120057465
56734.19448498231
56855.282818481195
57207.347244401324
57207.347244401324
57284.3264389245
57548.91525760435
57556.52900770941
57754.72306481559
57754.72306481559
57786.492867457724
59198.2163677901
59200.10330152278
59277.467584562844
59647.29559363992
59649.00098564322
59717.21666577525
63505.82201881126
63507.29085643991
65818.6636511587
65832.64236432125
66052.80297068285
66059.40448811497
66059.40448811497
66059.40448811497
66059.40448811497
66060.7247916014
66062.04509508783
66062.04509508783
66063.36539857426
66065.37886139106
66067.39232420786
66067.39232420786
66071.41924984146
66073.43271265826
66073.43271265826
66073.43271265826
66075.44617547505
66075.44617547505
66077.45963829185
66081.48656392546
66081.48656392546
66083.50002674226
66087.52695237586
66089.54041519266
66091.55387800946
66091.55387800946
66093.56734082627
66093.56734082627
66095.58080364305
66095.58080364305
66099.60772927666
66099.60772927666
66101.62119209346
66101.62119209346
66103.63465491026
66105.64811772706
66105.64811772706
66107.66158054386
66109.67504336066
66111.68850617747
66111.68850617747
66113.70196899427
66113.70196899427
66113.70196899427
66113.70196899427
66117.72889462786
66123.76928307826
66125.78274589506
66125.78274589506
66127.79620871186
66127.79620871186
66129.80967152867
66129.80967152867
66131.82313434547
66135.85005997907
66135.85005997907
66137.86352279587
66139.87698561266
66139.87698561266
66141.89044842946
66141.89044842946
66143.90391124626
66145.91737406306
66147.93083687987
66147.93083687987
66149.94429969667
66151.95776251347
66155.98468814707
66157.99815096387
66160.01161378066
66160.01161378066
66162.02507659746
66162.02507659746
66164.03853941426
66164.03853941426
66170.07892786467
66170.07892786467
66170.07892786467
66172.09239068147
66174.10585349827
66174.10585349827
66176.11931631507
66176.11931631507
66178.13277913188
66182.15970476546
66182.15970476546
66184.17316758228
66186.3351645413
66190.65915845936
66190.65915845936
66192.82115541838
66194.98315237739
66197.14514933641
66197.14514933641
66199.30714629544
66199.30714629544
66205.79313717251
66205.79313717251
66207.95513413154
66207.95513413154
66210.11713109056
66210.11713109056
66212.27912804959
66212.27912804959
66212.27912804959
66216.60312196762
66216.60312196762
66218.76511892665
66225.25110980372
66227.41310676275
66227.41310676275
66229.57510372177
66233.89909763982
66233.89909763982
66236.06109459884
66236.06109459884
66240.38508851688
66240.38508851688
66242.5470854759
66244.70908243493
66244.70908243493
66246.87107939395
66249.03307635298
66251.195073312
66253.35707027103
66255.51906723005
66255.51906723005
66257.68106418908
66259.84306114809
66266.32905202516
66266.32905202516
66268.49104898419
66268.49104898419
66270.65304594321
66270.65304594321
66272.81504290224
66272.81504290224
66277.13903682028
66279.30103377931
66279.30103377931
66281.46303073832
66281.46303073832
66281.46303073832
66283.62502769734
66287.9490216154
66287.9490216154
66290.11101857442
66290.11101857442
66290.11101857442
66292.27301553344
66294.43501249247
66298.75900641052
66300.92100336954
66300.92100336954
66303.08300032855
66303.08300032855
66305.24499728758
66305.24499728758
66307.4069942466
66309.56899120563
66313.89298512366
66313.89298512366
66313.89298512366
66315.76341506277
66315.76341506277
66317.63384500187
66317.63384500187
66319.50427494098
66321.37470488007
66323.24513481918
66325.11556475828
66326.98599469739
66330.7268545756
66332.5972845147
66332.5972845147
66334.4677144538
66334.4677144538
66336.33814439291
66336.33814439291
66336.33814439291
66340.07900427112
66341.94943421023
66341.94943421023
66341.94943421023
66343.81986414932
66343.81986414932
66345.69029408843
66347.56072402753
66349.43115396664
66349.43115396664
66351.30158390575
66353.17201384484
66358.78330366216
66360.65373360126
66360.65373360126
66360.65373360126
66362.52416354037
66362.52416354037
66364.39459347948
66364.39459347948
66368.13545335768
66370.00588329678
66370.00588329678
66371.87631323589
66371.87631323589
66373.746743175
66373.746743175
66375.6171731141
66379.3580329923
66379.3580329923
66381.22846293141
66381.22846293141
66383.0988928705
66388.71018268782
66390.58061262693
66390.58061262693
66390.58061262693
66392.45104256603
66392.45104256603
66394.32147250514
66394.32147250514
66398.06233238334
66399.93276232245
66399.93276232245
66401.80319226155
66401.80319226155
66403.67362220066
66403.67362220066
66403.67362220066
66407.41448207886
66409.28491201797
66409.28491201797
66411.15534195707
66413.02577189618
66418.63706171348
66418.63706171348
66420.50749165259
66420.50749165259
66422.3779215917
66424.2483515308
66424.2483515308
66426.11878146991
66429.07846178532
66430.55830194302
66430.55830194302
66432.03814210072
66432.03814210072
66433.51798225842
66433.51798225842
66436.47766257383
66436.47766257383
66437.95750273153
66439.43734288923
66440.91718304694
66445.35670352004
66445.35670352004
66446.83654367775
66446.83654367775
66448.31638383545
66448.31638383545
66448.31638383545
66449.79622399315
66452.75590430856
66452.75590430856
66454.23574446626
66454.23574446626
66455.71558462396
66455.71558462396
66455.71558462396
66457.19542478168
66460.15510509707
66460.15510509707
66460.15510509707
66461.63494525477
66461.63494525477
66467.55430588558
66467.55430588558
66469.0341460433
66469.0341460433
66470.513986201
66470.513986201
66471.9938263587
66474.95350667411
66476.43334683181
66476.43334683181
66477.9131869895
66477.9131869895
66477.9131869895
66479.39302714722
66479.39302714722
66482.35270746262
66483.83254762032
66483.83254762032
66485.31238777803
66486.79222793573
66486.79222793573
66492.71158856654
66494.19142872424
66494.19142872424
66495.67126888194
66495.67126888194
66497.15110903965
66497.15110903965
66500.11078935505
66501.59062951275
66501.59062951275
66501.59062951275
66503.07046967046
66503.07046967046
66504.55030982816
66504.55030982816
66507.50999014358
66508.98983030127
66510.46967045897
66510.46967045897
66511.94951061667
66518.04491171235
66522.74849288275
66524.31635327288
66524.31635327288
66525.884213663
66525.884213663
66527.45207405313
66527.45207405313
66527.45207405313
66530.5877948334
66532.15565522353
66532.15565522353
66533.72351561366
66533.72351561366
66535.29137600379
66535.29137600379
66536.85923639392
66538.42709678406
66539.99495717419
66539.99495717419
66541.56281756432
66541.56281756432
66550.9699799051
66550.9699799051
66550.9699799051
66552.53784029523
66552.53784029523
66554.10570068537
66554.10570068537
66557.24142146563
66558.80928185576
66561.94500263603
66561.94500263603
66561.94500263603
66563.51286302616
66563.51286302616
66565.0807234163
66566.64858380643
66568.21644419656
73970.99305465353
74123.8401882655
74124.67638047357
74148.92595450759
74620.51635480099
74621.43506597696
74709.00969597873
74925.04435394525
75035.31720138449
75035.31720138449
96957.9388595573
97511.50910382874
97511.50910382874
97600.93215871148
97792.98130334125
97805.99729521161
97864.013630911
97864.013630911
97896.16852207
98203.18309278035
98203.18309278035
98653.40658165174
98923.90375843336
98925.0425201904
99418.64347985544
99679.74449682531
100078.27810420313
100079.49938492807
100119.80164885124
100591.05097074396
100593.01492218002
101177.05667066528
101507.04452203945
101508.16678000291
101837.64851504061
102016.68716906455
102017.78192070537
102047.76381237632
102263.14932112867
102265.03075359683
102437.26434340116
102552.81290352158
102552.81290352158
104044.15070408545
104503.6273198909
104504.5735373895
105410.71982518204
105918.59656629406
105920.28545450377
107315.45014861054
107613.00804559937
107613.00804559937
107740.34031433615
108143.61051047151
108754.619457667
108763.23443791592
109917.59778115664
110401.48900893191
110402.73229471497
110435.05772507431
110614.69601693167
110615.63673316575
110648.81485952674
110867.00601318775
110868.2272939127
110933.63732913607
111176.87023892297
111178.21804873204
115755.75974755308
115974.10493662085
115975.23819711336
116009.85215351584
116167.57340749852
116167.57340749852
116192.23007510752
116637.0623247427
117492.49795612741
117492.49795612741
117497.08601074274
117950.80280258866
118098.22018811267
118099.53499033456
118135.36472619747
118504.87916319654
118506.21597047655
118722.67972707616
118932.47595106931
118932.47595106931
119812.6232627083
119967.72591477625
119969.04621826268
120068.86116183651
120567.80384935703
120588.15852810611
120588.15852810611
120633.70899838782
120635.13932716478
132834.94158726765
132853.95395747217
132857.1226858396
132896.02762857298
132896.02762857298
139801.54493845458
139813.6477204135
139865.08454373886
139866.45985987058
139874.71175666072
142425.3620519717
142783.43385875504
142784.71565338978
142811.6333407193
143190.20285912944
143190.20285912944
143245.98568143096
144127.49180540806
144129.00465315292
144241.72556330657
144789.82755063835
144791.703481842
148902.07229578463
148962.3991625853
148964.30810137608
157647.48752664676
160145.46871537832
160183.509959581
160240.88814859526
160472.579405405
160473.31657485157
160483.08682065114
160943.04754773495
160985.21474033268
160985.21474033268
173165.41599492662
173175.91240764371
173179.41121188275
173181.51819619647
173183.39962866463
173219.14684555965
173221.0282780278
173231.37615660267
173235.13902153898
173236.07973777305
173237.02045400714
173237.93366391858
173238.84687383004
173239.76008374148
173240.67329365292
173242.49971347582
173243.41292338725
173244.3261332987
173246.1525531216
173247.06576303302
173248.89218285593
173249.80539276736
173250.71860267883
173251.63181259026
175239.75580498017
175281.04829651816
175293.97076689155
175293.97076689155
175544.02524469167
175548.3217322871
177085.48506635902
177087.24547100757
177106.99501065872
177106.99501065872
185618.3424384355
186104.63221754445
186104.63221754445
186593.68913271037
186857.17219722032
186858.71805255237
186906.60105899343
187341.33848822193
187341.33848822193
187426.51456689002
187696.5716425095
187697.74341185368
187799.06570190788
187807.4496290467
188145.96994170186
188146.93266299405
189815.75776098535
190216.06277554075
190216.06277554075
190241.04401775685
190938.19726617716
190938.19726617716
191390.86331649843
191695.35830805553
191695.35830805553
191862.29418012057
192550.12278516797
192601.82917045514
192601.82917045514
192647.59419005338
192672.3938905401
192935.25531215855
192935.25531215855
195311.03691195685
195883.72405045884
195904.18875449843
195936.9322809618
195938.29659456445
195943.75384897503
195949.21110338558
195949.21110338558
195950.58641951726
195954.71236791235
195956.08768404406
195957.46300017575
195958.83831630743
195962.96426470252
195964.3395808342
195965.71489696592
195967.0902130976
195968.4655292293
195971.2161614927
195972.59147762437
195972.59147762437
195975.34210988777
195976.71742601946
195976.71742601946
195979.46805828286
195980.84337441454
195984.96932280963
195986.34463894131
195987.719955073
195989.09527120471
195989.09527120471
195990.4705873364
195993.2212195998
195993.2212195998
195994.59653573149
195995.97185186317
195997.34716799489
195998.72248412657
195998.72248412657
196001.47311638994
196001.47311638994
196002.84843252166
196004.22374865334
196005.59906478503
196006.97438091674
196008.34969704843
196601.44102568022
196617.99983190582
196645.20358499073
196645.20358499073
199472.3749417401
199472.3749417401
200363.28272679343
200815.93227332114
200815.93227332114
200880.39609104593
202022.82169026352
202024.5050772087
202284.4398260989
203680.5122288526
203695.09057984856
203696.5979263289
203723.73016297497
203723.73016297497
203737.29628129798
203927.67304151162
203929.20239305007
203966.55597918687
204016.23239786367
204264.3999419311
204268.44337135827
204405.24331634562
204701.30486938317
204702.65818045675
205727.01564040067
206111.99963324904
206113.81505054288
213708.23921331918
213727.69168468585
213735.70152583686
213936.36565071554
213936.36565071554
215595.34898646842
215683.22068475463
215734.55298405397
215736.20886467653
215813.51813507132
218336.6070951031
218369.50465697324
218369.50465697324
220816.05452364395
220955.29703008122
220955.29703008122
220964.30810137608
220964.30810137608
220965.59539727535
220966.88269317462
220969.45728497315
220969.45728497315
220972.03187677165
220973.31917267092
220973.31917267092
220975.89376446945
220977.18106036872
220977.18106036872
220981.04294806652
220981.04294806652
220982.3302439658
220984.90483576432
220984.90483576432
220987.47942756285
220988.76672346212
222358.00945911874
222611.30968298964
222612.54196624365
222633.5567967359
222750.15059711642
222750.15059711642
222780.25351660696
223107.29269019476
223108.7560265589
223170.21615385203
223548.12552051892
223549.5943581476
233205.36984542976
233317.78818603445
233415.4081250621
233417.91120042177
255466.55582637398
255635.642692869
255635.642692869
255649.47287188933
255665.60808074637
255670.2181404198
260788.72118521688
260805.26898891342
260805.81911536612
260806.91936827145
260807.46949472415
260808.01962117682
260808.5697476295
260809.1198740822
260809.67000053485
260810.22012698752
260810.77025344022
260811.3203798929
260811.87050634556
260812.42063279822
260812.97075925092
260813.5208857036
260814.07101215626
260814.62113860896
260815.17126506162
260816.271517967
260816.82164441966
260817.37177087233
264972.93347290246
264973.51660694234
264974.0997409822
283808.1464558868
326848.23569862236
327110.6020064334
327111.7407681905
332414.1290810596
332433.933633356
332437.2343920721
332438.05958175106
332439.7099611091
332440.5351507881
332442.1855301461
332443.01071982516
332443.83590950415
332444.6610991832
332445.4862888622
332446.31147854123
332447.9233490476
332448.7100298749
332449.49671070225
332451.0700723569
332452.6434340116
332453.43011483893
332454.21679566626
332455.0034764936
332455.7901573209
332457.36351897556
332540.361096891
332540.361096891
332949.5396511282
339048.62109276507
339207.5416224146
339207.5416224146
340961.90588253277
340995.870689721
341232.54059092747
341233.78937797504
341237.53573911777
341238.7845261654
355507.4913469693
355535.2177201843
355535.7458415789
356167.7091053569
356175.63092627545
356176.12604008283
356176.6211538903
356177.6113815051
356178.6016091199
356179.0967229273
356179.59183673473
356180.58206434955
356180.58206434955
356181.07717815693
356181.5722919644
356182.06740577176
356182.5625195792
356183.0576333866
356185.0380886162
356186.02831623104
356186.5234300385
356187.01854384586
356187.5136576533
356188.0087714607
356188.5038852681
356230.04943497427
356230.04943497427
356231.94737123605
356240.4853337816
356253.825900259
356269.39998013433
356636.4993620061
356637.2420327172
356684.2778444212
356946.5781370579
356946.5781370579
357020.872714492
357167.0138066458
357173.02118750906
357174.02241765294
357361.9896240039
357363.5739881876
357481.64212746127
357667.99196204124
357668.8061491912
357747.1826649043
358463.60684296186
358463.60684296186
358606.41416881245
358757.22033328493
359045.2005287327
359046.75738659373
359081.23931264755
359296.59731507726
359297.8185958022
359426.9607805683
359734.09637909825
359734.09637909825
359789.0870193079
360284.9434974289
360284.9434974289
360347.01976634905
360653.4842106067
360654.51844833774
362819.06799410144
362914.4819260538
362977.63644282124
362977.63644282124
362984.9971347581
362986.22391674755
362987.45069873706
362988.6774807265
362989.90426271595
362991.13104470546
364124.62809159607
364126.1684456636
364169.2983595535
365704.94334461604
365705.9720810825
365758.5641699585
366593.66712765227
366614.7589758479
366614.7589758479
369832.56962537917
370023.8540942397
370025.2789217521
370069.44857463764
370238.84351194615
370239.83373956097
370288.47592050675
370488.9750074496
370490.00924518064
370595.78755950154
372191.15977353125
372192.54059092747
372262.27462006896
372475.35509898455
372476.5378708578
372570.37844115554
372836.01250009553
372837.4648339306
372886.8441843229
372938.2865089128
373027.4675081564
373031.61546160956
373484.80963332544
373988.3513779904
374375.9319676953
374377.66486602125
375261.69056915166
377895.94358147605
377897.7259911827
377960.11033091636
378269.9195440063
378271.54241704167
378315.35998899746
379249.848791632
379912.98772148316
379917.8068292086
379976.9069140198
380006.943818336
380006.943818336
383436.93824066507
383461.81495885516
383463.27829521924
384216.9735404458
384562.2879147915
384564.8294990029
384616.94297786505
384906.8871247488
384908.8180685977
384947.18938867195
385240.43979553634
385241.7160889065
394701.5420350094
394850.7418302401
394850.7418302401
397249.0511082756
397645.9178325018
397712.64266994706
397714.3535632149
407918.54460990685
407970.91664820176
407970.91664820176
419690.4145050008
419720.5394295494
419720.5394295494
423259.55791227013
423468.00632645417
423468.00632645417
424479.5073311991
424511.78875144216
424511.78875144216
436809.67305679293
436826.0393187601
436826.0393187601
436861.46196104796
436862.3311608432
436862.54571015976
441742.8990135927
441788.6310256038
441789.3241849342
442540.1972814584
443019.41793565045
443020.1606063616
443044.6687398284
443317.99356657674
443317.99356657674
443367.48294225964
444218.06095706724
444218.06095706724
444249.97379258706
444462.0145325071
444462.83972218615
444499.9897615354
444753.6090587489
444753.6090587489
444777.06094942655
445077.6940532859
445078.8713238946
445153.4574683486
445417.1770872333
445418.73394509434
445473.22397023207
445779.1822981533
445780.32105991035
445810.3249566394
446519.28941999865
446520.5382070462
446580.5294967107
446821.82596138417
446821.82596138417
446870.792716937
447121.6338755645
447122.75613352796
447153.0681010705
447472.3064815593
447473.69280022004
447851.8607263197
447905.542065572
447990.8556758533
447990.8556758533
449228.97027024964
449879.1757271984
449880.1879598713
449911.56717273203
450467.805530299
450467.805530299
450933.9771850335
450993.4898646842
450994.92569472565
451132.33077881095
451772.6614659342
451772.6614659342
451808.4581942099
452140.16244011646
452140.16244011646
452184.3265917374
452563.1106594641
452564.5519907701
453583.43019124534
456259.4102950053
456309.3727794375
456413.88030165265
456415.3051291651
456640.8239671758
456640.8239671758
456666.88895850367
456932.809083199
456933.97535127867
456968.963393669
457833.41009634855
458195.9654337212
458197.0986942137
458228.6539475393
459985.812850037
459986.93510800047
460360.2289137295
460679.714851122
460681.16168369254
460713.54762796167
463245.97223389545
463248.2167498224
463262.8061033474
463325.3059696361
463669.2945392309
463670.6093414528
463723.26194423856
463927.0177797813
463929.7244019285
464154.4070477311
464569.1143728177
464570.8087622919
464763.0669549737
465230.81197136285
465232.9794695864
467052.1871346817
467667.8336478732
467669.63256137347
467738.79996026866
468285.4276087073
468290.16969872935
468511.78263892606
469324.7815157512
469329.666638651
479297.6718954148
479437.3490017497
479437.3490017497
487061.8045675777
487397.45872141444
487398.7680223718
487429.1570076177
487608.14615026093
487608.14615026093
487661.11232512473
488044.5724676992
488044.5724676992
488073.7291696911
488198.65188456513
488199.7081273543
488222.9454687154
490516.2466094637
490516.2466094637
490864.74071470596
491003.3065656064
491004.86892473197
491039.2408254953
491179.6551012767
491181.46501730604
491232.1811749784
491269.9198496321
491330.7418302402
491330.7418302402
492033.2093001933
492033.2093001933
492131.0217834794
492239.3416820116
492239.3416820116
492267.56316903397
492473.6955508523
492475.59348711406
492512.78203531506
492982.3589727917
492984.3559318149
508838.967290398
508878.4388633776
508878.4388633776
518996.7771758647
519001.75031899696
519012.31824815285
519012.9398910444
519014.18317682744
519014.804819719
519015.4264626105
519016.04810550204
519016.6697483935
519017.2913912851
519017.9130341766
519019.77796285116
519022.8861773088
519023.50782020035
519024.12946309184
522172.71219981817
522664.89383323526
522670.5051230526
522670.5051230526
522671.62738101603
522673.0302034704
522675.835848379
523064.0710885627
523064.9622934161
523065.40789584274
530090.7812559692
530146.1459821668
530146.1459821668
534931.3549156091
535111.9614300232
535111.9614300232
535150.4482766525
535409.2717701083
535409.9924357613
535437.0531559684
535632.9311807089
535632.9311807089
535766.595404916
536107.3822385563
536108.5485066359
536173.2378762062
536993.9440246334
536995.484378701
538026.3663383736
538880.3826435104
538886.1754750571
538916.9880576716
538918.4293889776
540909.1114693725
541005.7741883724
543643.4324834389
545890.4844933106
545964.3664759052
545965.450225017
546057.1673072074
546324.0886620466
546324.0886620466
546353.2673690966
546541.344600738
546541.344600738
546892.9194141153
547072.4806882693
547073.9275208398
547110.0818313098
547374.7201613705
547375.7103889852
547408.0523231381
547614.5202820926
547615.6755476433
547690.2726946262
548235.3599889975
548235.3599889975
548265.9910298826
548459.9161057159
548520.0064181419
548521.8273367003
548564.7757088608
548566.3820781027
548567.9884473445
548571.2011858281
548604.9349399062
549738.1129134544
549739.7137814317
549784.5380847959
549940.8125062081
549942.0612932557
550005.2433163456
550308.0714247512
550309.4247358247
550340.5508905172
550869.970583516
550871.3293958543
550970.8087622919
551353.0146165543
551356.0733196312
551415.2669259392
552488.1125314222
552514.1445151629
552515.1457453067
552518.1494357383
552555.5910421076
552694.9160675127
552694.9160675127
552761.8884618616
553165.1091466163
553166.4954652771
554398.4486434035
554754.1879140275
554766.0431390826
554770.7852291047
555493.0682538834
555572.9466148121
555688.1430940029
555690.5856554528
561131.6223381902
561157.9623927444
561157.9623927444
566338.7342507201
566381.9741899006
566383.5970629359
567566.1378830828
567604.6852436219
567604.6852436219
567609.6198779024
567611.264755996
567612.9096340894
568371.5890249773
568382.729085644
568385.204654681
568388.9180082366
568390.1557927552
568391.3935772737
568392.6313617922
568395.1069308292
568396.3447153477
568402.5336379404
568405.0092069774
568409.9603450515
568412.4359140886
568413.6736986071
568417.3870521627
568417.3870521627
568419.8626211997
568421.1004057183
568423.5759747553
568424.8137592738
568427.2893283109
568428.5271128294
568450.0095508065
568525.717953224
568527.170287059
568562.0262991007
568655.4597758235
568655.4597758235
568660.5429442462
568663.9317231948
578471.0855064602
578591.0515819957
578664.5924861896
579723.9324872593
579723.9324872593
579763.5470931166
580049.7008687414
580049.7008687414
580111.1224871828
580506.0857738827
580507.4390849563
580543.9784839432
580914.5271586733
580916.0840165344
580970.0349177485
581370.9395701373
581372.5349368501
581407.6330045309
581704.0356359691
581718.8340375462
581720.3138777039
581730.6727588078
581746.9510005425
581748.4308407003
585377.0704238266
590539.3800380504
590591.884106694
590591.884106694
590597.1103079944
590598.1555482545
593830.8526195951
593837.8557293378
593837.8557293378
593840.8429159758
593841.8386448552
593842.8343737345
593843.8301026139
593843.8301026139
593844.8258314932
593845.8215603726
593845.8215603726
593847.8130181312
593849.8044758899
593850.8002047692
593850.8002047692
593852.791662528
593853.7873914073
593853.7873914073
593854.7831202867
593855.778849166
593856.7745780454
593857.7703069247
593860.7574935628
593861.7532224421
593862.7489513215
593862.7489513215
593863.7446802008
593865.7361379595
593866.7318668389
593867.7275957182
593868.7233245975
593869.7190534768
593870.7147823562
593871.7105112355
593872.7062401149
593873.7019689942
593874.6976978736
593875.6934267529
593877.6848845116
593878.680613391
593878.680613391
593879.6763422703
594263.3180265741
594328.1449277577
594328.9866212303
594333.1950885933
595031.6796430291
595421.8348245326
595421.8348245326
595426.1423146571
598767.7974312151
598782.7608707278
598837.2343920721
598837.2343920721
610077.20902513
610095.253172778
610095.253172778
611276.1051047151
611285.63879614
611287.8503044797
611320.2527525424
611320.2527525424
611321.7380939646
611587.8727679765
612940.2321228004
613016.8207275422
613032.5323390306
613049.9933526387
613049.9933526387
615170.1917037874
615415.0419853453
615415.7241421466
615430.7315917757
615531.1076643312
615531.9768641264
615559.7912575738
615752.7261057924
615754.1619358339
615781.4427066222
615818.6752649394
615818.6752649394
615834.2713498728
615879.326706347
615880.5644908656
615907.7957502732
615951.2832463573
615952.2074587978
615971.6159200483
615993.4999503358
615993.4999503358
616017.9200635703
616115.991106289
616166.932815807
616166.932815807
616178.4854713132
616227.3807104272
616227.3807104272
616309.4155670505
616309.4155670505
616333.0710045156
616473.6173106456
616473.6173106456
616521.6763575516
616573.0801732899
616574.6645374736
616604.7674569641
616669.7153859672
616671.2062286539
616706.9864531361
616929.457590599
616930.4423169493
617016.0254891923
617170.5175008978
617171.386700693
617200.9394937309
617237.2588421366
617238.0840318156
617249.6366873218
617285.1858586939
617286.324620451
617346.5139556384
617402.5718411662
617403.5895751037
617422.9265199153
617479.1054332628
617480.3267139877
617514.5225742862
617713.0632110576
617714.6585777703
617748.1612787384
618084.0354831562
618084.0354831562
618170.4603488719
618391.776220784
618393.0195065672
618416.6419364451
618466.0652969537
618466.0652969537
618548.4357307131
619696.5716425094
619697.7434118537
619727.0376454588
619983.5176002262
619983.5176002262
620175.3191879522
620409.0239075788
620410.1186592196
621448.454832326
621521.9737314619
621521.9737314619
621525.8246166307
621525.8246166307
621526.5947936644
621528.1351477319
622995.102346442
623282.3948838239
623283.6106632844
623387.7826083634
623395.484378701
623809.2839951406
623809.2839951406
623874.484982312
624803.2579711031
624803.2579711031
624859.6789400898
625218.5924403457
625220.5233841945
625937.0905951299
627936.9322809619
627938.2965945645
627990.4705873363
628253.3210064258
628254.7183276155
628331.3069323574
628465.5817969269
628466.7150574195
628497.2690806012
628675.5430588559
628675.5430588559
628699.803635419
628931.4728871705
628931.4728871705
629097.0829544846
632328.6027552166
632357.8639812346
632357.8639812346
632384.6496382154
632574.399254273
632576.0001222504
632636.1564498506
632831.2808013508
632832.8156541538
632881.9309438489
633112.4229249917
633113.710220891
633142.0307306749
633560.3358827619
633562.0687810879
633665.0799593518
633812.3873195852
633814.5548178088
639082.868298199
639267.6282673309
639268.4699608035
639478.8603213656
639768.9309973334
639768.9309973334
639789.0326179143
640047.1739545687
640047.1739545687
640082.9651815799
640367.7216360149
640406.6705888646
640406.6705888646
640499.9500301805
640603.5608462779
640603.5608462779
641031.328173351
641031.328173351
650360.9226843115
650441.9012981456
650443.1115763414
650446.7424109292
655963.8065694268
656115.3003919651
656117.2258345494
656178.8399972493
656384.642303196
656384.642303196
656412.588726992
656613.3628771614
656613.3628771614
656658.5172563972
656807.331963111
656808.877818443
656854.4722988409
657062.2880676045
657244.8475309255
657396.9299887683
657398.7454060621
657540.7110384401
658302.2180792945
658304.968711558
660031.7441300744
674945.2486647972
676823.8754880462
676858.2033786932
676858.2033786932
682416.3509806768
682737.3497658141
682737.3497658141
694800.3575821943
694834.8505107771
694834.8505107771
698623.3238334645
701023.388014884
701069.8076849609
701069.8076849609
705145.843106992
705521.1393730086
705521.1393730086
705562.4758746629
705825.155754552
705826.5145668901
705853.6908136524
706171.1192781118
706171.1192781118
706233.8336937171
706454.7864821706
706455.9967603665
706489.8845498514
706881.8881562359
706881.8881562359
706906.3467783219
707156.77534211
707157.7490659312
707183.0658852834
707387.8669610862
707387.8669610862
707418.9601081916
707516.8826167681
707517.801327944
708936.0658317988
709729.2491537986
709729.2491537986
709884.2252767824
710282.1042336816
710282.1042336816
710385.0108879195
710406.9609333812
710723.6632309232
710723.6632309232
710856.3152224574
711279.2249329534
711280.2536694199
711319.3071462954
712102.2196074236
712103.2373413611
714029.9727228967
716859.8341979997
716859.8341979997
716924.9911750549
717166.5957105418
717166.5957105418
717361.9676189458
717567.1207756783
717568.892182856
717604.3203264084
717866.7636519228
717867.8859098862
717892.5755850824
718166.0544472375
718167.4957785435
718282.3951894499
724059.2070538437
724060.4228333042
724163.7200773234
724329.5832028057
724329.5832028057
724410.9304013631
724603.920262227
724605.16354801
724643.8154325751
724926.8334874198
724927.8842289443
724997.7117795827
725352.5378402952
725352.5378402952
725376.963454794
725619.6517393929
725619.6517393929
725679.4834923861
725903.3519510388
725905.1013531584
725941.8387976681
726185.6823478175
726185.6823478175
726264.5099672216
726649.8185346771
726651.5789393256
726725.3618991588
727032.1784243461
727033.8618112913
727115.4235591653
727492.5407437404
727492.5407437404
727628.3284560549
728199.2606911728
728201.4226881318
728274.9305847386
728325.0195982549
728851.4851122029
728852.8109169538
736421.02155426
736472.0897928621
736627.3629841304
736628.8043154364
750097.5832639309
750152.1558080364
750218.9301568624
750218.9301568624
750222.0548751137
750223.6172342392
750225.1795933648
750228.304311616
750229.8666707417
750231.4290298673
750234.5537481185
750236.116107244
750237.6784663696
750239.2408254953
750239.2408254953
750240.8031846209
750242.3655437465
750243.9279028721
750245.4902619977
750247.0526211233
750248.6149802489
750250.1773393746
750251.7396985001
750251.7396985001
750254.8644167513
750256.4267758769
750257.9891350025
750259.5514941282
750262.6762123794
750262.6762123794
750264.238571505
750265.8009306305
750267.3632897561
750268.9256488818
750270.4880080074
750272.050367133
750273.6127262586
750275.1750853842
750280.1097196648
750281.9196356941
750283.7295517233
750285.5394677527
750287.349383782
750289.1592998113
750290.9692158406
750294.5890478992
750296.3989639286
750298.2088799579
750300.0187959871
750301.8287120165
750303.6386280458
750305.4485440751
750307.2584601043
750310.878292163
750318.1179562802
750321.7377883389
750325.3576203975
750327.1675364268
750328.9774524561
750334.407200544
750336.2171165734
750338.0270326027
750339.836948632
750341.6468646612
750341.6468646612
750345.2666967199
750347.0766127493
750348.8865287785
750352.5063608371
750354.3162768665
750356.1261928958
750357.936108925
750359.7460249544
750363.365857013
750365.1757730423
750366.9856890716
750372.4154371596
750376.0352692181
750379.6551012768
750383.2749333354
750386.894765394
750388.7816991267
750392.5555665921
750394.4425003248
750396.3294340575
750398.2163677901
750401.9902352556
750403.8771689882
750407.6510364535
750411.424903919
750413.3118376517
750417.085705117
750422.7465063151
750424.6334400477
750426.5203737804
750430.2942412458
750432.1811749785
750434.0681087112
750435.9550424438
750439.7289099093
750441.6158436419
750447.2766448399
750449.1635785727
750456.7113135033
750458.598247236
750462.3721147014
750464.2590484341
750466.1459821668
750468.0329158994
750469.9198496322
750471.8067833649
750475.5806508302
750477.4675845628
750479.3545182956
750481.2414520283
750483.1283857609
750485.0153194936
750486.9022532263
750492.5630544244
750494.449988157
750498.2238556225
750501.3870827252
750503.9396694656
750505.2159628358
750506.4922562061
750507.7685495763
756662.9463855928
757581.2284629315
757581.2284629315
757630.558301943
757939.146234308
757940.1969758327
757984.4161400989
758233.2933472903
758234.2560685824
758262.1749860558
759101.4919123771
759102.6306741341
759127.2213265689
759379.5313228249
759379.5313228249
759409.5352195539
759893.5749814715
759894.7962621964
767956.6353654902
768047.9893642219
768047.9893642219
768051.3726419058
787414.4759663506
787470.6108695818
787470.6108695818
787473.0204234446
787535.2177201844
788541.2394654605
788781.8207657455
788824.2905278922
788824.2905278922
788860.4283345686
789037.8386142927
789037.8386142927
789099.0071745658
789341.3928896156
789342.9772537993
789430.9534761115
789685.0898921905
789685.0898921905
789744.2284858534
789881.7490964937
789882.4477570886
789943.2972440192
790174.1963187371
790174.9444907127
790203.5895751037
790336.857708265
790337.9744649639
790381.5279762223
790561.5733616546
790579.2379220501
790580.5967343883
790607.7729811505
790902.9158230121
790903.7740202782
790928.5297106488
791514.0237929691
791515.3495977201
791552.4721307468
791686.9615446329
791842.1137080814
791842.1137080814
791843.4230090388
791886.1623331474
792176.0074572697
792177.51480375
792222.4381298757
792603.2576654772
792604.6549866671
792618.6281985651
792630.730980524
792672.1004897654
792673.1347274964
792701.4332322221
792951.9113073908
792952.9290413283
792977.3546558272
793082.0107121846
793255.6416231786
793255.6416231786
794805.5348833655
795161.1256198473
795162.4349208047
795209.954843787
796612.1556552235
796613.5914852651
796751.3541515446
796828.9659914883
796828.9659914883
796909.2734510503
797054.4188143247
797056.1077025344
797174.571932854
797315.2337655392
797316.9171524844
800266.4421335737
800409.6620542639
807146.9066848004
807149.1732057855
808865.0506192743
810961.6485456033
810962.8918313863
811000.1904048779
811010.1366911422
811017.5964058406
811352.0512840105
811353.1020255351
811387.0393264007
811721.15312617
811722.1543563139
811767.803849357
812189.4262639538
815464.7416315834
815466.2049679476
815537.9744649638
816050.3182328716
816232.8831974572
816235.5348069591
825083.0975175543
825793.9159070592
825793.9159070592
832646.3130066702
833850.4077812331
836681.9196356941
837033.6814920652
837035.1063195777
837079.3639926956
837447.9047058733
837449.5385814378
837524.6968574026
837877.9605589896
837879.4459004118
837919.4015846698
839139.6865807348
839141.2599423894
847657.1954247816
847712.8462167345
847712.8462167345
854226.4534417286
854309.0384248047
854309.0384248047
870260.1639682454
870260.5490567622
870260.5490567622
873609.5538627282
873621.6951535388
873621.6951535388
874486.587458645
874814.5893535251
874814.5893535251
874847.7124672408
875157.7527334408
875157.7527334408
875182.8825097992
875217.9200635703
875474.080944995
875474.080944995
875495.2223045714
875662.17468043
875663.3189434515
875718.2435684869
875932.132733288
875932.132733288
875967.6158894857
876225.0860718678
876225.9442691341
876249.973792587
876525.0425201904
876525.0425201904
876551.7511594679
876725.6901412755
876726.8068979745
876786.7871851099
876956.1381123022
876956.1381123022
876995.5436701075
877222.168262288
877223.4995683035
877254.1196066595
878204.1439803176
878205.453281275
878431.0821445762
878474.3330862859
878474.3330862859
878533.8017558203
878983.69516882
878985.0924900098
879040.0391201033
879385.4965273268
879386.5142612642
879415.4674164687
879644.8096333254
879645.7943596757
880412.4285790692
882128.096944506
882128.096944506
882164.0091993369
882471.4528686802
882471.4528686802
882587.7826083634
882785.2945086684
882786.9283842328
882948.8305992557
882983.4390543938
882992.0540346428
883027.9497856799
883027.9497856799
883115.6289397076
883117.1527899816
883362.7457422505
883663.0487702382
883987.1942786848
883988.8006479266
884887.9713322993
896260.8675188533
898774.8133772416
898810.8576624211
898812.2439810818
904758.2857448483
904885.4254693267
904904.8064242544
905093.4337823485
905093.4337823485
905099.7272289672
913538.7440307459
913670.7248680078
913670.7248680078
917109.1417263274
917157.0687428847
917158.5210767197
917162.8780782248
917164.33041206
917167.3781126079
917168.9019628818
917170.4258131557
917171.9496634296
917171.9496634296
917173.4735137036
917174.9973639775
917176.5212142514
917178.0450645253
917178.0450645253
917179.5689147991
917181.0927650731
917182.616615347
917182.616615347
917185.6643158948
917187.1881661688
917187.1881661688
917188.7120164427
920653.2433774709
920780.9057220791
920853.4233910711
921054.4395968795
921054.4395968795
921507.023128233
921514.6533821316
921518.4602571841
921575.563382972
921575.563382972
921581.2736955509
926923.3316269226
927041.344753551
927041.344753551
927093.7167918459
927200.4083160782
927229.1139143789
927230.5442431559
927257.7204899181
927345.4711603848
927345.4711603848
927571.6776564614
927782.3870903659
927783.6633837362
927830.7762131435
927973.3909947356
927973.3909947356
928005.8704605018
928147.1649386075
928148.8428242881
928189.1120806241
928732.4994842565
928734.1718686726
928779.3262479084
929230.8150276209
929232.3058703077
929266.4302141672
929415.1513993843
929417.142857143
929454.9805545581
929621.8559127133
929623.440276897
933329.6641936445
933366.8747469037
933367.8539719894
933885.9740676503
933952.077262204
933952.077262204
933994.6790546994
934032.8413267216
934034.1231213564
934055.9136301469
934102.3938141336
934103.4390543937
934123.2986193354
934158.8367881783
934159.8820284385
934185.1328326165
934255.6260362626
934256.852818252
934289.9759319677
934965.1681323971
934980.6927008916
934981.6059108032
934983.4323306261
934984.3455405375
934985.2587504489
934986.1719603604
935542.9549431155
935570.4612657493
935571.0003896728
935595.0464169194
935722.2521565721
935852.8136675861
935880.4905294203
936131.3701968994
936181.4317040931
936188.7483859138
936198.1555482545
936286.8634387488
936287.6061094598
936304.6875358155
936553.0311203478
936747.6493555115
945498.0102231833
945694.7574477189
945694.7574477189
948739.3387785665
948773.3035857547
948773.3035857547
948777.5120531177
950446.1446068506
950600.6421198206
950600.6421198206
960062.2229693076
960208.5346006617
960240.8930386081
960240.8930386081
967233.9244645819
967250.4667670139
967251.0003896729
970814.7305526478
970820.5233841945
970822.4543280434
970826.3162157412
970826.3162157412
970830.178103439
970830.178103439
970832.109047288
970834.0399911368
970835.9709349857
970837.9018788346
970839.8328226835
970839.8328226835
970859.1422611725
970918.4293889776
970960.227996852
970961.669328158
975575.2993222747
975786.0802726182
975798.1830545771
975799.695902322
975802.7215978117
975804.2344455565
975805.7472933014
975904.6545282283
975904.6545282283
976693.8109245944
977585.576906914
977683.9395166528
977683.9395166528
979503.961368898
979929.1100940563
979929.9077774127
979931.0410379051
979931.0410379051
979932.1742983977
979933.3075588902
979934.4408193828
979935.5740798753
979936.7073403677
979936.7073403677
979937.8406008603
979938.9738613528
979946.9066848004
979949.1732057855
979950.3064662779
979950.3064662779
979951.4397267705
979952.572987263
979953.7062477556
979957.1060292331
980397.2732065496
980415.9114907663
980516.3645810252
980518.1854995835
980521.8273367003
980525.469173817
980576.0202935536
980576.0202935536
986165.288548965
986175.8839844436
986518.750296075
986518.750296075
986537.2565499431
996445.3200284232
996660.793557408
996662.0698507782
996971.345441209
997500.8366506469
997543.0863622123
997546.1230602311
997587.1184834847
997587.1184834847
998227.3336440529
998239.0183299078
998270.6065908206
998271.7398513131
998271.7398513131
998283.0724562382
1001071.2233436991
1001089.6195722766
1001384.2617990663
1001386.3247732639
1001392.5136958564
1004117.7356183956
1004187.7557132924
1004189.3840875924
1004197.525959092
1005941.0747331505
1006232.7022669795
1006232.7022669795
1006253.7666088525
1006270.2263923166
1015691.3069323574
1016142.4766387274
1016148.8030929331
1016179.2690958825
1016180.5398879881
1016186.8938485166
1016451.4826671964
1016451.4826671964
1019006.0333590569
1019763.9370716463
1020017.099763904
1026010.4358988074
1026015.8271380436
1026056.9765967038
1026059.485173328
1027693.9163654979
1027721.873791823
1027721.873791823
1029034.4204952667
1029376.6596627419
1029376.6596627419
1031145.8333269662
1031387.9219737315
1031528.6883304426
1031530.1626693358
1031536.0600249085
1034120.1910161295
1034152.6594793665
1034158.9034146044
1034160.152201652
1034163.8985627947
1034166.3961368898
1034169.1302653597
1034170.6156067818
1034172.100948204
1034178.042313893
1034181.0129967375
1034182.4983381596
1034186.9543624264
1034188.4397038486
1034191.4103866931
1034194.3810695375
1034198.8370938043
1034201.8077766487
1034203.2931180709
1034206.2638009153
1034207.7491423376
1034250.8240435823
1034250.8240435823
1034661.7575012035
1034793.9638903108
1034939.8244179738
1034941.2767518088
1034944.181419479
1034946.3599202316
1040245.3539528878
1040250.7892022403
1040304.5255541378
1040304.9931616226
1040307.7988065312
1040310.6044514398
1040752.0589246555
1040766.1641669023
1040768.7497612298
1040792.8287960635
1040792.8287960635
1040798.4070782936
1040800.123472826
1041349.4027307666
1045267.5683646727
1045269.273756676
1045276.7774814905
1045276.7774814905
1045280.3588046974
1046786.847087768
1046821.3235125574
1046821.3235125574
1048397.0507109619
1048531.8867045133
1048533.471068697
1048569.9114449224
1048768.7986613591
1048768.7986613591
1048792.3935849143
1048880.2047692908
1048880.2047692908
1048909.763063593
1049034.5262417959
1049035.384439062
1049067.1377379107
1049147.698255641
1049148.578457965
1049181.8170982357
1049323.9037584334
1049325.0425201904
1049356.2401913218
1050195.3810771783
1050196.9379350394
1050292.676441599
1050325.353952888
1050421.6150795773
1050421.6150795773
1050443.9942236722
1050481.941946378
1050481.941946378
1050513.6952452264
1050592.649393715
1050592.649393715
1050647.7555604796
1050699.7535127865
1050699.7535127865
1050753.7979354977
1050846.3512098962
1050847.897065228
1050890.889447505
1050985.1591164358
1050987.123067872
1050996.9428250522
1051070.9183291437
1051074.8462320159
1051084.5724676992
1051232.3749417402
1051232.3749417402
1051280.5770215236
1051348.8752206236
1051348.8752206236
1053825.1264144746
1053912.7835634442
1053932.9842067864
1053952.0625921653
1053965.331642204
1053966.2888622317
1053994.0482430337
1053994.0482430337
1054729.0281863401
1054736.9995186394
1054738.1382803963
1056734.4701594603
1056744.7685266545
1056748.2013157192
1056751.6341047839
1056752.7783678053
1056753.922630827
1056755.0668938486
1056756.6732630904
1056759.886001574
1056763.0987400578
1056764.7051092994
1056766.3114785412
1056767.917847783
1056769.524217025
1056771.1305862668
1056772.7369555086
1056775.9496939923
1056777.556063234
1056779.162432476
1056782.3751709596
1056783.9815402012
1056855.5639942235
1056856.59273069
1056857.6214671566
1057939.1150604757
1057968.4698079906
1057992.7633921409
1057993.7756248137
1057998.8367881784
1057999.8490208513
1067014.5731553573
1067377.6181052728
1067377.6181052728
1067390.3645351813
1072993.6995239877
1073039.6900954316
1073109.1380588177
1073111.5091038288
1074366.5950992901
1074403.7011285233
1074403.7011285233
1078285.1458217131
1078607.6849609183
1079077.503954034
1081014.7632546092
1082254.7482789448
1082313.7218346717
1082326.5947936645
1082421.3265688156
1082422.5368470114
1082468.4834083389
1082640.210881807
1082686.223458309
1082686.223458309
1082688.930080456
1084672.8731118056
1085121.9028262747
1085121.9028262747
1085381.870582752
1085387.7459332666
1085392.1524461524
1085411.247335325
1085417.1226858394
1087126.3160629282
1087376.667609013
1087502.5915540308
1087504.0603916596
1095156.687933129
1095353.8752588269
1096071.8067833649
1096239.3808021147
1096239.3808021147
1098186.4818649287
1098203.161698974
1098422.1670397848
1098422.1670397848
1099634.860290803
1099675.0085193194
1099983.5854491554
1099985.1148006937
1100031.9745719328
1100037.6958870406
1100039.1262158176
1100067.732791357
1100067.732791357
1102157.399124382
1106062.1306703137
1106084.658348551
1106095.3858143783
1106101.8222938746
1108210.5285034268
1108555.6558347787
1108565.8221716243
1108621.401447138
1108622.089105204
1108633.7792923234
1110480.0311738322
1110555.6460547529
1110555.6460547529
1110644.4639705378
1110699.25106396
1110948.9259545077
1110949.7621467155
1115966.123213044
1115990.4167971942
1115992.4412625402
1116063.4295799937
1116063.4295799937
1116070.3611732975
1116776.0303792052
1121942.1963798625
1122110.20499851
1122110.20499851
1123807.966747912
1124007.5306198855
1124008.4878399132
1124012.316720024
1125054.3662466859
1125057.1168789493
1125058.2171318547
1126256.887659594
1126257.2727481108
1126273.138395006
1126273.4464658196
1126321.1974419118
1126321.1974419118
1126327.5348986466
1126327.9309896927
1126327.9309896927
1126328.7231717845
1126328.7231717845
1126329.9114449222
1126330.3075359683
1126331.09971806
1126331.09971806
1126331.495809106
1126331.891900152
1126338.2293568868
1126338.6254479326
1126338.6254479326
1126339.401126231
1126339.401126231
1126339.7807134835
1126340.1603007356
1126709.2016289856
1126808.367423345
1126953.2927360386
1126953.2927360386
1126956.263418883
1127794.3920720667
1127826.5249581675
1127846.1479687344
1127846.478044606
1128870.7034742013
1128871.3636259444
1128873.5971393425
1130860.8299268791
1130862.6013340566
1130872.9767189543
1130873.9889516272
1130873.9889516272
1130884.7604275704
1130884.7604275704
1132471.369127209
1132512.4855782823
1132514.8786283515
1132631.9400362168
1132631.9400362168
1132634.6081495122
1135527.4536021822
1139516.8826167681
1139542.5240107274
1139542.5240107274
1144622.2871507271
1144652.7586549409
1144785.3886414168
1144785.3886414168
1148469.8385531674
1148475.5598682752
1148531.3426905768
1148531.3426905768
1148534.2033481307
1148535.6336769077
1148992.7447489668
1149115.290917565
1149123.4327890647
1149256.662413374
1149256.662413374
1149260.1117062324
1149261.2614705185
1156304.2333758662
1163135.6816601593
1179275.1870047906
1200384.743770964
1200393.7218346717
1200404.9444143062
1200422.328410211
