538496.713452884
538508.0295540156
541795.3926909588
548854.681346893
548870.4149634396
555000.2429725166
555135.8601456307
556882.143048159
556899.2794871599
557194.6203745444
557194.6203745444
557531.3307711703
565803.1861490384
565982.1642891526
566005.2640989005
566008.9114372818
574849.9716532064
574861.4582935383
574927.7705361441
575800.1225559487
575800.1225559487
578438.8205900106
579142.4323229854
579392.3437679077
579453.8644091106
579457.7483018666
579465.5160873784
588735.4053744299
588738.937186256
588761.305327822
588764.8371396482
588794.1258719886
589798.9098327463
589814.885504932
592492.0428793007
592732.261096127
592741.1236332796
592747.0319913814
593761.8997700167
593768.8533683785
593768.8533683785
593771.4609677641
593772.3301675594
593774.0685671498
595174.3109284148
595179.3610892504
600435.0381650227
604253.8619641042
612258.8895086301
612263.7746315299
612341.6175245838
612341.6175245838
613060.1871958068
613061.986109307
614508.6976520298
614512.4605169661
614565.7567677015
615192.504832708
615196.5647659288
615197.9180770024
615199.9480436128
618639.437648515
618644.6363434928
621521.2035544282
626382.4509661596
627137.0869276202
645910.6197327302
645916.5610984191
645983.1924143675
645983.1924143675
645984.1936445113
646527.9936429833
647296.4322771415
647302.7917389345
647342.158787888
647344.9094201514
647349.0353685465
647350.4106846781
647353.1613169415
647532.8766265023
661189.8428319287
661189.8428319287
661193.6882158329
668324.9169079837
668468.99502594
668624.5927918154
668962.2659097335
668962.2659097335
668982.4005379014
668992.4678519855
669005.8909374308
669312.9550195219
669348.0750922608
673770.013523942
674041.8640117972
675641.1586274344
675691.2201346281
675739.0151208369
680401.8099160293
680421.2183772798
680422.2966251271
680425.5313686688
680427.6878643633
680437.7441759182
683581.0787062859
683879.1592234048
692993.1041649157
692995.832792121
692998.5614193262
693000.6078897303
693002.6543601342
693004.7008305382
693006.0651441409
693007.4294577434
693008.7937713461
699980.0621948518
706850.7179914272
711817.842740241
715657.2357673883
725811.5248435579
725816.6245157742
725818.3244065129
725820.0242972517
744616.9484791296
745140.7348772531
767810.7748378273
767816.0010391277
767819.136759908
768645.261653894
771033.6686557812
771041.9755652166
771059.8051635481
771059.8051635481
771063.3479779033
773722.961819696
773752.0415039846
774019.5074840119
774116.4232611802
774188.8859175269
774192.8028178699
774602.7790554634
774602.7790554634
774806.2708303089
774822.2795100819
774841.4899258093
774843.0907937867
774844.6916617639
774844.6916617639
774846.2925297412
774847.8933977186
774849.4942656958
774854.2968696277
774857.4986055823
774863.9020774914
777341.550592532
788394.9608416936
788399.8679696514
788407.2286615883
788410.9090075566
788439.1249933145
797016.0750005731
797709.058290482
799448.4811161454
799451.1437281764
806414.9414344548
811437.0678260071
811444.5935558798
827107.0127369555
837195.9632943405
837211.1522856989
837276.287257696
837277.9926496993
837279.6980417026
837284.8142177125
837352.0286677007
837353.5910268263
837355.1533859519
837968.4178516035
837981.4888561191
837983.1227316835
837984.756607248
837990.1863553358
838007.2677816914
838007.2677816914
838671.3419265122
838694.6452830477
838708.2389076933
847442.5030753597
850406.0232734052
863956.4299849479
879518.4510884099
882242.3031960819
933434.6998372542
944330.8069285371
944333.3815203356
944336.3742082381
944616.6196257612
944621.1526677313
944624.5524492088
944626.8189701939
944627.9522306863
944630.2187516714
944632.4852726564
944634.7517936415
944637.0183146265
944639.2848356116
944640.418096104
944642.6846170891
944643.8178775816
944647.2176590591
944648.3509195517
944649.4841800441
945364.3129913891
949265.9913355083
949277.2799303173
949376.7097853742
949376.7097853742
960492.0477693137
960497.0209124458
960497.5710388985
960498.6712918038
960499.7715447092
960500.8717976146
960501.4219240673
960502.5221769726
960503.0723034253
960504.1725563307
960505.272809236
960506.3730621414
960507.4733150468
960508.573567952
960511.3242002155
960512.4244531208
960515.1750853842
971026.1771559991
971029.5109223023
971031.1778054539
971031.1778054539
971039.512221212
971041.1791043637
971042.8459875152
971042.8459875152
971044.5128706668
971046.1797538184
971047.8466369701
971164.7430068996
971164.7430068996
975987.371541653
975993.5329579229
975996.6136660579
976004.3154363955
976007.3961445304
976008.936498598
976012.0172067329
976013.5575608005
976019.7189770704
1008308.8684968558
1009070.6671047303
1009074.6610227767
1009075.9923287922
1011032.9296525798
1011040.4388786589
1011050.4511800976
1011117.1375086913
1011117.1375086913
1011121.7365658357
1011212.628458347
1011212.628458347
1011217.0294699684
1014066.2003835604
1020602.0767273589
1020603.2870055548
1020604.4972837507
1020609.3383965342
1020610.5486747301
1032254.4591569313
1032394.6093720153
1033351.6753642678
1033409.9612619289
1047881.8022753842
1049261.1893428282
1056608.45819421
1069404.6965517767
1085162.9147533218
1116179.9628664646
1138975.5141772171
1192613.7840295234
