156303.798164717
156309.73953040593
156323.60271701342
156324.59294462824
164006.9933297168
164122.1513000558
164123.88969964624
242632.6118017405
242638.11306626734
242643.23474354178
242643.23474354178
259000.00152812904
259015.26753719084
259016.28527112832
324343.77402027824
324355.1726403777
324358.4293889776
324372.6721628374
324374.1630055242
329839.71332299296
329870.3663689362
329872.5558722178
329874.7453754995
329875.84012714034
329878.02963042195
329879.1243820628
329881.3138853445
329882.4086369853
329884.59814026696
329886.7876435486
329888.97714683024
329890.0718984711
339611.1914058023
339615.6804376562
339615.6804376562
339617.17678160744
339618.6731255587
339620.16946951003
339620.16946951003
339621.6658134613
339623.22267132235
339623.22267132235
339624.77952918346
339626.3363870445
339626.3363870445
339627.89324490563
339629.4501027667
339629.4501027667
339631.00696062774
339632.56381848885
339632.56381848885
339634.1206763499
339638.7912499331
339638.7912499331
339640.34810779424
339641.9049656553
339643.4618235164
339645.01868137746
339645.01868137746
339646.5755392385
339648.13239709963
339649.6892549607
339649.6892549607
339651.2461128218
339652.80297068285
339654.3598285439
339654.3598285439
339655.916686405
339655.916686405
339657.4735442661
339659.0304021272
339660.58725998824
339660.58725998824
339665.25783357146
356524.0095049626
479967.4508515499
479975.482697759
479977.1055707944
479994.9571741838
479994.9571741838
502350.7098923433
502363.6598690393
575061.6273046096
579045.4450293783
587874.6775265704
587880.2558088006
587882.1152362106
587888.6232321458
587888.6232321458
593886.6464444258
593890.6293599431
593890.6293599431
653018.3745291453
653026.0983045409
653027.3856004401
653028.6288862232
653046.0348871859
653047.2781729689
653568.2149160675
653580.8018093049
653580.8018093049
653582.3751709595
653583.9485326142
653605.9755957794
653607.548957434
726330.0575340581
726342.6004171792
726342.6004171792
726342.6004171792
726345.7361379594
726345.7361379594
726347.3039983496
726350.4397191298
726352.00757952
726352.00757952
726355.1433003002
726355.1433003002
726356.7111606904
726358.2790210805
726359.8468814706
726373.9576249818
726373.9576249818
727370.7042382659
727383.2471213869
727383.2471213869
727385.3376019071
727387.4280824272
727402.0614460686
727404.1519265887
840441.043712131
840446.8200398842
840448.1623484286
840450.8469655177
840450.8469655177
840468.2969765967
840468.2969765967
855269.7242491156
855273.5366254327
855273.5366254327
855274.8074175384
855276.0782096441
855277.3490017498
886939.7229502059
886944.7621085125
886946.0218980891
886948.5414772424
886949.801266819
886962.3991625853
886963.6589521619
932757.1751006654
932759.6286646444
932759.6286646444
932760.8554466339
932762.0822286233
932762.0822286233
932781.7107404548
932782.9375224444
932786.6178684128
932789.0714323918
932790.2982143812
932791.5249963707
932791.5249963707
932792.7517783601
932793.9785603496
932795.2053423391
932796.4321243286
932796.4321243286
932797.658906318
1009554.3162768665
1156165.2494288618
1156171.3668350156
1189206.592348658
1189218.4750800359
1189219.7953835223
1189227.7172044409
1189229.0375079273
1193421.4411784932
1193427.4925694726
1200344.3424842793
