4709.407009527885
13177.288946278622
28336.881547077835
28772.466171043485
28772.466171043485
28775.931967695353
28779.39776434722
28779.39776434722
28782.863560999092
28786.32935765096
28786.32935765096
28789.79515430283
28791.528052628764
28794.993849280632
28796.726747606568
28800.19254425844
33518.74265542983
33531.692632125865
158888.96339366896
159073.4482995744
159422.24497436563
159422.24497436563
167604.16017848547
167734.70518570588
168125.99362770194
168127.1158856654
168137.21620733658
173274.4620603764
173288.16020904804
173289.0734189595
173290.89983878238
173291.81304869385
173295.9940097342
173345.12030195832
173347.21078247848
173361.56908289337
175547.57356031143
175553.55893611658
260513.90001451722
340457.61596589215
356615.7045820949
362587.1566867106
485706.1884641539
569309.9947279549
583483.524171181
612371.7204440744
612405.7182588498
621155.6940380046
646963.7433048846
699673.0256190833
699700.823508737
790215.8023823532
797989.6282826122
798305.8244638178
798613.5872065037
808680.2631438198
832352.4629619725
833078.8994414689
882799.8013432254
903630.2294485747
903727.5688231114
951027.859320441
970453.5065212906
976170.7176858014
976460.1117062324
1000352.9892496122
1025733.216176774
1031935.6223687528
1032646.7378265421
1032866.1887697798
1033715.969101231
1041014.2436907373
1070399.4131984506
1070557.3049916334
1081576.5743931418
1085735.7064158497
1086317.212081388
1086406.3105616637
1086533.9013898335
1094002.0000152811
1094358.4324452358
1099050.7415246144
1099258.4802756745
1099538.021531338
1099583.8470648462
1112750.0289580452
1122604.598140267
1122698.6972699976
1122726.3521267734
1124449.4692043797
1126085.6552999334
1132159.4749348634
1144176.9047746393
