206905.13344386802
207616.402937064
207621.948211707
215734.55298405397
215746.1441484119
216806.54039227072
217064.31864546644
217826.30979759933
217826.30979759933
225234.31260935674
225270.13134269058
225631.42138922212
225633.0442622575
225646.0272465407
231638.4996829132
233080.93124183407
233094.893451203
233491.8426943971
233494.1422229693
233496.4417515415
233503.34033725807
233754.40154646657
233756.39850548978
234627.00662443935
234637.1234499041
236181.54295188686
237868.81378983642
237925.8619029791
238721.6088142483
238721.6088142483
241715.55100512688
241721.62440116444
241723.6488665103
241724.66109918323
241725.67333185615
241727.697797202
241729.72226254788
243899.82808548352
243916.57943596755
243919.92970606437
245334.7669221189
245338.41976176467
245402.8945820185
245403.62074893602
245738.8458041397
245748.20345509975
247806.85915998748
247831.9889363458
248831.32664522194
248845.15682424224
255420.36720940715
258882.53302668876
262654.50805706036
262655.9383858373
262681.60728611925
262681.99787590065
262683.5602350263
262685.82125474676
262687.22407720104
262689.09450714017
262690.9649370793
264078.9669847722
264085.82156037254
264105.28503426834
264105.28503426834
264935.0462641065
264940.28346793604
264940.89960956306
264942.74803444406
264943.364176071
264944.2883885115
264945.52067176555
264947.67716746003
264948.29330908705
264948.909450714
264950.4498047815
275788.01794023486
275805.8970499469
275814.83660480287
277781.6211920935
277792.403670566
277821.9509623393
277825.06467806146
277849.9744038387
277863.9861245884
301690.0728153485
301696.4322771415
301698.02214258973
309264.1092917886
309273.0818542318
309279.4908274055
309311.53569327394
309513.14603565127
309513.14603565127
309571.67949021613
309571.67949021613
309573.14282658027
310853.7051780653
310931.3060154799
311492.600035147
311498.98150199803
311543.65176995547
315167.0046378716
315182.4521886628
315185.8849777275
315189.3177667922
315192.7505558569
315196.1833449216
315199.61613398633
315201.3325285187
315204.7653175834
315208.1981066481
315211.6308957128
315215.06368477753
315221.92926290695
345850.857662421
348701.6129401967
348721.59353295795
348723.17789714166
356536.931975336
371873.64328883926
372846.178836941
380062.5781064953
380066.7865738583
380072.48588390806
388321.5880316934
388332.8766265024
388431.7893626938
388431.7893626938
395514.66744091874
396978.83999724936
396984.61632500245
396986.54176758684
396990.3926527556
396992.3180953399
397001.94530826184
397001.94530826184
397003.87075084617
397005.79619343055
399945.86450079846
399956.92204249726
399984.5658967443
399993.78051482665
422118.49112539063
432852.99306993483
448476.88689552946
453158.3474812613
453164.42087729886
453165.4331099718
453166.4453426447
453168.4698079906
453169.4820406635
453170.49427333643
453171.5065060094
453172.51873868227
453220.09367430984
453220.09367430984
461349.8733945094
461406.38238372846
461407.55965433724
461419.3323604245
461431.87524354557
461499.59580987017
461499.59580987017
461512.35874357226
461513.95411028503
464655.3136866877
464837.62009184057
473774.1162447757
487113.91254517535
508413.884580414
509544.16338755644
509548.1738093965
509549.5106166765
509550.8474239565
509556.1946530765
522763.1244126254
522774.88611618365
525918.7652717396
525925.5978422818
525956.0473414375
525956.0473414375
525958.588925649
525959.436120386
525960.2833151232
525961.1305098602
525961.9777045974
525962.4013019659
525962.8248993345
525963.6720940716
525964.0956914402
525964.5192888088
525965.3664835459
525966.213678283
525966.6372756516
525967.0608730201
525967.4844703887
525967.9080677573
525968.7552624944
530893.1571909932
530895.4347145073
530896.5734762644
530897.7122380213
530902.2672850495
530904.5448085637
530909.0998555918
532874.3330862859
533536.2232290894
537930.4187837621
537987.8904942734
537992.3300147465
539076.1836505475
569079.5852657799
569091.2919566928
579508.2389076933
593083.70938042
593784.4989646926
593787.9427562862
593787.9427562862
593788.8009535525
606986.9286898586
621582.6196716051
627147.2367606721
668335.1987713843
668364.3884809634
774893.9664881303
788348.4916602358
817049.6614430123
837375.4640545847
847522.6124893986
847535.4854483913
882286.0382490698
882329.8558210256
882331.4786940609
882334.7244401318
882336.3473131672
882339.5930592379
882339.5930592379
882342.8388053088
882344.4616783442
882346.0845513796
882347.7074244149
882347.7074244149
882349.3302974503
882352.5760435212
882352.5760435212
882354.1989165565
882355.4642073977
882356.7294982389
882357.99478908
882360.5253707623
882361.7906616034
882679.5547031992
885697.372382124
885745.1233582164
885748.1490537061
892533.4087210323
892553.3893137937
892682.6085162631
892682.6085162631
892698.523674539
892699.9705071095
892704.883136332
892711.8147296357
892749.9384928063
892794.9938492806
892813.7476600524
892835.235599294
892843.5920201101
896398.7622154815
896653.6908136522
896738.0802114931
896739.7030845284
901278.3728482033
921686.2598277798
960559.6913179349
960561.457223848
960562.0458591523
960562.6564995148
960563.8777802398
960564.4884206022
1016100.7220409692
1016105.7832043337
1016110.8443676984
1016113.3749493808
1016114.6402402219
1016156.3948379802
1016156.3948379802
1016158.9364221916
1016175.4567195654
1016179.2690958825
1019721.8303929584
1023023.6618556072
1023062.4952819017
1023063.491010781
1025500.9417859244
1047964.2222205243
1109882.192253914
1110131.5480711192
1138274.1689652274
1138327.2451653818
1138329.4896813089
1138984.2281802276
1152250.3185384974
1163021.3763858222
1200430.0741906646
