411234.5308261829
413074.6818053316
420130.9997784213
422104.2428502663
422490.8442148855
422493.0997333415
422830.0741906646
430186.7612069163
430188.1695306352
432814.70977009303
442009.70484187687
444415.71589024976
444423.23061759333
445780.32105991035
448134.9007862224
448139.7859091222
448506.69824800006
450886.4462595221
451027.94978567987
453230.2160010391
453232.240466385
453296.2146715669
453296.2146715669
462024.38343813753
462209.75404763175
462986.7746544518
463002.99238227675
463007.4153989563
464854.34393600194
464857.9912743832
464859.20705384365
465045.4578656622
465045.4578656622
465046.53611350944
465290.41817251046
465673.0861329931
466628.5237509455
466972.2812674302
467678.62712887477
467698.1841242675
467703.48184200673
467712.3113715722
467722.9068070508
467724.6727129639
471584.15085689834
471585.44915532664
471586.747453755
471588.0457521833
471590.64234903996
473767.89981586044
486037.54613039526
486060.5524186462
487119.46882234735
487276.3098740058
487276.3098740058
487277.4211294402
489175.26386968116
489179.2742915212
489537.4946324468
489541.3015074993
489651.21677274426
497860.8088386984
497865.03380985494
497866.4421335738
497869.2587810115
497870.6671047304
497872.0754284492
497872.0754284492
502380.75779918855
502403.037920522
502408.9792862109
502411.94996905536
502413.4353104776
502416.4059933221
502886.40652816725
505889.31578022445
508473.7108321427
508483.8881715172
508485.9236393921
508488.97684120445
508492.0300430168
508493.04777695425
519048.9291635786
522143.78655093635
526321.6283742998
526324.4890318539
530863.6649118651
537950.6854422787
574962.0214090878
579475.2258192681
588720.1008565164
592756.8792548843
595184.4552602022
595187.9980745574
595191.5408889126
595192.4265925015
595195.0837032679
595197.7408140344
595249.1171234498
595249.1171234498
596817.8742196992
596823.0674134124
606891.1626769764
606921.0015357697
607079.7130173672
615529.3692647407
621554.9373085063
646320.7665095241
646505.3834457782
646508.3981387388
646509.9054852192
646518.9495641012
650640.2108818069
650655.0973036163
651083.7668380719
651083.7668380719
651730.550508485
651730.550508485
668333.7299337557
668338.1364466416
668339.6052842702
668342.5209544695
668343.978789569
674780.0346885291
674785.359912591
674796.0103607149
674798.6729727458
677548.6120768037
683533.2452112256
683542.2947913721
693034.1050894337
700018.3069858418
700025.4586297267
700026.5588826321
700047.9918092284
700050.0272771033
706806.834404297
711964.7430068996
711990.6484615562
711991.3031120348
711992.6124129922
711997.8496168217
712010.4640163815
715442.9285064831
715494.7284132672
724065.2859511458
724067.7175100666
725891.1061362022
725898.1037446803
725901.6025489193
725903.3519510388
725905.1013531584
730667.4690362854
741322.8132855538
745077.0742441491
768851.933159636
771066.0050886697
771089.0333819787
771089.0333819787
772273.1695688384
772282.2796628948
772534.7051857059
772818.0258100994
772818.0258100994
774916.4446549867
788259.16212685
788262.3638628045
797776.9658998005
806457.9173129379
837085.6134291979
837091.8628657004
837193.2016595481
837194.5824769443
838717.9486395831
838721.832532339
838725.7164250949
838725.7164250949
838758.9825716884
838761.1775762346
838763.3725807808
846932.6018689019
846960.0201713033
846975.6877726755
847541.4268140802
848619.7406765027
848657.4903536855
849786.6579053935
850338.9848638818
850338.9848638818
850363.0528961865
850379.4191581537
850384.2327646146
855251.933159636
855260.8287043758
884226.9723943489
884535.7253646498
884805.7054225659
886811.1859045378
886847.5217567371
886863.4754238648
886869.8568907159
890661.1523621054
890680.2307474844
892630.5225437236
892946.9937881555
892947.9840157703
893602.8820513604
893747.4607843886
923148.8865287785
923154.3162768665
923161.5559409837
923177.8451852475
923181.4650173062
923183.2749333354
944655.1504825067
944658.5502639844
944659.6835244768
944660.8167849693
944661.9500454619
944664.2165664469
944665.3498269394
944666.4830874319
944668.7496084169
944669.8828689095
944672.457460708
944673.7447566073
944677.606644305
944678.8939402044
944680.1812361036
944684.0431238015
944732.9603679735
944735.534959772
945399.2405198695
947968.5951145715
947973.216176774
958995.6708104432
960517.375591195
960520.1262234583
960521.2264763637
960522.326729269
960523.4269821744
960524.5272350797
960525.6274879851
960526.7277408905
960527.9050114992
960528.4936468035
960529.6709174123
960530.2595527166
960531.4368233253
960532.6140939341
960534.9686351516
960536.1459057603
960536.7345410647
967446.2402677281
967467.3706247755
971248.6757997846
971250.3371816716
971251.1678726152
971251.1678726152
971251.9985635587
971252.8292545023
971253.6599454458
971254.4906363894
971254.4906363894
971255.3213273329
971256.1520182764
1031614.5905760282
1047365.2335363198
1047366.7188777421
1069447.056288633
1077267.499904492
1078427.298497085
1085169.945369387
1085172.2889080753
1085174.8194897575
1085178.6153622812
1085179.8806531222
1085182.4112348047
1085183.6765256457
1091175.351278662
1091254.8610548675
1091396.194041825
1092251.7672048227
1092905.801541882
1093177.0248855813
1093177.0248855813
1132619.6667150576
1156641.5929217064
1156647.1491988783
1156649.3717097472
1156653.8167314848
1200479.9376523353
1200518.0614155058
1200560.6742105302
