7779.982000390738
7781.25491225991
7805.624717755237
7812.081517091621
7816.117016676862
8249.658808118398
8249.658808118398
8279.572237043963
8700.500209781923
9285.407825666418
9289.14354528247
9307.360943410125
41981.09464527639
41981.09464527639
42024.355200830156
42031.5499200907
56875.93913441737
56954.670578325524
62929.60820423472
62969.40053614494
62986.248170413375
63003.09580468181
63013.46357961624
63859.13826069968
68808.91140797299
68830.66159773756
68844.60828430415
68852.743851468
74174.67768849146
74174.67768849146
74189.39919097841
75252.3128857345
75257.73198517754
75276.15692328387
76927.09594560404
76973.4234808426
76989.30720721009
77000.42212606773
77012.64853681112
78407.22034148015
78458.05380025558
78468.8458791464
79571.159885853
79615.58266528734
79632.2412075752
93424.35661005223
93424.35661005223
93434.99649295869
93436.10337284493
93495.81493070791
93505.42172572055
93601.8447998104
93606.57671132406
93608.94266708089
93771.26660239759
93785.01036098505
93792.28348423753
93935.1678415522
93941.11732094073
93947.5741202771
95708.9520832466
95723.80272172028
95727.5153813387
95730.69766101163
103117.87104977437
103544.69776990607
104190.40998754119
104211.71281335174
148935.5036207399
148937.3115245541
148951.7747550676
155612.6135624814
155612.6135624814
155660.82740552607
156346.84388701883
156365.51326110002
156386.51630694137
157838.60896969851
157871.51097431692
157877.70950167984
157895.27199587482
157907.66905060067
160567.96261718162
160573.83830457772
160621.9414596338
160649.83483276697
161451.7139663516
161498.8624375058
161545.5358727088
163317.83043855632
182336.9923998091
182363.49294908543
183270.5856278565
183270.5856278565
183815.53026784828
183846.27385668852
184524.22395101032
184545.48988082467
223036.6106927928
223038.02657664727
223049.3536474831
718525.8204715129
718539.9885340567
718541.7595418748
