3458.2709485665973
3805.3054648991597
5251.476320264935
6597.742041898734
6599.033401766011
8101.770431318039
8113.81697407992
11492.41563083506
11503.86722565809
16339.760880635691
16390.234603448112
16390.234603448112
84120.79595425152
90047.19689714922
92657.67164485042
92677.00514686336
92682.90850625663
92684.38434610494
98948.28219031545
99756.44286725449
99783.34004849005
99873.21869525252
99884.01077414333
125612.649689811
126966.55749465937
126971.68603813228
165444.285060004
203369.50430613427
203462.3023485967
203544.077712192
203872.56276643105
203876.3169340452
203881.94818546643
203883.8252692735
205844.07265180364
205853.28742685658
205860.96640606734
224731.99094254538
234159.70201358618
239487.022666056
239492.97214544454
244957.08470385516
252840.07571365885
257374.22007564962
260607.86819930244
260770.17368662104
279721.7744668176
294871.0491338088
296046.3849290104
307542.67463944736
331815.92331269674
336765.00466004125
336769.8241995459
336770.7881074468
338698.69614930067
341872.1669031384
342020.1429079297
347916.2568499403
347946.3778188445
349266.8809111261
358809.4123223659
358811.5338421479
358811.5338421479
467367.90240496554
467393.4990023348
490199.2370984118
490236.1792146149
496581.91237841453
517607.52934544836
517635.8101265417
517745.05917131336
517745.05917131336
517748.21377898916
517749.26531488105
525462.576250124
525464.7162179041
525465.2512098491
525465.3849578354
543059.8172495187
544113.6729772058
544136.0550109054
544138.0012747054
544139.9844345016
551200.6282568243
567367.00562728
620328.4871040166
621583.306099049
621600.9931172312
687518.5590063704
688048.9712358557
688054.4133952964
688060.9439866252
688064.2092822896
689131.9056205541
693933.1862190892
764072.405830336
764084.0280691416
764152.8898340641
764152.8898340641
764154.7623058716
764156.6347776792
764157.571013583
764735.2147302141
769885.0840889219
773040.0238286642
773078.3956647204
773121.9975082391
773123.5702000775
773140.8698102994
773158.1694205214
781269.265314881
785518.0652661988
809929.2634572701
853863.9780417578
853875.6279525604
853875.6279525604
853879.5112561613
890673.4669745604
943097.8303745007
979020.8607144115
1034914.6791617691
1079789.8035096035
1092347.3465949672
