11476.55957646471
148756.20752716757
148774.09747332887
148776.0852451246
148778.07301692027
148780.060788716
148784.03633230738
148784.03633230738
148788.01187589878
148789.9996476945
148789.9996476945
148793.9751912859
148797.9507348773
148797.9507348773
148801.9262784687
148801.9262784687
148805.90182206008
148807.8895938558
148809.87736565148
148813.8529092429
148813.8529092429
148819.81622463
148821.8039964257
148827.76731181282
148829.7550836085
148833.7306271999
148835.7183989956
148837.70617079132
148841.68171438272
148847.64502976983
148847.64502976983
148851.62057336123
148853.6083451569
148857.5838887483
148859.57166054402
148861.3795643582
148863.1874681724
148864.9953719866
148866.80327580078
148870.41908342915
148870.41908342915
148874.03489105753
148874.03489105753
148875.8427948717
148881.26650631428
148881.26650631428
148884.88231394265
148886.69021775684
148890.30602538522
148890.30602538522
148893.9218330136
148895.72973682778
148897.53764064197
148901.15344827034
148902.96135208453
148906.5771597129
148908.3850635271
148910.19296734128
148912.00087115547
148913.80877496966
148915.61667878384
148917.42458259803
148919.23248641222
218840.96403601204
252870.6025385214
252885.1580090254
253204.598932194
271244.1537461286
288668.18649132526
419561.3911584126
467167.7877455329
496578.1213148042
829865.6506602525
829882.9594944735
1079571.5590800343
1125677.9028213266
1125679.438617169
1125679.9505491161
1125680.4624810636
1125680.4624810636
1125680.974413011
1125681.4863449584
1125681.4863449584
1125681.9982769059
1125682.510208853
1125683.0221408005
1125683.534072748
1125684.0460046954
1125684.5579366428
1125685.06986859
1125685.5818005374
1125685.5818005374
1125686.0937324848
1125686.6056644323
1125687.1406563772
1125687.6756483223
1125688.2106402672
1125689.2806241573
1125690.3506080473
1125690.8855999925
1139589.43672753
1139998.8208654544
1140280.337316521
