624513.550378594
630190.6188158528
630193.6445113425
630232.978552709
630234.4914004538
638481.5360753062
638526.8334874198
638526.8334874198
642628.1582224803
656090.6547268851
663392.2630826947
663398.4520052873
663399.6897898058
663402.1653588428
663458.685350591
663458.685350591
663471.9984107458
672075.7890876306
690616.640408316
690802.65466576
691041.8936575004
696146.5170118965
696749.1530344823
696751.3315352348
696752.9654107993
697272.273779598
697275.855102805
697293.1015670963
697293.1015670963
697294.3888629955
701205.5898960108
701207.7683967635
701208.8576471398
701209.7048418769
701211.6412869904
701213.5777321038
701216.9665110522
710509.2734510503
713149.3192949214
713152.4880232888
713152.4880232888
713154.0723874725
713154.0723874725
724149.9559134773
724157.6026711696
724166.7787804003
724168.3081319387
724171.3668350156
724174.4255380925
725480.4587443364
739882.5877337083
739888.6391246878
739891.6648201775
753160.896400492
793462.2086048946
794369.1525760436
827211.3607224994
850338.0221425897
850346.6866342194
854397.7408140344
855576.2217009604
859652.5211836888
863219.9151888386
863242.6409125987
893081.1641286991
900143.5279915036
910075.2138998617
910103.5344096456
910175.0618510226
910175.0618510226
910287.5957181825
910323.5409806004
910324.8282764996
927416.5089892191
928921.748485242
945134.5856860154
945156.700769413
945159.6494471994
945161.1237860926
945164.0724638789
945169.9698194516
945273.2615622063
945273.2615622063
947394.9892648935
947489.6330198122
947490.9753283567
947498.3910329388
947500.0854224131
947501.7798118874
947503.4742013616
947506.8629803101
