334868.6832876168
342940.1716088907
343052.3093850045
343052.3093850045
347487.17578832357
354674.6109001444
354677.08646918146
354678.0766967963
354903.0399070898
354903.0399070898
366919.68856730266
366922.4502020951
366922.4502020951
367093.0004049542
367093.0004049542
370758.4654528228
375240.7197487756
376245.69075252715
378169.1143728177
378172.50315176614
378174.1975412404
378177.5863201889
378179.2807096632
380798.32272557094
384300.7853055112
384343.89871560753
384389.5482086507
394321.9217750747
395245.02846140333
396673.7508691234
405115.2982525845
405119.9853299613
405119.9853299613
405123.11004821246
405124.6724073381
430338.06798646075
430358.40066015173
430358.40066015173
430360.94224436313
430362.2130364688
430464.7346021898
430464.7346021898
430470.42841097503
431690.45484760735
431714.5173786474
431717.6365956341
435293.0349406704
435415.9386914631
435416.1422382506
435416.3457850381
435703.8088616203
435801.06021592463
450379.50473337964
464902.97511441866
472418.23608065466
472431.7031762162
472450.2644427296
474161.97739897156
474177.8705521894
474183.1682699287
474186.70008175494
506754.72520419623
513453.5930133941
513488.95514177217
513488.95514177217
513767.51717235
513769.76168827695
513770.8839462404
513773.12846216734
513775.37297809427
513782.10652587505
513784.351041802
513785.47329976544
522296.54566431587
522297.37085399486
564697.8060651441
564710.6680216077
571614.6174710992
688401.468226377
975946.6511816258
1065911.0855064602
1065916.78481651
1065922.4841265597
1065925.3337815846
1065928.1834366093
1065929.608264122
1065932.4579191466
1065933.8827466592
1066031.2386249895
1066031.2386249895
1066032.080318462
1066874.483454183
1109469.465384057
