602.9936047799875
668.8437411655041
669.3498575019676
669.855973838431
670.3620901748944
670.8682065113579
671.3743228478214
671.8804391842848
672.3865555207483
672.8926718572117
672.8926718572117
2842.745436624669
2852.79624691509
2854.2320769565786
2855.1892969842374
2856.146517011897
2857.004714278074
2857.576845788859
2861.009634853567
2862.153897875137
2862.4399636305293
6802.797698637672
6816.66088524515
6824.670726396137
6824.9787972096365
6879.012217391636
8209.746101360797
8216.820727542234
8224.67653328647
8261.386471473652
8261.98610930707
8351.359652809082
8351.964791907028
11300.972654130914
11313.988646001268
11315.991106289015
11317.99356657676
11322.999717296128
11324.000947440001
11325.002177583874
11326.003407727749
11329.007098159369
11331.009558447115
11332.010788590987
11335.014479022608
13456.09853376019
13558.031464176835
13558.031464176835
14860.593372504374
15094.699684441353
15103.677748149052
15113.778069820215
15130.61193927215
15145.201292797163
15148.56806668755
15151.940341842464
15154.195860298443
15157.57913798241
15162.090174894367
15164.345693350346
15168.856730262303
15171.11224871828
15173.367767174259
15184.64535945415
15228.160361860955
16117.802856073165
16216.627572032181
16217.793840111859
18819.110781714407
19313.283872890224
19493.263243148253
19494.95213135797
19501.707684196856
19503.396572406575
19506.774348826017
19508.463237035736
19511.841013455178
19513.529901664897
19545.618777649586
21473.77348543311
21491.603083764392
21570.70026513039
21571.679490216153
22176.692059077464
23026.158818450633
23031.308002047695
23233.776541691186
23234.799776893164
23236.846247297126
23237.869482499107
23237.869482499107
23238.89271770109
23239.915952903066
23378.586327829526
23391.51429946745
23477.075466652408
23687.82891067322
25774.106464749886
25779.189633172628
25801.216696337844
25801.216696337844
25804.60547528634
25806.299864760585
25807.994254234833
25809.68864370908
25811.383033183327
25813.077422657574
25814.77181213182
25902.263923165676
25903.8922974656
27943.167047425482
27949.900595206254
28132.234506681743
28133.752855691135
32768.15012339642
33085.92516752115
33133.808173962214
33178.863530436516
33179.96928460639
33186.60380962569
33241.64946248061
33251.40320448658
39819.46194576671
40364.51623255068
40372.190496565534
40373.725349368506
40375.26020217148
40376.79505497444
40378.32990777741
40379.864760580385
40379.864760580385
40382.93446618633
40384.4693189893
40386.00417179227
40386.00417179227
40387.53902459524
40389.07387739821
40392.14358300415
40392.14358300415
40393.67843580712
40395.213288610095
40396.74814141307
40398.28299421603
40398.28299421603
40550.5359912591
40550.5359912591
41238.766188616966
41423.91124626564
42050.015663322614
42063.878849930086
42063.878849930086
42066.959558065086
42070.04026620008
42070.04026620008
42071.580620267574
42073.12097433507
42074.66132840257
42076.20168247007
42077.742036537566
42082.36309874006
42082.36309874006
42083.90345280756
42085.44380687505
42086.98416094255
42088.524515010045
42091.605223145045
42093.14557721254
42094.68593128004
42096.22628534753
42096.22628534753
44767.66234460838
49708.05644908656
49765.71520259171
50365.82614475966
50367.28948112378
50380.45950840088
50381.92284476501
50387.7761902215
50394.421717769845
50401.85942741005
50405.57828223015
50414.8754192804
50426.0319837407
50435.32912079096
50439.04797561106
50452.06396748141
50457.64224971156
50492.97137050252
50503.88587932364
50507.12062286539
50511.972738178
50524.91171234498
50547.5549171372
50549.17228890807
50554.02440422068
53449.95606629023
53711.22212119591
53769.84359599325
53802.41108199176
53850.723187065916
53850.723187065916
55436.693740019415
55450.25985834244
55469.85536258682
55471.36270906716
55472.87005554749
55475.88474850817
55477.39209498851
55480.40678794918
55483.42148090985
55484.92882739019
55486.43617387053
55490.95821331153
55492.465559791875
55495.480252752546
55496.98759923288
55498.49494571322
55503.01698515423
55504.524331634566
55506.0316781149
55511.73098816464
55513.82696994934
55518.018933518746
55520.11491530345
57231.40977544144
60139.207665095244
60200.72280503366
60237.8563405894
60237.8563405894
60242.312364856094
60243.797706278325
60878.64363266833
64745.87855958558
69044.38511907945
69215.5734686237
72922.80411677962
72969.21278432751
72969.21278432751
73010.08717976145
79130.90411754369
79157.31018727222
79886.37627121234
79933.15352348353
79992.77072716021
79992.77072716021
79994.74017986079
79994.74017986079
79995.72490621108
79996.70963256138
79997.69435891167
79998.67908526196
79999.66381161226
80000.64853796255
80001.63326431284
80002.61799066313
80004.58744336372
80005.57216971401
80006.55689606431
80025.26669671987
80026.25142307016
80028.22087577076
80029.20560212104
80031.35659655102
80033.50759098098
80035.65858541096
80037.80957984092
80039.9605742709
80044.26256313083
80046.41355756081
85251.88609326172
85416.73698607112
85970.77483782731
85972.08413878469
86074.61120577021
86074.61120577021
93635.98927253416
93642.48076467577
93645.25340199727
93645.56147281078
93646.48568525127
93646.79375606477
93647.10182687826
93648.02603931876
93648.64218094577
93649.25832257276
93649.56639338627
93649.87446419976
93651.10674745376
93651.41481826727
93652.03095989425
93652.64710152126
93656.92158405857
95484.01806248521
95495.90079386304
95522.75246601822
95522.75246601822
95524.2873188212
101067.27893703344
111644.60975404763
111655.20518952621
111657.55973074367
111669.83855316743
111676.99019705223
111676.99019705223
111678.42052582919
111681.28118338312
111684.14184093704
111691.29348482186
111691.29348482186
111698.44512870666
111698.44512870666
111699.87545748362
111707.02710136843
111707.02710136843
111717.03940280716
111717.03940280716
111725.62137546894
111725.62137546894
111731.34269057678
111739.92466323856
125187.01212570388
125199.6925404381
125202.22862338496
125204.7647063318
125209.83687222548
125212.37295517232
125214.90903811918
125217.44512106602
125219.98120401286
125222.5172869597
125341.95524110056
125344.49682531193
125349.57999373466
125352.12157794603
125354.6631621574
125354.6631621574
125357.20474636878
125362.28791479152
125362.28791479152
125367.37108321427
125367.37108321427
125369.91266742563
126981.26605490567
127078.32486495159
127078.32486495159
129493.27546818054
129496.26815608311
129541.69759854523
129541.69759854523
129552.71113012783
129554.2844917825
137340.93934091795
137343.00231511547
137373.9469280786
137378.07287647369
137394.57667005403
137402.82856684417
137411.08046363434
137423.81589101383
151945.25630544242
151953.2881516515
152050.37446802005
152051.95883220376
157902.50964631455
157917.8691768733
157920.50978384615
157923.81054256222
161674.96328669993
161704.99468975162
161704.99468975162
161715.65614040452
161721.30043780897
161726.3175910574
161905.2297159972
161907.69428250522
163530.86438618877
163536.255625425
163629.10596810796
163630.07419066466
163645.56575157208
163652.34330946906
163662.9937575929
165810.4618770009
165852.48053545642
171635.0797301324
176201.21180632495
178189.36330503746
178190.00145172258
178218.59152346823
178218.59152346823
179724.32063203416
181712.1365536106
181739.71989394785
181764.5085919055
181764.5085919055
189139.5973379992
189151.3040289122
189152.03569709425
210176.07530619888
217769.97684884514
217835.11182084217
217869.17014952743
217904.86785504167
217920.16687169066
217937.16577907838
218438.27046355794
218595.0014899258
218595.0014899258
221978.03711825426
222042.5174397726
222044.1623178661
223866.86328593586
223931.4591340093
224123.00216230258
224124.92760488694
225034.12159322732
225055.90660075337
225497.31706385288
225498.81340780415
232474.58186569274
232498.45735373895
254248.36681209362
254661.18170218292
263367.37291696906
263368.3631445839
263860.9518715761
263862.73428128276
263865.8534982694
263865.8534982694
264123.2136553611
264124.4019284989
266017.27702687215
266018.50931012613
266049.3163914761
266049.3163914761
272502.9158230121
272504.6322175445
278194.92569472565
282012.70975481166
282015.7574553595
282887.8289106732
282909.28384232766
291544.06864355627
293298.1248328609
293317.1482055945
293317.1482055945
293348.46690454544
293359.6619778574
293360.6797117949
297674.79886001576
297701.72754987434
298956.2854239412
298981.1731446603
298982.130364688
300018.22752313205
300029.4666065603
300030.71539360785
300031.9311730683
300031.9311730683
300034.3627319891
300035.5785114495
300038.01007037034
300039.2258498308
300053.8152033558
300055.0309828162
300057.46254173707
300058.67832119745
300058.67832119745
300059.8941006579
300061.1098801183
300062.3256595787
300063.5414390391
300064.75721849955
300065.97299796
300068.4045568808
305581.07320502144
305588.99502594
305669.7975993093
305669.7975993093
310379.9802871354
330639.5751801282
330660.8760763759
330683.1451951803
330683.1451951803
334871.19186424103
334877.0452096975
334882.06236294593
334886.8814706714
336072.8000672377
336078.4388633776
336097.61077025346
336098.73852948146
338800.6846018078
347489.55233459914
366088.106418906
366229.51092230226
366229.51092230226
366241.17910436355
366242.8459875152
366244.5128706668
366246.1797538184
366251.1804032732
366252.84728642483
366256.1810527281
366257.84793587966
366261.1817021829
366262.84858533455
366264.5154684861
366267.8492347894
366269.516117941
366272.8498842442
366274.51676739583
366279.51741685066
366281.1843000023
366284.5180663055
366286.1849494571
366287.58777191147
366290.3934168201
366291.79623927444
366300.2131740004
366300.2131740004
366300.2131740004
366301.6159964547
366301.6159964547
366304.4216413634
366304.4216413634
366304.4216413634
366305.8244638177
366307.22728627204
366307.22728627204
366308.6301087264
366308.6301087264
366308.6301087264
366314.2413985437
366315.644220998
366315.644220998
366317.04704345233
366318.4498659067
366318.4498659067
366319.852688361
366336.6865578129
366336.6865578129
366336.6865578129
366340.89502517594
366343.70067008457
366343.70067008457
366343.70067008457
367058.0123625639
367067.4690362854
367069.5705193347
367070.6212608593
367105.57629566244
367106.9736168522
367113.9602228012
367116.7548651808
367120.94682875025
367122.34414994
367122.34414994
367125.13879231963
369460.5246066978
370572.462197908
370670.6487671819
370714.9779567386
376736.8491507423
376786.42654665763
376786.42654665763
391867.1750242591
391902.94424621214
391922.25368470117
392191.8926642166
399138.70246563625
431712.4379006563
431713.47763965186
431716.59685663856
441200.17176170356
441216.9726235683
441216.9726235683
457015.22902833915
457204.5825533508
457297.01479992975
457298.4451287067
462603.1109650899
462612.2155578817
462821.4506528931
462821.4506528931
462850.9814408729
462865.74683486274
464824.06497604656
468891.34238495096
468897.7458568601
468953.8587550333
468956.0207519923
468958.1827489513
468958.1827489513
468960.3447459103
468960.3447459103
468964.6687398284
468964.6687398284
468966.8307367874
468968.9927337464
468968.9927337464
468971.1547307054
468971.1547307054
468973.3167276645
468977.6407215825
468977.6407215825
468979.8027185415
468981.9647155006
468981.9647155006
468984.1267124596
468986.2887094186
468988.4507063776
468990.61270333664
474507.56133527914
474510.52651685907
474514.6524652542
474516.02778138587
474517.40309751756
474518.77841364924
474521.5290459126
474522.90436204436
474525.6549943077
474528.4056265711
474531.15625883447
474533.9068910979
474539.40815562464
474543.53410401975
474551.7860008099
474554.5366330733
474557.28726533666
474560.0378976001
474561.4132137318
474562.78852986346
478481.240229525
506829.8009611932
540489.1504366628
540535.3665599523
540678.4159414421
541108.6258299651
543836.0042481987
544187.6615805438
544189.3559700181
544488.7677931525
545765.2482063585
545796.3578572575
545802.5797874372
545804.6537641638
545806.7277408903
545808.801717617
545808.801717617
545810.8756943436
545812.9496710702
545815.0236477968
545817.0976245233
545819.17160125
545821.2455779766
545821.2455779766
545823.3195547032
545825.3935314297
545827.4675081563
545829.5414848829
545831.6154616096
545831.6154616096
545834.4871216925
545837.3587817755
564768.5963370746
565952.9855821026
565957.8486999442
565957.8486999442
565959.0644794046
565961.4960383255
565962.7118177859
565963.9275972462
566013.7745551234
566013.7745551234
566689.5498895927
567450.8588849243
567452.3332238175
567498.1422535318
580650.7415246143
581539.2342545405
581539.2342545405
584120.9666944277
584127.2931486334
584190.7062248336
584191.9770169393
592215.1972432552
592219.1581537145
606857.8910291186
606869.5096997991
606871.0940639828
618212.50651365
618218.7339450943
618228.0750922607
627712.9317919606
627717.0467378265
671648.1097807899
672036.212990625
695028.4510120035
703467.9959351767
703476.1598117346
703476.8584723294
707328.3872890227
707330.8298504725
707338.1575348222
707338.9717219721
707340.6000962721
707350.3703420716
708354.3071080922
710522.6415238503
723453.4738193293
723462.0998021073
723463.3320853614
723536.9390047295
723549.4158726763
723551.1982823829
723552.9806920897
723560.1103309164
723561.892740623
723563.6751503297
723565.4575600363
723567.239969743
723576.1520182764
723577.934427983
723579.7168376897
723581.4992473964
723583.2816571031
723590.5433262784
723591.9131411457
723594.65277088
723594.65277088
723602.8716600831
723604.2414749502
723605.6112898174
723606.9811046845
723608.3509195517
723615.1999938876
723616.5698087547
723617.9396236219
723619.309438489
723620.6792533562
723627.5283276921
723628.8981425592
723630.2679574264
723631.6377722935
723637.1170317621
723638.4868466294
723639.8566614966
723641.2264763637
723646.7057358323
723648.0755506995
723649.4453655666
723652.1849953011
723653.5548101682
723663.1435142384
723664.5133291056
723665.8831439727
723668.611771178
723674.0470205304
723675.4058328685
723678.1234575448
723683.5587068972
723684.9175192354
723686.2763315735
723687.6351439116
723695.7880179402
723698.5056426165
723699.8644549546
723701.2232672927
723705.2997043071
723725.6818893788
723737.9112004217
723747.4228867886
723750.4760886009
723752.1704780752
723758.9480359722
723760.6424254464
723764.0312043949
723765.7255938692
723770.8087622919
723772.5031517661
723774.1975412404
723775.8919307147
723777.586320189
723782.6694886116
723784.3638780859
723787.7526570344
723789.4470465087
723794.5302149314
723796.2246044056
723797.9189938799
723804.6965517768
723806.3909412511
723806.3909412511
723809.7797201996
723814.8628886223
723816.5572780966
723818.2516675708
723819.9460570451
723825.0292254678
723826.723614942
723828.4180044163
723830.1123938906
723835.1955623133
723836.8899517875
723838.5843412618
723840.278730736
723847.056288633
723848.7506781073
723850.4450675815
723853.6908136522
723855.3136866877
723871.5424170417
723873.1652900771
723874.7881631125
723879.6567822187
723881.2796552541
723884.5254013248
723889.3940204311
737956.5125039158
737964.2802894276
738057.8843053507
738059.3091328632
742912.6567287341
743079.2735274567
743079.2735274567
743084.9343286547
743086.8212623874
743088.7081961201
743094.3689973181
743100.0297985162
774481.2121119507
789942.417041695
789946.8180533164
789999.2010941404
790000.0702939356
791250.1886475295
797301.7666699777
797437.8899594281
797535.6144224819
797535.6144224819
797579.1624324757
797592.0133864103
810303.9998777497
810310.4913698912
810400.3435234071
810400.3435234071
811488.4936468035
811493.510800052
811498.5279533004
811499.7822416124
811499.7822416124
811514.4431115764
811517.7988829376
811521.154654299
811529.5440827024
811534.5777397443
811546.3229395091
812233.6234231619
824405.0611633646
826514.5375499508
826528.5437694358
826534.5126414474
826539.2877390566
826542.8690622635
826544.0628366659
826546.4503854705
826551.2254830797
826553.6130318843
826558.3881294936
844542.3574446626
846335.0985261196
849998.1815264481
850023.2672926902
856086.5410035223
856098.6987981264
856105.2453029134
856114.5974526089
856143.0389902124
868236.9859182909
868253.5172181939
868354.9055234224
870527.8665026474
870536.4924854254
870538.3409103064
870538.9570519334
881255.7834335532
882890.9022837888
882895.3583080556
882896.8436494777
882896.8436494777
882899.8143323222
882901.2996737445
882902.7850151666
882904.2703565889
882905.7556980111
882905.7556980111
882908.7263808555
882908.7263808555
882910.2117222778
882938.4332093002
882939.9185507224
888199.6445571864
888210.9331519953
890205.0315176614
890253.4756530841
890253.4756530841
890755.9336486373
890763.9049809366
890890.7311333369
890890.7311333369
890999.2050672759
891022.9815325607
891064.5710923831
891064.5710923831
891192.7560571214
891204.2426974534
891243.2741692709
891243.2741692709
894220.9986323245
894230.6368477754
894281.072440957
894281.072440957
894406.8753581552
894418.4940288358
894442.0944536556
894442.0944536556
894561.2298382475
894568.513512481
894577.6181052728
894642.180945759
894643.9358491431
895229.0063340949
895236.1029653344
895310.8981578405
895312.4990258177
895336.5120454772
895344.5163853635
896543.3464497742
896553.8648675494
896591.1414359829
896591.1414359829
896756.2893970767
896763.0669549736
896768.1501233964
896849.4808181603
896849.4808181603
896994.3071080922
897178.8635304365
897195.4498429847
897199.8728596643
897221.9879430619
897223.0936972317
897402.676976444
897436.0366445342
897448.2604543128
897519.9199260386
897521.0971966473
899790.0112317484
899817.0279418394
899887.7301935375
899889.4135804827
900500.5050466461
905656.3176674639
908936.5291605223
922541.3323757058
922553.8752588269
922565.0318232871
922628.1588337319
922628.1588337319
922967.5043360662
922976.0312960827
922982.8528640958
923072.050367133
923073.6127262586
926980.511770414
926993.274704116
927044.3374414536
927045.8337854048
934104.4842946538
934288.7491499783
934322.4553977338
934338.937186256
935047.0489536136
935058.2935383064
935063.1126460318
935063.1126460318
935064.7190152736
935067.4421412144
935068.5588979133
935160.2209674584
935160.2209674584
935162.2894429205
935165.3921561136
936244.0360944078
939667.8470954087
939670.3556720329
940109.0100016046
940109.0100016046
940574.1914287242
940598.2319547063
943351.7853895583
951914.8502051514
951944.8981119966
952111.2783563444
952111.2783563444
961500.369043162
966118.576089365
966289.4893756829
966289.4893756829
968009.954843787
968018.5038088616
968019.9286363741
968021.3534638865
968022.778291399
968024.2031189114
968025.6279464238
968027.0527739363
968028.4776014487
968029.9024289611
968031.3272564736
968032.752083986
968034.1769114984
968035.6017390109
968035.6017390109
968058.3989792098
968059.5652472895
968060.7315153691
968063.0640515286
968063.0640515286
968065.3965876879
968065.3965876879
968066.5628557676
968072.394196166
968074.7267323253
968075.8930004049
968077.0592684847
968079.391804644
968079.391804644
968080.5580727237
968081.7243408033
968084.0568769628
968085.2231450424
968086.3894131221
968087.5556812017
968087.5556812017
968089.8882173611
968091.0544854407
968092.2207535205
968093.3870216002
968093.3870216002
968095.7195577595
968095.7195577595
968115.546115114
968116.7123831937
968127.2087959107
968171.9560815715
968178.3650547452
968180.9286440146
968184.7740279189
968186.0558225536
968188.6194118231
968189.9012064579
968195.0283849968
968197.5919742662
968201.4373581705
968204.0009474399
968205.2827420747
968211.3561381123
968214.392836131
968231.6007915708
968240.7108856271
968254.8821430481
973642.9856585091
974321.7536808808
974565.668747469
974662.9421068315
974709.3727794375
975502.0719901589
980624.2113708081
983129.9658463161
983136.4573384577
983278.6595252104
983279.8753046708
985180.3586518846
986464.3868000214
986476.4675769223
986606.2424071089
986606.2424071089
987543.6578824716
990298.6801549523
990668.1780881578
991284.2096898663
991296.3674844704
991342.5671039663
991344.8556300094
1019093.5749814715
1026897.1187127042
1026901.189648454
1026953.176598232
1026953.176598232
1026954.8599851772
1026956.5433721223
1026957.3850655949
1026958.2267590676
1026959.9101460128
1026961.593532958
1026963.2769199031
1026964.9603068483
1026965.802000321
1026967.4853872661
1026969.1687742113
1026970.0104676839
1026972.100948204
1026973.1461884641
1026974.1914287242
1026976.2819092444
1026979.4176300247
1026980.4628702848
1030661.7440536679
1030728.6504328426
1031285.5654459463
1031311.9055005005
1031314.8321732287
1031317.758845957
1031320.6855186853
1031452.9249153798
1031453.9371480528
1031474.1818015113
1031477.2184995301
1031478.230732203
1031480.2551975489
1031482.2796628948
1031483.2918955677
1032416.306359309
1032423.7990815945
1032431.29180388
1032435.0381650227
1032436.2869520703
1032438.7845261655
1032443.7796743558
1032447.5260354985
1032450.0236095936
1032451.2723966412
1032452.5211836888
1032461.2626930218
1032463.760267117
1032472.5017764501
1032476.2481375928
1032477.4969246404
1032478.745711688
1034712.7542233666
1035572.33230694
1039095.8537274888
1039198.0782249253
1039270.3538382781
1039273.9186576915
1042148.8794993849
1042158.3746819581
1042175.280067849
1042175.5386272818
1042175.7971867145
1042176.31430558
1042176.5728650128
1042176.8314244455
1042177.0899838783
1042177.348543311
1042177.8656621765
1042178.382781042
1042178.6413404748
1042178.8998999076
1042179.1584593403
1042179.4170187732
1042179.9341376387
1042180.1926970714
1042180.4512565042
1053204.3747278021
1053226.5228187868
1053678.4847072486
1053678.4847072486
1053775.108917397
1054407.105188762
1054417.0789813492
1054429.9024289611
1054431.3272564735
1054434.1769114984
1054438.4513940357
1054444.1507040856
1054456.9741516975
1055244.705720551
1055248.3530589323
1055250.7846178531
1055250.7846178531
1055252.0003973136
1055253.216176774
1055255.6477356947
1055256.8635151552
1055258.0792946157
1055259.295074076
1055259.295074076
1055261.726632997
1055261.726632997
1055262.9424124572
1055296.984237349
1055298.2000168094
1056084.319715157
1056142.6936330504
1056142.6936330504
1056145.3672476104
1056145.3672476104
1056148.0408621705
1056148.0408621705
1056149.3776694504
1056150.7144767304
1056152.0512840105
1056153.3880912904
1056156.0617058505
1056156.0617058505
1056158.7353204105
1056158.7353204105
1056160.0721276905
1056161.4089349704
1056162.7457422505
1056164.0825495305
1056165.4193568106
1056166.7561640905
1056168.0929713706
1056169.4297786506
1056294.952131358
1056398.2493753773
1056398.2493753773
1056592.5485371987
1058408.8900434752
1058413.786168904
1058517.892098809
1058517.892098809
1061763.1320532707
1064309.15028385
1064323.184009658
1064356.7802321229
1064357.8639812346
1064468.3238716677
1064483.199290948
1064551.987102591
1064553.587970568
1065375.7574553594
1065386.352890838
1065458.012362564
1065458.012362564
1065765.808112837
1065773.7299337555
1065795.5149412816
1065795.5149412816
1065979.862315574
1065979.862315574
1065987.9491744284
1065989.104439979
1066052.2809618043
1066078.5880087714
1066122.7301553343
1066122.7301553343
1066222.468081205
1066227.6942825052
1066256.9610097876
1066256.9610097876
1066699.1801587725
1070667.1707454978
1070675.9507636826
1070709.4094545343
1070711.087340215
1071728.7277561717
1071758.880187043
1071822.9204073993
1071822.9204073993
1071990.1808540712
1071999.9510998707
1072016.2348428702
1072068.3428204677
1072068.3428204677
1073747.3727641562
1073768.9927337465
1073825.204654681
1073827.36665164
1075594.6203745443
1075607.3007892787
1075640.2918726457
1075673.3324673937
1075675.8740516051
1076148.7572490622
1076158.164411403
1076170.707294524
1076219.3109666181
1076220.8788270082
1083757.264649027
1083767.0458973555
1083863.5105708325
1084423.5943123037
1084423.5943123037
1084423.5943123037
1084443.2338266643
1085455.3564743006
1085499.2290589015
1085593.388702542
1085594.9620641966
1085596.5354258514
1085647.7301935374
1085711.6328822805
1085730.9313182405
1085730.9313182405
1085773.9071967236
1086898.7177469267
1086917.0039502135
1087009.7112600189
1087009.7112600189
1087063.9317231947
1087307.1206228654
1087492.964341109
1087497.9814943573
1087497.9814943573
1087504.0603916596
1087505.5292292882
1087509.935742174
1087695.553908572
1087730.6244699303
1087736.8133925227
1087865.141390139
1087866.863285936
1088310.9198572726
1089880.095049626
1089955.6164090496
1089984.140465621
1090006.9982197296
1090060.795085537
1090062.4729712177
1090370.8298504725
1090404.9046829515
1090942.3287158369
1090942.3287158369
1091299.6193430575
1091515.384439062
1091517.2383652076
1093008.1580696674
1093018.7204975588
1093051.4640240222
1093051.4640240222
1093079.9165641547
1093102.0316475523
1093128.5697476296
1093128.5697476296
1093165.4887338688
1093197.5335997373
1093235.9324261341
1093235.9324261341
1093272.94493387
1093293.3656277936
1093352.6802619214
1093352.6802619214
1093391.6017084483
1093415.5157053461
1093529.5569189861
1093529.5569189861
1093866.9824800005
1093887.8542776152
1093920.3117383232
1093920.3117383232
1095651.6201988095
1095660.3672094073
1095664.740714706
1095689.0563039142
1095755.566592043
1095755.566592043
1096183.81252913
1096195.2111492294
1096209.4594243537
1096247.9297671895
1096247.9297671895
1096859.8629268254
1096873.8911513689
1096896.336310638
1096904.753245364
1096911.7673576355
1096920.1072746583
1096925.5645290688
1096925.5645290688
1096929.6574698766
1096931.0217834793
1096932.386097082
1096935.1147242873
1096937.8433514924
1096939.207665095
1096939.207665095
1096940.5719786978
1097034.885657745
1097034.885657745
1097052.7097548116
1097072.0191933007
1098995.316284507
1099003.8982571687
1099015.3408873845
1099045.130234797
1099045.130234797
1101550.8957128339
1104373.792587046
1104376.3671788445
1104417.8907234927
1104418.8369409912
1104423.5680284842
1106776.0407704827
1106776.0407704827
1106777.372076498
1106782.69730056
1106784.0286065757
1106784.0286065757
1106785.359912591
1106789.3538306374
1106790.685136653
1106792.0164426684
1106796.010360715
1106797.3416667304
1106798.672972746
1106798.672972746
1106800.0042787613
1106801.3355847767
1106803.9981968077
1106805.3295028233
1106806.6608088387
1106806.6608088387
1106969.3992160698
1106989.9739454
1107076.4813300837
1107490.071898471
1108454.2070156406
1108463.465643839
1108638.5928987842
1108642.7188471793
1108704.663085751
1108704.663085751
1108707.826312854
1108708.4589582745
1108709.0916036952
1108709.7242491157
1108957.391178111
1108977.2507430527
1108978.2959833127
1108978.2959833127
1108980.3864638328
1108981.431704093
1108983.5221846132
1108983.5221846132
1109023.736428304
1109202.8851076183
1109204.4529680086
1111020.1453250712
1111032.3141222044
1111041.4407200543
1111046.6559188257
1111049.2635182114
1111050.5673179042
1111053.17491729
1111054.4787169828
1111055.7825166755
1111059.693915754
1111462.0233956554
1111472.8663880378
1111589.6472314121
1111589.6472314121
1111635.500271243
1111797.0008939556
1111899.3904293277
1111940.9799891503
1111942.14625723
1111944.4787933894
1111945.645061469
1111947.9775976285
1111949.143865708
1111952.6426699471
1111952.6426699471
1111954.9752061064
1111956.1414741862
1111958.4740103455
1111960.8065465048
1111963.1390826642
1112057.0291643427
1112057.9258704605
1112061.512694932
1112062.4094010498
1113159.1249933145
1113177.2186523431
1113225.0246410805
1113226.2624255992
1114074.8544839127
1114102.8119102377
1114337.4793511564
1114394.9620641966
1114525.6280992366
1114527.366498827
1115878.411051429
1115901.604382674
1115902.3525546496
1115903.1007266254
1117422.2859282237
1117558.750296075
1117562.0730598492
1117571.210660228
1117854.9493807256
1118083.9560204463
1118890.1993444327
1118892.1797996622
1118959.51527747
1118959.51527747
1118964.1363396726
1118967.2170478075
1118968.757401875
1118970.2977559427
1118971.8381100101
1118974.918818145
1118977.99952628
1118979.5398803477
1118982.6205884826
1118985.7012966175
1118987.241650685
1118993.403066955
1119246.6977895615
1122592.8914493541
1122606.7876435486
1122606.7876435486
1122621.0194148794
1123507.6142085437
1123529.2616844566
1123556.0858502893
1124939.0047295594
1131017.803008886
1131020.9497321954
1131020.9497321954
1131022.1600103914
1131022.6441216697
1131477.1145867556
1132246.1143498956
1132250.9554626793
1132251.2580322283
1132521.2600952026
1132557.7334790148
1132592.550982205
1132592.550982205
1132595.0815638872
1132595.5876802239
1132597.6121455696
1132599.6366109154
1132599.6366109154
1132601.1549599248
1132602.1671925979
1132606.32614858
1132607.3933938981
1132609.5278845346
1132611.128752512
1132612.19599783
1132614.8641111257
1132616.4649791028
1132618.0658470802
1132618.5994697392
1132620.2003377166
1132621.2675830347
1132621.801205694
1132623.402073671
1132626.0701869666
1132628.738300262
1132629.2719229213
1132633.0072815348
1132633.0072815348
1132635.6753948303
1132635.6753948303
1132638.8496244622
1132638.8496244622
1132638.8496244622
1132638.8496244622
1132640.1699279486
1132640.6100291107
1132641.930332597
1132642.8105349215
1132854.961300132
1134235.756691295
1134363.2980080838
1134378.6355335845
1135269.6203363412
1135276.1338335408
1135315.6714216948
1135316.656148045
1135411.9545534425
1135417.0432231298
1135460.2721597813
1135460.2721597813
1135625.7061866305
1135631.4825143835
1135637.2588421367
1135686.3246204508
1135687.463382208
1135692.0184292363
1135693.1571909932
1135694.2959527501
1135699.9897615355
1135739.032235882
1135739.7804078576
1136697.5780682922
1136712.2829483722
1136783.0732203028
1136784.3165060857
1137095.770597269
1137108.7150727008
1137175.010811513
1137176.336616264
1137351.7719420227
1137361.591699203
1137447.3509119109
1137448.6602128684
1137831.9498162423
1138852.6874441279
1138902.4848906242
1138922.5369998242
1139066.912186065
1139067.852902299
1141025.5273955332
1141056.9066083939
1141228.6725907135
1141315.9281473726
1141316.8743648713
1142206.4123350575
1142233.6931058457
1142266.8657309425
1142266.8657309425
1142759.773531277
1142773.0920926963
1142901.7666699775
1142905.133443868
1143137.902948525
1143139.0472115467
1143821.1765065442
1144573.6229647233
1144845.4679513138
1144846.8707737683
1147656.0144866633
1147670.6698553625
1147838.843511946
1147839.8337395608
1148087.9407697187
1148096.2146715668
1148174.7947340675
1148174.7947340675
1149729.2980539277
1149740.6141550592
1149750.9015197244
1149789.778956135
1149791.1597735314
1151257.3732990015
1152346.706194271
1152416.830813194
1152428.7135445718
1154864.0353303433
1155049.8735473223
1155133.7843351492
1155133.7843351492
1157787.726373215
1157882.3591256046
1162243.1895109224
1162295.682577037
1162295.682577037
1162331.3307711703
1162331.3307711703
1162333.300223871
1162335.2696765715
1162337.239129272
1162337.239129272
1163446.5801236257
1163497.9289267187
1163642.309614224
1163882.4013019658
1164414.2305488274
1165077.1219217752
1166266.3412770575
1166303.7498758396
1166469.646008909
1166471.1313503312
1166605.554749043
1170716.8642792196
1170723.3997814774
1170726.6675326063
1170736.4707859932
1170737.5600363694
1174329.8417622384
1175126.4468707738
1175355.3819940556
1175638.5265779842
1175640.633562298
1175663.8103897492
1175722.3658493722
1175734.727190764
1175807.8224925313
1176464.1508568982
1176577.3393745369
1190272.7649202698
1190283.7619480588
1190302.9943688444
1190302.9943688444
1190602.8132855538
1190616.401408935
1190655.5814148947
1190655.5814148947
1191014.6489505575
1191025.1453632745
1191073.022868451
1191074.1616302081
1191278.9076933656
1191314.8529557835
1191355.8813866242
1191368.3142444547
1191414.5358690086
1191424.5371679184
1191426.20405107
1191447.873532041
1191601.5238502738
1191602.8276499668
1191613.2580475095
1191614.5618472022
1193858.3241008872
1193863.7978590913
1193865.987362373
1193868.1768656545
1193869.2716172955
1193872.555872218
1193967.27664484
1193968.0468218736
1194352.9813033415
1194525.5449690172
1194536.3274474896
1198629.9944223291
1198637.8557293378
1198657.7703069248
1198658.766035804
1198665.7361379596
1199167.7045209697
1199202.7200696827
1199202.7200696827
1199829.589162509
1207245.7008381789
1207422.7865432957
