577707.7685495763
585093.9643487496
585100.2687978973
586990.1237020454
586992.7753115473
587078.9196127722
592224.4393676602
593307.2202568785
593357.1277286655
593358.3160018033
604482.5330266887
604741.1804796796
604741.1804796796
609022.7266406375
609034.3453113181
617351.7511594679
617362.2255671269
617384.2526302921
617623.6016473231
623272.6686481406
623300.6315757303
623301.8473551907
623304.6034887185
623344.6526944735
655063.9317231948
655072.403670566
655075.7924495145
655077.4868389887
655096.1251232055
696954.9553404289
696955.5329732042
697076.9513825747
697076.9513825747
697077.6775494922
697077.8590912216
697253.3439283613
697253.8555459623
697259.9949571742
705883.5846850908
706077.8233330023
706104.7740279189
706189.2844535792
706189.2844535792
706208.8469502365
724201.9538657845
724208.0712719383
724209.6006234767
724227.127652259
724229.2841479535
724236.8318828841
724240.066626426
724243.3013699676
753212.1241757654
757648.3163838354
758086.9046982327
758204.8518096869
758207.0743205557
763711.4195554673
763752.1179104364
764688.4551379519
764783.2199206902
798078.4516996614
798082.3135873593
798084.2445312082
798086.1754750571
798088.106418906
798090.0373627549
798091.9683066037
798093.8992504526
826398.1087875061
826401.2555108154
827229.8779788966
848891.6571795322
855577.9160904346
876687.6543983374
881014.3164296793
881023.6850831684
881028.0090770865
881029.4504083925
881030.1710740455
881035.2157336165
881036.1344447925
881042.5654230242
884134.028530169
884268.7104883136
893084.0137837239
910347.9996026864
910366.0217452762
910369.8836329739
910369.8836329739
910372.4582247725
910373.7455206717
910382.6575692052
910385.8262975726
910388.99502594
910390.5793901237
910576.8247006778
910576.8247006778
916656.8387594649
916664.1004286403
916665.9158459341
927416.5089892191
927611.0392041504
928923.1953178126
1024529.693533722
1149077.8383086668
1152386.7939088778
1152406.4334232383
1164399.2120966695
1164498.7079669007
1164571.5557117644
1164572.8540101927
1199695.0832448292
1199709.3315199537
1202735.4120981977
