9486.848157458415
9489.708815012338
9490.423979400819
9491.854308177783
9492.211890372022
9492.569472566263
9492.927054760503
9503.082389076933
9503.511487710022
9503.94058634311
9507.373375407818
9518.529939868122
9519.817235767387
9520.246334400475
9522.391827565918
9523.250024832096
9523.679123465185
9525.395517997538
9526.253715263716
9527.541011162983
9527.970109796071
9528.817304533195
9530.935291376005
9531.358888744566
9532.20608348169
9532.629680850252
9534.3240703245
9534.74766769306
9535.171265061623
9535.594862430184
9537.712849272993
9538.983641378678
9539.40723874724
9539.830836115802
9541.525225590049
9541.948822958611
9542.796017695735
9543.643212432858
9545.337601907106
9545.761199275667
9546.18479664423
9550.844367698408
9551.691562435532
9553.38595190978
9553.765539162128
9554.145126414476
9554.524713666824
9556.043062676214
9556.422649928561
9557.561411685603
9560.218522452036
12527.320043704489
12595.447703604092
12670.556468188173
12670.556468188173
22492.558164411403
23421.24863423468
23470.088860703403
27048.727450545928
27058.629726694126
27094.277920827637
27094.277920827637
27254.8928399514
27272.32084597223
27279.582515147576
27292.653519663196
27295.558187333336
27298.462855003472
27301.367522673612
27302.819856508682
27305.72452417882
27307.176858013892
27311.324811467082
27313.398788193677
27315.472764920272
27319.620718373462
27321.694695100057
27325.842648553247
27327.91662527984
27329.990602006434
27340.36048563941
27342.434462366004
27346.582415819194
27348.65639254579
27352.80434599898
27354.878322725574
27363.174229631953
27365.248206358545
27369.396159811735
27371.47013653833
27373.544113264925
27375.61808999152
27379.76604344471
27381.840020171305
27388.06195035109
27390.135927077685
27392.20990380428
27396.35785725747
27398.431833984065
27400.50581071066
27404.653764163846
27408.801717617036
27410.87569434363
27415.02364779682
27417.097624523416
27419.17160125001
27423.3195547032
27437.358781775532
27438.794611817022
27441.666271899998
27444.537931982977
27445.973762024463
27448.845422107443
27451.71708219042
27453.152912231908
27456.024572314884
27458.896232397863
27461.76789248084
27464.639552563818
27468.947042688284
27470.382872729773
27473.25453281275
27474.69036285424
27476.12619289573
27478.997852978704
27480.433683020194
27483.30534310317
29777.61871652442
29783.09797599309
29789.4904453732
29808.95391926894
29810.01016205808
30553.946164014083
30599.469127973163
30629.89662207077
30701.847660816482
30712.377081120732
30740.483041588024
30752.910398154014
30761.195302531338
30849.63913232833
30849.63913232833
32837.62009184056
32907.838232260336
32928.544991939125
32948.4265619389
32972.896186554
33015.26692593923
33015.26692593923
34756.79123465186
38285.72039823043
38339.63279059284
38361.19774753781
38411.14922944094
38411.14922944094
39433.22366460624
39445.551998410745
39453.77088761375
39490.75588902726
39492.12570389443
41712.920178179855
50817.14988653643
51619.57533294111
51619.57533294111
51622.67804613421
60040.223412464955
60057.057281916896
60132.38609708204
60132.38609708204
60889.64616172189
60968.38025962911
61100.471122181545
61100.471122181545
75624.45312082152
75915.60204463665
75927.3032342851
78459.74984527694
80517.97095026706
82190.32235881998
82219.58908610244
82221.12944016993
82224.21014830492
82227.29085643993
82228.83121050741
82230.37156457492
82231.9119186424
82238.0733349124
82313.67721330389
82313.67721330389
105471.43728176408
105530.86744244683
108591.94156434569
110890.2103469617
110896.31675058643
110896.31675058643
110897.53803131137
110899.98059276126
110901.2018734862
110902.42315421115
110903.6444349361
110904.86571566104
110906.08699638597
110906.08699638597
110908.52955783586
110908.52955783586
112101.72082610657
112124.99117505483
112124.99117505483
112124.99117505483
112132.74795803758
112132.74795803758
112145.30184368767
112152.07940158466
112158.85695948165
112165.63451737864
112165.63451737864
112169.02329632714
112174.10646474989
112180.88402264687
112180.88402264687
112191.05035949235
112192.7447489666
112192.7447489666
112201.21669633784
112201.21669633784
112315.29091756509
112588.03261027361
112588.03261027361
112729.92122494824
112747.63529672446
112751.1781110797
112752.94951825733
112765.34936850068
112768.89218285593
112770.66359003355
112788.37766180978
112793.69188334263
112797.23469769787
112823.21166879332
112826.16034657967
112837.95505772508
112840.90373551143
112848.27542997731
112858.59580222955
112861.5444800159
112865.96749669543
112868.91617448178
112880.7108856272
112902.82596902482
112915.92447986307
112931.35552686069
112956.04520205685
113254.18073182099
113268.25846774502
113283.63450209735
113291.91390521015
113296.64499270318
113319.11765829506
113342.99314634128
113345.87580895331
113358.84779070746
113363.17178462549
113402.08772988792
113412.17704903003
113432.88380870881
113442.78608485701
113458.62972669413
113462.59063715341
113468.53200284232
113514.08247312403
113529.92611496116
113541.06617562787
113546.80949579382
113571.21860649913
113574.0902665821
113597.06354724593
113601.3710373704
113775.61808999152
113785.98797362449
113790.13592707767
113802.57978743725
113808.80171761704
113812.94967107022
113829.54148488298
113843.10210194148
113958.94773034635
113964.36647590522
113973.03646879942
113982.7902108054
114005.103339726
114012.5410493662
114031.1353234667
114049.72959756722
114073.90215389787
114086.91814576823
114090.63700058832
114099.15845934031
114100.7593273176
114116.76800709052
114119.9697430451
114131.17581888614
114137.57929079531
114153.58797056823
114176.00012225032
114187.20619809137
114195.95320868894
114215.3616699394
114237.54276851137
114245.86068047585
114252.79227377959
114620.55180739462
114624.3476799181
114628.14355244157
114650.91878758243
116107.69764438909
116224.79756110605
119151.20622865396
122661.71715859686
122680.68551868519
122680.68551868519
122706.76701380663
122709.13805881767
122709.13805881767
122713.88014883976
122713.88014883976
122718.62223886183
122720.99328387287
122723.36432888392
122725.73537389496
122725.73537389496
122728.106418906
122730.47746391704
122732.84850892809
122735.21955393913
122737.59059895016
122739.9616439612
122742.33268897224
122744.70373398329
122747.07477899433
123024.88863759657
123074.49904109901
123130.28186340054
123132.14129081058
125870.20866601975
125878.42755522276
125883.90681469144
125889.3860741601
125898.97477823027
125904.45403769895
125908.56348230044
125915.34104019743
125927.0257260523
126012.36134139166
126016.1902215023
135938.74403074596
137345.06528931303
137353.3171861032
137361.56908289334
137363.6320570909
137380.1358506712
137400.76559264664
137418.6502036232
137425.53778681072
145792.36149420458
156750.7098923433
156766.0144102568
156776.60984573537
176095.8515881081
176097.96407368637
176108.87858250752
176163.7701999557
176163.7701999557
176165.91569312115
176171.06487671818
179724.32063203416
190046.13421557317
190053.39588474852
190063.25415078047
190073.92660396243
190094.20426500813
190099.5404915991
190112.34743541744
190117.6836620084
190123.6580352845
190299.5884748508
190304.8256786803
190306.1349796377
193020.78897302088
193047.0685136653
193110.8226682661
193114.29946744704
195615.75745535953
199521.770795926
199542.26850755277
199543.4072693098
199546.82355458094
199550.23983985206
199552.51736336615
199553.6561251232
199554.79488688023
199555.9336486373
199557.07241039432
199558.21117215138
199559.3499339084
199561.6274574225
199562.76621917955
199563.90498093658
199565.0437426936
199566.18250445067
199567.3212662077
199568.46002796476
199569.5987897218
199570.73755147884
199571.87631323587
200040.36950160074
200060.7021752917
200127.91662527985
200129.99060200644
203188.23707393854
203198.88752206237
203330.27422275537
203330.27422275537
206052.48695359836
206060.07319738079
206071.99443761032
206121.07671971823
206121.98442836513
208972.79471878606
209651.32068551867
209667.3293652916
209744.1710282016
209807.90867900886
209810.07067596787
218086.5966274192
218104.327202989
218109.16281450805
218110.7746850144
218113.99842602707
218117.22216703976
218120.44590805247
218122.0577785588
218125.03946393233
218131.00283467936
218132.49367736612
218133.98452005285
218136.96620542638
218139.9478907999
218141.43873348663
218145.91126154692
218147.40210423368
218148.89294692042
218153.3654749807
218154.85631766747
218156.3471603542
218157.83800304096
218163.80137378798
218165.29221647474
218166.7830591615
218168.27390184827
218172.74642990853
218174.2372725953
218175.72811528205
218180.2006433423
218181.69148602907
218183.18232871583
218187.6548567761
218189.14569946285
218190.63654214962
218192.12738483638
218196.59991289664
218198.0907555834
218199.58159827016
218204.05412633042
218205.54496901718
218207.03581170394
218210.01749707744
218215.83233368225
218217.27366498826
218220.1563276003
218221.5976589063
218228.8043154364
218230.2456467424
218231.6869780484
218233.12830935442
218237.45230327247
218238.8936345785
218240.3349658845
218241.77629719052
218246.10029110857
218247.54162241457
218251.86561633262
218256.18961025067
218257.6309415567
218259.07227286272
218263.39626678076
218264.83759808677
218266.27892939278
218270.60292331083
218273.48558592287
218274.92691722888
218276.36824853488
218280.69224245293
218282.13357375897
218283.57490506498
218286.45756767702
218292.22289290107
221988.2364626869
222004.68524362196
222007.974999809
222016.1993902765
222037.5828054921
249454.87297427392
249721.39823806722
252906.64140159995
252953.96327905927
253032.6973769665
253032.6973769665
253851.91268270696
253856.97384607157
253856.97384607157
253857.98607874452
254225.3715263717
258100.79783616928
263144.51118972484
263146.9372473812
263172.6281527212
263173.1452715868
263189.8251056319
263192.39969743043
263200.5525714591
263201.41076872527
263239.2044560243
263240.590774685
263241.1849112539
263241.3829567769
263242.17513886874
263881.44958320283
272506.3486120768
272508.06500660913
273474.8462320158
291808.08533072536
291828.41800441634
292274.5705575379
292275.6488053851
292314.0916418982
292318.3166130548
292319.72493677365
292321.1332604925
292322.54158421134
292323.9499079302
292325.35823164904
292326.7665553679
292328.1748790868
292329.5832028056
292330.9915265245
292332.39985024335
292333.80817396217
292335.21649768105
292336.6248213999
292338.03314511874
292339.4414688376
292342.2581162753
292345.07476371306
292372.2290054172
292373.3347595871
292384.39230128593
292388.8153179654
292391.0268263052
292394.34408881486
293281.10392041504
296113.7545366331
296768.54804819723
296770.5009971042
296805.6540774303
334882.898555154
334889.0929790111
340082.64977574704
341636.0803490247
341657.67281229224
341720.12316720025
341724.38114594395
341724.38114594395
341752.0415039846
347488.7601525073
359161.2992153057
359174.37021982134
359191.77622078406
364447.43129149824
364556.1582836054
364573.3882441033
364574.82407414477
364577.6957342278
364579.13156426925
364580.5673943107
364584.8748844352
364586.3107144767
364589.1823745597
364590.61820460117
364592.05403464264
364593.4898646842
364594.92569472565
364599.2331848501
364600.6690148916
364602.1048449331
364603.54067497456
364604.97650501603
364609.2839951405
364612.1556552235
364613.591485265
364615.0273153065
364626.5139556384
364626.5139556384
364626.5139556384
364629.38561572134
364630.8214457629
364630.8214457629
364630.8214457629
364632.25727580435
364632.25727580435
364635.1289358873
364635.1289358873
364636.56476592884
364638.0005959703
364638.0005959703
364639.4364260118
364639.4364260118
364640.9602762857
364644.00797683356
364644.00797683356
364644.00797683356
364647.05567738134
364660.77032984665
364660.77032984665
364660.77032984665
364665.34188066836
364665.34188066836
364665.34188066836
364666.8657309423
364668.3895812162
364668.3895812162
364669.91343149013
364669.91343149013
364671.43728176405
364671.43728176405
364674.4849823119
364674.4849823119
364674.4849823119
364676.0088325858
364677.5326828597
364679.0565331336
364679.0565331336
364680.58038340753
364703.4381375163
364704.96198779024
364704.96198779024
364704.96198779024
364711.0573888859
364711.0573888859
364712.5812391598
364712.5812391598
364712.5812391598
364714.1050894337
364714.1050894337
364715.62893970765
364715.62893970765
364718.6766402555
364718.6766402555
364720.2004905294
364721.72434080334
364736.7207879033
364738.1841242674
364738.1841242674
364739.64746063156
364752.81748790864
364752.81748790864
364754.2808242728
364754.2808242728
364755.7441606369
364763.0608424575
364763.0608424575
364764.52417882165
364764.52417882165
364765.9875151858
364767.45085154986
364768.914187914
364770.3775242781
364771.84086064226
364771.84086064226
364771.84086064226
364773.3041970064
364773.3041970064
364776.2308697346
364776.2308697346
364777.69420609873
364786.4742242835
364787.9375606476
364790.8642333758
364790.8642333758
364790.8642333758
364792.32756973995
364792.32756973995
364795.2542424682
364795.2542424682
364795.2542424682
364796.71757883235
364801.1075879247
364801.1075879247
364802.5709242888
364802.5709242888
364802.5709242888
364804.03426065296
364806.96093338117
364806.96093338117
364806.96093338117
364808.4242697453
364837.97706278315
364839.26435868244
364839.26435868244
364841.838950481
364841.838950481
364843.1262463802
364843.1262463802
364843.1262463802
364845.70083817875
364845.70083817875
364846.98813407804
364846.98813407804
364849.5627258766
364850.8500217758
364852.1373176751
364854.71190947364
364854.71190947364
364854.71190947364
364855.9992053729
371005.74729330145
371014.82437977067
371037.5170959436
371062.657874831
371064.5668136218
371068.38469120336
371070.29362999415
371074.1115075757
371076.0204463665
371079.8383239481
371081.7472627389
371083.65620152967
371087.47407911124
371089.38301790203
371093.20089548366
371095.10983427445
371097.01877306524
371098.927711856
371102.7455894376
371104.6545282284
371108.47240580997
371110.38134460076
371121.83497734554
371127.5617937179
371129.4707325087
371133.28861009027
371135.19754888106
371139.01542646263
371140.9243652534
371144.742242835
371148.5601204166
371150.46905920736
371154.286936789
371154.286936789
371158.1048143705
371159.64516843803
371161.1855225055
371167.3469387755
371170.4276469105
371171.968000978
371185.8311875855
371188.91189572046
371191.99260385544
371195.0733119905
371199.694374193
371201.23472826043
371204.3154363954
371207.39614453044
371208.9364985979
371210.4768526654
371212.01720673294
371213.5575608004
371216.63826893544
371218.1786230029
371219.7189770704
371225.8803933404
371227.4207474079
371230.50145554286
371235.12251774536
371236.6628718129
371266.0396243859
371267.5909809824
371269.142337579
371272.2450507721
371273.7964073686
371275.3477639652
371276.8991205617
371280.0018337548
371281.5531903514
371284.6559035445
371284.6559035445
371287.7586167376
371289.30997333414
371292.41268652724
371295.51539972035
371298.61811291345
371301.72082610655
371303.2721827031
371306.3748958962
371307.92625249276
371309.4776090893
371315.6830354755
371317.2343920721
371320.3371052652
371321.8884618617
371323.4398184583
371324.9911750548
371328.0938882479
371329.6452448445
371332.7479580376
371334.2993146341
371337.4020278272
371340.5047410203
371342.05609761685
371345.30184368766
371345.30184368766
371348.6906226362
371352.0794015847
371358.85695948167
371360.5513489559
371362.2457384301
371375.80085422413
371377.49524369836
371380.8840226469
371384.2728015954
371385.9671910696
371389.3559700181
371392.7447489666
371394.4391384408
371396.1335279151
371397.82791738934
371399.52230686357
371401.21669633785
371402.9110858121
371404.6054752863
371409.68864370906
371409.68864370906
371413.0774226576
371421.5493700288
371424.9381489773
371426.6325384515
371430.02131740004
371431.71570687427
371441.88204371976
371446.8991969682
371463.18293996743
371466.4396885673
371468.0680628672
371472.953185767
371474.58156006696
371477.8383086668
371489.23692876624
371495.750425966
371577.78528258926
371677.35817052395
383915.3722140297
391749.646008909
392642.4132213724
392653.7733326202
392657.01907869097
392665.13344386796
392666.7563169034
392668.3791899388
392678.1164281512
392679.7393011866
392682.9850472574
392689.47653939895
392704.08239671757
392705.70526975294
392708.95101582375
392715.4425079654
392717.06538100075
392720.31112707156
392721.82947608095
392730.9395701373
392732.4579191467
392744.6047112218
392752.1964562688
392753.71480527817
392764.34324834385
392765.86159735324
392767.37994636263
392768.898295372
392776.490040419
392778.0083894284
392779.52673843777
392781.04508744716
392791.6735305129
392806.8570206068
393357.0824960459
393367.72744290525
393368.9102147785
393370.2085132068
393375.4017069201
393377.9983037767
393379.2966022051
393532.03371052654
396728.2243904675
429737.0878444976
463249.33900778583
465470.4855630009
465496.374513864
466159.6619778574
466159.6619778574
466187.14079416863
466190.193995981
466191.2117299185
466193.65979263285
466195.09012140986
466197.95077896374
466199.38110774074
466202.24176529463
466206.5327516255
466207.96308040246
466210.8237379564
467437.4957021371
467510.1123938905
467515.19556231325
467705.2477479199
467705.2477479199
467708.77955974604
467710.5454656591
467712.3113715722
467714.07727748534
467717.6090893115
467717.6090893115
467719.3749952246
467722.9068070508
467722.9068070508
467724.6727129639
467726.438618877
467728.2045247901
467731.7363366163
467733.50224252936
467735.26814844244
467735.26814844244
467737.0340543556
467738.79996026866
467740.56586618174
467742.3317720948
467742.3317720948
467745.86358392105
467747.62948983413
467751.1613016603
467788.2453258353
467791.77713766147
467791.77713766147
467793.46052460663
467795.14391155186
467796.827298497
467798.51068544225
467800.1940723874
467800.1940723874
467801.87745933264
467805.244233223
467806.9276201682
467808.6110071134
467810.2943940586
467811.9777810038
467813.661167949
467818.7113287846
467820.39471572975
467822.078102675
467825.44487656537
467827.12826351053
467828.81165045575
467832.17842434614
467835.5451982365
467837.2285851817
467838.91197212687
467840.5953590721
467842.27874601725
467843.9621329625
467845.64551990764
467847.32890685287
467849.01229379803
467850.69568074326
467850.69568074326
467854.06245463365
467855.7458415788
467857.42922852404
467859.1126154692
467860.7960024144
467862.4793893596
467864.1627763048
467865.84616325
467867.5295501952
467870.8963240856
467872.57971103076
467874.263097976
467875.94648492115
467877.6298718663
467877.6298718663
467879.31325881154
467880.9966457567
467884.3634196471
467886.0468065923
467887.7301935375
467891.0969674279
467896.5542218385
467898.44115557114
467902.2150230365
467904.1019567692
467904.1019567692
467905.9888905019
467909.7627579673
467909.7627579673
467913.5366254326
467919.1974266307
467921.08436036337
467922.97129409603
467924.85822782875
467926.7451615614
467928.6320952941
467930.5190290268
467932.40596275945
467934.2928964922
467936.17983022484
467938.0667639575
467939.9536976902
467941.8406314229
467943.7275651556
467945.61449888826
467949.38836635364
467951.2753000863
467955.0491675517
467956.93610128434
467958.82303501706
467960.7099687497
467964.4838362151
473353.3795337679
473393.6267850457
473422.9045148572
473487.0712642975
473495.7357559272
541864.4995759442
541875.6781454626
542041.7833265841
542041.7833265841
542053.1159315093
570573.5526707876
570628.0647009833
570646.2353777153
570667.0741677427
570691.0046684343
570691.0046684343
575440.3288533683
592233.7365047105
604925.2912995974
605048.5636351133
624528.7008611007
624543.4937614131
624563.3808326775
624588.5711229456
624589.8969276965
696753.5100359875
723587.8036965441
723907.2456238205
723916.9828620328
723918.6057350682
723923.4743541745
723926.7201002452
723931.5887193514
723941.3259575638
723947.8174497054
723949.5118391797
723954.5950076025
723959.6781760252
723963.0669549736
724371.1232512473
724371.1232512473
724976.3668732188
746454.8439398223
749512.6558118567
749543.0227920446
749565.7980271854
763896.3060536832
763902.9295761734
770946.3305801542
771351.8122846293
797517.3062141368
812275.3615171266
812324.344776473
837341.0921538215
857631.356596551
857631.356596551
857642.1115687009
857648.5645519908
857655.0175352807
857657.1685297107
857659.3195241407
857663.6215130006
857665.7725074305
857667.9235018606
857670.0744962905
857672.2254907205
857676.5274795804
857678.6784740104
857678.6784740104
857685.1314573003
857687.2824517302
857689.4334461602
857693.7354350202
857695.8864294501
881403.063287464
882113.0894948769
882114.0357123755
922964.0935520596
933460.731820995
933485.8340910306
933529.4371136699
950753.7533141299
950792.8067910054
972810.616829285
972835.0259399904
973418.435043055
973419.7223389543
973445.4682569396
973497.3671864852
973532.839340154
974399.0024373658
976385.2449972876
976446.3145347993
988269.1316406757
988276.4483224964
991401.672690042
991781.9420991909
991844.0458744336
991848.0728000671
999717.8242498797
999836.9981433232
1024121.0431008795
1030740.863240092
1032499.111392966
1032504.0625310402
1032553.3538612
1032599.5644832249
1032601.1048372925
1032607.2662535624
1032608.8066076299
1032613.4276698324
1032614.9680239
1032618.0487320349
1032622.6697942374
1035056.1211500699
1035077.2350033236
1035081.6800250614
1035086.125046799
1035178.9148755721
1035178.9148755721
1035626.0301499858
1035813.9643487496
1035834.7756324544
1039941.2990624929
1039958.7600761008
1039960.2784251103
1039962.4569258628
1039972.0291261394
1084104.713514009
1084171.9939791716
1087189.2395265854
1087252.0639674815
1089573.6306053684
1089605.4554206557
1090225.20037592
1090225.20037592
1090625.692433469
1090642.7133459148
1090647.7194966343
1090648.720726778
1090652.7256473536
1091177.1942022785
1091193.7805148268
1091201.1522092926
1091228.7960635396
1091901.2376317056
1092201.3866242866
1092204.0052262014
1092241.2157794605
1092253.2745513031
1092263.8259766654
1092300.0022921935
1092301.5096386739
1094409.825258445
1098563.037920522
1107561.1152285698
1107838.2139227835
1107839.0171074045
1108468.5158046747
1108476.091045928
1108609.7112600186
1108615.2125245454
1109490.6287486914
1110041.3603404672
1110166.250047754
1110215.5963905593
1111542.5784121212
1111565.3536472619
1115869.4329877214
1119064.0668098014
1125115.6943436305
1125119.6552540897
1135697.7122380214
1138535.380007488
1138545.0072204098
1140023.4885657746
1142327.8197418991
1142332.330778811
1142768.6525722232
1142768.6525722232
1142774.5719328541
1162354.9642035773
1162499.1633493532
1162499.1633493532
1162595.793060766
1162598.9287815464
1162605.200223107
1170902.674989876
1170909.7716211157
1171007.859167628
1171036.421733051
1171037.7200314794
1173162.9245333476
1173185.204654681
1173191.3935772737
1173196.3447153477
1173235.9538199406
1173246.1641669024
1173256.4185239803
1173267.9546756928
1173279.4908274056
1173302.5631308309
1173557.0461265747
1173576.0694993085
1173577.5328356726
1173587.7761902213
1173589.2395265854
1174442.5956799793
1174454.610441706
1174459.1159773532
1174462.1196677848
1174463.6215130007
1190603.8585258138
1190646.7133764776
1190691.6036950161
1191184.2914447696
1191184.2914447696
1191627.2037530849
1192038.7753573912
1192538.4772194165
1194000.9003736277
1194006.7977292002
1194008.2720680935
1194009.7464069866
1194010.4835764333
1194011.9579153263
1194014.169423666
1194015.6437625594
1197241.6182886483
1197262.9962025993
1197268.1563887254
1197292.8570664506
1197329.6935337218
1197329.6935337218
1197569.3781278892
1197680.1240840778
1207265.9454916373
1207277.6961926667
1207359.2469380116
1207359.2469380116
1207375.574691127
1207426.9620030713
1207433.9211026977
1209100.1826114196
