16132.4582247725
19867.002651303876
19872.393890540116
22171.608890654723
60825.83149321128
83822.60255655985
122749.44582400536
123618.21101933847
213176.79505497444
225143.65176995544
264127.07554305886
264127.9667479122
264130.3432941878
264187.9635388412
264189.3883663537
282092.1920246945
282095.3827581201
282103.3595916839
282788.145997448
282788.145997448
282789.4993085216
292589.0008328303
292833.7410890976
292835.061392584
334888.3558095645
370796.34165908967
478208.94964050764
791266.0652969537
806418.5227576616
812676.8327997616
814540.969292247
814588.4507063776
819511.3672934542
819512.7371083214
949449.3814897729
973788.9287051399
1053364.5000343828
1053375.612588727
1053376.7238441613
1053474.33278066
1053474.8829071126
1065738.91793183
1065747.9840157703
1065757.8862919183
1065763.8276576074
1065765.808112837
1065767.7885680667
1065839.4810473796
1065839.4810473796
1065840.5647964913
1065888.2882662613
1065891.137921286
1065892.5627487986
1065913.935161485
1065933.8827466592
1110466.1679872249
1124400.7500057304
1124797.0170921232
1124797.0170921232
1124810.7702534401
1164405.2194775327
1189464.1670550662
