426555.80559142417
437028.3758280549
437053.3790753291
437053.79167016863
449316.61641669023
449322.43125329504
449406.88666631014
449406.88666631014
452591.17260981514
458672.3749417401
458674.61945766705
458675.7417156305
458675.7417156305
458676.863973594
458677.98623155744
458679.1084895209
458732.0196517394
458732.0196517394
474011.5123128997
474019.2085819727
618313.9168239366
618318.81845063
744087.0666799104
744192.6359461793
744194.231312892
744200.6127797432
744202.2081464559
744203.8035131687
744298.9753894819
757236.9593288457
757392.8211554183
757442.5470854759
757457.6810641891
757577.4876030532
757577.4876030532
758136.5811169095
758904.6016549637
758947.4069942466
758947.4069942466
768332.2121959978
794400.2567256779
794407.6229188793
794431.2563512863
794431.7899739455
794433.3908419227
797295.0331221969
797332.0676349911
915594.4235515246
915675.424170417
915684.7323099963
915695.5918061722
915977.9607118025
915977.9607118025
935943.5075145746
