9475.62557782379
21088.9435279915
22505.08454373887
23039.03177744329
23153.337051780654
23154.71236791235
23156.087684044043
23157.463000175736
23158.838316307432
30769.480206908665
47818.245555054666
50699.65387877352
75372.33016755935
76524.55902016367
76713.0433453801
77930.25313457468
77984.69364833167
77986.38803780591
77988.08242728015
78522.07917236532
78551.22487182818
78551.22487182818
78552.24810703016
78553.27134223214
78554.29457743412
78555.3178126361
78557.36428304006
80409.69506185102
80427.8932449056
80466.81469143255
80511.9635694038
80597.54674164687
80612.08658379114
82267.780163357
82411.66023579032
102692.9961261929
125629.64937079287
152099.45675012798
152167.83196693126
209694.54412090554
218329.4554512183
226211.44721460278
249440.10758028406
250811.8038799196
251197.2609815173
254718.17480268033
254830.04301683232
254830.04301683232
254840.03331321295
254841.28210026052
254843.7796743557
254845.02846140327
254847.52603549842
254850.02360959357
258876.98775204577
258944.6698095187
262705.9283765921
263178.3164602419
264132.4227721789
275544.7190152736
287645.388488604
288005.3912392362
292292.96678611543
370302.8672285088
372272.3749417401
395468.7428846492
419348.5219171907
467321.91413442953
467351.1258490667
467393.4855859229
467395.24599057145
467397.00639522006
467400.52720451716
467400.52720451716
467411.0896324086
467411.0896324086
512558.48226224224
512614.3531047762
533953.3071004516
534011.2134108604
541744.6160193767
541838.054997364
542515.8437946499
542996.2637245089
570716.5305358385
624601.8291704551
645368.0960276286
645387.1194003621
645388.6652556942
645388.6652556942
645390.2111110262
645391.7569663582
645393.3028216902
645394.8486770223
645396.3945323543
737361.5067352287
751194.7444586221
797519.5947401798
797539.0472115466
811925.0354907968
812187.726373215
870501.8565239649
892973.7299337556
896505.2997043071
900774.8311035384
902207.4484065435
913780.5026016396
933432.818404786
936176.2055027927
948229.7456429221
961627.4757600533
987453.3106151484
987628.8614674624
988089.9334499806
988213.8329296525
990759.9116741418
994818.5520977392
995227.4720925435
999574.6373367767
1013852.9438641799
1021005.2093918811
1026998.2319547063
1035010.7027101368
1035211.1797920215
1035347.5286333178
1035424.4088050795
1035424.4088050795
1042066.6080883871
1042109.0723492692
1042123.1335813996
1042133.2559081288
1042133.2559081288
1042136.3366162638
1042136.5566668449
1042136.776717426
1042137.2168185881
1042137.6569197503
1042137.8769703313
1042138.0970209124
1042138.5371220745
1042156.3612191413
1050419.128508011
1050459.958893329
1072426.4586373672
1072687.7301935377
1072964.4327967053
1072966.5232772254
1072981.1566408668
1072985.337601907
1073033.4186538712
1073035.5091343913
1073043.871056472
1073045.961536992
1073048.0520175123
1073052.2329785528
1073056.975068575
1073059.3461135859
1073064.088203608
1073068.83029363
1075414.3219309438
1075808.8671215398
1075833.0946905157
1075839.1515827598
1075845.2084750037
1075855.3032954105
1085212.7782149925
1087341.0854300538
1087567.2204096913
1088700.0297985163
1088703.8036659816
1090483.0886544061
1090717.8716218797
1090786.2193323604
1092278.8994414688
1108539.48211707
1108764.6103652993
1109657.3610739692
1109710.7728512597
1114586.4720849027
1117175.2791509717
1117266.8146914328
1118253.593013394
1122425.8070431468
1122548.100153577
1122548.100153577
1122548.100153577
1128980.5142154202
1130802.1424369074
1130833.0045309025
1130838.5002941648
1138486.2537152637
1140593.8871782334
1142292.771185599
1144526.7246846324
1145028.5115259134
1145128.722560533
1145128.722560533
1145269.769481735
1145289.150436663
1145290.6412793498
1145292.1321220365
1145295.11380741
1145296.6046500967
1145299.5863354702
1145301.077178157
1145302.5680208437
1145304.0588635306
1145311.5130769643
1145313.003919651
1145314.4947623378
1145317.4764477112
1145318.9672903982
1145320.458133085
1145346.1930485412
1145409.7326538253
1145409.7326538253
1145411.003445931
1147949.9140427418
1148965.6345173789
1155268.7853666365
1162742.605307192
1166518.6622758426
1177577.1942022785
1177891.5969712483
1178453.628160362
1180328.1015288932
1191579.3592554955
1192375.5407666625
1192378.4784419197
1193846.281832838
1193974.9784151774
1197678.12162379
