2896.9769023296326
2903.4298856195414
2904.1890601242367
2905.3278218812793
2906.0869963859745
2906.84617089067
2907.605345395365
2908.7441071524077
2909.1236944047555
2910.262456161798
2911.4012179188408
2912.5399796758834
2914.7899968673355
2915.2576043521112
2916.192819321663
2917.1280342912155
2918.5308567455436
2920.4012866846474
2920.8688941694236
2921.8041091389755
2922.7393241085274
2923.6745390780798
2924.6097540476317
2925.5449690171836
2926.4801839867355
2927.415398956288
2927.8830064410636
2928.818221410616
2929.753436380168
2930.6886513497197
2931.156258834496
2932.091473804048
2933.0266887735997
2933.961903743152
2934.429511227928
2935.3647261974797
2935.832333682256
2936.767548651808
2937.235156136584
2938.170371106136
2939.573193560464
2940.04080104524
2940.976016014792
2941.498636144836
2943.0664965349674
2943.589116665011
2945.1569770551423
2946.724837445274
2947.2474575753176
2948.292697835405
2948.8153179654487
2949.8605582255364
2950.905798485624
2951.428418615668
2952.996279005799
2953.5188991358427
2954.0415192658866
2955.0867595259742
2956.131999786062
2956.6546199161057
2957.699860176193
2959.7903406963683
2960.312960826412
2961.3582010865
2962.403441346587
2964.4939218667623
2965.016541996806
2965.016541996806
2966.584402386937
2970.7653634272874
2971.810603687375
2974.3631904278
2975.716501501387
2977.069812574974
2978.423123648561
2979.776434722148
2980.4530902589418
2981.806401332529
2982.4830568693224
2984.513023479703
2985.86633455329
2987.219645626877
2993.309545458019
2994.662856531606
2996.016167605193
2996.6928231419865
3000.0761008259537
3001.429411899541
3002.782722973128
3003.4593785099214
3004.8126895835085
3005.489345120302
3008.195967267476
3009.549278341063
3010.2259338778567
3013.5046875358157
3014.0768190466006
3014.648950557385
3017.509608111309
3018.6538711328785
3019.2260026436634
3020.370265665233
3020.9423971760175
3022.658791708372
3023.230923219157
3024.375186240726
3025.519449262296
3026.663712283865
3027.807975305435
3028.9522383270046
3031.2407643701436
3033.5292904132825
3034.6735534348522
3035.245684945637
3036.3899479672064
3036.962079477991
3038.6784740103453
3039.822737031915
3040.3948685427
3041.5391315642696
3042.111263075054
3043.2555260966237
3043.8276576074086
3044.3997891181934
3044.971920628978
3046.1161836505476
3047.2604466721173
3047.6455351889917
3049.185889256489
3050.341154807112
3050.7262433239866
3051.496420357735
3053.0367744252326
3053.8069514589815
3054.57712849273
3055.347305526479
3055.7323940433535
3056.502571077102
3057.657836627725
3058.428013661474
3059.1981906952224
3059.583279212097
3060.353456245846
3061.1236332795943
3061.8938103133432
3062.6639873470917
3063.049075863966
3063.819252897715
3064.204341414589
3065.7446954820866
3066.5148725158356
3066.89996103271
3067.6701380664585
3068.4403151002075
3069.210492133956
3069.980669167705
3070.365757684579
3070.9818993115778
3071.2899701250776
3071.9061117520764
3072.214182565576
3072.522253379075
3072.830324192575
3073.7545366330733
3074.3706782600725
13637.777794756988
14883.682179723257
15058.655399261912
20622.843389695823
20711.435753635033
20771.008947195496
20772.31824815287
20772.972898631557
22525.477731339633
22533.17950167712
22556.28481268958
22683.628083955406
22685.19044308101
22943.50231893581
22949.80126681897
27142.502005669357
29444.418126666616
29473.68485394907
30737.721406795583
39701.674370983885
39827.11970598798
39828.07692601564
39830.94858609862
48461.915509745646
48475.62466094638
48477.58311111791
57294.92187440307
57306.69458049038
57310.22639231657
57312.85049549584
57415.39406627495
57417.30300506575
57426.8476990197
57440.210270555246
77337.12329709121
77488.39156778398
77489.93192185149
77891.93132588116
77893.35065212907
80238.143628848
80247.22071531719
80343.85592799455
80345.35227194583
80348.3449598484
80349.84130379968
80351.33764775096
80352.83399170225
80354.33033565353
80355.82667960481
80357.32302355609
80358.81936750739
80361.81205540994
80363.30839936124
80364.80474331252
80366.3010872638
80367.79743121508
80369.29377516637
80372.28646306893
80372.28646306893
80373.78280702021
80375.2791509715
80376.77549492278
80378.27183887406
80381.26452677663
80388.74624653305
80388.74624653305
80390.24259048433
80391.73893443562
80403.70968604588
80405.20602999716
80406.70237394844
80408.19871789972
80409.69506185102
80412.68774975358
80412.68774975358
80414.18409370485
80415.68043765615
80417.17678160743
80418.67312555871
80421.6658134613
80423.22267132238
80423.22267132238
80424.77952918345
80426.33638704453
80429.45010276668
80431.00696062777
80432.56381848884
80432.56381848884
80435.67753421099
80437.23439207207
80437.23439207207
80438.79124993316
80440.34810779423
80445.01868137746
80445.01868137746
80446.57553923855
80448.13239709962
80451.24611282177
80452.80297068285
80454.35982854392
80455.916686405
80457.47354426609
80459.03040212716
80462.14411784931
80463.7009757104
80465.25783357148
80466.81469143255
80468.37154929363
80469.9284071547
80471.48526501578
80471.48526501578
80474.59898073794
80476.15583859902
80477.71269646009
80479.26955432117
80480.82641218226
80482.38327004333
80483.94012790441
80485.49698576548
80487.05384362656
80488.61070148765
80490.16755934872
80491.7244172098
80493.28127507087
80494.83813293195
80497.9518486541
80499.50870651519
80501.06556437626
80501.06556437626
80502.62242223734
80504.17928009841
80505.7361379595
80507.29299582058
80508.84985368165
80510.40671154273
80511.9635694038
80511.9635694038
80513.52042726488
80516.5241176965
80517.97095026706
80519.4177828376
80520.86461540814
80523.75828054923
80525.20511311977
80525.20511311977
80526.6519456903
80529.5456108314
80529.5456108314
80530.99244340193
80533.88610854301
80536.7797736841
80541.12027139573
80542.56710396627
80544.01393653681
80545.46076910736
80546.9076016779
80549.80126681898
80549.80126681898
80551.24809938953
80551.24809938953
80554.1417645306
80555.58859710114
80558.48226224224
80559.92909481277
80561.37592738333
80561.37592738333
80562.82275995387
80656.28374299925
80827.46109001445
80828.91342384952
80830.36575768457
80831.81809151964
80833.27042535471
80834.72275918978
80837.62742685992
80837.62742685992
80839.079760695
80841.98442836513
80843.4367622002
80843.4367622002
80844.88909603527
80847.79376370541
80847.79376370541
80849.24609754048
80859.41243438596
80859.41243438596
80862.3171020561
80863.76943589117
80863.76943589117
80865.22176972624
80868.12643739638
80869.57877123145
80869.57877123145
80871.03110506652
80872.48343890157
80875.38810657171
80876.84044040678
80876.84044040678
80878.29277424185
80881.197441912
80881.197441912
80882.64977574706
80884.10210958213
80884.10210958213
82196.48377508998
111394.62129142185
111401.56388725464
111403.08223626403
111550.04851809687
111550.04851809687
137361.56908289334
137392.51369585647
137398.70261844908
162750.7740737628
162791.60445908052
164246.8264580261
176189.54912552817
176205.61281794636
177588.72424147493
196926.31270104446
196964.85456031907
196972.9964318187
197034.68761222198
197034.68761222198
197041.75123587437
209980.93445090504
209983.597062936
210039.2918650051
210058.8323566042
210071.04516385365
210088.14309400288
210090.58565545277
210105.24102415208
210127.2240772011
210139.43688445055
210151.64969169997
210154.09225314987
210161.41993749954
210163.86249894943
210168.7476218492
210173.632744749
210176.07530619888
210180.96042909866
210183.40299054852
210185.67501279808
210187.94703504763
210190.2190572972
210192.49107954674
210197.03512404588
210199.30714629544
210203.85119079455
210208.39523529366
210210.66725754322
210212.93927979277
210215.21130204236
210219.75534654147
210224.29939104058
210226.57141329013
210228.8434355397
210231.11545778924
210233.3874800388
210237.93152453794
210237.93152453794
210242.47556903705
210244.7475912866
210244.7475912866
210249.29163578572
210253.83568028486
210256.1077025344
210258.37972478397
210260.65174703352
210262.92376928308
210265.19579153263
210269.73983603175
210272.0118582813
210274.2838805309
210276.55590278044
210278.82792503
210283.3719695291
210285.64399177866
210287.91601402822
210292.46005852733
210292.46005852733
210297.00410302647
210299.27612527602
210301.54814752558
210303.82016977514
210306.0921920247
210308.36421427425
210310.6362365238
210312.90825877336
210312.90825877336
210315.18028102294
210321.67727442906
210323.63022333608
210325.58317224306
210327.53612115007
210329.48907005708
210331.4420189641
210333.3949678711
210335.3479167781
210337.3008656851
210339.2538145921
210356.83035475516
210360.7362525692
210360.7362525692
210364.64215038318
210366.5950992902
210368.5480481972
210370.5009971042
210374.4068949182
210374.4068949182
210376.35984382522
210378.31279273223
210378.31279273223
210670.59497703987
210670.59497703987
210685.2283406811
216963.71151980074
216981.31556628642
217098.3934779453
217110.9473635954
217132.46831042416
217146.81560831
217168.33655513873
217173.71679184592
217182.68385302456
221986.53657194812
221986.53657194812
222019.48914646351
233134.10646474987
233143.9097181366
233161.88234934557
233188.2884190741
233405.39582362337
233405.39582362337
254227.46200689187
257894.76997837698
258333.5948471489
264134.41422993754
275193.776847317
275274.58492195077
275293.94937308505
281051.1437281764
281085.9447275728
281087.5290917565
281089.1134559402
281090.6978201239
281092.28218430764
281095.45091267506
282850.84941052424
290848.2577036805
291467.0289351233
291478.1194844093
292421.9879430619
328314.10264442733
366973.62296472315
372410.69873700134
372419.85284117394
380661.4292590866
380848.80232886865
381222.8608103668
381224.6597238671
419363.7054072846
419407.27542233665
419411.23633279593
419438.02749104134
429940.3265611748
431710.35842266516
441147.2275918978
441165.2167269004
441165.2167269004
460003.7689774524
460360.2289137295
460361.7912728551
460380.53958236234
460408.66204662324
460424.2856378793
461819.51634716033
461832.19126063003
461838.5287173649
464992.7777565538
465003.48321732285
465006.54192039976
465145.07476371306
465145.07476371306
465308.3687986614
467758.2249253127
468068.413725655
468316.2511938508
468318.62223886186
476833.9580834205
476868.5500347649
477807.37933511107
478137.78528258926
478137.78528258926
478180.14501944545
481193.1710969674
481409.0957296434
481410.83963049843
481414.3274322084
481414.3274322084
481416.07133306336
481417.8152339184
481419.5591347734
481421.30303562834
481423.04693648336
481423.04693648336
481424.7908373383
481426.5347381933
481426.5347381933
481428.2786390483
481430.0225399033
481430.0225399033
481431.7664407583
481433.51034161326
481433.51034161326
481435.2542424683
481436.99814332323
481438.74204417825
502834.8101681706
512021.3277913187
512275.8162883274
512286.5987667999
512290.91175818886
513422.23580559145
520720.7304456788
520759.51436059264
520759.51436059264
540031.4397267705
540034.2453716792
540035.6481941335
540038.4538390421
540038.4538390421
540041.2594839508
540042.6623064051
540045.4679513138
540046.8707737682
540048.2735962224
540048.2735962224
540051.0792411311
540051.0792411311
540097.372382124
540098.7752045783
540114.866403319
548387.1068697041
558487.7696192666
567564.437992344
567572.9374460379
567738.420984268
567738.420984268
567747.0029569297
567779.6144530444
567884.0834664078
567885.8273672628
568028.1945919513
582757.7258383698
582783.6312930264
582873.7255021814
582875.3153676296
582880.0849639744
582881.6748294226
582886.4444257674
582888.0342912156
582889.6241566638
582889.6241566638
582894.5587909444
582894.5587909444
582896.2311753605
582902.920713025
582902.920713025
582904.5930974412
582909.6102506897
582909.6102506897
582914.6274039381
582933.0236325156
582934.6960169317
582936.3684013479
582939.7131701801
582941.3855545963
582944.7303234285
582946.4027078447
582953.0922455093
586472.9003125024
592216.1874708701
596806.1895338442
596843.1910390514
596843.6641478006
596846.0296915472
596846.9759090458
596848.3952352938
604772.7687405924
607872.8303241925
609033.2890685289
618081.4608913576
618086.6100749547
618181.792953797
618181.792953797
618189.1536457338
621596.2903139541
624740.1914745681
624740.1914745681
624744.7685266545
624748.2013157192
624763.0987400576
624764.7051092994
624769.5242170248
624780.7688017176
624796.8324941357
624801.6516018612
624819.3216635212
624830.566248214
624832.1726174558
624841.8108329066
624854.5352577572
624860.7076765562
624881.2824058863
642705.7150497788
642707.178386143
642727.3020117818
660721.1020866602
723462.0998021073
742642.1980608042
768272.9085643992
830493.9322580398
830493.9322580398
832219.0077858175
834543.891686214
855545.8657233017
859149.9641653742
861896.998601762
861897.9833281123
868208.7974388557
873147.6126804148
886286.3377623607
886293.1043177287
899860.7960024144
900066.4002628382
905226.3003231992
906833.8138280397
908280.459355588
908282.2527678236
908671.2856913637
908671.2856913637
908833.9580834206
908836.1200803797
913125.3405053522
913135.5398497849
913144.0393034788
913505.879476463
913505.879476463
939251.6489276355
939251.6489276355
939727.4257902338
939750.4320784847
939769.2464031663
939800.1910161295
939810.0932922777
939985.1160231971
948283.2124328578
948370.2204326133
962828.1817556674
962850.4618770009
962874.9370028805
968873.884427601
970024.886498216
971560.3719466073
971560.3719466073
972716.7872615164
973677.7756553764
974815.3051291652
975187.6527173955
985033.6234231619
986510.6964448078
992468.4999121326
992479.2823906051
1010233.2713422321
1016181.8106800938
1030383.9081900077
1030560.080685213
1031381.7605574614
1031397.7802397634
1031518.3679581905
1033267.913110583
1033462.1407559654
1033462.1407559654
1036128.9392492302
1040745.0503136484
1040846.9282314199
1040846.9282314199
1042100.0392729162
1059209.1809992434
1061944.4372282797
1073903.718702007
1077013.0774226575
1078122.7759992054
1078228.9449033076
1078229.951634716
1080178.8186034427
1080216.6948097097
1080367.4019514208
1080369.574950909
1080430.9140503823
1080433.3071004516
1080438.0932005898
1080438.0932005898
1080440.486250659
1080457.2376011428
1080471.595901558
1080542.6997455664
1080546.8697040777
1080551.039662589
1080567.7194966343
1080567.7194966343
1080569.80447589
1080571.8894551455
1080573.9744344011
1080676.7875671422
1083892.7222854698
1083924.8661740997
1085610.6956807433
1086679.184284721
1086723.1833984063
1087437.7756553763
1087648.2430336417
1087648.2430336417
1087670.6991954402
1087670.6991954402
1087672.4265925016
1087672.4265925016
1087675.8813866244
1087675.8813866244
1087677.6087836858
1087677.6087836858
1087679.3361807473
1087681.0635778084
1087687.973166054
1087687.973166054
1087689.7005631155
1087689.7005631155
1087691.427960177
1087693.4909343745
1087693.4909343745
1087693.4909343745
1087697.6168827696
1087701.7428311647
1087712.0577021523
1087714.1206763498
1087714.1206763498
1087716.1836505474
1087716.1836505474
1087718.246624745
1087718.246624745
1087718.246624745
1087720.3095989425
1087720.3095989425
1087726.4985215352
1087728.5614957327
1087728.5614957327
1087730.6244699303
1087730.6244699303
1087730.6244699303
1087732.6874441279
1087732.6874441279
1087732.6874441279
1087738.8763667203
1087759.5061086959
1087761.5690828934
1087761.5690828934
1087763.632057091
1087763.632057091
1087765.6950312885
1087765.6950312885
1087765.6950312885
1087767.7580054859
1087767.7580054859
1087769.8209796834
1087780.1358506712
1087798.702618449
1087798.702618449
1087800.7655926466
1087800.7655926466
1087800.7655926466
1087800.7655926466
1087802.828566844
1087804.8915410417
1087804.8915410417
1087806.9545152392
1087806.9545152392
1087806.9545152392
1087813.143437832
1087813.143437832
1087815.2064120295
1087816.9283078264
1087816.9283078264
1087818.650203623
1087818.650203623
1087818.650203623
1087820.37209942
1087820.37209942
1087820.37209942
1087825.5377868107
1087827.2596826076
1087830.7034742015
1087892.6917228892
1088169.2127843276
1088388.8342667655
1088626.4393829417
1088774.8690011383
1091239.941625471
1091723.601800136
1091842.0880355139
1091843.4963592326
1091851.9463015457
1098479.3526845407
1101033.8043536395
1104178.7837621009
1109858.7183581782
1115921.0018413954
1115949.883480161
1116080.2634494456
1117221.6658134614
1122287.3567188014
1122401.3979324414
1122401.3979324414
1130788.664338817
1130794.44066657
1130794.44066657
1135573.9943000786
1138454.7864821705
1139671.743213197
1139672.7719496635
1139677.915631996
1139678.9443684625
1139679.973104929
1139682.030577862
1139684.088050795
1139685.1167872616
1139686.145523728
1142079.019552411
1142111.6970637
1142117.6384293889
1152703.584226652
1154447.0944918587
1154466.1728772377
1158189.0326179143
1164023.2226713223
1164039.2258498305
1164247.069124917
1164292.3555345014
1164314.5806431894
1164331.4145126413
1164333.394967871
1164378.186263648
1164378.186263648
1170875.4987431138
1170895.1382574744
1170896.5410799289
1170897.943902383
1170897.943902383
1170901.492218003
1170901.492218003
1170902.674989876
1170903.8577617493
1170905.0405336227
1171188.4656820423
1171307.1939730593
1173310.2538986392
1173314.0992825434
1173573.1428265802
1173573.1428265802
1173592.5622903598
1190914.1958602984
1192012.4353028368
1192198.1854995836
1192599.5082480763
1193145.4207321266
1194167.9077621314
1194235.0011843
1194323.2799761612
1194324.3967328602
1194333.3307864517
1194337.4677373758
1194342.638926031
1198942.510257566
1198950.4320784847
1198952.4125337144
1198953.4027613292
1199052.1779659076
