257953.15489879964
426320.0874089808
426395.3006975909
426396.13138853444
427266.79452012933
428917.2563971302
428931.4166520221
429031.91375239723
429031.91375239723
431691.2470296992
431696.0001222503
523691.1052193247
523713.2313052514
523713.4293507744
524875.4119453847
539918.1521863706
539922.3441499401
539923.7414711298
539925.1387923196
539927.9334346992
539927.9334346992
539929.3307558891
570760.5681583753
570764.7821270028
602761.5669435128
624677.7851297763
624687.5553755759
624693.2766906838
624700.1422688132
624701.2865318347
624707.0078469426
625805.3848210943
625811.2436678153
630725.0611633646
630731.5746605643
667701.85469021
696150.951031105
696174.7054913316
696174.7054913316
696740.7360997563
742457.6141321373
742466.6252034322
742573.0636694962
742573.0636694962
742580.7654398337
742582.6908824181
742586.5417675868
742588.4672101712
742590.3926527556
742592.3180953399
742594.2435379244
774625.2022096746
774629.2291353082
774633.2560609418
774634.5983694863
774635.9406780308
774637.2829865754
774638.62529512
774639.9676036645
774639.9676036645
774642.6522207535
794567.8802558087
794573.5025481551
794621.5230862094
794621.5230862094
796779.1575424629
796785.0108879195
796786.4742242836
796789.4008970117
796790.8642333759
796795.2542424683
796861.14838897
796862.4356848692
796865.0102766678
796922.6415238503
797022.3189358109
797022.3189358109
797037.304380382
797159.773531277
797161.2533714348
797168.6525722232
797171.6122525387
797249.5816746766
797251.2650616218
797252.9484485671
797254.6318355122
797279.8826396902
797281.5660266354
797283.2494135805
797284.9328005257
797286.6161874708
797289.9829613613
797743.8427860849
797751.2034780217
797989.6282826122
797995.4211141588
797999.2830018566
798001.2139457056
798001.2139457056
813269.6325613735
813538.0667639576
855594.8599851772
858825.020973571
858950.6478503045
858950.6478503045
883212.8142788378
903260.5444723752
903274.0610793175
903328.1275070867
903328.1275070867
903333.9203386334
903369.1394341338
903370.707294524
903381.6823172548
908533.3964960001
908592.9201781797
944352.8339917022
944473.0421228769
944474.598980738
944493.2812750709
960938.0682920866
985021.7241879905
1022253.4573155358
1022257.3192032335
1022261.1810909313
1022296.4386952834
1022298.3366315451
1024111.8834954423
1028988.0613390994
1029001.2478701702
1029006.7766410196
1029012.305411869
1029013.411166039
1029016.7284285486
1029020.0456910582
1029024.4687077377
1029025.5744619076
1029029.9974785871
1029033.3147410968
1029035.5262494365
1029036.6320036064
1029044.3722827956
1029179.7859091221
1029179.7859091221
1030329.9847951161
1030335.2660090618
1071852.1871346817
1071859.888905019
1097742.4197923273
1097754.4015464666
1097826.2920713027
1097828.2890303258
1097830.285989349
1097830.285989349
1097832.2829483722
1097834.2799073954
1097836.2768664188
1097838.273825442
1097840.2707844651
1097842.212730843
1097844.154677221
1097844.154677221
1097846.096623599
1108329.751908251
1108400.3551371878
1108400.3551371878
1119010.3469616976
1119016.5083779674
1119018.048732035
1119076.4446549865
1119076.4446549865
1150030.1512083681
