1054209.1806936178
1054257.8778872087
1054258.8131021783
1064212.9496710703
1064217.0976245236
1064327.519006105
1064328.6027552166
1064334.0215007756
1065990.2597055295
1070524.7320043703
1071547.0870040266
1073683.3380450646
1073686.539781019
1073688.1406489965
1073689.7415169736
1074943.1716318126
1075031.808005868
1075034.5036254863
1075419.6251499476
1075432.883197457
1075541.3626326607
1075541.3626326607
1075729.2473200439
1075739.4136568892
1075747.0384095234
1075974.658730583
1075990.414352188
1083741.894115939
1083746.0860795085
1083746.0860795085
1083747.4834006983
1083747.4834006983
1083751.6753642678
1083753.0726854575
1086022.7789026506
1086922.8132855538
1087253.9233948914
1101376.5056273353
1128152.6674256374
1132219.0316246303
1132236.8502204327
1132236.8502204327
1133186.2584524637
1134351.2832463572
1139792.831546696
1140193.4171257422
1140919.044919353
1142101.2996737445
1142104.270356589
1142105.755698011
1142105.755698011
1142107.2410394333
1143564.7130555704
1146985.1352776228
1147100.9589009697
1148005.174244913
1148201.5638872546
1148208.3964577967
1148245.9590919858
1148245.9590919858
1154652.2696536495
1155125.6644687077
1155131.077713002
1155177.6129096341
1155179.2357826696
1185368.1400377448
1191277.4058481497
1197846.2402677282
1197851.7525347841
1197852.67124596
1197853.589957136
1197858.4090648615
1197859.6138417928
1197860.8186187241
1197862.0233956554
1197864.4329495183
1197868.0472803123
1197869.2520572436
1197869.2520572436
1199049.7023968704
1199096.2375935023
1199097.2058160591
