2693.661167949022
2737.913339802413
2742.3583615400485
2744.0252446916616
2746.825388335791
2749.0699042627157
2750.566248213999
2802.12409935895
5152.055257145914
5153.826664323536
5154.079722491768
5154.332780659999
5154.838896996463
5155.091955164695
5172.707004179432
5172.993069934825
14927.037645458784
14962.735350973036
14966.92731454244
15043.141833296402
15258.417316758227
15268.099542325353
15274.150933304809
19886.411112554346
19902.43079485632
19985.587909443075
19985.587909443075
60823.63098740057
83606.27083030892
116207.8976764798
116210.01016205808
116212.12264763637
122747.07477899433
123612.88579527655
124151.3605696865
124191.78386142926
124206.4832402448
124239.86491339328
124241.32824975741
125136.29046676701
125720.4037316911
125724.2656193889
125724.2656193889
125728.1275070867
125730.0584509356
125730.0584509356
125733.9203386334
125735.8512824823
125735.8512824823
130384.09523300147
130389.70652281879
130392.51216772743
130393.91499018176
130395.31781263609
130399.52627999907
130402.33192490773
130405.13756981639
130406.54039227072
137349.19123770812
150776.01204165677
150818.08021149304
150819.6700769413
150826.02953873423
150917.97217277027
161908.9265657592
190328.39309591302
190332.32099878514
190332.32099878514
190333.6302997425
190333.6302997425
190336.24890165727
194816.20366903782
194833.2960979225
194846.4441201415
194846.4441201415
195980.84337441454
195991.8459034681
196041.96242330704
196042.98565850902
199741.55181503526
199742.99314634126
199744.43447764727
202827.772217086
202852.63243148252
202927.29009237542
202927.29009237542
208643.9621329625
208679.31325881157
208753.16223381902
208753.16223381902
212777.16119469126
212872.58612917273
212873.8514200139
213132.28432368828
221984.83668120936
221998.10573124795
222009.6198779025
222022.77890265055
222029.35841502456
264151.52316261583
264158.79583432025
264174.7054913317
264174.7054913317
264182.23122120433
264184.0961498789
264559.5134437152
272502.9158230121
293854.3686916923
293854.3686916923
294010.857662421
334885.4071317782
370803.40528274205
703536.255625425
707300.9909916794
791262.4014547789
1032336.9121096585
