167215.8424193339
167233.2704253547
167234.72275918978
167234.72275918978
167236.17509302485
167236.17509302485
167236.17509302485
167237.62742685992
167237.62742685992
167239.079760695
167239.079760695
167240.53209453006
167240.53209453006
167244.88909603527
167250.69843137555
167252.15076521062
167252.15076521062
167252.15076521062
167253.6030990457
167253.6030990457
167255.05543288076
167255.05543288076
167255.05543288076
167256.50776671583
167256.50776671583
167257.9601005509
167260.86476822104
167260.86476822104
167262.31710205608
167262.31710205608
167263.76943589115
167263.76943589115
167263.76943589115
167265.22176972622
167265.22176972622
167266.6741035613
167271.0311050665
167276.84044040678
167276.84044040678
167278.29277424185
167278.29277424185
167279.74510807692
167279.74510807692
167279.74510807692
167281.197441912
167281.197441912
167282.64977574706
167282.64977574706
167285.56544594627
167285.56544594627
167287.02878231037
167287.02878231037
167288.4921186745
167288.4921186745
167288.4921186745
167289.95545503864
167289.95545503864
167291.41879140274
167294.34546413098
167301.66214595162
167301.66214595162
167301.66214595162
167303.12548231572
167303.12548231572
167304.58881867985
167304.58881867985
167306.05215504396
167306.05215504396
167307.5154914081
167307.5154914081
167308.97882777223
167311.90550050046
167311.90550050046
167313.3688368646
167313.3688368646
167314.8321732287
167314.8321732287
167314.8321732287
167316.29550959283
167316.29550959283
167320.6855186852
167326.53886414168
167328.0022005058
167328.0022005058
167328.0022005058
167329.46553686995
167329.46553686995
167330.92887323405
167330.92887323405
167330.92887323405
167332.39220959818
167332.39220959818
167336.78221869055
167336.78221869055
167338.24555505466
167338.24555505466
167339.7088914188
167339.7088914188
167339.7088914188
167341.17222778292
167341.17222778292
167342.63556414703
167342.63556414703
167347.0255732394
167355.80559142414
167355.80559142414
167357.26892778827
167357.26892778827
167357.26892778827
167358.73226415238
167358.73226415238
167360.1956005165
167360.1956005165
167361.65893688065
167361.65893688065
167366.048945973
167367.51228233712
167368.97561870125
167368.97561870125
167368.97561870125
167370.43895506536
167370.43895506536
167371.9022914295
167373.1345746835
167376.8314244455
167382.99284071548
167382.99284071548
167384.22512396946
167384.22512396946
167385.45740722347
167385.45740722347
167386.68969047748
