312777.25532743987
328149.1307237983
333505.67348466907
333672.11424292665
337394.0937812789
352301.574431345
372925.84264855325
372934.1385554596
373051.7170821904
373051.7170821904
373057.46040235634
375798.509462939
375803.32857066445
375812.9667861154
377083.2692792579
380150.3287769619
380528.7277561717
428332.6370158696
428391.84712597134
428391.84712597134
466865.4412090557
466932.0780262686
466938.77856646216
471245.09692158405
471715.4220310363
471715.4220310363
471928.32646948704
471931.4786940609
471931.4786940609
471936.732401684
471938.8338847332
471944.08759235626
471946.1890754055
478433.3572230839
478439.69467981876
478466.6288709419
478468.2132351256
478469.7975993093
478471.381963493
478471.381963493
478473.846530001
509208.3111881967
509210.55570412363
509211.6779620871
509213.61440720054
509213.61440720054
509214.58262975723
509216.5190748707
539408.900129127
539495.7210858885
539495.7210858885
539507.339756569
539512.1808693527
540593.2123564513
564793.7481184911
564820.6823096143
564822.266673798
564830.1884947165
565272.1325804751
565272.1325804751
565555.2331542874
565555.2331542874
565574.9716914096
565863.920109414
565863.920109414
571929.0642501853
587116.7793152455
630219.3629230051
630289.383017902
630439.7435799479
630929.6806974382
630929.6806974382
707243.997891182
715484.1329777886
715525.0513833389
716397.5189296984
716397.5189296984
716404.5825533508
864163.7946500202
864212.6238739599
864212.6238739599
1090451.1043024473
