248290.62935994315
248300.30058298123
248300.30058298123
248301.53286623524
248301.53286623524
248302.76514948922
248302.76514948922
248303.99743274323
248306.46199925122
248307.69428250522
248307.69428250522
248308.9265657592
248308.9265657592
248310.1588490132
248310.1588490132
248311.39113226722
248316.3202652832
248324.9462480612
248326.17853131518
248326.17853131518
248327.4108145692
248327.4108145692
248328.6430978232
248328.6430978232
248329.87538107717
248332.33994758516
248333.57223083917
248333.57223083917
248334.80451409318
248334.80451409318
248336.03679734716
248336.03679734716
248339.73364710915
248340.96593036316
248340.96593036316
248342.19821361717
248342.19821361717
248342.19821361717
248343.43049687115
248343.43049687115
248347.12734663315
248365.61159544313
248365.61159544313
248366.8438786971
248366.8438786971
248368.07616195112
248369.30844520513
248369.30844520513
248369.30844520513
248371.61897630634
248372.6972241536
248373.77547200085
248373.77547200085
248373.77547200085
248374.8537198481
248377.0102155426
248378.08846338984
248378.08846338984
248379.16671123708
248379.16671123708
248380.24495908435
248382.40145477882
248403.9664117238
248403.9664117238
248403.9664117238
248406.1229074183
248406.1229074183
248406.1229074183
248406.1229074183
248407.20115526553
248411.51414665455
248411.51414665455
248412.5923945018
248412.5923945018
248413.67064234903
248413.67064234903
248414.7488901963
248414.7488901963
248417.98363373804
248419.06188158528
248419.06188158528
248420.14012943252
248421.21837727976
248421.21837727976
248421.21837727976
248422.29662512703
248439.41656033436
248440.25275254244
248440.25275254244
248441.08894475052
248441.08894475052
248441.92513695857
248441.92513695857
248444.43371358278
248445.26990579086
248446.1060979989
248446.1060979989
248446.942290207
248447.77848241507
248447.77848241507
248450.28705903928
248457.8127889119
248457.8127889119
248459.48517332805
248459.48517332805
248459.48517332805
248459.48517332805
248460.3213655361
248461.15755774418
