1088.535211913294
2980.4530902589418
3002.1060674363343
3002.782722973128
4058.018780705842
4064.5982930798664
4064.8843588352593
4172.819168850618
4197.574859221112
4197.838919918398
4500.612015678604
4510.899380343676
4511.366987828452
4782.139227836398
4790.5396587687865
4790.5396587687865
4961.964562687674
4969.094201514376
4969.094201514376
5307.43847370472
5309.6169744573235
5309.798516186707
5502.122724042818
5516.503029515812
5516.695573774249
5739.051184682034
5757.458415788628
5757.458415788628
6122.775387953759
6128.293156274117
6128.293156274117
7314.255762956624
7319.036361830394
7319.036361830394
7466.624286554757
7478.050412976872
7478.050412976872
9386.477586167375
9416.998601761932
9417.53222442103
9419.66671505742
9419.66671505742
9420.200337716517
9420.733960375614
9421.26758303471
9455.133367461549
9463.522795864883
9472.599882334063
9472.599882334063
9656.413633967253
9702.426210469213
9702.844306573248
10582.067405771742
10643.687069736168
10644.220692395265
10790.053713735588
10853.84637718809
10855.07315917756
10939.803635418975
10988.621856829592
10990.057686871081
11079.326706347083
11139.268484630842
11140.192697071341
11211.549599248161
11273.191268270693
11273.191268270693
11326.003407727749
11383.684166291001
11383.684166291001
11445.892465559791
11505.63069705606
11506.576914554666
11588.039639667173
11615.672491385172
11615.672491385172
11655.309102300596
11722.820620573199
11723.96488359477
11859.279487159894
11992.393584914309
11993.57085552304
12095.674325140015
12114.686695344553
12131.427043299534
12132.411769649827
12150.136843955102
12150.136843955102
12206.865883755223
12244.82460898998
12244.82460898998
12291.530344822315
12316.01097196647
12316.01097196647
12373.994300078697
12404.416292911772
12405.285492707004
12456.238204754009
12482.908335179822
12515.932426134063
12517.071187891104
12519.34871140519
12519.34871140519
12591.376767854277
12618.855584165527
12619.87331810298
12685.211836887507
12763.65986903934
12764.776625738275
12810.453625104103
12892.323443791593
12893.918810504358
12975.161485035796
12998.261294783732
13011.84941816487
13013.208230502983
13044.730476241413
13045.907746850144
13120.845972233894
13191.548223932028
13192.879529947508
13271.16252416354
13329.662971141282
13330.796231633798
13396.937935039236
13474.780828093124
13476.337685954202
13572.73634425691
13635.291223190887
13636.534508973937
13739.32563665676
13795.768610701487
13796.808349697048
13866.894459768182
13890.791952872501
13891.787681751846
14050.988775892236
14171.411456383377
14173.375407819436
14372.015067352288
14438.838927559043
14440.131724722836
14466.840364000336
14493.06489199948
14494.313679047058
15163.217934122356
15792.942183237952
15815.816441140289
15816.905691516591
15937.713460524603
15946.229418012053
16627.274963897955
18039.510081831304
18090.380274910414
18129.21920246946
18130.34146043292
18131.463718396382
18132.585976359846
18308.758471565343
18359.260079921147
18359.260079921147
18439.842602709377
18484.82644274483
18486.042222205248
18575.45977582347
18667.099840310515
18668.656698171595
18896.84364947776
19006.412335057572
19007.84816509906
19281.745123358214
19525.35211913294
19545.618777649586
19598.249375377258
19599.72921553496
19605.64857616577
19608.608256481177
19610.08809663888
19916.161951115155
20008.077078828537
21912.878918695893
22123.439818458268
22123.439818458268
22300.998632324514
22383.336058496774
22417.795979492505
22417.795979492505
22646.131464940896
23074.173855240337
23132.839340153885
23132.839340153885
23330.884863117844
23499.432605689228
23891.71677656461
24016.408438328534
24017.651724111583
24486.546504786867
24551.94553748118
24553.089800502752
24683.678817839376
24831.827871545476
24831.827871545476
25678.450477158294
25721.888461861723
25721.888461861723
26076.208406237827
26442.378074404605
26443.85241329778
26613.25285187081
26691.453327118947
26692.57558508241
26837.01678649745
26875.355098984557
26876.537870857814
27123.984749272233
27227.298497085092
27227.298497085092
27981.323818183202
28042.02477097166
28042.02477097166
28462.992535089663
28547.502960750007
28548.68023135874
28720.479221265443
30765.33775472
30765.33775472
31742.62639537282
31813.427669832436
31814.88550493203
32248.54468631331
32320.89731736948
32322.679727076156
33147.89141115076
33740.49312723967
33740.49312723967
34364.19899296297
34457.52794565973
34457.52794565973
35889.41358048273
35994.674775938074
35994.674775938074
36619.60742365085
36655.904766998516
36698.67159742968
36700.53102483973
37005.74668204983
37036.014639476154
37082.41780575952
37085.08041779048
37271.04516385364
37273.48772530353
39190.4143521879
39277.922967015336
39277.922967015336
41269.3642219149
41298.70796690072
41299.67068819291
41833.793962362186
41873.01247717357
41873.01247717357
42502.79173893443
42547.66005241482
42549.035368546516
42635.33920644259
42701.73946928079
42702.82321839256
43063.34858915487
43111.231595595935
43112.727939547214
43174.738193293044
43290.44078882021
43291.92613024244
43414.466797576395
43465.27097548117
43465.27097548117
43595.018299345196
43736.44480779958
43738.529787055224
45099.768182825355
45147.51365765325
45148.95498895927
47435.038470648455
47503.79327470411
47504.882525080415
48337.13582774929
48340.651135781896
48341.8229051261
48344.16644381451
50340.949426569576
50932.68744412778
51039.31295318576
51041.03484898265
52715.27319126827
52745.20007029394
52746.69641424522
53040.49694756225
53042.09231427502
53148.35473987423
53275.89605666303
53364.13633967252
53365.23659257788
53860.73548850465
54047.019307910356
54048.37261898394
54217.00838178775
54627.30369272382
54629.37766945042
54930.76444654987
54977.99830377677
54998.99112921095
54998.99112921095
55000.74053133046
55058.98792013998
55060.396243858835
55073.07115732853
55078.70445220395
55141.385860222035
55174.26141703405
55175.631231901214
55204.99698194516
55285.19991748103
55286.31117291544
55451.767204822776
55606.05016847623
55608.14615026093
55819.80730292867
55960.139059742214
55961.85545427456
56191.7643013776
57472.6622299987
57474.571168789495
58499.940861406336
58592.2630826947
58592.2630826947
58844.331023311606
59042.36554374651
59042.36554374651
59436.53114709006
60071.08550646017
60072.4883289145
60428.14508057059
60520.29126139411
60522.794336753796
60737.83326584096
60922.45020209505
60924.447161118274
61180.93261715019
62079.019552411
62133.151995354485
62221.06220249238
62222.49253126934
62592.942183237945
62592.942183237945
62688.389122777524
62751.38410287364
62752.92995820567
62861.58543387403
62951.79516958411
62953.39053629687
63099.702167651034
63152.99841838645
63154.52776992489
63263.441805026014
63386.53810007717
63387.78688712475
63501.41550592531
63606.66569885161
63606.66569885161
63783.66338373612
67346.18876977972
67368.3533645581
67369.65716425095
70320.10085651634
70556.57821346434
70557.45841578863
70645.18708119713
70665.98736237288
70667.0821140137
72893.39435661948
72940.1826114197
72941.51941869971
72962.90833517982
72992.45012568861
74296.20030715394
74368.53643441651
74369.37812788911
74607.65439833738
74633.37831126459
74634.29702244056
76826.0833288763
76859.26695650182
76860.39471572981
77601.64610059674
77681.16137806677
77682.43217017245
77913.22121959979
78015.19265886811
78016.88704834237
78247.16998143322
78311.34223213808
78312.21693319784
78451.7069965388
78532.80663819253
78533.82987339451
78668.98494028836
78762.97954599287
78764.27234315666
78982.46349681767
79024.05855790463
79025.77495243699
81262.83116466354
81284.84722529972
81285.73843015305
81347.23156503336
81457.77397443441
81552.56076223077
81553.20991144494
81687.4627709564
81778.73975198466
81779.86200994812
81900.87332574364
81941.46715668672
81942.98550569611
81961.20569380879
82045.02846140327
82046.27724845086
82205.72589949495
82296.24920728306
82297.48699180159
82433.95686091734
83321.11828482799
83366.42669947051
83367.72499789884
83794.3810695375
83795.86641095973
83897.19970354297
83948.95560021089
83950.57297198176
83968.59511457148
83998.16991266744
83999.09412510793
84027.48065006608
84057.84763025389
84058.85986292681
84101.76422497116
84126.794978568
84127.75769986017
84207.4765241177
84243.66384217484
84287.151338259
84288.1360646093
84325.55566592043
84378.87392171395
84379.66060254128
84467.09770092988
84542.72908564401
84543.45525256154
84614.22351943399
84693.59026276179
84694.86105486748
85049.52207764423
85149.04545419816
85150.41526906533
86076.98775204578
86143.63007052316
86144.66980951872
86534.31337342126
86607.27114357536
86624.85868626746
86624.85868626746
86629.44674088279
87470.4360516202
87561.19041251844
87562.13112875252
87564.95327745476
88389.49930852161
88404.2867075696
88404.2867075696
88497.85221464101
88499.61261928958
88526.34876488971
88526.9429014586
88535.70091458522
88750.93238793084
88765.80780721124
88765.80780721124
89039.36918833427
89062.50750693388
89062.50750693388
90744.8602143965
90793.13381061897
90793.72244592334
91014.09760160148
91021.83237952612
91022.04142757814
91361.70050199039
91367.24577663337
91367.50983733065
91432.13869299124
91439.66442286386
91458.74280824272
91459.15540308223
91459.98059276125
91459.98059276125
91460.39318760076
91460.39318760076
91460.80578244026
91461.21837727977
91461.63097211928
91461.63097211928
91462.04356695879
91462.4561617983
91462.8687566378
91463.28135147732
91463.69394631682
91463.69394631682
91464.10654115633
91674.59042321533
91680.44376867182
91680.44376867182
91872.4929133016
91874.83095072547
91874.96848233865
92056.05910803108
92063.3977949098
92063.3977949098
92281.78699409378
92285.41782868146
92285.58286661726
92430.68421977552
92440.5204807494
92443.73872049755
92443.73872049755
93583.14962675447
93593.99261913676
93593.99261913676
93725.93494754698
93734.5499277959
93734.5499277959
93933.035551922
94307.68266872455
94314.83431260935
94315.19189480359
94873.7077758846
94884.45174550539
94884.96336310638
96897.22140297528
96921.74604023564
96922.45570335959
97163.2680567547
97290.64983687222
97354.16193583386
97365.64857616578
97894.21557316299
97894.21557316299
97951.04913698912
98114.81077942222
98169.91144492241
98169.91144492241
98272.69707134069
98329.76718954148
98330.94996141474
98421.82535013257
98484.27570504052
98484.27570504052
98588.54667288106
98685.2423994682
98685.2423994682
98702.70891434072
98757.38048120783
98832.30770406252
98833.13289374154
98976.44083466408
99006.64277691608
99006.64277691608
99030.05065747752
99053.45853803895
99072.99902963807
99090.09695978729
99090.09695978729
99092.53952123718
99093.76080196213
99094.98208268706
99165.8933824372
99165.8933824372
99226.23125176689
99295.51417721713
99297.1095439299
99372.44386035956
99417.28466751732
99417.28466751732
99502.4167360692
99587.5543058856
99588.88561190107
99699.48303394738
99746.66187852902
99746.66187852902
99761.39426493172
99792.267361456
99792.267361456
99860.76910734343
99930.25557958113
99930.25557958113
100011.6687933129
100048.96736680446
100048.96736680446
100164.3783953117
100228.00051956387
100228.00051956387
100435.530222572
100477.26831653665
100478.81417186868
100673.53693105846
100781.95585235217
100781.95585235217
100972.99276430902
101063.20250001909
101064.56131235721
101281.33864103485
101328.20941480299
101329.38118414719
101510.41129592984
101646.31453479931
101646.31453479931
101798.72706851366
101873.69280022004
101873.69280022004
103086.4355626189
103412.87509837332
103413.59576402632
103915.3000863393
103942.79540644411
103950.65121218836
103951.96051314574
103968.98142559158
104032.75208398596
104034.1769114984
104200.15556353578
104249.82097968353
104250.83321235646
104414.58385226048
104488.48783991321
104488.48783991321
104558.39790951948
104603.57429381338
104610.83596298871
104612.04624118461
104702.26697942374
104715.24996370693
104716.87283674233
104718.49570977772
104768.11711580926
104769.38240665042
104877.53176598232
104887.25800166566
104913.84561312357
104913.84561312357
104918.46667532607
104920.00702939357
105001.71181014524
105059.31555100511
105059.31555100511
105194.65215962837
105240.99481200193
105242.28210790119
105367.64492393738
105406.41233505758
105407.84816509906
105521.72434080334
105598.18091519647
105599.64425156059
105933.79656018154
106340.19147456811
106463.79388595572
106466.88009535524
106467.90883182175
106469.96630475477
106469.96630475477
106470.99504122128
106472.02377768778
106473.05251415429
106474.0812506208
106475.1099870873
106475.1099870873
106589.8718663804
106591.41772171242
106849.48754192804
106992.83949296678
106992.83949296678
107380.50260163969
107467.64263174382
107467.64263174382
107638.31386242255
107654.79014968024
107654.79014968024
107817.03344310392
107836.9975320716
107846.45420579312
107923.74147112983
107925.13879231963
108328.72256053302
108328.72256053302
108409.62965792831
109487.81699126675
109619.35222610198
109619.35222610198
109832.88380870881
109875.6781454626
109877.0754666524
110488.24395051917
110545.31406871996
110546.12825586993
110988.56195417141
111039.83373956097
111040.82396717579
111545.84005073388
111651.67337770002
111651.67337770002
111883.65620152965
112066.03962438588
112066.03962438588
112315.29091756509
113792.20990380428
113792.20990380428
113988.36849303555
114044.15131533706
114046.01074274711
114411.32771491224
114495.74461907563
114497.2794718786
114657.24524178822
114680.24052751013
114707.27374139472
114707.27374139472
114716.28481268958
114716.28481268958
114850.66970254968
115062.35286027553
115130.87661122106
115132.609509547
115298.36260973878
115361.84720237776
115362.83742999258
115432.97855270898
115593.72550218139
115664.90636389336
115664.90636389336
116022.79662894736
116096.46406222541
116097.27274811084
116225.8538038952
116323.85333017519
116328.14431650608
116329.2170630888
116356.60785916762
116356.60785916762
116553.53112416812
116637.0623247427
116637.0623247427
116768.26748370631
116848.3879002743
116849.96126192895
117117.64179127285
118925.68188937874
118927.04070171686
119213.8986392011
119288.38576089365
119289.60154035407
119961.12439734412
120475.0965395518
120476.09776969567
120977.52702878231
121098.1037446802
121099.85314679971
121372.28126743023
121447.56607247917
121449.10642654666
121650.43070316857
121927.05628863302
121927.05628863302
122287.73019353754
122604.15192658867
122606.24240710885
122991.44094927376
123098.67159742967
123100.53102483973
123964.64215038318
124156.87283674233
124158.71025909427
124534.7877046738
125263.16613054805
125477.51190030487
125479.5308643862
126191.70256496458
126252.85462144425
126254.16392240161
127806.60976932892
127840.01894880005
127843.03914302525
127890.92214946629
127891.88487075848
128255.2048839004
128768.45636045508
130687.6330045309
132534.39650364078
132855.53832165588
132908.35046111295
133210.8870024985
133212.82894887644
136365.40010238465
141524.94808181602
141572.89160216687
141574.26141703405
142432.9097869024
142435.8254571016
142435.8254571016
142446.03030279875
142962.02140908779
142963.57826694887
142977.58998769856
143033.68088081357
143035.07820200338
143146.5613276385
143190.20285912944
143206.93770581987
143208.79713322993
143281.3148022219
143295.6180899915
143336.74004232918
143338.52795330036
143407.40378517564
143416.8109475164
143421.51452868682
143493.0474713285
143494.34576975682
143537.18961789136
143537.18961789136
143616.70489536138
143681.97189770706
143718.63782577802
143744.68081204777
143746.1276446183
143766.3833006059
143767.83013317644
143969.85307039326
144037.7386746537
144039.08648446275
144206.29741975412
144307.2456238205
144308.8684968559
145087.97408293156
145160.5687696269
145161.99359713934
145406.43128385762
145565.17577304228
145566.9856890716
145763.92545786567
145891.8628657004
145893.425224826
146125.74362579177
149261.58543387402
149269.63928514122
149313.93546711083
149313.93546711083
149317.96239274443
151139.18902192102
151140.86140633715
151366.6002949289
151488.4092940808
151488.4092940808
151736.67035964516
151757.39912438206
151787.27099076245
151787.27099076245
152010.76536342726
152020.27154852953
152021.85591271325
152174.1859274597
152253.76722010408
152253.76722010408
152352.87800181846
152386.78779636155
152386.78779636155
153023.02004141227
153142.29845888188
153143.3492004065
153517.2096363817
153557.847477441
153557.847477441
154091.40962262853
154176.63521267736
154176.63521267736
154259.3577273665
155027.24623507206
155085.0260163968
155085.0260163968
155186.6178684128
155251.31824051222
155252.57252882433
155603.8887827688
155656.76693740019
155656.76693740019
157424.5597842282
157443.0330305091
157443.83621513002
157856.03496359233
157887.01808540715
157887.01808540715
158234.4669503893
158253.45731553572
158253.45731553572
158574.11502227248
158610.69843137555
158611.74367163563
159334.83538229967
159340.1826114197
159362.90833517982
159362.90833517982
159574.63000175735
159611.65351202255
159614.9542707386
159615.77946041763
159627.33211592384
159627.33211592384
159732.52729620488
159771.18468203454
159790.92321915663
159792.56809725013
160041.90741066175
160112.90122937982
160113.91896331726
160244.46397053768
160316.53053583845
160317.61978621475
160554.77929996408
160574.07773592402
160574.94693571926
161210.9041175437
162493.3479014968
162520.44162929116
162521.2283101185
165309.99533920645
165315.37557591364
165393.64756760062
165394.23620290498
165396.59074412246
168194.69892037683
168208.76015250728
168209.9319218515
168564.13633967255
168587.241650685
168588.7820047525
171585.9534379083
171659.64287624447
171660.93567340824
172403.61188578766
172436.15736672806
172437.11458675572
172707.55124962752
172756.42998494793
172757.51923532423
172809.9022761482
172845.59998166244
172846.1446068506
172882.43644893373
172952.9571589025
172952.9571589025
173015.6825770368
173025.62336203668
173173.57987148437
173174.74613956403
173188.10320983504
173188.10320983504
173303.3106915548
173307.49165259517
174176.75196173563
174393.7163334072
174395.36671276524
174403.6186095554
174404.16873600808
174405.26898891342
176071.91008488758
176072.9003125024
176699.02123335295
176720.8887598469
176721.30135468638
176754.4189671376
176758.80897622998
176758.80897622998
176769.5254395281
177134.67737375744
177171.94293966182
177171.94293966182
177587.0903659105
177597.98286967352
177598.4504771583
177978.89042550753
177983.01637390262
177983.01637390262
182680.24908503273
182976.0905874892
182976.0905874892
183048.60825648118
183100.08358865825
183100.08358865825
183315.63963661093
183474.51615614424
183475.36885214588
183582.69302179874
183713.95869467218
183713.95869467218
184033.8462243752
184082.7634685473
184082.7634685473
184175.18471259714
184222.73214190206
184222.73214190206
184264.013630911
184394.04702053042
184438.0131266284
184438.0131266284
184716.75669893567
184723.85333017522
184730.94996141476
184732.13273328802
185425.9797217277
185501.08848631178
185502.30976703673
185725.82614475966
185868.275888416
185868.275888416
186023.49956830355
186129.66297114128
186129.66297114128
186704.73215718335
186823.16337991582
186823.16337991582
186996.94282505216
187070.91832914372
187129.08870024985
187200.05501264526
187201.34780980906
187279.32823447612
187280.5770215237
187601.77385218407
187620.48915410417
187647.2252997043
187734.068261524
187735.24003086818
187817.2308773753
187874.16896522744
187926.1229074183
187926.1229074183
188077.78176789248
188103.6102048457
188427.08455902018
188427.08455902018
188450.7179914272
188470.41251843306
188710.27315306503
188936.5291605223
188969.55875274108
188970.2629146005
189365.05566210012
189375.61258872697
189375.61258872697
189831.6124053515
189868.28933595153
189869.2080471275
190417.0789813492
190489.88821736106
190491.05448544075
192806.47070958672
192824.14077124675
192877.1674600203
192877.1674600203
192882.31114235285
192885.39735175238
192886.4260882189
192887.45482468538
192889.5122976184
192890.54103408492
192891.56977055143
192892.59850701792
192893.62724348443
192894.65597995094
192895.68471641745
192896.71345288397
192897.74218935045
192899.79966228348
192900.82839875
192902.885871683
192903.9146081495
192903.9146081495
192905.97208108252
192907.00081754904
192908.02955401555
192910.08702694855
193808.9001291269
193839.3661320762
193840.53790142038
193988.71446144913
194394.20166718878
194409.86926856104
194410.8484936468
195389.52345296036
195530.4218400202
195538.04109138978
195570.04194714202
195571.56579741594
195579.18504878553
195597.47125207254
195597.47125207254
195608.13820398995
198384.290833518
198453.62877161347
198455.18012821002
199137.00685365874
199168.89218285593
199168.89218285593
200270.3828727298
200613.97535127864
200700.5212448139
200701.64350277736
200710.62156648506
200936.7895537099
200986.8950710198
200988.4134200292
201389.8847026643
201829.72730537367
201830.81105448544
202305.17959336488
202335.5740798753
202336.70734036784
205233.00758716065
205294.42920560212
205295.78801794024
206398.09289496407
206429.7801786383
206429.7801786383
206558.3557331581
206630.7963844467
206630.7963844467
206764.77968199636
206852.85492707003
206853.92767365277
206971.87478510686
207076.61886169665
207078.04919047363
207215.03067719037
207365.62779361088
207365.62779361088
207591.44920117056
209373.83690278808
209547.016710091
209548.75510968146
209742.5701602243
209948.9831065335
209951.64571856448
210260.65174703352
210463.41735496145
210463.41735496145
210508.49471649385
210515.12374024861
210515.12374024861
210516.44954499957
210520.12438970347
210520.12438970347
210521.9618120554
210521.9618120554
210523.79923440734
210523.79923440734
210523.79923440734
210525.63665675928
210525.63665675928
210531.1489238151
210531.1489238151
210532.98634616708
210532.98634616708
210534.823768519
210534.823768519
210536.66119087095
210536.66119087095
210538.49861322288
210542.17345792678
210544.0108802787
210544.0108802787
210545.84830263068
210545.84830263068
210547.6857249826
210547.6857249826
210549.52314733455
210553.19799203845
210553.19799203845
210553.19799203845
210555.03541439038
210555.03541439038
210556.87283674232
210556.87283674232
210558.71025909428
210562.38510379815
210562.38510379815
210562.38510379815
210564.22252615012
210564.22252615012
210567.89737085399
210571.57221555788
210573.40963790982
210573.40963790982
210575.24706026175
210575.24706026175
210577.08448261372
210577.08448261372
210578.92190496565
210582.59674966952
210582.59674966952
210584.4341720215
210584.4341720215
210586.27159437342
210588.10901672536
210588.10901672536
210589.94643907732
210589.94643907732
210593.6212837812
210593.6212837812
210595.45870613313
210597.2961284851
210602.80839554092
210604.64581789286
210604.64581789286
210606.4832402448
210606.4832402448
210608.32066259676
210608.32066259676
210610.1580849487
210610.1580849487
210613.83292965256
210615.67035200453
210615.67035200453
210617.50777435646
210617.50777435646
210619.3451967084
210619.3451967084
210621.18261906036
210623.0200414123
210626.6948861162
210628.15822248033
210632.5482315727
210634.0115679368
210634.0115679368
210635.47490430094
210635.47490430094
210636.93824066504
210636.93824066504
210638.40157702917
210641.3282497574
210642.79158612154
210642.79158612154
210644.25492248568
210644.25492248568
210645.71825884978
210645.71825884978
210647.18159521391
210647.18159521391
210650.10826794215
210650.10826794215
210651.5716043063
210653.0349406704
210658.8882861269
210658.8882861269
210658.8882861269
210660.35162249103
210660.35162249103
210661.81495885513
210661.81495885513
210663.27829521926
210663.27829521926
210666.2049679475
210667.66830431164
210669.13164067574
210670.59497703987
210672.058313404
210672.058313404
210673.5216497681
210673.5216497681
210674.98498613224
210674.98498613224
210677.91165886048
210679.3749952246
210679.3749952246
210685.2283406811
210686.69167704522
210686.69167704522
210686.69167704522
210688.15501340936
210688.15501340936
210689.61834977346
210689.61834977346
210694.00835886583
210694.00835886583
210695.47169522996
210695.47169522996
210696.93503159407
210696.93503159407
210698.3983679582
210698.3983679582
210699.86170432233
210702.78837705057
210702.78837705057
210704.2517134147
210704.2517134147
210707.17838614294
210711.5683952353
210713.03173159942
210713.03173159942
210714.49506796355
210714.49506796355
210716.62955859993
210716.62955859993
210718.76404923634
210718.76404923634
210725.1675211455
210727.3020117819
210727.3020117819
210729.43650241828
210729.43650241828
210731.57099305466
210731.57099305466
210733.70548369107
210735.83997432745
210737.97446496383
210737.97446496383
210746.51242750938
210748.6469181458
210748.6469181458
210750.78140878218
210750.78140878218
210752.91589941856
210752.91589941856
210755.05039005494
210755.05039005494
210763.58835260052
210763.58835260052
210765.7228432369
210765.7228432369
210767.85733387328
210767.85733387328
210769.99182450966
210769.99182450966
210772.12631514607
210776.39529641884
210776.39529641884
210778.52978705525
210787.0677496008
210787.0677496008
210789.20224023718
210789.20224023718
210791.33673087356
210791.33673087356
210793.47122150994
210793.47122150994
210795.60571214635
210797.74020278273
210799.87469341911
210799.87469341911
210799.87469341911
210802.00918405553
210802.00918405553
210804.1436746919
210804.1436746919
210806.2781653283
210808.41265596467
210810.54714660108
210810.54714660108
210812.68163723746
210812.68163723746
210821.219599783
210823.3540904194
210823.3540904194
210823.3540904194
210825.4885810558
210825.4885810558
210827.6230716922
210827.6230716922
210829.75756232857
210834.02654360136
210836.16103423774
210836.16103423774
210838.29552487412
210838.29552487412
210840.43001551053
210840.43001551053
210840.43001551053
210845.3591485265
210845.3591485265
210848.15379090613
210850.94843328572
210867.71628756332
210867.71628756332
210867.71628756332
210870.51092994295
210873.30557232254
210873.30557232254
210876.10021470214
210876.10021470214
210878.89485708173
210887.27878422054
210887.27878422054
210890.07342660017
210890.07342660017
210892.86806897976
210895.66271135936
210895.66271135936
210898.45735373895
210898.45735373895
210904.04663849817
210906.84128087776
210909.63592325736
210918.01985039617
210920.8144927758
210923.6091351554
210923.6091351554
210926.403777535
210929.19841991458
210929.19841991458
210931.9930622942
210937.5823470534
210937.5823470534
210940.376989433
210940.376989433
210943.1716318126
210943.1716318126
210945.9662741922
210945.9662741922
210951.5555589514
210954.35020133102
210954.35020133102
210954.35020133102
210957.14484371062
210971.11805560862
210971.11805560862
210973.91269798824
210973.91269798824
210976.70734036784
210976.70734036784
210979.50198274743
210979.50198274743
210985.09126750665
210990.68055226584
210990.68055226584
210990.68055226584
210993.47519464543
210996.26983702506
210996.26983702506
210996.26983702506
210999.06447940465
211004.65376416387
211004.65376416387
211007.44840654347
211007.44840654347
211015.63428815932
211021.02552739554
211021.02552739554
211023.72114701365
211023.72114701365
211026.4167666318
211026.4167666318
211029.1123862499
211029.1123862499
211031.80800586802
211037.19924510428
211039.8948647224
211039.8948647224
211045.28610395864
211045.28610395864
211047.98172357676
211047.98172357676
211050.67734319487
211053.37296281298
211056.06858243112
211058.76420204923
211061.45982166735
211072.24230013983
211074.93791975794
211074.93791975794
211077.63353937608
211080.3291589942
211083.0247786123
211083.0247786123
211085.72039823045
211085.72039823045
211093.8072570848
211093.8072570848
211096.50287670293
211101.89411593915
211101.89411593915
211107.2853551754
211107.2853551754
211112.67659441163
211115.37221402978
211118.0678336479
211120.763453266
211123.4590728841
211128.85031212037
211131.54593173848
211131.54593173848
211134.2415513566
211134.2415513566
211136.93717097474
211145.0240298291
211145.0240298291
211145.0240298291
211145.0240298291
211147.71964944722
211147.71964944722
211150.41526906533
211150.41526906533
211153.11088868344
211155.80650830158
211161.1977475378
211161.1977475378
211163.89336715592
211163.89336715592
211166.58898677406
211169.28460639218
211179.32441415353
211179.32441415353
211181.77247686795
211181.77247686795
211184.22053958237
211184.22053958237
211186.6686022968
211186.6686022968
211189.11666501118
211194.01279044003
211194.01279044003
211196.46085315445
211198.90891586887
211198.90891586887
211201.35697858327
211201.35697858327
211203.8050412977
211206.2531040121
211208.70116672653
211208.70116672653
211211.14922944093
211223.389543013
211223.389543013
211225.83760572743
211225.83760572743
211228.28566844185
211228.28566844185
211230.73373115627
211230.73373115627
211238.0779192995
211238.0779192995
211240.52598201393
211240.52598201393
211242.97404472835
211242.97404472835
211245.42210744275
211245.42210744275
211247.87017015717
211250.3182328716
211252.766295586
211255.2143583004
211257.66242101483
211260.11048372925
211260.11048372925
211267.4546718725
211269.9027345869
211269.9027345869
211272.35079730133
211272.35079730133
211274.79886001576
211274.79886001576
211277.24692273015
211277.24692273015
211284.5911108734
211284.5911108734
211287.0391735878
211287.0391735878
211289.48723630223
211289.48723630223
211291.93529901665
211291.93529901665
211296.8314244455
211296.8314244455
211299.2794871599
211316.41592616081
211316.41592616081
211318.86398887524
211318.86398887524
211321.51559837715
211324.16720787904
211326.81881738096
211326.81881738096
211329.47042688285
211337.42525538857
211337.42525538857
211340.0768648905
211342.72847439238
211342.72847439238
211345.3800838943
211348.03169339622
211348.03169339622
211353.33491240002
211353.33491240002
211355.9865219019
211355.9865219019
211369.24456941144
211371.89617891336
211371.89617891336
211371.89617891336
211374.54778841528
211374.54778841528
211377.19939791717
211377.19939791717
211379.85100741909
211387.8058359248
211387.8058359248
211390.4574454267
211390.4574454267
211393.10905492862
211393.10905492862
211395.76066443053
211395.76066443053
211398.41227393242
211401.06388343434
211401.06388343434
211403.71549293623
211406.36710243815
211409.01871194007
211416.97354044576
211416.97354044576
211419.62514994768
211419.62514994768
211422.2767594496
211422.2767594496
211424.92836895149
211424.92836895149
211427.5799784534
211432.8831974572
211432.8831974572
211435.53480695913
211435.53480695913
211438.18641646102
211438.18641646102
211440.83802596293
211440.83802596293
211443.48963546482
211446.14124496674
211448.79285446866
211454.09607347246
211456.74768297435
211464.70251148008
211467.354120982
211467.354120982
211470.00573048388
211472.6573399858
211472.6573399858
211475.30894948772
211477.9605589896
211483.0327248833
211483.0327248833
211485.56880783013
211485.56880783013
211488.10489077697
211488.10489077697
211490.64097372384
211490.64097372384
211516.00180319228
211516.00180319228
211518.53788613912
211518.53788613912
211531.21830087333
211531.21830087333
211533.75438382017
211533.75438382017
211536.290466767
211536.290466767
211538.82654971388
211538.82654971388
211541.36263266072
211548.97088150124
211548.97088150124
211551.50696444808
211551.50696444808
211554.04304739492
211556.57913034176
211556.57913034176
211556.57913034176
211559.1152132886
211564.18737918232
211564.18737918232
211566.72346212916
211571.79562802284
211579.40387686336
211579.40387686336
211581.9399598102
211581.9399598102
211584.47604275707
211584.47604275707
211587.0121257039
211587.0121257039
211594.62037454444
211594.62037454444
211597.15645749128
211597.15645749128
211599.69254043812
211599.69254043812
211604.7647063318
211607.30078927864
211607.30078927864
211609.8368722255
211609.8368722255
211612.37295517235
211619.98120401287
211627.5894528534
211630.12553580024
211630.12553580024
211632.6671200116
211632.6671200116
211635.20870422298
211637.75028843436
211637.75028843436
211645.37504106847
211645.37504106847
211647.91662527985
211647.91662527985
211650.45820949122
211650.45820949122
211652.99979370256
211652.99979370256
211655.54137791393
211660.62454633668
211663.16613054805
211663.16613054805
211675.87405160491
211678.4156358163
211678.4156358163
211680.95722002766
211680.95722002766
211683.49880423903
211683.49880423903
211686.0403884504
211693.66514108452
211696.20672529587
211696.20672529587
211698.74830950724
211698.74830950724
211701.2898937186
211701.2898937186
211703.83147792998
211703.83147792998
213234.3547857181
214716.84655292294
216276.13597292156
216317.42296319501
216319.5959626831
219857.019078691
219881.36217422198
219882.98504725736
221332.41971592084
221353.9626678077
221355.92111797922
222007.974999809
222037.5828054921
222085.2842702038
222133.27180067086
222134.98819520322
222697.63552594383
222734.53800838944
222734.53800838944
223354.0244042207
223379.90235255464
223387.989211409
223391.22395495075
223404.32796705354
223404.32796705354
223409.34512030196
223411.0175047181
223412.68988913423
223414.3622735504
223416.03465796652
223417.70704238265
223419.3794267988
223421.05181121494
223422.72419563108
223424.3965800472
223424.3965800472
223426.06896446337
223427.7413488795
223427.7413488795
223429.41373329563
223431.0861177118
223434.43088654405
223436.1032709602
223461.1890372023
223462.86142161844
223467.87857486686
223471.22334369915
223512.87341743134
223514.34225506
223517.2799303173
224412.5887269921
224609.6330198122
224611.49794848677
224647.195654001
224709.4644671796
224711.35140091227
224770.2314351424
224782.5982777986
224924.61892282186
224926.32981608968
225001.8181679261
225071.860267881
225073.4556345938
225142.0564032427
225192.1729230816
225194.27990739536
225261.70340543555
225338.25900259017
225338.25900259017
225436.86916923264
225522.75491102468
225524.25125497597
225711.0962033634
225819.7571802963
225900.42772331694
225901.880057152
225985.66431589483
226037.475225208
226038.99907548193
226262.3339114755
226382.0744351653
226383.6808044071
226550.30310439412
226670.27468119407
226671.40794168657
226911.8627128875
227021.76147433888
227022.94974747667
227513.5305129165
227839.27138807604
227857.57959642113
227858.98792014
229243.59018635534
229295.91821453403
229354.2371197824
229354.2371197824
229713.49719970353
229734.95213135798
229785.01363855164
229916.41684303826
229955.36579588783
230036.75700456148
230063.13556796737
230064.3128385761
230103.1627686642
230109.04912170785
230164.93646803536
230166.3833006059
230213.48512748416
230215.39406627495
230217.30300506574
230305.11418944216
230398.40463328722
230400.30807081348
230767.29192613024
230854.95457636443
230987.5625577824
230987.5625577824
231109.61911383795
231212.33872508194
231378.64745299093
231444.04098442072
231445.3722904362
231509.27497917923
231552.01980455228
231594.76462992534
231596.22246502494
231612.2586511205
231612.2586511205
231650.16236370997
231702.6994399407
231704.404831944
231724.8695359836
231758.97737604962
231839.2408254953
231840.80318462092
231930.7873684854
232474.58186569274
232483.10882570926
232545.77923119828
232547.3415903239
232558.2781042031
232901.9476004554
232946.02923310842
232947.39354671107
233296.47078599315
233392.88044682494
233395.38352218462
233565.42760870728
233663.24009199336
233665.44059780406
233877.1677656461
235085.81208597255
235092.82619824418
235097.03466560715
235099.8403105158
235102.64595542446
235105.45160033312
235109.66006769612
235112.46571260478
235115.27135751344
235124.15589972417
235129.76718954148
235135.3784793588
235142.8601991152
235148.47148893253
235154.08277874984
235165.30535838447
235170.91664820176
235213.93653680116
235233.5705498972
235238.24112348046
235241.3548392026
235246.02541278585
235249.139128508
235252.25284423016
235255.36655995232
235260.03713353554
236201.5235446481
236202.77233169568
236270.56991572367
236371.6776564613
236373.13549156088
236670.96845177605
236826.17012660546
236827.52343767905
237227.61940418248
237450.5581491301
237452.07099687497
237482.32795177225
237485.67272060455
237485.67272060455
237730.42948066533
237753.57880179404
237759.3661320762
237840.1962117681
237843.5629856585
237863.76362900084
237881.8957968811
237894.9227912805
237896.55116558043
237942.14564597837
237958.42938897762
237960.05776327755
237995.03480313875
238082.52691417263
238083.99025053674
238122.03699600394
238155.40766662336
238155.40766662336
238213.15994162546
238311.12095905378
238359.31203630834
238361.3199978606
238393.33735740645
238483.0079691929
238484.27326003407
238527.29314863347
238557.66563008577
238564.01959061422
238565.2903827199
238788.10809984797
238839.5999358186
238840.92023930504
238855.4435776557
238858.08418462856
238859.404488115
238860.72479160142
239255.71558462398
239646.1183230312
239651.09696742793
239652.09269630729
240122.72037530848
240214.31092841478
240215.35616867486
240218.49188945512
240221.6276102354
240223.71809075557
240227.89905179592
241034.53846682815
241102.46257994027
241103.5793366392
241291.56854804818
241302.9891732058
241310.44338663958
241311.93422932635
241498.4601043712
241821.28530933152
241904.99255037098
241906.0047830439
242668.11146173184
242703.798164717
242704.78839233183
243037.22430642042
243091.20271395717
243109.50542103776
243561.1152285699
243585.76089364986
243639.23318485013
243645.00951260325
243657.52488940165
243784.34554053744
243784.34554053744
243814.4814676151
244582.45799555312
244604.6390941251
244605.5633065656
244803.080708135
244815.95366712767
245035.0140205839
245036.1417798119
245078.99663047548
245080.12438970347
245180.93506215664
245230.47394922026
245232.6359461793
245236.95994009735
245251.3732531575
245252.0939188105
245254.97658142255
245270.82572452418
245271.6894230549
245389.09741058535
245415.96558653412
245606.85946561326
245652.20088784295
245652.93805728952
245657.36107396905
246235.33492768128
246248.49395242933
246323.45968413574
246325.12656728734
246326.79345043897
246328.46033359057
246350.12981456154
246366.19900824424
246485.80750158543
246677.25150711727
246695.70274834006
246696.41241146403
247370.7574171563
247393.64817885222
247394.8529557836
248995.25332559083
249017.15936093644
249018.55118086172
249019.943000787
249590.65518532385
249632.28325399797
249633.16895758678
249733.5560326714
249811.78401424215
250189.984947929
250220.9240596276
250230.69430542717
250232.32267972708
251173.21495427075
251387.0381038975
251407.88239518946
251408.98814935936
253094.14650173063
253513.6509294845
253522.66200077935
253560.41167796208
253561.24236890563
253565.39582362334
253566.2265145669
254283.5584012714
254284.15803910483
254315.04213815817
254351.91161301662
254352.56076223077
254425.35349444908
254502.05212448142
254503.26790394183
254638.05438611237
254717.15706874288
254718.17480268033
254916.93549003275
255070.25573239406
255264.7694435318
255266.18876977972
255596.45718564477
255640.25275254244
255670.2181404198
255672.52317025652
255815.924632676
255817.41547536277
255893.44845238735
255958.0773080479
255959.41411532793
256229.22913530818
256320.41809610403
256322.11248557828
256425.48124603642
256621.11721513764
256621.11721513764
258899.9610327096
258907.23920567852
258909.31868366964
258912.43790065634
258921.79555161638
259078.2900236096
259079.37377272136
259084.79251828024
259891.11285996987
259891.61897630634
259892.63120897926
259893.6434416522
261537.9604061767
261540.0618892259
261551.5045194416
261552.0766509524
261554.9373085063
262243.82765760744
262248.0306237058
262268.4403151002
262268.82540361705
262313.9357727367
262319.6130777283
262364.10730522085
262364.10730522085
262385.20465468103
264349.2716172954
264357.3694786788
264357.3694786788
264358.63476951997
264538.31707149354
264539.63737497997
264547.55919589853
264547.7792464796
264548.43939822284
264548.65944880387
264549.09954996605
264549.9797522903
264550.1998028714
264550.6399040335
264550.8599546146
264551.0800051957
264551.3000557767
264551.5201063578
264551.7401569389
264552.180258101
264552.84040984424
264553.06046042533
264553.50056158745
264553.9406627496
264560.39914730395
264560.77873455634
264563.5623744069
264564.4480779957
264624.73093468015
264745.88528335333
264752.96541079925
264755.14391155186
264755.14391155186
264755.68853674
264757.86703749263
264757.86703749263
264760.04553824523
264760.04553824523
264760.04553824523
264761.6794138097
264762.22403899784
264762.768664186
264763.3132893741
264765.4917901267
264765.4917901267
264767.1256656912
264768.2149160675
264768.75954125565
264769.3041664438
264774.0462564659
264833.9990372787
264909.12430565635
264909.2728397986
264910.5546344333
264913.2172464643
266241.2445082863
266242.2347359011
266246.6797576388
266246.8998082198
266248.0000611252
266324.1265596467
266554.71756355104
266565.6705812239
266572.5911719986
266572.5911719986
268645.89124305657
269537.7782531957
269542.86142161844
269546.0961651602
269570.5712910398
269639.20506727585
269639.20506727585
269657.94237425405
270834.40979836334
270834.40979836334
270879.3386257536
270960.40525982017
270960.40525982017
271047.3527456659
271095.05971164204
271095.05971164204
271152.2398551334
271192.39358491433
271193.57085552305
271239.48440926353
271281.83314359066
271281.83314359066
271444.82460899
271538.0160300736
271538.0160300736
271601.8086935261
271733.0138524897
271734.1526142467
271862.00750311353
271872.9990296381
271875.44159108796
271903.5310477617
271904.7523284866
271907.1948899365
271909.63745138637
271932.3906814691
272052.52729620493
272052.52729620493
272165.64979866904
272237.66685258906
272237.66685258906
272434.1500164274
272487.4682722209
272488.3264694871
272807.9389359637
272857.516331879
273016.5633906127
273017.60312960827
273460.44392148475
273606.5189984642
273607.81179562805
274176.70856287103
274304.80000611255
274304.80000611255
275663.5133214649
275675.858159063
275705.7850380886
275707.6114579115
275915.04213815817
275998.55683493917
276002.523246663
276054.7357482866
276217.91975794436
276282.9887147671
276613.7687482331
276614.53342400235
277335.95275025023
277337.0750082137
278599.84076895454
278773.0920926963
279227.35350973037
279227.35350973037
280659.06310408853
280939.0719672369
280970.84176987904
280970.84176987904
280996.5601815417
280997.8914875572
280999.2227935727
281000.55409958813
281001.8854056036
281003.2167116191
281004.5480176346
281005.8793236501
281007.2106296656
281008.541935681
281160.4098442072
281460.2837735618
281475.01615996455
281476.149420457
281493.1043177286
281493.1043177286
281519.04277997237
281520.17053920036
282063.4754238648
282096.97812483285
282098.5734915456
282542.32749333355
282585.0503136485
282585.0503136485
283102.1141665202
283125.21947753266
283126.3747430833
283165.4722300751
283398.7038409523
283474.7148129188
283477.0693541363
283504.14657813706
283505.19181839714
283583.95892389154
283840.8239671758
283945.8706133146
283945.8706133146
283967.4355702596
284020.69331214327
284021.7055448162
284265.0374773646
284266.15973532805
284271.77102514537
284364.0767426401
284393.53601418104
284394.9388366353
285545.86388954683
285574.20640438877
285635.0063799387
285640.9037355114
285664.4931578022
285665.9674966954
285668.91617448174
285673.33919116127
285674.81353005447
285676.28786894766
285677.7622078408
285679.236546734
285680.7108856272
285682.18522452033
285683.65956341353
285685.1339023067
285686.60824119987
285688.08258009306
285693.97993566573
285698.40295234526
285699.87729123846
285702.8259690248
285704.300307918
285705.7746468112
285707.2489857043
285771.82832998416
285816.0144866632
285816.0144866632
286203.5290611939
286209.29438641795
286212.17704903
286232.8838087088
286254.66881623486
286306.16065220546
286308.1411074351
286325.9652045019
286428.7508309202
286430.20316475525
286437.4648339306
286847.87017015717
286883.19929094816
286883.19929094816
287278.861238243
287320.0877146066
287320.0877146066
287557.1041954783
287703.4818420068
287703.4818420068
287794.5937850992
287807.5437617952
287808.72103240393
287809.8983030127
287809.8983030127
287811.07557362143
287813.4301148389
287814.6073854476
287814.6073854476
287816.05421801814
287817.5010505887
287820.39471572975
287821.8415483003
287823.2883808708
287826.18204601196
287827.6288785825
287827.6288785825
287829.07571115304
288050.754666524
288509.74717105116
288839.72401989624
288893.2293186837
289861.4848829835
292332.39985024335
292928.9349704689
337435.3752702878
367217.7030692472
367234.2453716792
367235.6481941335
367235.6481941335
367238.45383904217
367239.8566614965
367241.2594839508
367242.66230640514
367244.0651288595
381455.7458415788
381470.8963240856
386984.5386960475
386996.2233819024
387001.41657561564
387413.90138983337
387420.11781874864
387423.84767609776
387436.2805339283
387769.04102262395
387777.8705521894
387926.5092184384
387933.22076116106
387941.6101895644
388259.47325392155
388263.80825036863
388269.2269959275
388367.9966992413
388374.2681408018
388378.0310057381
388632.2554420495
388642.3997738369
388711.23159559595
388720.20965930365
388726.1950351088
388730.6840669626
388735.4041519266
389034.5189067765
389041.20294317655
389050.0599790646
389054.40597804077
389218.9488000367
389228.5210003133
389259.63065121224
389271.59590155794
389276.38200169627
389283.5611519037
389290.74030211114
389584.09523300146
389591.1093452731
389596.72063509043
389602.33192490775
389774.2739476921
389783.075970935
389788.3571848807
389798.9196127721
389962.95631843153
389970.1299673745
389973.7167918459
389980.8904407889
390148.7450240298
390155.56659204303
391129.4554512183
396081.81480604224
396098.5496527327
396456.8800189488
396463.7896071944
396586.3247732638
396592.5136958565
396596.63964425155
396602.82856684417
396606.9545152393
396758.9544541141
396763.80656942667
396767.0413129684
396770.27605651016
396775.1281718228
396896.6621077484
396901.1676433958
396904.1713338274
396907.5986216276
396915.3003919651
397084.1947142017
397091.8304693648
397235.08889890666
397241.29432529287
397244.397038486
397249.0511082756
397252.1538214687
397390.9837330664
397398.4434477647
397402.17330511386
397405.903162463
397409.6330198122
397627.4280824273
397635.6524728948
397777.5905989502
397783.6474911942
397785.6664552755
397793.7423116008
397799.7992038448
398152.386249895
398303.30243965803
398307.7914715118
398312.2805033657
398315.27319126826
398319.7622231221
398576.3191955929
398583.06374590273
398586.2544793282
398589.4452127538
398592.63594617933
398595.8266796048
398729.4744000183
398736.73606919363
398739.6407368638
398743.997738369
398748.3547398742
399133.8833579108
399143.5215733617
399146.7343118453
399153.15978881257
399156.37252729625
399316.1072440957
399322.6207412954
399325.8774898952
399332.39098709496
399451.7244172098
399455.7293377853
400052.37448330136
400057.3476264336
400062.3207695658
400069.78048426413
400102.1059146235
400109.56562932173
400112.0522008879
400315.38443906204
400322.80014364416
400518.10603687377
400523.601800136
400529.0150444303
400530.7644465499
400534.2632507889
400539.5114571474
400678.70445220394
400687.15439451707
400689.9710419548
400692.7876893925
400695.6043368302
400701.23763170565
402239.27016557276
402354.2906042986
402377.18686725904
402380.90572207916
402388.34343171935
402393.92171394953
402397.6405687696
402403.2188509998
402408.7971332299
402619.9466682967
402627.78597024735
402632.4895514177
402638.76099297823
402643.46457414865
402646.60029492894
402654.4395968796
403956.6879331291
403971.0682386021
403976.696032213
403980.44789462024
403986.07568823115
403993.57941304566
403997.3312754529
404166.26960780565
404173.69631491683
404177.40966847236
404181.12302202795
404184.83637558355
404187.31194462057
404192.26308269467
404592.37005172716
404601.74420648074
404604.86892473197
404609.5560021088
404614.2430794856
404620.492515988
404915.4263097976
404921.80777664867
404924.3603633891
404928.1892434997
404932.01812361035
404935.847003721
405143.4207168453
405151.23251247336
405154.3572307246
405157.3004072464
405161.44285943505
405165.5853116237
405172.48939860484
405547.91769497015
405554.6072326347
405708.96171272703
405747.3935467111
405755.5794283269
405770.58687795594
405774.67981876386
405777.40844596917
405781.5013867771
405788.3229547903
405966.7839760389
405981.488856119
406022.45127178536
406026.2471443089
406030.0430168323
406035.73682561755
406043.3285706645
406047.12444318796
406811.66268079676
406822.6377035277
406827.02771262004
406833.6127262586
406838.002735351
406842.3927444433
406855.56277172046
407079.8218201545
407089.75710388983
407093.06886513496
407098.03650700266
407104.66002949286
407109.62767136056
407114.51279426034
407120.806240879
407304.7685266544
407315.3584608684
407321.71242139686
407325.9483950825
407332.30235561094
407337.7871163441
407342.83727717964
407347.88743801526
407479.62071837345
407494.9197350224
407498.3195165
407503.4191887163
407506.81897019385
407511.91864241014
407726.38543998654
408124.22038676945
408129.9472031418
408135.6740195142
408139.4918970958
408143.3097746774
408152.8544686313
408160.4902237945
408380.7553541821
408390.0304861742
408393.12219683826
408396.2139075023
408400.8514734984
408403.94318416243
408410.1266054905
408507.2239243882
408515.2777756554
408519.30470128893
408521.98931837804
408632.3666898433
408641.34475355095
408644.33744145354
408645.8337854048
408846.2778597025
408854.85983236425
408935.11227928085
408943.9913202271
409083.7894543815
409089.6648048961
409167.3041511625
409174.5933266605
409284.36555902776
409292.7494861666
409338.99311577866
409345.37458262977
409419.95522581926
409430.7762131434
409505.879476463
409516.13383354095
409559.8578839997
409574.74430580914
409718.64088203607
409725.3524247587
409725.3524247587
409827.7969727764
409832.30250842386
409904.3910787827
409908.96262960444
409913.53418042616
409997.41196066595
410000.59169156244
410005.3612879071
410094.5587909443
410102.920713025
410178.1780117513
410184.86754941585
410188.2123182482
410238.4553671712
410246.0196058955
410352.5680972501
410360.9300193308
410364.27478816314
410407.6742640149
410412.6749134697
410416.00867977296
410686.78091978084
410719.34840577934
410729.1186515789
410832.30587030767
410836.7783983679
410838.2692410547
410903.0136232703
410907.4036323627
410910.33030509093
410993.2453640385
410999.2197373146
411001.2111950733
411099.0731897402
411105.09707439697
411113.12892060605
411213.9340917947
411220.27154852956
411313.3749493807
411317.1708219042
411319.7014035865
411375.4567195654
411383.08147219947
411503.05855026405
411508.69184513943
411568.51259560353
411570.7461090014
411607.9126521444
411613.1938660901
411681.48656392546
411689.54041519266
411784.17316758225
411788.4971615003
411792.82115541835
411898.7590064105
411907.4069942466
411913.8929851237
412009.284912018
412013.0257718962
412016.7666317744
412108.98983030126
412113.4293507743
412118.0449117123
412210.2571077102
412215.362281191
412220.46745467186
412280.4532430718
412284.28212318243
412287.65989960195
412335.9940097342
412339.1462343081
412342.2984588819
412414.26050015667
412417.84182336356
412419.0355977659
412473.9987316529
412477.98164717027
412481.12837047956
412571.5141466546
412574.84791295783
412577.07042382663
412632.33062599803
412635.2187898746
412638.1069537511
412694.6324467638
412697.141023388
412699.6496000122
412757.84747744096
412760.9336868405
412764.01989624003
412807.3093468012
412809.71890066395
412812.12845452665
412855.40140129434
412861.3977796285
412866.19488229585
413101.1098801183
413104.2786084857
413105.8629726694
413149.76306359307
413155.7704444563
413159.203233521
413215.99828849547
413218.8369409913
413222.6218109857
413293.80817396217
413296.20672529587
413298.60527662956
413302.20310363005
413391.94523185544
413396.1206916312
413398.9043314817
413401.528434661
413517.4345769757
413521.21394570556
413524.2176361372
413531.72686221625
436258.781928346
455820.3653756523
455825.09646314534
455827.46200689184
455972.37081579166
455978.11963722215
455982.7186943665
456057.43686916924
456061.1667265184
456063.6532980845
456066.13986965065
456131.4728871706
456133.1012614705
456134.72963577043
456137.9863843703
456297.0829544847
456308.32753917744
456310.4180196976
456313.55374047783
457443.56848692306
457612.01720673294
457661.3855545962
458268.98921904963
458272.09193224274
458997.76373596984
461959.99663811614
462763.9569373238
462786.0500156633
464923.9569373238
466363.0437274123
466373.44111736794
466391.9253661779
466391.9253661779
466821.948211707
466826.10716768925
466830.2661236715
466844.03028751747
466845.5596390559
468022.1040808686
468038.211783403
468066.4002628382
468066.4002628382
478242.925450225
478267.1750242591
478268.45131762925
478268.45131762925
478269.7276109995
478271.0039043697
478273.5564911101
495989.63072761864
530494.8601379901
530498.9310737399
530502.869979141
530503.8547054913
530522.5645061469
530523.5492324972
530925.0425201904
530928.4588054615
530930.7363289756
530933.0138524896
530935.2913760038
530950.2548155166
530950.2548155166
531175.9441927277
531181.5279762223
531185.4723828881
531188.1019873319
531193.3611962195
531282.751243515
531311.4678443448
531313.0632110576
531801.6085086224
531807.8359400667
531810.949655789
531814.0633715111
531817.1770872332
531820.2908029554
531823.4045186775
531859.2122494823
531860.7691073434
532132.4930661145
532135.9093513855
532139.3256366567
532141.6031601708
532143.8806836848
532146.158207199
532150.7132542272
532174.627251125
532174.627251125
533003.1396939157
533009.169079837
533013.6911192781
533016.7058122387
533018.2131587191
533021.0793175376
533023.7969422139
533029.2321915663
533065.9201246954
533067.2789370335
535341.7712543648
539082.8511831539
539101.6159964548
539139.4922027217
539140.895025176
543358.4669809518
543368.9633936689
543379.459806386
543398.1200956608
543399.2863637406
543419.0249008626
543650.4961070913
543691.2934848219
543694.1541423758
543697.0147999297
543704.1664438145
543722.760717915
543724.191046692
544115.6830354756
544120.3371052652
544124.9911750549
544126.5425316514
544131.1966014411
544134.2993146342
544158.8569594816
544160.551348956
544924.1543715952
544928.2693174612
544930.3267903943
544932.3842633272
544934.4417362603
544939.5854185928
544941.6428915258
544959.1314114564
544982.874869154
544984.2556865502
545056.6633302516
545062.274620069
545084.7197793382
545085.8420373016
545954.6127338993
545960.0314794581
545975.203967023
545975.203967023
548056.6514108451
548060.0731973808
548061.6905691517
548062.499255037
548066.5426844642
548081.9077162875
548082.7164021729
549752.52072525
549760.5250651365
549763.7268010911
549766.9285370457
549774.9328769321
549803.7485005234
549805.0963103324
550000.5562389689
550989.4470465087
550996.2246044056
551003.0021623026
551006.3909412511
551011.4741096739
551026.723614942
551073.1652900771
551073.1652900771
551887.1543945171
551892.8427020378
551895.1972432552
551897.5517844727
551902.2608669077
551916.3881142124
551917.5653848212
552366.457567677
552374.8469960804
552381.558538803
552406.726824013
552407.7995705957
552500.1272931487
552503.1309835803
552510.1395945874
552540.3250330457
552540.3250330457
553373.3980241292
553377.865050925
553381.2153210217
553383.4488344196
553387.9158612153
553424.4607614666
553426.0011155342
554294.6672881058
554302.2150230366
554304.1019567692
554307.8758242347
554311.6496917
554355.0491675518
554356.9361012845
563499.7681828254
575679.6173564896
575686.680980142
575699.630956838
575699.630956838
577181.9411823135
578657.1657790784
578663.1071447673
578669.0485104562
578693.2595756386
578694.893451203
579611.6626807968
579622.6377035277
579627.0277126201
579631.4177217124
579635.8077308048
579640.1977398972
579644.5877489895
579648.9777580819
579653.3677671743
579659.9527808129
579670.9278035437
579715.5925702367
579717.6775494923
580077.2346976979
580085.7066450692
580089.9426187547
580094.1785924403
580096.2965792832
580139.4705032894
580141.1538902345
580341.6859847646
580350.2239473101
580356.6274192192
580365.1653817649
580371.568853674
580403.5862132198
580403.5862132198
582136.4405290383
582144.0982892595
582149.2034627404
582151.7560494808
582154.3086362212
582156.8612229617
582167.0715699233
582177.281916885
582183.6633837362
582243.1430557997
582244.6889111317
582496.0471886246
582504.8272068093
582508.5900717457
582511.0986483699
582515.2851106748
582520.3187677168
582523.6745390781
582535.4197388428
582572.3332238174
582572.3332238174
615001.3028828154
615005.2307856875
615007.1947371236
615024.8703000481
615025.5249505268
615185.7382773401
615188.4448994873
615198.5947325391
615199.271388076
615389.4941128829
615391.1664972991
615393.212967703
615395.259438107
615396.6237517096
615400.7166925175
615410.9490445374
615411.6312013387
618323.7200773233
618330.2555795811
618356.3975886124
618356.3975886124
618565.5171570687
618568.9334423399
618570.0722040968
618573.488489368
618599.9275666837
618599.9275666837
618863.3556185485
618872.6307505406
618880.3600272008
618883.4517378648
618886.9615446329
618890.889447505
618906.6010589935
618930.1684762262
618930.1684762262
619661.9301797844
619665.9406016244
619668.4491782486
619671.9644862812
619675.4797943138
619696.5716425094
619697.7434118537
625149.0674592563
629341.6471702871
629346.2242223733
629347.3684853949
629370.2537458263
629371.3980088478
629729.3102789599
629732.8090831989
629735.1416193583
629737.4741555176
629738.6404235973
629745.6380320754
629752.6356405534
629763.1320532706
629764.2983213502
629848.2036079126
629851.5703818031
629857.1816716203
629884.1158627435
629885.238120707
630164.9004041901
630170.9517951695
630173.9774906592
630177.003186149
630207.2601410463
630208.7729887911
630232.978552709
630239.0299436884
630242.0556391781
630245.4774257138
630258.8399972493
630316.1081609731
630318.0170997638
630894.2965640019
630898.7195806814
630900.9310890213
630903.142597361
630904.2483515309
630906.4598598706
630909.7771223802
630914.2001390598
630931.8922057779
630932.9979599478
630936.3152224574
631221.7373299001
631227.6346854728
631239.4293966183
631261.5444800159
631261.5444800159
634144.8012286157
634149.8733945094
634152.2279357269
634153.4052063356
634156.9370181619
634178.127889119
634178.127889119
634333.3075588902
634336.7073403677
634338.9738613528
634340.1071218454
634343.5069033229
634352.572987263
634353.7062477556
634389.970583516
634393.3703649936
634395.6368859786
634398.899135843
634400.8905936017
634402.8820513604
634405.8692379985
634407.8606957572
634411.8436112745
634424.7880867061
634425.7838155854
634622.6850755278
634657.5410875694
634660.7098159369
634661.766058726
634668.1035154609
634687.3799463627
634687.3799463627
635049.4181648699
635053.9402043109
635055.4475507912
635058.4622437519
635062.9842831929
635088.6091733587
635090.1165198389
636026.167681599
636031.8449865907
636034.6836390866
636038.9416178302
636052.7057816761
636052.7057816761
636223.9656476593
636229.3568868955
636232.0525065137
636234.7481261318
636237.4437457499
636240.139365368
636242.8349849861
636246.8784144133
636263.052132122
636264.3999419311
636354.5491637314
636358.2955248741
636371.2620053637
636415.7892404435
636416.9610097876
636834.413465873
636842.52783105
636845.7735771209
636848.7332574362
636854.0804865563
636876.8062103164
636878.1430175963
637085.2491232359
637090.5963523559
637094.1611717693
637099.5084008893
637103.0732203027
637106.638039716
637110.2028591294
637122.6797270761
637163.6751503297
637163.6751503297
637190.5433262784
638334.0471733434
638337.5789851695
638339.933526387
638349.3516912569
638354.0607736917
638357.5925855179
638411.2959298283
638433.7410890976
638433.7410890976
639639.442232902
639645.5596390559
639650.1476936712
639663.9118575172
639697.557591363
639697.557591363
639726.4942427739
639730.9612695696
639735.4282963653
639746.5958633547
639746.5958633547
641731.3640843832
641736.1666883151
641740.969292247
641744.1710282016
641751.6967580742
641756.0207519922
641760.3447459104
641764.6687398284
641768.9927337464
641773.3167276644
641784.1267124596
641794.9366972547
641870.6065908205
641870.6065908205
642237.931524538
642247.0196135362
642251.5636580352
642260.6517470335
642290.1880362778
642292.4600585273
648001.4853414221
648018.7923196234
648035.4831561977
648036.96849762
648178.8186034429
648194.4146883762
648247.8869795765
648250.0599790646
648300.0389672904
662521.4404144286
662535.0560441324
662569.8515422642
662571.3643900091
666289.75710389
666293.0688651351
666298.0365070027
666301.3482682478
666314.5127942603
666363.2870055547
666364.8603672093
666618.5896897134
666621.9564636038
666625.3232374942
666628.6900113845
666633.7401722202
666640.5232313817
666676.2209368959
666677.9208276346
666814.2586664018
666822.7966289474
666827.0656102201
666831.3345914929
666835.6035727657
666839.8725540384
666844.1415353112
666848.4105165841
666852.6794978568
666856.9484791296
666879.0195524109
666880.3728634845
667406.3047547735
667419.6673263091
667419.6673263091
667419.6673263091
667421.5762650999
667421.5762650999
667631.7685801389
667641.043712131
667644.1354227951
667648.1623484286
667673.6662107748
667721.989318378
667721.989318378
671365.0807234163
671369.7843045867
671376.0557461472
671410.2571077101
671411.5334010804
685283.9401279044
685290.1675593487
685291.7244172097
685296.3949907931
685299.5087065152
685325.2051131198
685326.6519456903
688119.8309889287
688124.9801725257
688127.5547643243
688130.1293561228
688132.7039479214
688148.2505214739
688170.3215947554
688171.6198931837
688759.3529901665
688762.125627488
688763.974052369
688765.82247725
688776.913026536
688794.4730629055
688795.397275346
703211.2299146539
703213.5844558714
703215.9389970888
703218.2935383064
703220.6480795238
703230.0662443936
703250.0798447421
703250.8940318921
704109.872477632
704116.2539444831
704122.6354113341
704125.8261447597
704129.0168781852
704141.7798118873
704226.796353884
704228.1551662222
704473.7371159621
704477.1699050268
704478.8862995591
704480.6026940915
704482.3190886239
704484.8936804223
704542.128836559
704543.2620970515
705864.5613123573
705869.9965617097
705874.0729987241
705883.5846850908
705884.943497429
705890.3787467814
705924.1345059178
705924.1345059178
706063.2669870644
706068.4491782486
706114.1481826726
706115.3199520167
710475.3086438619
711521.2530658089
711919.8526883611
711959.1317170822
711960.5345395366
712231.1637466667
712239.3661320762
712271.5155219707
712271.5155219707
712884.746980035
714617.3702427433
714621.2486342347
714622.5414313985
714631.591011545
714653.3210064258
714653.3210064258
715268.6264412167
715273.9681690722
715277.7750441247
715279.678481651
715281.5819191772
715286.3405129929
715311.0852008343
715312.0369195974
715987.6527173955
715991.6961468227
715994.3917664407
715999.783005677
716008.5465200682
716010.570985414
716012.5954507599
716025.7544755079
716049.0358269853
716050.0480596581
716504.1664438145
716508.4574301455
716511.3180876994
716512.7484164763
716541.3549920155
716566.4132519349
716567.9260996798
772441.970369578
772443.2741692709
805038.794611817
805056.0245723148
805057.4604023563
805058.8962323979
805058.8962323979
805060.3320624393
805061.7678924808
805061.7678924808
805063.2037225224
805064.6395525638
805064.6395525638
805066.0753826053
805067.5112126467
877602.9657928315
877610.4255075299
877614.1553648789
877616.6419364451
877620.3717937942
877622.8583653603
877625.3449369265
878325.9089693534
878333.8582965946
878383.248649516
878384.5414466797
879073.1347274964
879086.843878697
879089.088394624
882236.2518051025
882268.1866456803
882320.1185828132
882320.1185828132
884403.1448895545
913450.9493501631
948534.7412495511
966532.4582247725
968108.5485066359
968122.5437235921
968123.7099916717
968126.042527831
968127.2087959107
968128.3750639904
968128.3750639904
968130.9386532599
968132.2204478945
968133.5022425293
968134.7840371641
968136.0658317988
968137.3476264335
968138.6294210682
968141.1930103378
968142.4748049725
968145.038394242
968145.038394242
968147.6019835115
968147.6019835115
968150.1655727809
973662.4271273466
1056632.498720192
1056641.1247029698
1056644.3594465116
1056648.6724379007
1056652.9854292895
1056656.2201728313
1056659.4549163731
1056664.8461556095
1056669.1591469983
1056674.5503862347
1056727.604581331
1056736.7586855034
1059737.2033710529
1060655.8485318501
1060665.1456689003
1060669.7667311027
1060674.3877933053
1060727.5300086339
1060728.67977292
1061205.331336578
1061219.5796117024
1061225.278921752
1061250.925816976
1061252.3506444884
1061801.5638872546
1064370.868970576
1064376.287716135
1064379.5389634701
1064382.7902108054
1064388.3684930354
1064416.2599041862
1064425.5570412364
1064432.9947508767
1064438.573033107
1064446.010742747
1064499.1584593402
1064499.1584593402
1064534.3775548406
1064540.7810267499
1064548.7853666362
1064556.7897065228
1068096.473842251
1068370.0902360193
1068378.2926214288
1068380.6361601173
1068382.9796988056
1068387.6667761824
1068391.182084215
1068393.5256229034
1068397.040930936
1068406.4150856896
1068409.9303937224
1068416.9610097876
1068448.2577036805
1068449.5725059025
1068603.2228241353
1068609.0541645337
1068611.9698347328
1068614.8855049321
1068619.259010231
1068641.1265367249
1068679.6518922057
1068679.6518922057
1071386.0264824762
1071392.8260454312
1071397.9257176474
1071401.325499125
1071414.9246250354
1071463.1157022899
1071466.614506529
1073151.8168690165
1073158.9300040496
1073166.0431390828
1073173.156274116
1073177.8983641379
1073185.0114991711
1073192.1246342042
1073219.3063822307
1074036.8493035552
1074039.2918650052
1077340.2926367102
1077796.6115266774
1077798.6359920232
1077800.6604573692
1077802.684922715
1077804.7093880607
1077818.8806454819
1077821.9173435005
1077824.9540415194
1077827.990739538
1077831.0274375568
1077838.4431421391
1077843.8343813752
1077850.3038684588
1077855.695107695
1077860.008099084
1077865.3993383201
1077869.7123297092
1077875.1035689455
1077881.573056029
1077888.0425431125
1077894.512030196
1077908.6392775006
1077916.5610984191
1077923.4926917227
1077929.4340574117
1077935.3754231005
1077943.297244019
1086969.287968276
1086982.3589727916
1086992.5253096372
1087008.0168705445
1087023.266375813
1087041.9046600296
1087055.4597758236
1087065.626112669
1087079.181228463
1087091.0419547828
1087102.9026811023
1087116.0727083795
1087129.2427356564
1093329.3273940051
1093338.6685411716
1093357.3508355045
1093372.9194141154
1093374.4762719765
1093404.3371358279
1093411.3237417769
1093415.5157053461
1093418.3103477259
1093421.1049901054
1093428.0915960544
1093470.0112317484
1093471.4085529381
1096455.8225536563
1096467.7602976796
1096481.403433706
1096527.449017795
1096530.8598018016
1142065.651479611
1142074.5635281443
1142079.019552411
1142090.902283789
1142153.2866235224
1142153.2866235224
1143725.6360455079
1143750.13867771
1143796.1732592701
1143796.1732592701
1143842.8459875153
1144870.7187554918
1146510.2881287297
1146514.865180816
1146517.153706859
1146519.4422329022
1146522.8750219669
1146525.1635480102
1146527.4520740532
1146535.4619152043
1146646.334400477
1146647.7317216666
1149393.698912736
1149399.3652151986
1149403.8982571687
1149407.2980386463
1149410.6978201238
1149412.964341109
1149415.2308620939
1149419.763904064
1149423.9998777497
1149428.6539475394
1149433.308017329
1149581.2920330993
1149633.5320410456
1149635.0063799387
1152248.1510402737
1152253.5697858327
1152255.7372840561
1152260.0722805033
1152262.2397787268
1152265.4910260623
1152269.7655085996
1152274.0399911369
1152276.8896461618
1152282.5889562115
1152286.8634387488
1152291.137921286
1152301.1117138732
1152333.8827466592
1152335.3075741716
1153401.7222014228
1153411.3604168736
1153417.785893841
1153422.6050015665
1153425.8177400501
1153429.0304785336
1153432.2432170173
1153437.0623247428
1153440.2750632265
1153444.8961254288
1153494.63855928
1153494.63855928
1153550.960505505
1153900.0927574325
1154013.3968016258
1154021.4506528932
1154026.8198870714
1154028.1621956157
1154030.8468127048
1154033.531429794
1154036.216046883
1154038.9006639721
1154048.2968237838
1154065.7468348627
1154067.0891434073
1154349.0839630498
1156483.91567784
1156767.7259147763
1156776.9680391813
1156779.6086461542
1156784.8898600999
1156786.2101635863
1156794.1319845049
1156798.0928949642
1156800.733501937
1156804.6944123963
1156811.2959298284
1156874.1423757821
1156903.717173878
1156904.7679154028
1162967.772064273
1180151.0433300987
1180809.825258445
1180821.2458836024
1180826.9561961812
1180829.6518157993
1180832.3474354176
1180836.3908648447
1180864.694870835
1180864.694870835
1182437.8419761765
1182464.2590484342
1182514.1500164275
1182515.4263097977
1182606.6097693287
1182613.733906891
1182616.583561916
1182620.8580444532
1182623.7076994781
1182627.9821820154
1182632.2566645527
1182636.53114709
1182639.3808021147
1182643.655284652
1182649.354594702
1182676.2392744445
1182687.1757883236
1182688.7381474492
1182891.6357857257
1182903.5735297487
1182910.395097762
1182915.511273772
1182918.9220577786
1182922.3328417852
1182978.588772836
1182980.1511319615
