81991.5726739966
197969.68803245746
197990.73036927238
197993.53601418104
197997.51892969842
197999.8734709159
198044.60975404765
198170.9517951696
198170.9517951696
228334.78678779636
228359.93856921277
228382.9943688445
228511.52591324813
236935.41973884273
247616.97751358125
247795.59257023662
247798.40921767434
247891.63364634512
247891.63364634512
250088.83319707518
250183.4714507293
270859.8861543869
270865.60746949475
270870.184521581
270873.6173106457
270878.194362732
270885.0599408614
270889.6369929477
270890.78125596925
271172.34697697876
271172.34697697876
271178.260836345
287419.28651655343
292952.0512840104
304666.2789293928
304682.13357375894
304686.457567677
310797.21819390426
333685.130234797
352732.5875044889
352733.0936208254
352733.3466789936
352865.1074656744
352865.1074656744
352865.4485440751
367184.4094163311
367192.24321701727
368859.3574217407
368877.7756553764
373154.6127338992
452795.8856653856
453027.6484386342
453028.82020797837
453799.2227935727
491179.6551012767
509239.75641623174
509239.75641623174
509240.7246387885
509242.6610839019
509243.62930645864
509245.565751572
509246.5339741288
509247.50219668547
509248.47041924216
509249.4386417989
509257.1844222526
509258.1526448093
509259.12086736603
509260.0890899227
509261.0573124794
509261.0573124794
509262.02553503617
509262.02553503617
509263.96198014956
509263.96198014956
518050.5156671429
536860.5108535364
536980.0808380259
544514.2001390598
544514.2001390598
558629.3501631279
558632.2218232108
558647.5373436534
682352.1842312365
682393.6252569167
682394.9620641967
682396.2988714768
682398.9724860367
682402.9829078767
682405.6565224368
682411.0037515569
682413.6773661168
682416.3509806768
682418.8925648882
682421.4341490995
682423.9757333109
682425.2465254166
682427.788109628
682439.2252385792
682439.2252385792
682440.4960306848
682441.7668227905
682444.3084070019
758806.5361135093
758812.213418501
758844.6378716219
758844.6378716219
759324.7992420481
786794.6429908541
797551.6341047839
1002256.6303226644
1014904.5930974412
1058401.0562427891
1058735.060017268
1058735.060017268
1059790.1145332712
1059793.976420969
1059795.2637168681
1059795.2637168681
1059797.8383086668
1059799.125604566
1059800.4129004653
1059800.4129004653
1064551.987102591
