13335.329273603862
32796.95474445863
32940.779804246675
47208.3753696162
47225.49530482354
79440.31723958772
79448.0575187769
94604.95449995798
117340.31097425867
125930.92062133727
132649.3069170761
144391.41497108014
162371.0712948601
181820.33542432322
183155.76738819826
183164.8774822546
203357.58800113082
203454.46526944733
208568.8203607913
214384.57567677015
249047.77939929249
300882.7732485731
300909.9054852192
301116.8465529229
303360.1907105036
314052.1568777267
315499.08296976594
340556.3416590897
371747.3727641562
397666.4485517157
397749.3251018116
425128.78857570735
426126.65194569033
447636.93182252307
461623.7923578267
506948.80981670093
507084.65254166065
549015.8573949984
582132.6116489277
582156.8612229617
585304.233681492
589209.7464069866
606070.528044988
636436.4244836834
636452.2021103462
636633.8373612268
636635.2951963264
636720.2512244134
636728.371090855
678865.9448803858
838043.3285706644
844765.0486327065
844775.3359973716
844776.3647338381
844855.4014012943
844856.6006769611
859280.1680941938
914246.9878284523
957118.5953437908
1036417.0129661749
1036691.2950129509
1036691.2950129509
1050993.01492218
1107042.1314343784
1112277.6848845119
1132622.334828353
1132640.1699279486
1132785.6343645658
1132785.6343645658
1132787.8898830218
1132788.3409867128
1132789.6942977866
1198944.4907127959
