210133.0661789904
215042.41053841892
215056.1081770111
215162.60385806573
215162.60385806573
215366.11756114903
215367.7963289765
585994.8855487478
586149.3229648751
586149.3229648751
586186.4587850585
605583.5556594678
605603.4287654253
605607.9162409641
605608.5573088982
605611.7626485688
605613.6858523712
605614.3269203053
605615.6090561735
605617.5322599758
605642.7875693802
605720.2599374177
827167.0221536115
970793.095068043
981872.5153653248
981878.2342447371
981879.6639645902
981882.5234042963
981883.9531241494
981885.3828440023
981886.8125638554
981889.6720035615
981892.5314432676
981905.3989219451
981906.8286417982
981908.2583616512
982204.3625672184
982204.3625672184
995224.7982090069
995232.5832642068
1118368.9304965266
1118377.3796796582
1155447.0407297208
1155456.3754167615
1155461.0427602816
1155464.543267922
1155468.0437755622
1155470.3774473222
1155471.5442832024
1155473.8779549624
1155475.0447908426
1155477.3784626029
1155479.712134363
1155480.878970243
1155483.212642003
1155484.3794778832
1155485.5463137634
1155489.0468214035
1155490.2136572835
