28371.236240067385
83559.09591998179
83612.7795944643
83614.12168632637
93621.561097784
93626.74959725075
93627.0954972152
93627.78729714408
93628.82499703743
93629.51679696633
93630.55449685968
93631.93809671748
93632.97579661083
93634.35939646862
93635.39709636196
93636.78069621976
93636.78069621976
93638.48252404486
93638.80075201215
93672.99411649782
93672.99411649782
98332.81085357221
98343.9718924251
98346.20410019568
98347.32020408097
98349.55241185155
98351.78461962214
98378.4696488795
98378.4696488795
151123.87894782354
151223.50274958444
151412.1335301974
151412.1335301974
151417.7232736229
151419.12070947926
151420.51814533563
151421.915581192
151423.31301704838
151427.50532461752
151433.095068043
151434.49250389938
151437.28737561213
151440.08224732487
151442.87711903764
151444.27455489401
151447.06942660676
151449.8642983195
151452.65917003225
151454.05660588862
151455.45404174502
151459.63251331553
151461.01611317333
151462.39971303113
151463.78331288893
151465.1669127467
151467.9341124623
151470.7013121779
151473.4685118935
151479.00291132467
151481.77011104027
151483.15371089807
151484.53731075587
151487.30451047147
151488.68811032927
151490.07171018707
151494.22250976044
151495.60610961824
154318.42653949506
168242.42206841774
168271.2009454599
168271.2009454599
178927.53485422558
178931.2290658459
178932.46046971934
178935.74421338184
178936.56514929747
178937.7965531709
178938.61748908652
178939.84889295997
178941.0802968334
178942.31170070684
178943.13263662247
178944.77450845373
178945.18497641155
178947.6477841584
178949.70012394746
178950.5210598631
178952.83628362516
178953.9247155133
212454.7744123704
212468.9701469114
212621.332163252
212663.30135893848
214480.21240820037
215938.53127031762
216197.80865966968
216197.80865966968
216226.78124069195
216350.4335599832
216355.42835546986
216358.75821912763
216362.0880827854
216375.17693744015
216379.53988899174
216542.71243222122
216544.2666760615
216752.53073865658
216881.10406144208
217861.01098872945
217958.90067866855
217960.3303985216
218131.13118896706
218224.80551133942
218332.2512642964
218345.5799429265
218644.48824420536
218646.22696802666
218733.02479910577
218775.4044627501
218808.7261593254
218808.7261593254
218826.05344154453
218827.38630940754
218886.78886330227
218888.48607912785
219061.95260529933
219452.84262512453
219475.11858283504
219587.57296727723
219587.57296727723
219775.84401192714
219796.2428858306
219804.41073699112
219812.57858815166
219823.08011107234
221154.4029542419
221197.07317385636
221391.0077539242
221392.303725791
221396.80503732836
221397.9303652127
221741.75954187472
222452.14121686324
222969.62139967777
222979.97533861364
223127.6146674396
223128.9290873045
223134.18676676412
223484.10839479996
223533.89492968304
224088.37718469457
224431.5191734272
224431.5191734272
227740.9885692873
229476.2164949444
229503.15057217618
229503.15057217618
229504.49727603776
229507.19068376094
229507.19068376094
229508.53738762255
229508.53738762255
229512.36534722912
229512.36534722912
229512.36534722912
229513.60597510161
229516.08723084658
229518.56848659157
229521.04974233656
229522.29037020903
229522.29037020903
229524.77162595402
229526.0122538265
229527.252881699
229534.69664893395
229611.8092810085
229613.18365686724
231233.91869429167
234521.8131563692
234604.46479987446
234604.46479987446
234655.45045463427
234664.6098856929
234667.6630293791
236689.54978557405
236752.2545311294
236752.2545311294
236761.25715420413
239411.86552178048
239427.80459214232
239514.78690320245
239514.78690320245
239549.61672362275
240060.43256712222
240158.65893302672
240158.65893302672
243887.71882176225
244001.43228207502
244002.3316219826
244047.921237297
244129.65048089702
244662.29491815303
245388.00687956598
245998.52031681873
246142.11492206043
246142.11492206043
250389.1023575645
250431.15918124196
250431.15918124196
252991.37235810896
253055.24855154392
253056.26319143965
255495.90486469868
255505.81605168
255508.64781938898
255510.06370324348
255545.46079960544
255559.6196381502
258573.45064039534
258588.74864282302
258592.16152247228
258593.01474238458
258594.72118220918
258595.5744021215
258596.4276220338
258597.2808419461
258598.98728177074
258599.84050168304
258601.54694150767
258602.40016141997
258603.25338133227
258604.10660124457
258605.8130410692
258606.6662609815
258608.37270080613
258609.22592071843
258610.07914063073
258610.93236054303
258612.63880036765
258615.19846010458
259222.04535773423
259229.7612329412
259229.7612329412
259230.86350082792
259233.06803660135
259234.17030448804
259235.27257237476
259237.4771081482
259237.4771081482
259238.5793760349
259240.7839118083
259241.88617969502
259242.98844758174
259242.98844758174
259242.98844758174
259244.09071546845
259246.29525124189
259247.3975191286
259247.3975191286
259249.602054902
259250.70432278872
259251.80659067543
259254.01112644887
259254.01112644887
259256.21566222227
259258.4201979957
259259.52246588242
259260.62473376913
259262.82926954253
259266.13607320268
259266.13607320268
259267.21528109178
259269.37369686994
259270.452904759
259271.5321126481
259272.61132053717
259273.69052842626
259274.76973631533
259275.84894420442
259276.9281520935
259279.08656787165
259279.08656787165
259281.2449836498
259281.2449836498
259283.40339942797
259283.40339942797
259287.7202309843
259288.7994388734
259288.7994388734
259290.95785465155
259292.03706254062
259293.11627042972
259294.19547831878
259295.27468620788
259296.35389409697
259298.51230987514
259299.5915177642
259299.5915177642
259302.82914143146
259303.90834932053
259304.98755720962
259306.0667650987
259307.14597298778
266138.9100948342
266175.50631107297
266175.50631107297
266175.61238706205
266175.7184630512
266175.8245390403
266180.9530825132
266181.2574744819
266184.91017810645
266184.91017810645
266187.3453138562
266188.2584897623
266188.2584897623
266188.5628817311
266189.4760576372
266189.4760576372
266189.7804496059
266190.08484157466
266191.91119338694
266192.21558535565
266192.21558535565
266192.51997732435
266192.82436929306
266194.65072110534
266196.1726809489
270201.5559092845
270230.43625031627
270231.3678742205
270236.957617646
270237.88924155023
270237.88924155023
270239.75248935877
270239.75248935877
270241.61573716725
270242.5473610715
270244.41060888
270245.34223278426
270246.2738566885
270247.20548059273
270249.06872840127
270250.93197620974
270252.7952240182
270254.65847182675
270256.52171963523
270257.4533435395
270258.6847474129
270259.9161512864
270261.1475551598
270262.37895903323
270267.304574527
270269.7673822739
270270.99878614733
270273.46159389423
270277.15580551454
270283.3128248817
270284.54422875517
270287.007036502
270288.2384403755
270289.4698442489
270290.7012481224
270293.1640558692
270296.85826748953
270298.089671363
270299.3210752364
270301.7838829833
270301.7838829833
270304.24669073016
270306.70949847705
270307.9409023505
270309.17230622395
270314.0979217177
270315.32932559116
270316.5607294646
270317.792133338
270320.2549410849
270321.4863449583
270322.7177488318
270326.4119604521
270326.4119604521
270328.874768199
270333.662023707
270334.82424758753
270335.98647146806
270337.14869534865
270339.4731431097
272080.3000361914
272086.9413155088
272087.679235433
272088.41715535714
272089.8929952055
272090.6309151296
272091.36883505376
272092.8446749021
272094.3205147504
293862.01742951485
294552.28617457056
294554.02489839186
295246.1107712608
295254.2832344209
295256.3263502109
295256.3263502109
295260.4125817909
295260.4125817909
295266.54192916094
295272.67127653095
295272.67127653095
295276.757508111
295278.800623901
295280.843739691
295280.843739691
295284.9299712711
295284.9299712711
295286.9730870611
295293.1024344311
295293.1024344311
295293.1024344311
295297.18866601115
295297.18866601115
295299.23178180115
295303.31801338115
295305.36112917116
295305.36112917116
295311.4904765412
295311.4904765412
295315.5767081212
295319.6629397013
295319.6629397013
295323.7491712813
295327.86768685805
295329.94308664475
295329.94308664475
295334.09388621815
295342.3954853649
295344.4708851516
295350.6970845117
295350.6970845117
295352.7724842984
295352.7724842984
295354.8478840851
295354.8478840851
295361.0740834452
295363.1494832319
295365.2248830186
295367.3002828052
297303.0948438486
297310.9260190437
297310.9260190437
297312.2312149096
297313.53641077544
297314.84160664125
297317.45199837297
297318.75719423883
297322.6727818364
297323.9779777023
297325.28317356814
297326.58836943394
297327.8935652998
297327.8935652998
297331.8091528974
297333.11434876325
297333.11434876325
297334.4195446291
297335.724740495
297337.02993636084
297339.6403280925
297340.94552395836
297342.2507198242
297343.8280236621
297345.4053275
297346.9826313379
297350.1372390137
297351.71454285155
297353.2918466894
297354.86915052735
297356.4464543652
297358.0237582031
297361.1783658789
297362.75566971675
297364.3329735547
297365.91027739254
297373.796796582
297373.796796582
297378.52870809566
297380.10601193353
297381.68331577146
297381.68331577146
297384.8379234472
297384.8379234472
297389.56983496086
297391.1471387988
297392.72444263665
297392.72444263665
297394.3017464745
297395.87905031245
297400.6109618261
297402.188265664
297403.76556950185
297405.3428733398
297406.92017717764
297408.4974810155
297411.6520886913
297413.2293925292
297414.8066963671
297416.38400020497
297417.96130404284
297419.53860788076
297424.2705193944
297425.8478232323
297425.8478232323
297427.42512707016
297429.0024309081
297430.57973474596
297435.3116462596
297435.3116462596
297437.75139400887
297438.6138379202
297439.47628183156
297499.12788370077
297500.6267835467
297511.1190824683
297520.112481544
305629.52960807615
340481.8796460291
340493.3773608474
340525.31545756484
341554.0911318295
341554.0911318295
341585.98772055126
362014.33691297093
362021.11655227415
362024.02211197553
362024.990631876
362026.9276716769
362027.89619157737
362028.8647114778
378528.8925756416
386448.29532170296
386519.9242863411
386519.9242863411
414580.17339837103
414761.4019197448
414761.4019197448
586244.4685150963
623280.7940325851
623415.3214467587
623415.3214467587
623435.2821807071
623441.7020840473
623448.1219873875
623776.3626056516
675892.4968532712
675932.418321168
675932.418321168
706214.5074288422
706222.8505359847
706228.4126074131
706230.2666312226
706231.1936431273
706233.0476669368
706233.9746788414
706235.8287026508
707081.9553596879
707087.8587190813
707187.4225648482
707188.5202207353
714216.2989344359
714263.1845216171
714263.1845216171
714357.0064279743
714386.7814969141
714419.0378215989
714433.1044201531
714444.8096749501
714456.514929747
714461.7172652123
714464.318432945
714466.9196006777
714468.220184544
714470.8213522766
714473.4225200093
714474.7231038756
714474.7231038756
714477.3242716083
714478.6248554746
714481.2260232073
714482.5266070736
714485.1277748062
714489.0295264053
714490.3301102716
714491.6306941379
714492.9312780042
714495.5324457369
714495.5324457369
714499.4341973359
714500.7347812022
714502.0353650686
714504.5811888069
714505.8541006761
714507.1270125452
714509.6728362836
779241.8349352558
781192.3094907905
781192.3094907905
781193.5455066634
781196.0175384093
785303.551944246
826916.9918233092
826928.7293621028
826989.1650038913
827004.2739143386
827252.1412168633
827277.0460143037
827281.196813877
827302.2967117084
895432.1234734763
917977.9661722647
981662.3096509292
981679.9736091137
981683.5064007507
981685.2727965692
981687.0391923876
981690.5719840245
981694.1047756614
981695.8711714798
981697.6375672983
981702.9367547537
981706.4695463906
981708.235942209
981710.0023380275
981711.7687338459
981715.3015254828
981718.8343171198
981724.1335045751
981727.666296212
981729.4326920304
981732.9654836673
981734.7318794859
981738.2646711228
981741.7974627597
981743.5638585781
981748.8630460334
981754.1622334889
981755.9286293073
981757.6950251258
981759.4614209442
981762.9158085893
981762.9158085893
981767.9797840688
981771.3557677218
981773.0437595483
981774.7317513749
981778.1077350279
1035352.3394687873
1035362.8548277066
1035365.4836674364
1035366.7980873013
1035369.4269270311
1035370.741346896
1035373.3701866257
1035374.6846064907
1035378.6278660854
1035383.885545545
1035385.1999654099
1035387.8288051398
1035389.1432250047
1035391.7720647345
1035394.4009044643
1035395.7153243292
1035398.344164059
1035399.6585839239
1035402.2874236538
1035403.6018435187
1035407.5451031134
1035408.8595229783
1035411.4883627081
1035412.802782573
1035414.117202438
1035416.7460421678
1035419.3748818976
1035420.6893017625
1035423.3181414923
1035425.2920772894
1035427.2660130865
1035429.2399488837
1035437.1356920722
1035441.0835636664
1035447.0053710578
1035448.9793068549
1035454.9011142463
1035456.8750500435
1035464.7707932319
1035466.744729029
1035468.7186648261
1035470.6926006232
1035474.6404722176
1035474.6404722176
1035480.5622796089
1035482.536215406
1035494.3798301887
1035496.3537659859
1035498.327701783
1035500.3016375802
1035504.2495091744
1035506.2234449715
1035508.1973807686
1035510.1713165657
1035514.1191881599
1035514.1191881599
1035520.0409955514
1035523.9888671456
1035525.9628029427
1035529.910674537
1035533.8585461312
1035533.8585461312
1035541.7542893197
1035543.0041411913
1035544.2539930628
1035545.5038449344
1035549.253400549
1035549.253400549
1037466.6184114865
1037526.1132053717
1037884.1196685766
1081984.6356360235
1081987.4950757297
1155493.7141649239
1155507.6516274912
1155512.5634069864
1155516.4928305827
1155519.4398982797
1155524.351677775
1155530.245813169
1155536.1399485632
1155539.0870162605
1155540.0693721594
1155541.0517280584
1155543.0164398565
1155543.9987957557
1155544.9811516546
1155547.9282193517
1155548.9105752506
1155553.822354746
1155556.6080024599
1155558.0008263167
1155559.3936501734
1155563.572121744
1155564.9649456008
1155566.3577694576
1155569.1434171714
1155571.929064885
1155573.321888742
1155577.5003603124
1155578.8931841694
1155580.2860080262
1155583.0716557398
1155584.4644795968
1155587.2501273104
1155591.428598881
1155592.8214227378
1155595.6070704516
1155596.9998943084
1155598.3927181652
1155599.785542022
1155605.3568374494
1155606.7496613064
1155612.3209567338
1155615.1066044474
1155616.4994283041
1155619.285076018
1155623.4635475886
1155624.8563714453
1155627.642019159
1155629.034843016
1155630.4276668727
1195744.4926640382
