10558.896194780113
15847.863459191809
39809.58078845975
49624.469219707324
55077.09789929828
55102.39471669831
55107.361840187805
55112.3289636773
55118.95179499662
55217.44104487412
55217.44104487412
55236.92674287142
55242.92234225521
70634.98650029306
73618.1661536885
73726.58503854543
74761.988156129
74783.38783392958
74895.43175041396
74897.47025420444
75894.1325757697
75944.10820263333
106596.7161282264
107376.13021211994
107379.18796780567
107385.30347917714
107385.30347917714
107387.34198296763
107388.36123486287
107867.18824965009
107867.18824965009
132021.0922111655
139249.0870482883
151630.11968779325
151713.4815792255
151801.5477101743
152065.97209099733
152261.70073888075
168039.67856925528
168223.23615038962
168223.23615038962
195451.24533595532
195471.00314192465
200504.39645260372
200874.3987265757
210285.9124552812
214510.30570510746
218632.31717745628
218641.01079656277
218646.22696802666
246142.11492206043
246491.43237815835
246495.31568175924
295189.6737330613
295217.5071502006
295217.5071502006
295219.55026599066
295221.59338178067
295223.63649757067
295225.67961336067
295227.7227291507
295229.7658449407
295233.85207652074
295237.93830810074
301510.8987313799
305634.9717675168
324324.661706632
324339.88130506774
324341.26490492554
324350.61803996423
324353.73575164384
324355.2946074836
324358.41231916315
324359.9711750029
324363.0888866825
324367.7654542019
324377.1185892406
385287.89779296605
385289.4750968039
464687.32987646887
464693.40387984464
465002.6061640655
465013.3567349605
505663.4467650347
505677.0613876354
505677.0613876354
528368.9753354109
563836.7828741084
563838.4939259326
785314.1779911539
811209.6421536757
822054.9296830212
827224.4692197074
835384.8766129988
835386.6568448158
835400.898699352
835402.6789311691
835811.5511371461
835813.6034769352
841315.8987794216
841369.5640059059
885848.4945344604
974441.4034570779
974443.3036008826
975939.4685311102
975940.4877830055
1073994.0236172809
1195801.5246501768
1196878.57412348
1198302.362945146
1207061.3525329167
