286098.21893546084
286360.3050325242
286848.89103830844
286860.3749171281
286871.85879594786
286881.42869496427
288142.97198530566
288167.3233428029
288170.6439824616
288173.9646221203
303789.89523714967
303962.5177674079
304209.7762859952
564906.5453881606
567173.4630671719
567181.0728663898
567184.8777659987
567191.219265347
567312.9068728401
567448.5042709038
567472.7818364085
567481.4523955174
567486.6547309827
567493.5911782698
569848.155296273
570005.6181840893
570005.6181840893
570918.5173702635
572515.2653981533
572554.4673941241
572571.7162723513
572577.9885917067
573197.8413279997
574082.4920170772
574710.6601885154
574735.1222340013
575233.7992947485
575436.5612419089
576243.6242629609
576344.4241246008
576344.4241246008
576390.5072238646
576457.501128979
576613.6034769352
576669.9759471413
576903.2923911617
576904.8005150066
576920.130801431
581287.5559925567
581307.1616025418
581307.8856864673
581307.8856864673
581308.6097703929
581333.2286238626
585633.8951218496
586030.76690506
586223.0596132966
586225.0058770967
586234.7371960965
586704.6907237957
586769.9274570908
586892.0762645366
586892.0762645366
586953.0653462682
586966.0250649363
586968.6170086699
586968.6170086699
586971.2089524035
587558.2611480677
587662.0126894042
587663.1979732824
587676.2360959423
588916.1813925036
588921.3837279689
588936.9907343648
588936.9907343648
588938.7248461866
588940.4589580083
588940.4589580083
588942.1930698301
588947.3954052954
588949.1295171172
589034.9865002931
589036.2778601605
589249.790378216
589270.8210960545
589276.0787755142
589279.9205711193
589290.0300740802
589298.8758891711
589314.0401436125
589322.8859587035
589491.8142773414
590389.3093850987
591825.8365494556
591861.0722258342
591875.7937283212
591886.3090872405
592100.5272412236
592101.5695531165
592103.6541769023
592143.2620288314
594760.18435187
594824.8538092233
594824.8538092233
599975.2673838753
600059.5286152151
600060.7692430875
600064.4911267051
600078.230273293
600084.3365606654
600095.0225635672
600104.1819946257
600108.761710155
600108.761710155
600113.3414256844
600114.8679975275
600117.9211412136
600122.500856743
600127.0805722723
600663.9772730912
600665.5130689334
605160.9812028991
605168.4757021288
605168.4757021288
605169.6287020104
607034.7904903132
607048.1468409405
609271.8639203918
609273.7317801998
609292.751666245
609292.751666245
619312.0992604786
623814.22712176
624032.3147433455
624032.3147433455
624708.895073808
624714.9829131822
624718.6356168069
624721.0707525566
624722.2883204315
624727.1585919309
624729.5937276806
624735.6815670549
624740.5518385543
636346.8607976838
636353.1192810405
636354.7288688751
636356.3384567096
636357.9480445442
636361.1672202133
636362.7768080479
636364.3863958825
636364.3863958825
636365.995983717
636367.6055715516
636369.2151593862
636369.2151593862
636370.8247472208
636372.4343350554
636374.04392289
636443.2561997764
636443.2561997764
663651.0048714245
663669.5912295142
663734.3160308619
663734.3160308619
663748.968353356
663750.5963891887
663752.2244250213
663752.2244250213
663753.852460854
663755.4804966867
663757.1085325193
663758.736568352
663758.736568352
663760.3646041848
663761.9926400174
663763.6206758501
663765.2487116827
663766.8767475154
663768.5047833481
663770.1328191808
663770.1328191808
673946.7449852512
673967.6834630992
673994.4192243514
674129.3109864874
674129.3109864874
674157.0567756358
674157.9238315467
674158.7908874576
674160.5249992794
674161.3920551903
674165.7273347446
674166.5943906555
674168.3285024774
674170.0626142991
674170.92967021
674171.9627581039
674174.0289338914
674175.0620217853
674177.1281975729
674178.1612854667
674182.293637042
674184.3598128296
674186.4259886174
674189.5252522988
674192.6245159802
674732.4406124991
674737.1679120132
674739.0588318189
674740.0042917217
674740.9497516246
674741.8952115274
674742.8406714302
674744.7315912358
674745.6770511387
674746.8438870187
674748.0107228989
674749.1775587789
674751.5112305391
674751.5112305391
674753.8449022992
674756.1785740594
674757.3454099394
674757.3454099394
674759.6790816996
674760.8459175797
674811.0198604229
674837.561917695
674838.8486655628
677872.6865217517
677894.9348074651
677894.9348074651
684430.8529957179
684439.131534867
684441.8064945921
684443.1439744546
684447.1564140422
684449.8313737673
684451.1688536298
684455.1812932175
684456.51877308
684459.1937328051
684460.5312126676
685284.7785439533
685302.0458701786
685303.1250780676
691559.8282030176
691578.2762011215
691578.8527010623
695735.2189578803
734110.209621784
741442.2742282107
741449.3536474832
741528.9290873045
741530.2435071694
741534.1867667641
741538.1300263589
741538.1300263589
741541.6628179958
741541.6628179958
741543.4292138142
741546.9620054512
741555.7939845434
741557.5603803619
741561.0931719987
741562.8595678172
741564.6259636357
741568.1587552726
741569.9251510911
741571.6915469095
741573.457942728
741575.2243385464
741576.9907343648
741576.9907343648
741580.5235260017
741580.5235260017
741582.2899218203
741585.8227134572
741585.8227134572
741589.355505094
779274.3587559131
779542.1037763949
779542.9477723081
781191.691482854
781192.0004868222
781192.6184947587
781192.927498727
781193.2365026951
781193.8545106316
781194.1635145999
781195.0905265047
781195.0905265047
781195.7085344411
781196.0175384093
781196.3265423776
781196.6355463458
781196.9445503141
781197.2535542824
781197.5625582506
781198.180566187
781198.4895701553
785299.5671766555
787879.3629035099
787964.2698147835
787964.2698147835
787981.0759410561
787984.5072687034
787986.7948204683
787988.5104842919
787993.0855878218
788003.951458705
788008.5265622347
798369.3834973689
798723.0039490246
798723.0039490246
798985.0854340885
799142.1885859417
803798.1865874087
815061.6164417783
815069.7151129459
815073.7644485297
815077.8137841135
815077.8137841135
815081.8631196973
815081.8631196973
815085.9124552811
817912.2887367926
826896.901953374
826901.9244208578
826906.9468883416
826910.2951999975
826960.6259508246
826963.9834864795
826972.3773256168
826989.1650038913
826989.1650038913
826992.5225395462
826995.8800752013
827000.9163786836
827057.7454368428
827057.7454368428
827059.3365766793
827070.4745555345
827070.4745555345
827091.1593734086
827094.3416530816
827097.5239327545
827107.0707717732
827167.0221536115
827167.0221536115
827198.2084944063
827198.2084944063
827200.9480221248
827214.7840207028
852952.7945194072
871105.7722376846
871108.0367294517
871108.0367294517
871108.4518094091
871109.2819693238
871109.6970492811
871109.9045892598
871111.1498291318
871111.1498291318
871111.1498291318
871112.1875290251
871112.3950690038
871113.2252289185
871113.8478488545
871114.2629288118
871115.3006287052
871115.3006287052
871115.5081686839
871116.1307886199
871116.9609485345
871117.3760284919
871119.2438882999
885694.7166342651
885724.6392871898
887526.8841779592
887612.0539732056
887612.0539732056
891131.710635463
891633.5791998821
912936.3496664307
944968.826342204
944980.803704973
944984.2258086213
944984.2258086213
944985.9368604454
944987.6479122696
944989.3589640937
944991.0700159179
944992.7810677419
944994.4921195661
944994.4921195661
944997.9142232144
944999.6252750385
945001.3363268627
945003.0473786868
945003.0473786868
945006.4694823351
945008.1805341593
945008.1805341593
945011.6026378075
945013.3136896316
945015.0247414558
945016.73579328
945020.1578969283
945021.8689487524
945021.8689487524
945025.2910524007
945027.0021042248
945028.7131560489
945030.4242078731
965403.3832859856
965405.237309795
966056.7006908391
974481.3064769768
974483.2066207816
975284.2094744563
975309.2111238866
975314.9807352937
975320.7503467007
975324.5967543054
975328.44316191
975334.2127733171
975336.1359771194
975338.0591809218
975341.9055885264
975351.5216075381
975355.3680151427
975359.2144227475
975364.9840341544
975370.7536455615
975372.6768493638
975376.5232569685
975380.3696645732
975388.8788036986
975395.0957790596
975402.8669982608
975455.7112888297
975573.5478767187
975574.9499245746
977667.3772135195
978949.7529057199
980956.4154514796
980982.4409648046
980987.0483523312
980991.6557398576
981003.9421065948
981020.8358608586
981207.8247696402
981304.1556037395
981304.1556037395
995485.7082461911
995504.5713242524
995506.0010441054
995510.2902036646
995513.1496433706
995514.5793632237
995516.0090830768
995518.8685227829
995521.727962489
995523.1576823421
995526.0171220482
995531.7360014605
995534.5954411665
995536.0251610196
995541.7440404318
995544.603480138
995548.8926396971
995551.7520794033
995554.6115191093
995558.9006786685
995561.7601183746
995563.1898382277
995574.6275970521
995632.2453071304
995633.6427429868
995646.2196656942
995647.6171015505
995650.4119732633
997675.3242011473
997678.2297608487
1012039.5950408194
1051045.8761998406
1051056.4653507522
1051066.2612377454
1051072.791829074
1051077.1455566266
1051079.322420403
1051080.4108522912
1051085.8530117318
1051085.8530117318
1051086.9414436198
1051089.118307396
1051090.2067392843
1051092.3836030606
1051094.560466837
1051095.648898725
1051096.7373306132
1051100.0026262775
1051101.0910581655
1051102.1794900538
1051104.35635383
1051214.749174484
1066043.3515144333
1171874.5356773394
1176074.8220056433
1176076.1502615067
1179453.3145864094
