91971.48266719643
91978.85986292682
167096.91608279402
167100.77797049182
167111.07633768595
167111.07633768595
167678.60879132635
181435.44495297185
181439.40586343114
192046.98813407804
192049.56272587657
192050.85002177584
192050.85002177584
192053.42461357437
192053.42461357437
192054.71190947364
192055.9992053729
192057.28650127217
192058.57379717144
192059.8610930707
192061.14838896997
192062.43568486924
192063.7229807685
192076.59593976117
192076.59593976117
198240.5427914333
198247.3863645046
198285.56514032045
198285.56514032045
198293.2008954836
251657.52427815006
295082.68003270193
295202.2225108688
295208.00984115095
295523.36432888394
295525.735373895
299808.7613750105
299811.8530856745
299816.4906516706
299816.4906516706
299818.0365070026
299819.58236233465
299821.12821766664
299822.6740729987
299824.21992833074
299825.76578366273
299827.3116389948
299828.8574943268
299828.8574943268
299830.4033496588
299830.4033496588
299831.9492049908
299833.49506032286
299835.0409156549
299836.5867709869
299838.13262631895
299839.67848165095
299841.224336983
300982.81924525707
315709.08824181114
315800.1451722583
315801.5424934481
315815.51570534613
327902.12394654605
327962.08222862333
327984.16430443386
329432.3336822561
329434.77074244147
329437.2243064204
329438.4510884099
329450.71890830464
329451.9456902941
371800.49847569125
371802.7649966763
371803.8982571688
371805.03151766135
371830.20530413586
371830.20530413586
371836.41073052207
371836.41073052207
371839.5134437152
371841.0648003117
371841.0648003117
371842.6161569083
371844.1675135048
371845.7188701014
371847.2702266979
371848.8215832945
371851.9242964876
371853.4756530841
371855.0270096807
371856.5783662772
371859.6810794703
371861.2324360669
371862.7837926634
371867.43786245305
376934.9111774998
380396.9944758135
380402.5397504565
380402.5397504565
380405.312387778
380406.69870643876
380408.0850250995
380409.47134376026
380410.857662421
380412.24398108176
380413.6302997425
380416.402937064
380416.402937064
380417.78925572475
380419.1755743855
380420.56189304625
380421.948211707
380423.33453036775
380424.7208490285
380426.10716768925
380428.87980501074
400910.7587924724
400943.77738216217
432904.0283009497
432942.06404388783
432942.06404388783
483030.7034742014
483054.81001535774
483054.81001535774
483054.81001535774
483056.5319111546
506750.17015716806
506753.20685518684
506753.20685518684
506756.2435532056
506757.761902215
506757.761902215
506759.2802512244
506760.7986002338
506760.7986002338
506762.3169492432
506763.8352982526
506765.353647262
506765.353647262
506766.87199627137
506768.39034528076
506768.39034528076
506769.9086942901
506771.4270432995
506772.9453923089
506772.9453923089
506774.46374131826
506775.98209032766
607673.8715913172
795726.9746865425
847886.2955859994
847889.9759319677
847889.9759319677
847891.2027139572
847892.4294959467
847893.6562779362
847894.8830599256
847896.1098419151
847896.1098419151
847897.3366239045
847897.3366239045
847898.5634058941
847899.7901878835
847899.7901878835
847901.016969873
847902.2437518624
847902.2437518624
847903.4705338519
847904.6973158414
847905.9240978309
847907.1508798203
847907.1508798203
847907.1508798203
847920.1008565164
847920.1008565164
847921.2781271251
847921.2781271251
847922.4553977338
847922.4553977338
847923.6326683426
847924.8099389513
847925.98720956
847925.98720956
847933.0508332124
847933.0508332124
847934.2281038212
847934.2281038212
847935.4053744299
847936.5826450386
847937.7599156473
847937.7599156473
847938.937186256
847938.937186256
