22280.682462427125
22282.948983412156
22282.948983412156
22284.082243904675
22285.210003132663
22286.337762360654
155247.5553755759
226067.5066282597
243207.49394478867
463118.49693228095
719794.5937850992
747635.932426134
748243.4645741486
748246.6002949289
748268.5503403906
762802.4786252951
762865.9907242567
762966.7463840647
762966.7463840647
796814.2776152019
797451.9071814424
848046.1128217666
848047.5981631889
848055.0248703001
848057.9955531445
848060.966235989
848062.4515774111
848062.4515774111
848063.9369188334
848065.4222602557
848066.9076016779
848066.9076016779
848068.8990594366
848068.8990594366
848069.894788316
848069.894788316
848070.8905171953
848071.8862460747
863357.969422138
877817.6031296082
877820.7223465949
877824.8813025771
877845.6760824884
877850.8747774662
877858.9286287335
877864.9030020095
877876.8517485617
877881.8303929585
991544.2874716341
1153042.7536885215
1180441.94469701
1181942.0460119653
1181970.542562214
1182007.8851458218
