559804.0131724722
559811.8029630422
560246.9859946974
561370.2781958908
561900.0389672904
561930.4609601235
562556.6699012065
819728.4251866227
820128.405626571
822141.9234560166
822141.9234560166
822143.6288480199
822145.3342400232
823017.2736649882
823020.1563276002
823054.7482789446
823056.1896102506
823355.1173221066
823356.4926382384
835407.8377738217
975883.6562015297
977303.7416239427
978182.4035941595
978230.6111752077
978261.1101857441
980922.9905485219
980932.0951413137
985169.2681025986
985176.1996959023
985341.0120798601
985343.245593258
985347.7126200537
985818.1312510029
985837.4957021371
986568.6137577457
986954.4724516538
986968.5556888423
987157.4471076338
987251.3206855187
987252.9215534959
987259.3250254052
987260.9258933824
987349.5347611152
987477.0925816976
987548.9831065335
987578.2718388741
987626.1988554314
987865.1957915326
987901.5481475255
987943.1597124061
988113.7979354977
988115.1237402487
988140.3360355748
988142.1734579267
988169.7347932059
988173.4096379097
988193.6212837811
988195.4587061331
990560.3698072265
990949.072654895
990950.5359912592
991276.9150131037
991278.1307925641
991323.1146325996
991325.4031586427
991368.8851534624
991370.029416484
991389.5258979669
991390.5381306398
991399.6482246962
991400.660457369
993047.8160743893
998401.4486663254
998450.1348573874
1002364.0480138143
1003597.8551180862
1004192.6408361922
1004302.0059749845
1004302.0059749845
1004311.0720589246
1004936.9179165488
1005010.7118789111
1005571.5217872998
1005645.117704139
1009840.8056296274
1011459.6902482446
1011539.3100497406
1011917.6595175696
1012431.3345914929
1012435.6035727657
1012444.1415353112
1012480.3728634845
1012481.7261745582
1014488.521458752
1014630.800663208
1015202.6736145599
1015202.6736145599
1015511.2065342797
1017873.3174917289
1017901.9020622101
1018499.933526387
1018828.4415376035
1019632.1267735849
1027225.1976252875
1027567.9099015121
1027578.0102231833
1029341.8916709328
1030820.16946951
1030843.4618235164
1031025.6857097014
1031025.6857097014
1032222.8213846377
1039023.6661343684
1039028.4797408293
1039030.4051834138
1039035.2187898747
1039036.1815111669
1044689.4734831409
1044690.9313182405
1044709.8281618899
1044710.1857440842
1046793.2450584128
1047377.1162676977
1048037.0314565363
1048113.9886460013
1048113.9886460013
1049066.2795406445
1049444.9095729645
1049852.9713705024
1049908.3030891127
1054496.8858258391
1054613.380603458
1054708.5304747133
1054709.5427073862
1054711.567172732
1059423.1856905997
1059472.6915700762
1059695.38275812
1059695.38275812
1060293.8433209301
1061012.8145844636
1061131.3228248993
1062659.9261913674
1062747.946423796
1062749.189709579
1062786.4882830707
1063027.1025909428
1063028.6539475394
1063064.33514926
1064468.3238716677
1064641.7017244936
1064857.3732990015
1064858.9081518045
1064904.9042245129
1065163.3536319807
1065163.3536319807
1065210.2244057488
1065222.7232787537
1065338.6899349783
1066067.431444311
1066068.2731377836
1066211.0914661633
1066391.1038440086
1067645.6122066947
1068727.0177797813
1068728.3710908548
1068775.9900365989
1071619.1755743856
1071620.5618930464
1071805.9765126568
1072233.97489284
1072237.495702137
1072316.8899517877
1072679.3132588116
1072880.4945025558
1073239.6060483346
1073300.505046646
1073302.760565102
1073416.0866143536
1074141.8794459004
1074144.3220073504
1074235.6595022883
1074735.8399743275
1074740.1089556003
1074784.9332589644
1075822.9998701091
1076271.578480887
1076272.9482957541
1080334.8069590998
1080345.67195654
1080358.7099534685
1080367.4019514208
1080371.747950397
1080373.9209498852
1080376.093949373
1080378.266948861
1080383.0530489993
1080385.4460990685
1080387.8391491377
1080392.625249276
1080395.0182993452
1080399.8043994834
1080402.1974495526
1080406.9835496908
1080406.9835496908
1080411.7696498292
1085414.1850105822
1089225.8846721018
1089236.4195936704
1089238.5265779842
1089240.633562298
1089242.7405466118
1089244.8475309254
1089246.9545152392
1089251.1684838668
1089253.2754681804
1089255.3824524942
1089257.489436808
1089259.5964211219
1089261.7034054357
1089265.917374063
1089265.917374063
1089268.0243583769
1089270.1313426907
1089272.2383270042
1089274.345311318
1089276.4522956319
1089276.4522956319
1089639.5357543991
1089641.1586274344
1091901.2376317056
1091913.9125451753
1091916.729192613
1091920.8386372144
1091923.5782669487
1091927.6877115502
1091929.0575264175
1091931.7971561518
1091934.5367858862
1092418.6260591843
1093588.3434317196
1093935.891319463
1093937.1896178913
1093944.9794084614
1093954.0674974595
1093983.2847133612
1095593.339802413
1095682.234735901
1095683.9401279043
1095728.2803199901
1096178.11321908
1096179.5380465926
1096245.0801121646
1096324.6724073382
1096450.7063776464
1096450.7063776464
1104510.5980332978
1104522.3542355916
1104523.7460555169
1104525.1378754422
1104526.5296953674
1104527.9215152927
1104532.0969750686
1104533.4887949938
1104534.8806149191
1104536.2724348444
1104537.6642547697
1104539.056074695
1104551.5824540223
1104554.3660938728
1104555.757913798
1104557.1497337234
1104558.5415536487
1104559.933373574
1104561.3251934992
1104564.1088333498
1108272.4947470564
1118979.5398803477
1118981.0802344151
1118987.241650685
1118994.9434210225
1119007.2662535624
1123704.3559318148
1133214.0618433822
1135017.4423704338
1135531.8546138038
1135650.461877001
1135652.112256359
1135672.6594793664
1135967.010139136
1135968.1268958352
1136005.1944162166
1136260.034994155
1136261.2122647637
1136418.1743442416
1136728.6217040168
1136731.8894551457
1136806.6956501806
1137190.9204685243
1137192.2462732752
1137229.3468012437
1137568.8353364558
1137570.4252019043
1137602.6406069729
1137760.9339924664
1137762.4413389466
1137979.9173282192
1138148.7621390752
1138151.5567814547
1138185.09249001
1138561.070912828
1138563.106380703
1138600.7625363886
1138826.0998326698
1138827.0845590201
1140030.1891059682
1142010.0997104195
1142028.1218530093
1142031.9837407072
1142035.845628405
1142038.4202202035
1142043.5694038004
1142048.7185873976
1142053.8677709945
1142056.4423627933
1142057.7296586924
1142060.3042504909
1142062.8788422896
1142065.651479611
1142067.1368210332
1142070.1075038775
1142073.078186722
1142077.5342109888
1142079.019552411
1142083.4755766776
1142086.446259522
1142087.9316009444
1142092.3876252112
1142153.2866235224
1142154.722453564
1142196.361524767
1142574.7770077705
1142592.348046669
1142594.8456207642
1142599.8407689545
1142606.0847041924
1142612.3286394302
1142616.0750005732
1142621.0701487635
1142622.318935811
1142624.8165099062
1142627.3140840014
1142628.562871049
1142631.060445144
1142634.8068062868
1142637.304380382
1142643.5483156198
1142646.045889715
1142647.2946767625
1142679.7521374705
1142681.4410256802
1142835.2453793199
1142908.5002177584
1143121.8832662231
1143123.0275292445
1143163.0987400578
1143422.334828353
1143445.5226583334
1143454.7977903255
1143531.6834633516
1143535.1602625325
1143657.2113173236
1143659.1422611726
1143814.5089739377
1144341.1395258214
1144342.1517584943
1145480.6824624273
1146455.2644809326
1146942.8855660572
1147160.8731729307
1147162.0229372168
1147188.467515797
1147372.1822446687
1147372.9964318187
1147402.4667058887
1147409.0517195272
1147559.5443119218
1147679.218820437
1147680.440101162
1147721.9636458103
1148943.6074542135
1148945.301843688
1148992.7447489668
1149284.2567562405
1149285.4065205266
1149311.98863072
1149618.4915838293
1149621.7373299
1149658.5958022296
1151970.7332727176
1152016.1352088572
1152016.1352088572
1152754.8395082483
1152852.6684953277
1152945.9314328502
1152945.9314328502
1158536.519991748
1158581.162753383
1158582.9231580314
1158584.6835626801
1158586.4439673286
1158589.9647766259
1158593.4855859228
1158595.2459905716
1158598.7667998686
1158602.2876091658
1158604.0480138143
1158605.808418463
1158609.32922776
1174920.1164434326
1175033.9871178723
1175054.743388932
1175216.607095103
1175216.607095103
1176680.2130211876
1176689.8402341094
1176691.215550241
1176693.9661825045
1176695.3414986362
1176698.0921308997
1176699.4674470313
1176700.842763163
1176703.5933954264
1176706.5750807999
1176709.7878192835
1176713.0005577672
1176714.6069270088
1176719.4260347344
1176722.638773218
1176724.2451424599
1176727.4578809435
1176729.0642501854
1176730.6706194272
1176732.276988669
1176735.4897271525
1176737.0960963944
1176741.9152041199
1176743.5215733617
1179797.3505298789
1180942.6202828565
1180962.28730354
1181097.508385608
1181097.508385608
1198940.5298023366
1198955.3832165587
1198957.3636717885
