32214.040755201368
32218.969888217358
32220.202171471356
32221.434454725353
32221.434454725353
32233.757287265333
32234.989570519334
32656.936559723104
32668.2966709709
32668.2966709709
32671.5424170417
32671.5424170417
32691.016893466487
32691.016893466487
33123.949907930226
33130.9915265245
33132.39985024336
33133.808173962214
33133.808173962214
42161.97739897157
98855.41301507498
98857.88858411204
98858.71377379105
98860.36415314909
98861.1893428281
98862.01453250712
155384.47084711833
155455.25561778437
155466.12611648926
155466.12611648926
155467.48492882738
155468.8437411655
155477.66226820197
155478.67450087488
155754.14482078867
155761.97862147482
155761.97862147482
155762.95784656057
155764.91629673212
155765.89552181787
155766.87474690366
155766.87474690366
155768.83319707518
155778.57043528755
155778.57043528755
156022.4084841724
156027.71720444073
156028.7789484944
156029.84069254808
156029.84069254808
156038.3346449774
156038.3346449774
197983.71625700075
207423.4240787292
207430.22364168428
207431.92353242307
207433.62342316183
243687.36924945944
243693.14557721253
243694.10829850473
243695.07101979692
243696.0337410891
243696.99646238127
243698.10221655114
243700.3137248909
243701.4194790608
243702.52523323067
243703.63098740057
243704.73674157044
243705.84249574033
243706.9482499102
243706.9482499102
243709.15975824997
243709.15975824997
243710.26551241986
243711.37126658973
243712.47702075963
243713.5827749295
243722.42880828856
243723.53456245843
243944.70740149298
243950.9128278792
243950.9128278792
243951.94706561023
243952.98130334125
243952.98130334125
243955.0497788033
243955.0497788033
243956.08401653435
243958.1524919964
243958.1524919964
243959.18672972746
243961.25520518952
243961.25520518952
243962.28944292056
243963.3236806516
243964.35791838262
243965.39215611367
243966.4263938447
243966.4263938447
243967.46063157573
243975.734533424
243975.734533424
244274.43119216987
244279.27230495345
244280.24052751015
244287.98630796385
244288.95453052057
245365.816059108
251641.4275781447
251643.7271067169
251644.876871003
331222.8852604314
331225.85594327585
331226.84617089067
331227.8363985055
331228.8266261203
331236.2863408186
331237.19955073006
331541.7385524034
331552.7135751343
331554.28143552446
331554.28143552446
331554.28143552446
331555.8492959146
331557.4171563047
331560.552877085
331571.5278998159
331573.095760206
331793.4544120906
331797.08524667827
331797.8114135958
331809.43008427636
331809.43008427636
413993.7010521168
414000.2200505811
414000.2200505811
414001.5238502739
414001.5238502739
414010.6504481238
414011.9542478167
414364.5357926023
414371.89648453915
414373.1232665286
414374.35004851804
414374.35004851804
414393.9785603496
414393.9785603496
414695.88245631463
414700.94361967925
414701.9558523522
414702.96808502515
414711.06594640855
414712.0781790815
483072.02897332655
483080.63845231093
483082.3603481078
483085.8041397016
483085.8041397016
483089.24793129537
483101.3012018735
483137.92862109275
483141.1633646345
483142.78073640534
483163.80656942667
505631.5100207061
505638.44161400985
505639.5968795605
505640.7521451111
505661.5469250223
505662.702190573
505884.34813835676
505887.8964539765
505887.8964539765
505888.6061171005
505889.31578022445
505894.28342209215
505894.28342209215
506081.45844635123
506085.529382101
506086.343569251
506087.15775640093
506087.9719435509
506100.9989379503
506100.9989379503
588009.6675555283
588013.914531743
588013.914531743
588014.9762757967
588014.9762757967
588023.470228226
588023.470228226
588275.4281435525
588278.3548162807
588278.3548162807
588279.0864844627
588279.0864844627
588285.9740676503
588286.964295265
588612.9692311219
588619.0206221014
588619.0206221014
588620.2309002972
588620.2309002972
588633.5439604521
588634.7707424415
675249.0835046112
675262.4515774111
675263.9369188334
675263.9369188334
675266.9076016779
675266.9076016779
675272.881974954
675273.8777038334
675514.0244042206
675518.3704031968
675519.2396029921
675520.1088027873
675529.6700005349
675529.6700005349
675700.3137248909
675705.8424957404
675705.8424957404
675706.9482499103
675716.9000374392
675716.9000374392
733499.531017199
760510.4042665364
760518.8927177012
760518.8927177012
760518.8927177012
760520.8511678727
760520.8511678727
760521.8303929584
760522.8096180442
760523.7888431299
760524.7680682157
760525.7472933015
760526.7265183872
760527.705743473
760527.705743473
760528.6849685587
760529.6641936445
760530.6434187304
760530.6434187304
760532.6018689019
760532.6018689019
760533.5810939876
760533.5810939876
760536.5187692449
760537.4979943307
760538.4772194164
760539.4564445022
760540.4356695879
760556.1032709603
760557.082496046
760779.9277194967
760783.4705338519
760784.3562374407
760784.3562374407
760785.2419410294
760787.0133482071
760787.0133482071
760787.899051796
760788.7847553848
760789.6704589735
760790.5561625623
760791.617906616
760792.6796506697
760793.7413947233
760794.803138777
760795.8648828306
760796.9266268844
760796.9266268844
760797.988370938
760799.0501149917
760800.1118590453
760811.7910436357
760812.8527876893
761104.7883923318
761111.7199856356
761111.7199856356
761112.7102132504
761113.7004408652
761114.69066848
761114.69066848
761116.6711237096
761116.6711237096
761118.6515789393
761118.6515789393
761119.6418065542
761120.6320341689
761120.6320341689
761136.475676006
761137.4659036209
774900.2104233681
774953.9082664141
774955.1570534616
827875.7924495145
827891.0419547827
827891.0419547827
827892.7363442569
827896.1251232055
827897.8195126797
827899.5139021539
827902.9026811024
827904.3660174665
827905.8293538307
827907.2926901948
827910.2193629231
827911.6826992871
827923.3893902001
840154.7634074222
840164.3081013762
840168.1259789577
840173.8527953301
840177.6706729117
840179.5796117025
840179.5796117025
840183.397489284
840183.397489284
840185.3064280748
840187.2153668656
840189.1243056564
840189.1243056564
840192.942183238
840192.942183238
840194.8511220288
840194.8511220288
840196.7600608196
840196.7600608196
840200.5779384011
840200.5779384011
840202.4868771919
840202.4868771919
840206.3047547735
840221.5762650999
840223.4852038907
840225.3941426815
840225.3941426815
840229.2120202631
840229.2120202631
840233.0298978447
840233.0298978447
840236.8477754261
840236.8477754261
840238.7567142169
840238.7567142169
840242.5745917985
840244.4835305893
840244.4835305893
840248.3014081708
840248.3014081708
840252.1192857524
840252.1192857524
840254.0282245432
840257.8461021248
840284.5712451959
840286.4801839867
840290.2980615683
840290.2980615683
840292.2070003591
840296.0248779407
840296.0248779407
840297.9338167314
840299.8427555222
840301.751694313
840301.751694313
840303.6606331038
840303.6606331038
840305.5695718946
840307.4785106854
840309.3874494762
840309.3874494762
840311.296388267
840311.296388267
840315.1142658485
847320.1109421679
847326.2998647606
847326.2998647606
847327.5376492791
847328.7754337976
847337.4399254273
847338.6777099458
847617.3112569626
847625.1505589131
847625.1505589131
847626.4323535479
847636.6867106258
847636.6867106258
847957.7735159957
847963.6598690394
847964.8371396482
847964.8371396482
847966.0144102569
847974.2553045179
847975.4325751266
847986.6991648774
847989.6698477219
847991.1551891442
847991.1551891442
847992.6405305663
847994.1258719886
847995.6112134109
847997.0965548331
847997.0965548331
847997.0965548331
847998.5818962553
847998.5818962553
848000.0672376775
848001.5525790998
848001.5525790998
848003.037920522
848003.037920522
848004.5232619442
848006.0086033664
848006.0086033664
848007.4939447887
848007.4939447887
848008.979286211
848011.9499690554
848011.9499690554
848013.4353104776
848013.4353104776
848014.9206518999
848014.9206518999
848016.405993322
848016.405993322
848017.8913347443
848017.8913347443
848019.3766761665
848020.8620175887
848020.8620175887
848022.347359011
848023.8327004332
848023.8327004332
848025.3180418555
848025.3180418555
848026.8033832776
860250.536144072
860456.3879613994
860518.3817113517
860522.2986116947
870721.9291100941
870726.2861115993
870727.3753619756
870727.7384454344
872971.8582813132
872973.860741601
872974.361356673
872974.8619717449
872975.3625868168
872975.8632018887
872976.3638169607
872976.8644320327
872976.8644320327
872977.3650471045
872977.8656621765
872978.3662772485
872978.8668923203
872978.8668923203
872979.8681224643
872980.3687375361
872980.8693526081
872981.3699676801
872981.870582752
872982.3711978239
872982.3711978239
932892.2696536495
932897.3308170142
932898.3430496871
932898.3430496871
932900.367515033
932901.3797477059
932901.3797477059
932902.3919803789
932903.4042130518
932904.4164457247
932905.4286783977
932906.4409110706
932906.4409110706
932915.5510051269
932915.5510051269
933188.2706927774
933194.1460432919
933196.0989921989
933197.0727160202
933197.0727160202
933199.0201636626
933205.8362304113
933205.8362304113
933476.5369539805
933481.1855225055
933482.1152362106
933483.0449499156
933488.6232321458
933489.5529458508
934226.2822912767
934255.6260362626
934255.6260362626
938047.515644221
938051.2014914539
938051.9386609006
938052.6758303471
938054.1501692403
938055.6245081335
938056.36167758
938057.0988470267
938058.5731859198
947341.7590293324
947379.4096837536
947426.5445182191
947427.8868267636
953092.626930218
953093.661167949
953093.661167949
953093.661167949
953094.69540568
953094.69540568
953106.5891395869
953107.1062584524
953107.6233773179
1004565.9126368631
1016118.4361127453
1016124.7625669511
1016126.0278577923
1016126.0278577923
1016138.6807662039
1016139.946057045
1016790.580612627
1016799.9327623225
1016814.8962018352
1016814.8962018352
1017120.232886865
1017125.486594488
1017126.5373360127
1017143.3492004065
1017143.3492004065
1102645.317277791
1102650.9505726665
1102652.3588963852
1102653.767220104
1102662.2171624172
1102662.2171624172
1103168.1354533576
1103177.4876030532
1103177.4876030532
1103183.0988928706
1103198.0623323834
1103199.9327623225
1103626.2037454443
1103632.1781187204
1103633.1738475997
1103633.1738475997
1103634.1695764791
1103642.1354075137
1103642.1354075137
1118970.2977559427
1118970.2977559427
1118971.8381100101
1133201.959061423
1133202.3221448818
1192560.9993963891
1209164.8829835192
1209174.7027406995
1209176.0120416568
1209233.285706645
1209235.2001467005
