197053.52394196167
197053.52394196167
197053.52394196167
197055.87848317914
220676.2728932831
220680.80593525316
220728.2048304159
228116.31506964448
228284.92882739016
282596.68548812263
283195.3661015136
283236.3010108574
283417.5181656339
283490.0193308323
287860.90602770494
288043.59202011017
288876.2469150895
288939.81402669643
288948.9901359271
289012.12264763634
289678.28177171276
290110.16404465196
290138.8036277783
290697.1049595428
296803.70112852333
296838.22706469335
296846.18189319904
296986.27159437345
297542.32841021096
298602.06450232654
298786.747453755
298805.9798745406
299023.29082587734
299023.29082587734
299024.24804590497
299166.1531643732
299177.1611946913
299438.92236340436
299573.7253493685
299573.7253493685
299639.658004722
299647.6128332277
300254.6168598476
300264.32109047286
300272.94707325083
300272.94707325083
300296.66852589033
300317.551326034
300336.3656507156
300336.3656507156
300451.23205403466
300452.3653145271
300458.03161698976
300458.03161698976
300481.8300873326
300482.9633478251
300642.0324116169
300768.3194400935
300863.2822683548
300876.74386265175
304625.9216528243
304739.467752657
305666.6288709419
307392.6286111599
307462.1976023655
308831.5613658418
308981.73488489364
309093.37754720007
309128.8607033978
309180.2535166069
309200.05806890334
309205.00920697744
309271.800059597
310909.5540155411
311484.6232015831
311484.6232015831
315857.4353410402
316972.87723775394
316997.08280167176
318794.5824769444
318822.19882486877
318959.84046332876
320711.2835519831
323736.3684013478
323797.6084780599
324695.0572666356
325386.33516454126
325420.92711588566
325425.2511098037
325449.03307635296
326281.2533714347
326292.96006234764
328035.01249245484
328099.35528236005
328421.4158115511
330087.3692494594
330230.18207657454
330657.97140870575
331132.202415972
332348.0038814477
333159.0113005142
333226.1817403861
333227.1499629429
336672.988027109
337172.83292201196
337172.83292201196
340166.04894597305
340974.2507201308
340980.9842679116
340984.351041802
340984.351041802
347224.40788820205
348172.50131801126
348252.9353066573
348267.772217086
348272.0797072105
348281.2503151766
351501.26147051854
353227.42074740794
361271.39724478335
361343.03471145104
362692.58292010176
363542.6933274245
368392.8997012508
368764.3395808342
369474.3877933053
369782.71166497294
370018.15478418994
371732.99795994774
371744.05550164654
371747.3727641562
371748.47851832607
371750.69002666586
371752.9015350056
371754.0347954981
372812.8576777023
373350.38623461366
379705.133443868
379863.745902704
379875.1885329197
379904.5542829636
379931.0593754536
391864.6224375187
392178.1945155449
397224.22940273077
422092.0300430168
424969.1253753467
451167.45085154986
462998.5693655972
465367.8649745184
465468.2630521321
472927.6916846859
473501.51208368037
473796.49538887065
475064.84493310616
475081.3047165703
475099.26084398566
475100.757187937
475103.7498758395
475105.24621979083
475165.2980233651
475165.2980233651
475262.21930179786
475947.65485677606
482759.8762215481
482901.7428311647
489076.3896423414
504925.47773133963
504998.98562794644
505003.34262945165
505003.34262945165
505003.34262945165
505004.7949632867
505005.52113020426
505006.9734640393
505021.3097593961
505184.31222732447
505184.31222732447
507622.296625127
509309.16587076616
517158.63415826834
520764.0914126789
524694.0847653176
526029.7312785091
529886.1617218958
530544.2284858534
539611.9958129264
576386.766402555
586609.5352195539
597583.331168484
603805.6464367851
603867.8822423766
608308.7340215008
618409.1822217468
632094.1058534983
632123.7686718266
683093.9197273818
703791.3767678543
714739.426798799
714794.912552816
714803.0324192576
714814.5850747637
714819.1181167337
719759.2756668373
727296.6022050902
763084.3524171181
763939.947585174
767658.4448230809
847283.3074824838
909621.3265688155
909918.3068330289
910838.0742517898
944768.7185873975
980706.6973311227
984492.1174519977
991007.2155196784
991008.7613750105
1005443.4963592326
1005482.9294233605
1005634.1756889952
1005634.1756889952
1015716.1836505474
1046216.998601762
1048209.7161500317
1051187.1270410074
1054323.1558920837
1054367.6721246343
1058849.0737245854
1075820.9809060278
1075939.2085819726
1094335.5911949205
1107784.3455405375
1146935.4918665332
