17181.65372210781
43468.851900368005
43758.25487062381
51251.93316444021
75259.89962495475
126120.78596158589
161249.66226711802
166100.65560854372
205796.7397006684
210024.651906133
222442.45601785867
224333.89236746106
232403.18509811707
237492.8494150127
260385.10862219718
324496.1819690035
327205.8608265088
343469.3899669794
389915.4674293547
396317.7160353458
433001.30199308845
433445.39142744587
445220.0199212757
482492.9271784492
489609.97114297515
500828.33714997646
520664.00750731037
533514.191186597
556912.128469809
578964.8469552796
582317.3693667148
601556.8603813227
607754.4561203476
626058.3845831105
669532.9000188964
683670.8093098335
693451.4859285973
770387.5245412822
770391.7030128527
774945.5083288228
777692.0370625407
777771.8892223337
781105.6823036938
796161.1304523282
799601.2208987635
821511.2441188999
852037.949069433
860013.6089857124
923070.7897088355
952984.9888383206
1034462.9338081984
1041456.1824814479
1050136.2054133345
1071588.229408543
1091699.591261542
1110550.5582120814
1110635.5758113435
1136513.5143756666
1160792.8093802948
1181497.4911363134
1198620.19428048
1201524.315038001
1206777.8852060507
