824472.6735825308
824546.3548869579
824626.5806187126
824626.5806187126
824931.9826153241
824933.4353951748
824985.8599937866
825088.1910392692
825091.2903029507
825099.0384621543
825116.0844124024
825252.7425703569
825252.7425703569
825264.2910171701
825267.1781288733
825346.5183567189
825356.3695877065
825433.5375637753
825443.4994827515
825448.4804422396
826683.1865073392
826698.7935137352
826703.9958492004
826714.4005201311
827835.1948089383
829155.8085892086
829185.694346137
829747.809460364
829747.809460364
831484.148877907
834726.8457446297
846457.3927469901
846513.6499172081
846515.5408370139
846636.6242725692
846676.2874684926
846751.9796047133
854108.552376621
854111.8038362869
854117.2229357299
854129.1449545046
854135.7170538291
854145.5959568138
854160.9631392343
854241.0551230026
854242.2081228842
854259.5031211065
854447.857181748
858568.826342204
859214.8660118054
863072.863571289
863743.0424464096
863863.3418420454
863869.13451345
863875.9141527532
864170.717774454
865268.1153896659
866211.5460127023
867272.1721556934
867287.1288701562
867397.3464348282
867397.3464348282
867399.9660505591
867429.4367275301
867430.0916314628
867442.4840741891
867444.7393419573
867464.2849959484
867501.282456146
867501.282456146
867522.0917980073
867597.2535542824
867597.5625582506
867603.1246296789
867604.3606455518
867605.2876574566
867606.5559573262
868056.1613431168
868274.7147766543
872453.0018672193
872470.176953454
875790.2908442201
875806.6127105425
875809.36146226
875810.0486501894
875815.5461536244
875817.6077174125
875818.9820932712
875819.6692812006
875821.0436570593
875822.4180329181
875824.4795967062
875825.853972565
875830.6642880706
875832.0386639293
875839.7314791386
876825.5279298208
876838.1463605239
876838.1463605239
880522.2577018791
881444.5930390834
881812.9534412243
881824.1190920767
882182.0886592853
882556.9796527548
885126.7811766363
885130.5584042481
885148.1854664364
885153.2217699188
885405.1568560256
885409.8795435402
889491.1762840736
892236.2845219374
895733.0287705498
899855.367694865
905498.6149268646
906433.6517107636
906441.0678060014
906463.3160917148
906467.0241393336
906491.1264488564
906496.6885202848
906500.3965679037
906502.2505917131
906504.1046155225
906505.9586393321
907925.0063254854
908145.3030948439
910837.8991061049
910840.57406583
910860.636263768
910872.6735825308
910886.0483811562
910891.3983006063
910911.4604985444
910938.6620717486
911599.8198757963
915519.9456808945
918383.360930599
920515.5713274552
920726.0122538265
920726.0122538265
920744.6216719139
920769.4342293637
920861.2868119234
920862.6611877821
920894.2487725355
921748.9491366913
921759.1647156413
921948.0399322292
921980.5822008846
921985.5447123746
922680.0611089937
922866.7317898081
922866.7317898081
923008.1587552726
923008.1587552726
923023.8164936634
923633.153871037
924669.894468483
924767.9640264037
924815.4860695195
926172.797530018
928076.5663663528
928430.5188819744
928468.5402060667
932334.5303607289
932457.716868068
933657.7960407265
933746.5078516089
933765.9843256072
933777.0254524724
933780.7058280942
933783.159411842
933808.9220411942
933839.9700220032
936325.2474305718
938849.662267118
939299.9779008356
939303.8981004327
939303.8981004327
939305.4661802715
939324.2831383375
939326.8750820712
939330.7629976716
939352.7945194072
939357.9784068745
939363.1622943416
939407.7142097628
939412.2524172963
939417.9251767133
939417.9251767133
939421.3288323635
939424.7324880137
939429.2706955472
939436.0780068475
939461.0381482822
939462.1727001657
939463.307252049
939479.5230423823
939485.403341778
939525.3893776683
939658.6623279708
945516.639645901
945533.0214682173
945538.3022076746
962981.5116469002
962993.6412056535
970931.9024177766
970931.9024177766
971695.0960993373
972970.1802202871
973074.4898135663
974133.6954607035
975364.9840341544
975380.3696645732
975396.6500228998
975423.0721681842
975433.951875066
975437.0603627465
983643.3064193268
994622.341934926
994631.9717899363
994638.3916932765
999977.8695764967
1000139.1004679258
1000140.4148877907
1000143.0437275205
1000150.93024671
1000152.2446665749
1000153.5590864398
1000163.9176373752
1000166.3896691211
1000168.8617008671
1002606.0313423801
1022406.1339593695
1025630.6364879623
1033166.6898334235
1033222.9562276406
1033280.2142017558
1033297.0064920299
1033322.9582133626
1033335.1707881074
1033361.2285854293
1033684.1469562405
1033691.3693474982
1033697.3880068796
1033707.0178618899
1033711.832789395
1033716.6477169001
1033727.4813037867
1033744.3335500547
1033749.1484775598
1033751.5559413123
1033786.8100656889
1033797.1732286238
1033828.2627174285
1033835.6649766677
1033845.101127698
1033859.1585022532
1033867.9443613503
1033887.2732513637
1067305.1438527491
1083459.2071844705
1094632.9428720586
1113530.186625842
1117329.0260674057
1127419.8135342968
1127426.6485175944
1127482.6566398381
1127482.8872398145
1127484.5014396484
1127485.4238395537
1127486.1156394826
1127490.958238985
1127506.311585407
1127509.7567490528
1130974.890352914
1130986.3465597366
1130986.3465597366
1131723.2702919971
1131789.0327932383
1131840.6364559345
1131841.1345518834
1131844.1231275762
1142048.5179787911
1145445.1587776921
1147716.8452642132
1148349.7130631686
1171412.4041008363
1171415.7800844891
1171421.406723911
1171434.4863545666
1171444.7342175136
1171446.597465322
1171447.5290892262
1171454.9820804603
1172053.4166909545
1172060.0579702717
1172061.3862261353
1176267.0501458866
1200782.355002258
