2668.189309769432
2746.072145764807
3191.4114319938244
3191.4114319938244
3663.4126874825847
6042.8631549279535
18468.415425857307
18470.546169638314
19755.730569549916
22260.073984159062
22263.270099830574
22295.231256545674
22977.627318410527
28161.680817605025
48040.0997985453
63027.571686166244
65510.00349102742
79940.07372793686
79960.28350985974
88752.51177821407
89536.60242962698
104739.11801914619
104741.44246690729
106063.4813550311
121563.33255399081
130392.15703858386
147256.01632135388
173865.53331048685
193650.97438098319
223626.7344801412
223652.99520544216
223656.52799707907
223672.42555944514
223675.95835108205
223681.2575385374
223683.02393435588
223686.55672599276
223690.08951762968
223695.38870508503
232567.1601292641
245324.4996460931
259509.51128818913
280256.3697798731
280644.012952032
280644.93996393675
280648.6480115556
280649.5750234603
280658.8451425076
281165.01670248434
281172.6726216975
295987.8171470299
300937.71020629094
301202.77104304853
309010.88624054776
309076.3950818149
309399.79771257634
309911.31458000373
315978.1186244711
316308.6744664973
325912.80374340626
325917.76164289674
366179.4798048868
367650.3294697161
368151.460114211
383350.26304411184
456067.05539844156
456090.96861598373
467246.19173747476
467376.43460408866
536897.4894708692
561248.1136601662
636223.6835143437
663483.2433886667
750906.2079435285
925398.087685641
988403.0282901332
1150272.524845546
