1723.5503428573259
1738.2626213452304
1747.3252004137987
1776.0256734640277
1881.1423666603678
1881.1423666603678
2966.9915350592028
4532.603954149038
4538.415073551784
4538.996185492058
4747.5369680587
4751.563243644889
4776.601789071482
4777.003033030243
14483.122067456898
14571.188198405656
14638.375807500262
14638.375807500262
19616.752575833765
22646.59644043314
22651.245335955336
22652.407559835887
22653.569783716437
22657.056455358084
22658.21867923863
22660.54312699973
22662.86757476083
23086.512015219596
23108.386728971363
23215.315937981417
23216.55656585391
43781.56852822768
43895.76163649117
43900.92246396075
43904.36301560714
44038.784353791605
44040.33859763186
48081.884514250756
48088.848633535
51802.12164789305
55576.27305599416
55590.736286507665
55592.80246229531
55596.93481387059
55601.06716544588
55617.596571747024
55621.728923322305
55625.861274897594
55641.39910130065
55647.002680724734
55790.48659797777
55790.48659797777
57051.54101636939
57055.820951929505
57057.96091970956
57062.24085526969
57064.380823049745
57066.5207908298
57188.62809027988
57188.62809027988
57192.26234590636
57248.2566321514
57931.768797901546
58133.56222516165
58147.928603685104
58152.03328326324
58158.190302630435
58862.44263024895
58862.44263024895
59465.84436423266
59494.106697327916
59502.938676420184
59550.63136351844
59681.303146088285
59682.686745946085
59704.82434367083
63160.48951250524
63163.57494018813
63166.660367871016
63170.7742714482
63171.802747342495
75581.13922793847
87431.33533400165
87644.2252321213
91012.45150194249
91013.45691783915
91017.98128937415
91018.98670527081
91019.48941321915
91019.99212116748
91020.99753706415
91021.63860499825
91030.47058409052
91030.47058409052
91031.13932402179
92231.91029660922
100513.9499533996
100523.43222442502
100549.07032978999
100560.18524864763
100762.68892383475
100762.68892383475
101624.46870726293
101657.55057986286
101659.66287564576
101662.83131932012
102061.82001031293
102062.67323022523
104701.7792709838
104704.71250268232
104705.69024658183
104706.66799048134
104707.64573438084
104708.62347828037
104709.60122217987
104709.60122217987
104710.57896607938
104711.55670997889
104712.5344538784
104712.5344538784
104713.5121977779
104714.48994167741
104715.46768557692
104729.15610017006
104730.13384406957
104732.08933186858
105622.25597237925
106104.98935076498
106108.16240643886
106108.95567035733
106111.33546211274
106112.12872603121
106761.18464332269
106761.18464332269
111314.98073529363
114659.72731552803
114705.8288627898
114709.46773041581
114717.95842154315
114722.81024504449
114733.7268479225
114806.91005640091
114806.91005640091
114832.69113375118
121585.03662376013
121589.74086327663
126424.44462237653
130432.56737843057
161362.70237550006
169025.90854789273
169039.5139464944
169040.87448635456
169054.47988495624
169897.81628228
169897.81628228
173104.783988675
174937.42195632053
178055.28121987387
182225.30360728822
182227.35133507778
185055.91831636394
185068.92876702675
185068.92876702675
185071.9311787182
193678.96460610643
193681.99468979498
193870.5240064184
193871.81075428613
203161.21718354156
205523.77389672323
206058.53985376118
206246.03608249073
206272.60119976042
206272.60119976042
206366.87047007165
211335.7603553802
211341.66832677298
211342.51232268623
211896.72708172526
211922.78026704758
222167.3410221344
222185.80746823645
222189.1650038914
222194.20130737376
222195.88007520122
222205.95268216598
222209.3102178209
222210.98898564835
222216.02528913075
222286.3859538992
222286.3859538992
222618.3023357856
226898.6714238588
226956.035473963
227015.0736798952
227016.40654775823
227024.4037549363
227040.39816929243
228705.45913416115
228710.50927364212
228712.1926534691
232489.60474523506
232546.33233940473
232552.29104279232
232642.98140147133
237452.55898715366
238482.22016532737
238489.71927655663
238568.72282843682
238568.72282843682
238738.7026829667
239108.11000899982
239111.61051664004
239126.2812871322
239126.2812871322
239129.4727908042
239132.66429447616
239134.26004631215
239135.85579814814
239137.45154998414
239140.64305365612
239143.8345573281
239145.4303091641
239147.0260610001
239148.6218128361
239190.11136057187
239190.11136057187
239196.49436791585
239214.08453410797
245163.434786647
245168.5264341237
245168.5264341237
248999.90353234328
249005.72848774458
249005.72848774458
249007.67013954502
249011.5534431459
249011.5534431459
249013.49509494635
249013.49509494635
249015.4367467468
249017.37839854724
249019.32005034768
249021.26170214813
249023.20335394857
249025.14500574901
249027.08665754946
249029.02830934987
249029.02830934987
249030.96996115032
249032.91161295076
249034.8532647512
249036.79491655165
249036.79491655165
249040.67822015253
249042.61987195298
249044.56152375342
249046.50317555387
249046.50317555387
249054.2697827556
249054.2697827556
249058.1530863565
249058.1530863565
249060.09473815694
249060.09473815694
249063.97804175783
249063.97804175783
249065.91969355827
249067.86134535872
249071.7446489596
249071.7446489596
249073.68630076005
249073.68630076005
249075.6279525605
255744.12729118692
257587.6357417152
257640.81209624987
257662.19332605234
257665.56930970537
257766.79808730131
257783.8855455451
257785.19996541002
257787.82880513984
257790.45764486966
257798.3441640591
257802.28742365382
257804.9162633836
257833.18782047794
258206.34470212567
258206.34470212567
258576.6052480711
258597.2808419461
258600.69372159534
258727.5467685577
259190.37014498972
275176.44600597635
275203.88740315597
281204.56921041926
281207.9175220751
281381.67460421677
281434.92475074384
281480.31605007866
281480.31605007866
284873.6731053169
284880.5864926064
284882.53275640635
284884.4790202063
284886.4252840063
284889.34467970626
285037.9617524317
285037.9617524317
287543.43049492524
287569.1977362769
290593.29966146644
290600.05162877246
290601.73962059896
290605.11560425203
290611.86757155805
290637.1874489557
290637.1874489557
290638.8754407822
296908.13242844195
297111.6507435248
297248.3873054713
297252.27522107173
297254.8671648053
297353.2918466894
297372.2194927441
297451.5504965906
297475.6989261087
297476.56137002003
299245.1432762492
303800.63197204616
303827.4738092874
303827.4738092874
307948.0970697789
307954.4385691271
307956.9751688664
307958.24346873607
308983.69389134255
308986.1659230885
308992.3460024533
308999.76209769107
309008.41420880187
309029.4264786423
309045.4946849908
309062.79890721233
309064.03492308524
309116.685509674
309145.74110668775
309147.12470654555
309156.8099055501
309166.4951045547
309174.7967037015
309214.71355959884
309222.0235788475
309232.2576057957
309233.7196096454
309276.1177212879
309299.2653469088
309335.22510721296
309343.0424464095
309344.6059142488
309347.73284992744
309352.42325344536
309360.24059264193
309378.5594547592
309392.718293304
309401.21359643084
309423.8677381025
309428.11538966594
309442.27422821074
310693.0023796637
310703.3517066
310711.9761457136
310715.96091330406
312684.36692299566
313290.07004474284
313754.6413689952
313756.0987608454
313774.7681349266
313786.24278974725
313790.54578530503
313794.84878086275
313809.1920993886
313960.3365478543
314254.4068616304
314254.4068616304
314402.45204641466
314695.96892024763
314697.98897604004
315460.2787056936
315533.08373021084
315567.7382946491
315623.4789209202
315669.5251241877
317333.5622251617
318166.87674751546
318335.55601817893
318569.3890061461
318571.32143394754
324715.8884024226
326200.2881218593
326207.5658571113
326208.7788129866
326211.2047247373
326214.8435923633
326236.6767981193
327221.29257692274
327342.1454125017
327343.5105643614
327346.2408680808
327348.97117180016
327351.70147551957
327353.64773931954
327397.4386748188
327397.4386748188
327409.1162576186
334844.86322538904
334853.48766450264
334867.2867670844
334869.01165490714
334872.46143055253
334874.1863183753
334877.63609402074
334879.36098184343
334882.8107574889
334884.5356453116
334887.98542095703
334887.98542095703
334893.1600844252
334944.6945671286
334944.6945671286
334955.8002619872
338245.4749558817
338544.83062111464
339129.9688369754
339230.3582306576
339230.3582306576
339240.0757136589
340068.53841251135
340075.2027518264
340228.71315604897
340228.71315604897
349821.97195007507
349831.32508511376
349832.40429300285
349834.202972818
349882.8872398143
349883.11783979065
355204.673492853
362545.666930362
362554.38360946614
362570.94529976393
363096.1182977878
363096.1182977878
366917.0123210848
367252.5675705972
383776.95140425774
390017.3372748848
390032.27092934994
390088.2513795964
390089.5842474594
390112.0308491524
393028.1243574428
393033.95392484363
393035.50355668436
393038.6028203658
393040.1524522066
393044.80134772876
393046.3509795695
393049.45024325093
393738.29849245265
393739.2208923579
396467.1263719898
396590.3036553299
396964.9963328198
413682.0787306752
413731.2241976242
417020.17941959266
417435.5637689004
417440.2126644226
419362.8953108135
423843.139234344
423854.31872119504
423857.1135929078
423868.29307975876
423870.8527394957
423931.2883812843
423931.2883812843
425148.1598442169
425172.5480977103
425176.7127332823
425191.98306371283
425680.3061855241
425680.3061855241
430085.19003679993
430179.256379132
430180.93514695944
430287.421604015
430288.70835188276
430347.8987537993
433293.96103500953
436564.9386828257
436598.37567938917
437052.62073670287
442779.08688814944
442780.61807199207
442781.056211947
442781.494351902
442957.0039938635
442957.0039938635
448680.35704562993
448682.9951093588
448688.27123681654
448688.27123681654
448690.2497846132
448690.9093005454
448691.56881647767
448692.22833240987
448692.88784834207
448693.5473642743
448693.5473642743
448695.52591207094
448695.52591207094
448696.18542800314
448696.84494393534
448697.5044598676
448698.1639757998
448698.823491732
448698.823491732
448700.14252359647
448700.14252359647
448700.8020395287
448701.4615554609
448702.1210713931
457774.6897309346
466981.5552046735
466993.50950744486
480659.8233988515
480791.2192653469
480793.75586508616
480890.60785513197
480891.9361109954
484348.777339709
484362.33661831537
489650.8795787707
500845.7705081847
501308.23876065324
501319.7733714677
501320.6404273786
501322.3745392004
501324.10865102214
501330.17804239836
501331.04509830923
501332.77921013103
501348.38621652697
501350.1203283487
501355.32266381406
501359.6579433685
501365.7273347447
501370.92967021
501371.9627581038
501379.19437336054
501455.6613255015
501456.9250133716
503607.9062482985
503613.9110716813
503615.626735505
503617.34239932866
503619.9158950642
503620.773726976
503622.48939079966
503644.1012205785
503644.1012205785
517149.25340054894
517219.0606253743
517221.3758491363
517275.78360754444
517275.78360754444
524242.72082349815
524246.1982711407
524247.24980703264
524248.3013429246
524248.8271108705
524249.3528788165
524249.87864676246
524250.2291587264
524274.71887620946
524274.71887620946
527498.4143048852
527503.2107843923
527504.7788642311
527505.7473841315
527512.5270234348
527649.9184893139
527650.2413292808
560924.1483654625
575941.6305339991
579749.8876785949
582444.623657636
582505.5666193723
582506.7749632482
582602.3171454285
582602.3171454285
583510.825708054
583521.8945069164
583523.2781067742
583526.0453064898
583530.1961060632
583532.9633057788
583608.2957060363
583608.2957060363
583667.163267986
583668.2793718713
584501.6492382194
584521.6468681641
584653.2687226363
584654.4355585164
585453.6581803741
585466.4057470638
585496.8449439353
585497.859583831
592111.9926720452
594744.8263934484
595580.78820353
598839.0367326546
598847.7534117587
598850.2438915027
598851.4891313748
598853.9796111188
598855.2248509908
598857.7153307348
598860.2058104789
598913.9171569585
598913.9171569585
603858.4602967693
603888.8672096442
603893.6683011507
603996.3498585974
603996.3498585974
605313.8136431914
605332.0033693218
605337.0212248061
605338.2756886772
605340.1573844837
605341.4118483549
605342.6663122259
605346.4297038391
605406.7731056373
605406.7731056373
605540.5718238857
605571.8965246662
605639.6606337016
605639.6606337016
607667.828933251
607675.1620124973
607676.6286283465
607678.8285521205
607680.2951679697
607710.5037648649
607711.2601327872
607818.3461497811
609745.8344996781
614372.9890561095
614377.6379516317
614396.2335337204
614509.2736421025
614519.2355610786
614525.3234004528
614526.4302803391
614527.5371602253
614528.0906001684
614529.1974800547
614530.3043599409
614532.084591758
614547.5716861662
614573.1129395412
614861.6765258833
614862.1469498349
626323.9020078211
626398.6394601398
626399.9308200071
626517.7212879008
626517.7212879008
626574.3105220848
626958.7621905716
626962.6593301711
626964.9976139308
626978.2017685737
626978.2017685737
626980.5169923357
631414.5671286139
631423.4913476967
631425.2761915133
635966.4169567849
651166.9632225066
651172.3869339491
651172.3869339491
651176.4685535296
651177.8290933897
651177.8290933897
651179.1896332499
651180.5501731101
651181.9107129702
651183.2712528304
651183.2712528304
651185.9923325507
651185.9923325507
651185.9923325507
651188.7134122711
651188.7134122711
651190.0739521312
651190.0739521312
651192.7950318516
651192.7950318516
651194.1555717117
651194.1555717117
651195.5161115719
651198.2371912922
651198.2371912922
651199.5977311524
651200.9582710125
651202.3188108727
651203.679350733
651205.039890593
651206.4004304532
651207.7609703135
651207.7609703135
651209.1215101735
651210.4820500338
651213.203129754
651213.203129754
651214.5636696143
651215.9242094744
651217.2847493346
651218.6452891948
651218.6452891948
651220.0058290549
651221.3663689151
651224.0874486354
651225.4479884956
651226.8085283558
651226.8085283558
651228.1690682159
651229.5296080761
651229.5296080761
651232.2506877964
651232.2506877964
651233.6112276566
651234.9717675167
651234.9717675167
651237.6928472371
651239.0533870972
651240.4139269574
651240.4139269574
651243.1350066777
651243.1350066777
651244.4955465379
651244.4955465379
651248.5771661184
651251.6026378075
651251.6026378075
651254.9325014653
651254.9325014653
651256.5974332942
651258.262365123
651259.9272969519
651271.5818197541
651271.5818197541
651273.246751583
651274.9116834119
651276.5766152408
651276.5766152408
651279.9064788985
651279.9064788985
651281.5714107273
651283.2363425563
651284.9012743852
651286.566206214
651288.2311380429
651289.8960698718
651308.2103199895
651308.2103199895
651311.5401836473
651311.5401836473
651314.870047305
651314.870047305
651318.1999109628
651318.1999109628
651321.5297746205
651323.1947064494
651324.8596382784
651326.5245701072
651349.8336157115
651351.4708755433
651353.108135375
651356.3826550385
651356.3826550385
651358.0199148702
651361.2944345336
651361.2944345336
651362.9316943653
651367.8434738605
651367.8434738605
651372.7552533557
651374.3925131875
651374.3925131875
651377.6670328509
651377.6670328509
651380.9415525143
651380.9415525143
651384.2160721777
651385.8533320095
651389.1278516729
651392.4023713365
651394.0396311681
651395.6768909999
651395.6768909999
651398.9514106633
651398.9514106633
651402.2259303267
651402.2259303267
651405.5004499903
651412.0494893171
652974.1429527687
653032.6231067581
653193.5173222218
653194.7026061
653225.8382149
653231.8522622819
653236.3627978183
653261.9224991914
653263.4260110368
653267.9365465732
656094.589548056
656217.1073154641
656421.5572544511
656421.5572544511
656486.8908397363
656496.437678755
656496.437678755
656500.2564143626
656842.7434991625
656844.5237309794
663201.7592215969
663331.5593362564
663454.6028716102
663456.1940114467
670288.5300212344
676020.6366481012
676024.6490876888
676025.4515756064
676697.0970665761
676697.0970665761
680994.0785769419
681030.9699611503
681052.3281309551
681062.0363899573
681067.8613453587
681163.2559435542
681169.3991269228
681175.5423102914
681178.5308859843
681181.5194616771
681186.0023252164
681194.9680522949
681203.9337793734
681262.2110053839
681294.4627180691
681295.5465379577
681322.6420351729
681325.8934948387
681328.0611346159
681331.3264302803
681332.4240861676
681333.5217420547
681334.619397942
681335.7170538291
681336.8147097164
681336.8147097164
681339.0100214907
681339.0100214907
681340.1076773779
681341.205333265
681341.205333265
681342.3029891523
681343.4006450394
681344.4983009266
681344.4983009266
681345.5959568138
681345.5959568138
681346.693612701
681347.7912685882
681347.7912685882
681348.8889244754
681348.8889244754
681349.9865803625
681351.0842362497
681351.0842362497
681352.1818921369
681353.2795480241
681353.2795480241
681354.3772039113
681354.3772039113
681355.4748597984
681356.5725156857
681356.5725156857
681357.6701715728
681358.7678274601
681359.8654833472
681359.8654833472
681362.0607951216
681492.0822857582
681527.364082132
681564.1955103467
681565.6206182002
681567.0457260536
681569.8959417607
681589.8474517101
681608.373853806
681673.9103670703
681683.8353900503
681687.5572736678
681887.1646131526
681887.1646131526
681929.6595767849
682518.7595002386
682521.2130839864
682523.6666677343
682524.8934596082
682527.3470433559
682528.5738352299
682531.0274189777
682534.7077945995
682535.9345864734
682540.7402899795
682541.9163498586
682546.6205893751
682547.7966492543
685712.5230519907
692401.5457885078
692408.0671558375
692411.9412354394
692413.2325953066
692414.5239551739
692415.8153150411
692420.9807545103
692424.2091541785
692429.3745936475
692431.3116334485
692432.6029933158
692434.5400331167
692452.2962312918
692452.2962312918
693541.4706513488
702701.2245499296
702704.7481175675
702706.5099013865
702713.5570366621
702713.5570366621
703143.9718924252
703143.9718924252
703185.5721281494
710472.9925791647
710685.4720093264
723986.5385982725
723986.5385982725
723992.6126016482
723996.6342652348
723998.6312610296
724002.6252526192
724008.6162400034
724008.6162400034
724010.6132357981
724018.6012189771
724020.598214772
724030.5831937457
724032.5801895404
724038.5711769246
724042.5651685141
724046.5591601037
724054.5471432827
724054.5471432827
724060.538130667
724068.526113846
724072.5201054355
735830.1579930115
735887.4390271243
735890.602858799
736443.4247939814
736444.8222298378
739848.5701200081
740733.1239570956
740737.1917406775
740739.9035963988
740753.4628750052
740753.4628750052
740761.598442169
740761.598442169
740761.598442169
740762.9543700296
740765.6662257509
740765.6662257509
746858.2098395729
746863.8134189969
748743.5168418052
748831.7951247322
748869.2676208807
748869.2676208807
749413.6034769352
749423.8651758805
749427.9698554586
749454.0461007786
750567.4565783447
750567.4565783447
751670.5269529737
751998.3386552819
752763.3310166576
752763.3310166576
752912.095673368
757626.9981327808
757652.8253301263
757675.4241278036
757719.6532032578
757721.3596430825
757758.901319224
757798.1494351903
757806.6816343133
757810.0945139625
757813.6365295985
757815.4075374164
757818.0640491435
757826.0335843243
757832.2321116873
757854.369709412
757856.14071723
757863.2247485019
757870.1658077885
757879.0900268713
757898.921624833
757924.7119261824
757926.7043099776
757930.6890775681
757965.5557939846
758826.5054174981
758826.5054174981
770447.0101111684
770459.1304459226
770461.8238536458
770463.1705575074
770465.8639652306
770467.2106690921
770471.250780677
770472.5974845386
770473.9441884002
770476.4116081466
770478.6530399162
770514.5159482303
770514.5159482303
775192.6469354224
775233.3801152359
775315.1508668318
775316.5621386867
776803.4892338637
776806.5193175522
776822.6797638913
776852.980600777
776852.980600777
776897.3019162217
776906.3875552879
776920.8738457991
776963.9868173681
777151.566062089
777152.7098379715
777184.754010678
777330.3594477131
777331.6277475827
777795.3181799257
779661.9788680744
789913.8219704127
789955.1869941613
789957.1101979637
789962.8798093707
790350.4261295395
790354.4662411243
790355.8129449858
790358.506352709
790360.5264085014
790364.5665200861
790367.2599278094
790403.4456760903
790475.4343766915
790476.1123406218
791411.8317004506
791424.9758990997
791437.2438178388
792146.6984809226
792147.8145848078
792215.3527058666
797138.6437518616
797290.7106002325
797306.5758786019
797572.7989392402
797573.7490111425
798036.858331545
802191.365952554
802197.7766318952
802919.2501657438
802919.2501657438
807937.8527939429
810694.9014985795
810868.6954767174
811246.96245384
811246.96245384
822912.7016388612
826812.7790820199
827620.5615749978
827629.3335980963
828622.6245480081
828622.6245480081
834998.7231166868
836324.2947964474
836375.2112712143
837058.28068501
837060.2131128113
837115.3034471493
840420.6266554357
840465.6674428064
840478.1751855209
840498.4725954348
840599.2078890814
840612.1676077495
854595.9761585246
854608.2025692681
855034.54041745
855034.54041745
857155.8895554225
857182.2655807117
857193.3712755702
857211.4180297154
857215.5826652874
857218.359089002
857222.523724574
857225.3001482886
857226.688360146
857230.8529957179
857439.3568822884
857439.3568822884
857459.4375282244
857547.291507195
859154.1444260463
859244.6410807451
859247.1223364902
859389.6607938404
859389.6607938404
859510.9886653705
865079.1156490908
865123.0772285726
865386.3255495165
865386.3255495165
865768.6095782262
866229.5604828508
874448.7939300962
874753.4487827844
874753.4487827844
875787.0071005576
875790.2908442201
875803.1767708957
875803.863958825
875804.5511467544
881837.7659986741
881846.4503937815
881847.691021654
881848.9316495266
881851.4129052715
881853.8941610164
881895.3744847531
881979.7694640793
883274.9296189656
883286.4596177806
883294.7796649255
883296.29240077
883297.0487686923
883299.3178724591
883302.3433441481
883304.6124479149
883307.637919604
883309.9070233707
883312.9324950598
883314.4452309043
883322.0089101269
883331.2559691765
883337.6482005195
883339.7789443005
883341.9096880816
883344.0404318626
883347.236547534
883349.3672913151
883356.8248945486
883363.2171258916
883370.6747291251
883371.7401010157
883378.1323323586
883409.6645731179
883409.6645731179
884956.9258460938
923639.4630863884
923659.9680362811
923664.6999477947
923667.4671475103
923708.9751432441
923738.0307402579
923766.0163533817
923767.1601292641
923939.990199501
923954.2412780364
923956.6164577922
924097.766703285
924204.9219002719
924329.492007469
924686.2393948032
924686.2393948032
925138.9255962771
927562.7204391649
927589.2163764416
927903.8654321027
927903.8654321027
931848.3610426963
931869.7699444959
931875.6087358958
931883.3937910957
931945.4159607211
931946.8364565751
934043.9956570338
934092.8920760083
934093.9343879011
934096.0190116869
934098.1036354726
934124.1614327944
934137.7114874019
934315.6793251107
934315.6793251107
938901.5472617855
938917.8552921093
939065.439276941
939067.1549407647
945382.7164036653
946504.1702084047
946541.306028588
946554.8099632
946556.4979550266
946558.185946853
946561.5619305061
946566.6259059856
946570.0018896386
946571.6898814652
946575.0658651182
946578.4418487712
946625.9085478928
946625.9085478928
950160.7986445846
950193.4008692338
950194.955113074
950400.0
950400.0
951100.2398880309
954050.3930128207
954056.4301202003
954058.2057400178
954060.3364837988
954061.7569796528
954062.7623955494
954133.1922403108
954133.9578322321
957334.9022672462
968132.4002575034
968135.8315851507
968145.5629041505
968146.4253480618
968149.0126797959
968149.0126797959
968149.8751237072
968150.7375676186
968151.60001153
968153.3248993526
968163.674226289
968163.674226289
968164.5366702003
968165.3991141117
968169.7113336686
974399.0929734266
974412.5969080387
974417.0982195761
974894.6661584927
974901.0030458414
979731.5006613736
986996.617482681
990901.9249333021
990913.0398521598
990915.2628359313
990919.7088034743
990926.377754789
990929.7122304463
990965.2753587911
990965.2753587911
994676.4960333601
994684.290312559
994687.4080242387
994690.5257359182
994692.084591758
994695.2023034375
994699.8788709568
994701.4377267967
994702.9965826365
994706.114294316
994715.4674293548
994780.5335186673
994794.0282292804
995664.386331827
995664.386331827
995870.9854625931
995924.3094011126
996076.090305513
999059.8233988514
999073.0644494905
999080.4205887346
999080.4205887346
999084.8342722809
999093.6616393736
999093.6616393736
1019589.56740085
1019611.400606606
1019664.3832571605
1019671.4949604296
1019675.0508120642
1019799.856131237
1019800.8892191309
1020316.3677941511
1020746.1046859837
1020749.8127336026
1020751.666757412
1020753.5207812215
1020760.0098645545
1020767.4259597923
1020768.3529716971
1020772.061019316
1021153.3811401246
1021153.3811401246
1030780.3490386864
1030783.6558423465
1030785.86037812
1030786.9626460066
1030788.0649138934
1030790.2694496667
1030793.5762533268
1030794.6785212136
1030795.7807891003
1030795.7807891003
1030797.9853248737
1030799.0875927605
1030800.1898606472
1030801.2921285338
1030802.3943964206
1030803.4966643073
1030805.7012000807
1030806.8034679674
1030807.9057358542
1030809.1509757262
1030810.3962155982
1030832.8105332946
1030834.0557731666
1030839.0367326546
1030841.5272123986
1032514.8528804178
1032557.3847400466
1032588.9861607987
1032588.9861607987
1032869.0083240186
1032871.8493157265
1032886.0542742667
1032891.7362576827
1032894.5772493907
1032899.1062329252
1032900.7942247516
1032905.8582002312
1032907.5461920577
1032910.9221757108
1032914.2981593638
1032915.9861511902
1032919.3621348432
1033107.2319355345
1033107.2319355345
1033111.4795870979
1033568.3258121443
1034619.3497721223
1035328.2187112663
1035334.3065506406
1035420.6893017625
1035420.6893017625
1035508.1973807686
1041458.9681291615
1044381.3800768027
1044388.8053960395
1044390.2904598869
1044391.563371756
1044393.4727395597
1044395.0223714005
1044487.1977939269
1044487.1977939269
1045795.8895554225
1045800.0403549959
1045800.8705149106
1045802.5308347399
1045805.8514743986
1045806.6816343133
1045808.3419541427
1045813.3229136306
1045814.1530735453
1046243.4979454183
1046244.1021173563
1046269.4773387482
1050145.2357084064
1061688.055882061
1067153.8841042952
1083608.017961176
1100331.174362407
1100443.1306509005
1100457.9812893742
1100881.3997418561
1100881.3997418561
1105939.4165180044
1110422.9395731979
1110432.4864122167
1110433.4410961184
1110435.3504639221
1110437.259831726
1110483.1123310134
1110483.1123310134
1110963.765697613
1111074.6289422188
1111118.0739777535
1111118.0739777535
1111138.9940076035
1126384.6779126858
1126763.931857707
1126897.7951439486
1137555.2451565997
1144945.3932850568
1144959.2292836348
1144960.3822835162
1144963.8412831607
1145872.1653658052
1145872.1653658052
1161046.1419022575
1166205.2629320147
1171337.3760925476
1172050.7601792275
1172064.0427378623
1172065.3709937257
1172069.3557613161
1172082.638319951
1172087.951343405
1172089.2795992685
1176253.3617312934
1181774.0081798935
1181803.3958408732
1182226.0533134334
1182226.0533134334
1182329.7033907806
1188136.819577938
1190366.8274247427
1190380.2760153604
1190463.7670427796
1193207.5193527828
1198965.3194290088
1198981.1847073783
1198985.944290889
1198989.117346563
1198992.2904022366
1198995.4634579106
1198998.6365135845
1199006.5691527692
1199011.32873628
1199014.5017919538
1199020.18377537
1199022.692703112
1199025.2016308543
1199028.9650224673
1199033.9828779516
1199055.30876376
1199055.30876376
1199757.6701715728
1199758.76782746
1199809.9241262022
1199817.9951253727
1199828.3721243062
1199894.9048294683
1199897.7273731781
1199938.6542569718
1199945.7106162466
1199951.3695396648
1200322.9906254704
1200483.7926009435
1200483.7926009435
1201806.7077689774
1201821.56763145
1201824.8698231108
1201928.1232684983
1201929.46997236
1201934.8567878064
1201971.2177920693
1201983.3381268235
1202041.9843127963
1202042.879040704
1203531.2266317352
1203541.7696626515
1203569.3263598192
1203570.428627706
1203590.2694496668
1204334.2541532018
1204343.5888402422
1204407.5803336652
1204408.9731575223
1206784.595665361
1206795.3324002575
1206798.0165839817
1206800.7007677057
1206802.0428595678
1206804.727043292
1206812.7795944645
1206812.7795944645
1206814.1216863263
1206815.4637781885
1206884.657607077
1206884.657607077
