10957.557433806598
10982.729727219445
24839.22864307928
82636.79286677408
84523.14679289881
84627.94064612832
84683.56136041175
103268.57274628557
121994.83584164186
237009.99151263977
248434.51389845271
364944.04043186246
367822.1910200526
442764.87731760985
559897.6602429627
559984.5364780338
560005.7885718496
560017.742874621
560033.6819449827
560036.3384567098
560038.9949684367
560040.3232243002
560044.3079918906
560054.9340387984
560058.5452344273
560063.3601619324
560070.5825531902
560072.9900169427
560088.6385313343
560094.6571907158
560107.8982413549
560110.3057051075
560111.5094369837
560113.9169007363
560116.3243644888
560117.5280963652
560118.7318282415
689886.4840870003
751215.9959516893
880185.0282965387
880192.9609357234
880201.8851548062
886280.3160500786
912714.2588292566
939490.1075812945
939505.3963597231
939523.03725791
939524.2133177891
942705.1508988595
991442.5711897357
991485.2783053464
1022419.3703980091
1022426.3806372886
1045293.2231150854
1130337.4197784318
1150365.8025359593
