1648.849786534883
1682.3236790945107
1741.8876529726576
1741.8876529726576
5054.105800550236
5055.590864397605
5056.227320332192
5056.849940268201
5057.472560204209
5058.095180140218
5058.717800076226
5059.340420012235
5059.963039948243
5060.585659884252
5061.20827982026
5061.20827982026
5062.453519692277
5062.453519692277
5084.867837388583
5084.867837388583
5085.490457324592
5086.1130772606
5086.735697196609
5087.358317132617
5087.980937068626
5089.226176940643
5089.848796876651
5090.47141681266
5091.094036748668
5091.716656684677
5092.339276620685
5092.961896556694
5093.584516492702
5094.082612441509
5094.5807083903155
5095.078804339123
5095.57690028793
5096.573092185543
5097.0711881343495
5097.569284083157
5098.067380031964
5098.56547598077
5099.063571929577
5101.055955724804
5101.554051673611
5102.052147622418
5104.044531417645
5104.542627366452
5105.040723315259
5105.538819264066
5106.036915212872
5106.535011161679
5107.033107110486
5107.531203059293
5107.531203059293
5108.0292990081
5109.52358685452
5110.021682803327
5110.519778752134
5111.01787470094
5111.515970649747
5111.515970649747
5112.512162547361
5113.010258496168
5113.508354444974
5114.006450393781
5114.006450393781
5115.998834189008
5116.496930137815
5116.995026086622
5117.493122035429
5123.4702734211105
5123.949921371814
5123.949921371814
5124.909217273219
5125.388865223922
5126.348161125327
5126.8278090760305
5126.8278090760305
5127.787104977436
5128.266752928139
5128.266752928139
5129.226048829545
5129.226048829545
5129.705696780247
5130.18534473095
5130.6649926816535
5131.144640632356
5132.583584484465
5133.063232435167
5133.54288038587
5134.0225283365735
5134.502176287276
5134.981824237979
5135.461472188682
5135.941120139385
5136.420768090087
5136.90041604079
5137.380063991493
5137.859711942196
5138.339359892899
5138.819007843602
5139.298655794305
5139.778303745007
5140.25795169571
5140.737599646413
5141.217247597116
5141.696895547819
5142.656191449225
5162.446281415243
5162.755285383484
5163.064289351726
5163.373293319967
5163.682297288208
5163.991301256449
5164.30030522469
5164.30030522469
5164.9183131611735
5165.227317129415
5165.845325065897
5165.845325065897
5166.154329034139
5166.772336970621
5166.772336970621
5167.081340938862
5167.699348875344
5167.699348875344
5168.008352843586
5168.317356811827
5169.2443687165505
5169.5533726847925
5170.171380621275
5170.480384589516
5170.789388557758
5171.186020516993
5171.582652476228
5171.979284435463
5172.772548353933
5173.5658122724035
5173.962444231638
5174.359076190874
5174.755708150108
5175.152340109344
5175.548972068578
5175.945604027814
5176.342235987048
5176.738867946284
5177.135499905518
10890.093104740428
10894.871136249354
10896.236288109047
15344.998702875133
15351.801402175966
22173.571321049614
22396.561498131177
48063.77780411173
49750.93024670994
80053.9578322321
82615.02422901141
88807.3161685814
91362.43769797168
91389.75918316364
91389.75918316364
101078.26499140055
101084.6987307393
101085.98547860705
101087.2722264748
101142.89294075823
101142.89294075823
101149.57572807139
106078.81164145547
106084.36448888476
106089.12407239559
106856.41320953531
117938.28247856541
121788.37968286098
134273.38523967986
142887.23520236748
147506.53091160653
182242.28960154246
193663.81418766355
194454.84589836307
194485.60332320188
194486.74248708482
195224.0028953108
195232.0738944813
200220.04362182884
200220.04362182884
200224.41579737948
201912.19547191323
201947.4495962899
201948.353548197
204696.2382097755
204700.94244929202
204702.82414509862
204705.64668880854
211286.10756848336
223899.7740760788
227163.15114867614
239103.44266547952
246462.69039711237
246466.4722367237
246467.22860464596
253770.5373940281
253782.51475679709
256767.85282597068
256773.1658494246
256808.58600578422
256808.58600578422
258510.93037482107
258539.80149185372
258732.12187208745
258732.12187208745
258754.99738973635
258757.44174948518
273527.951343405
290102.5921359003
290146.369235401
290182.6057156766
290404.9087048288
290406.38915667665
290443.40045287274
290449.3222602641
290450.8027121119
290457.0104634739
290488.8055882061
290504.7031505722
290643.9394162618
290650.6913835678
290652.3793753943
290654.0673672209
290657.4433508739
290659.1313427004
290673.94508517784
290673.94508517784
290681.09368444316
290681.09368444316
308988.63795483444
308991.1099865803
308993.58201832627
309015.83030403964
309103.58743102016
309119.4527093896
309151.2755061189
309152.6591059767
309155.4263056923
309248.3396481428
309299.2653469088
309415.37243497564
309440.85834435624
318759.4633426107
318781.10284438665
318790.566667414
318793.7212750898
318796.87588276557
318801.60779427923
318804.76240195497
357293.2128661976
370141.3626536933
370146.4911971662
372862.0641900656
382145.9362198899
399653.9442524557
409804.2357372313
410404.12312757625
414873.865528186
428432.80284662853
428441.2428057611
428529.064500735
428530.5910725781
432391.1344558001
432408.9552219685
432423.06332851853
433907.8043359201
433907.8043359201
433931.13182952255
433932.8198213491
433933.66381726234
433934.5078131756
433941.25978048163
433942.1037763949
433945.4797600479
433948.85574370093
433954.7637150937
433957.2957028335
433958.1396987468
433959.8276905733
433960.6716864865
433969.1116456191
433969.9556415324
441517.5067018118
441524.52155309083
441526.8598368505
466899.81212507485
480830.83634127514
484913.34142568434
503672.769409632
503678.9125930007
503708.9367099148
503709.8222138238
505161.3199286421
520271.60936364013
520278.2091349618
520389.54280351923
520389.54280351923
520402.4287301948
520409.6326734545
527470.8345477198
527476.2305871652
527481.0270666722
551115.6752255557
552633.654913541
552642.6068046209
552643.8843284897
552646.439376227
552648.9944239644
552654.1045194392
552656.6595671766
552657.9370910453
552659.214614914
552661.7696626513
560770.6979172339
561504.5961778054
575730.3871197102
598926.8676516275
598932.2636910728
598973.5503108295
598973.5503108295
605476.5803304625
605493.1835287561
605494.8438485855
631501.4710356822
631513.7066704247
631517.2025660654
635609.7987054373
645376.8145816051
656939.3003212386
657247.0129296125
671718.0469463118
671829.3990628674
675931.7172972402
703559.033401766
706876.3247488221
707030.9835409267
710774.9494121302
724052.5501474879
724058.5411348722
747712.0293118192
770216.1610868946
770320.6689961535
770322.0618200103
770342.9541778631
770362.453711859
770363.8465357157
770368.0250072863
770422.7694416598
790095.9821156907
790102.7617549939
790104.6987947949
793381.4691140157
823838.7081276883
823851.6217263611
830059.6313603157
857568.9448449695
857622.0289595138
857622.0289595138
881716.3873951491
881725.5376022087
898694.2460822024
911093.9480957886
946753.9561027323
946761.0355220047
946839.8361459057
946839.8361459057
963757.9371551009
963764.6614504098
974475.6060455627
974529.8708319855
974553.2121615865
974631.5930935307
974635.2089011591
978470.9443389308
1005555.3773672528
1033221.5495677851
1033227.1762072069
1033269.5281988541
1033269.5281988541
1060193.0762357116
1060666.2673870781
1061483.7396910603
1061495.8554138148
1068790.544376083
1083502.167960055
1092287.888697078
1092332.8833644537
1092334.9495402412
1103249.5969304582
1103260.8963292968
1144351.9626940484
1144356.9989975307
1144358.2580734014
1144360.7762251426
1144362.0353010132
1144363.2943768837
1144367.0716044954
1144369.5897562366
1144370.8488321074
1144406.8501004071
1144406.8501004071
1144408.242924264
1144509.7069138356
1144521.8825925842
1144697.175470568
1144698.5821304235
1146460.416681346
1148128.44316191
1161200.4363463996
1161204.324262
1171277.7060426802
1172052.0884350908
1172054.7449468179
1172073.3405289066
1176980.000704611
1189874.132127381
