6055.81364959693
48416.03771590722
48430.34875043638
204642.29165132003
227055.05971578552
311114.9265442992
317585.8293752342
318080.5908483837
318080.5908483837
332771.28056650725
339341.3690592482
346999.88944012247
348010.968872206
348762.9461709194
348834.66276354855
348834.66276354855
348843.6008186299
348859.0417930429
385109.92534325767
436584.1430488519
451774.75506759464
467105.4150639434
514561.5619305061
561259.4776269982
575981.911737859
584469.1530895592
585366.0301893802
585386.1200593155
585393.0103866073
585406.3529012359
585437.8897539946
592077.8177555576
606304.6694573534
614415.2810917628
614485.7755045175
615537.0669604681
615557.4335503748
615589.8190110463
615618.846936063
615678.849049896
615750.9161544893
616436.9049639847
616437.7812438947
616456.127778009
631437.7700982292
636003.4282529809
657415.0188483453
681492.0822857582
681496.3161013231
681497.727373178
681500.5499168879
681516.0739072924
682545.444529496
687622.9562276406
687882.0260770139
724036.5741811299
750814.2262249823
779634.749622873
870909.9052298153
925364.6091810819
948735.0312751217
1150211.7433037932
1200620.6121788814
1201992.7650538546
1203223.417171371
1203224.8053832282
1203275.454362023
1204288.9689298559
