703390.4371470939
703391.1520070204
709589.0936460098
709624.7351783466
710523.5216459715
710530.190597286
710662.4396836937
710662.4396836937
721606.6822748688
721748.0861803356
721750.4659720911
721761.1750349904
723976.4152593128
723980.4645948968
723982.4892626887
727307.4042449612
727755.6490908917
732270.8381348305
732279.1904659721
732320.5877737174
732321.8053415922
732323.0229094671
732361.3071175324
735622.2444423804
740667.2922758616
740673.6568352075
740675.247975044
740678.4302547169
740678.4302547169
740723.632462071
740724.9883899317
740726.3443177923
746860.0776993808
746865.6812788049
756303.907708765
757968.5443696774
763988.6380829455
764007.3766370196
764015.0925122265
764152.8898340641
764152.8898340641
772713.2913342451
772738.3022076746
772755.2005739377
772761.5374612865
772768.9304965266
781077.8166025578
781092.4827610505
781097.3714805479
781098.3492244475
781101.282456146
781101.7713280958
781105.6823036938
781106.1711756436
781161.0539700027
781167.5292173373
781168.2486892632
781171.1265769675
781194.4725185682
781194.4725185682
781195.7085344411
781688.1824558256
781692.6238113692
781815.9901866899
790229.2273939961
790232.234417687
790235.241441378
790235.9931973007
790237.4967091462
798243.7526302809
798247.4606778999
798249.9880536401
798252.5154293803
798253.7791172505
798256.3064929907
798257.5701808608
798260.097556601
798311.908759276
798313.1724471461
798432.22660291
798773.3669838484
798775.8851355895
798778.4032873308
798779.6623632014
798780.9214390719
798782.1805149425
801737.6512751859
801786.5061861647
801796.1360411749
801966.0882237075
801975.9025586989
802053.5870787146
802150.3376047709
802175.9803221354
802630.8433873855
802630.8433873855
802633.951875066
802640.168850427
802697.5421245304
802697.5421245304
802703.4454839237
802752.5171588801
802752.5171588801
802755.3212545919
802756.7233024478
802762.3314938714
802828.2277430987
802828.2277430987
802829.6297909546
802836.3633102627
802895.3046642048
802896.6144720702
802897.9242799355
802948.047490784
802973.9023601267
803561.0237357836
807922.2780715436
810814.5321542842
817915.2404164892
822895.8078845976
825271.5087964282
825275.8394639831
825631.7428554042
825631.7428554042
825633.1356792611
826503.8904137668
826554.3825845774
830677.3164568313
831346.6144400424
831348.3716118619
831360.6718145977
846661.5013980124
854268.090664224
854282.2033827736
854283.6146546284
854299.138645033
854309.0175480177
854311.8400917276
854314.6626354374
854317.4851791473
854320.3077228572
854328.775353987
854331.5978976969
854340.0655288266
854349.9444318113
854349.9444318113
854704.2566833958
854704.2566833958
854720.7676416988
855122.6019363994
855806.8059020783
855831.959747493
855865.498208046
873202.5993741773
873206.1967338076
875912.720983637
875932.8108535722
875932.8108535722
881381.1319256059
883624.680603019
883627.1572467644
883628.8083425947
883631.2849863401
883691.503864151
883691.503864151
883693.0903919879
883762.0720688981
883762.0720688981
883763.3403687677
883836.136169286
883837.6489051306
883839.161640975
884012.701959139
884021.2157102639
884025.6247818108
884063.101889959
884110.1396731245
885040.9288054601
892300.9770392884
901280.7753283647
904636.2863154927
904639.3579071771
906373.9355409011
906518.9368059982
907441.2675312031
907878.5588782592
909397.4286821531
909428.2276149876
909438.4939259326
909460.7375996463
909476.6582220101
909708.2912862033
909709.8455300436
910831.6083387514
910840.57406583
910879.3609818436
918400.7112728158
925205.7534694087
929307.0893478824
933427.7495043701
971710.9244817105
990560.2680084169
999530.1920065081
999533.7063501469
999538.977865605
1000047.9904172899
1000049.3740171477
1000050.7576170055
1000124.6418494118
1000125.9562692767
1000127.2706891416
1000643.6901120652
1002675.2666792643
1015153.2343248065
1015398.1591716337
1071132.7391113574
1107214.9526149076
1107217.4154226545
1107219.8782304013
1107219.8782304013
1107222.3410381482
1107230.9608652622
1107233.423673009
1107237.1178846294
1107237.1178846294
1107239.5806923762
1107242.0435001233
1107243.2749039966
1107262.9773659718
1107262.9773659718
1107274.562708781
1107290.169715177
1176440.701152039
1197228.5049755147
1197248.262781484
1197321.196941988
1197321.196941988
1197323.2262217796
1199735.7170538292
1199896.316101323
