823278.5346652617
823336.267675328
824994.6043448879
824997.5191285883
825003.3486959891
825068.0458253397
825068.0458253397
825069.5954571804
827339.1004679258
827346.9869871152
827349.615826845
827590.0163021372
827591.399901995
834846.6285963188
846630.5225971963
854729.6595767849
854734.105544328
854737.4400199853
864137.9172338252
867193.6713117616
867210.2007180627
867210.6711420144
867212.552837821
867216.7866533858
867253.562737606
867253.562737606
867263.0265606333
867266.9698202282
873067.8367480279
873185.332047952
876827.1052336587
882285.1576246921
883360.02101022
883425.3822675025
883431.2764028966
884578.2437890138
885191.5290379818
885197.1003334092
892285.2086129091
906390.1236592373
906396.5989065719
906399.8365302391
908989.1145281187
909104.5713242524
909104.5713242524
909939.6660784233
909984.7345377911
910654.433764961
910654.433764961
916139.3003212386
917522.6649670594
925170.8867529922
926064.6738131308
971713.3596174603
974306.004374994
990876.346783931
1002735.2180611026
1127536.783066275
1127543.9685615364
1127547.515189172
1127548.5575010648
1131511.42731777
