2399.775549356402
10829.537550964196
11036.957617646021
16415.305432871388
16832.128726031217
18163.511525194644
71299.25279202125
93899.96906116985
93907.19145242755
93914.55220367102
93914.9396116312
166157.14337873802
200771.70794513
237677.60611602382
237739.4115216716
237739.4115216716
238688.99455207557
257781.2567058153
257878.58834381177
258471.8621268364
258484.5820215291
260709.60890884575
282720.4504386204
282870.16516723303
282877.1754065125
301372.5387456002
309049.2027326097
309282.0672006764
310118.35185072495
310136.0158089095
310136.0158089095
310137.78220472793
310143.8423721051
310145.86242789746
310147.8824836899
310149.9025394822
310155.9627068594
310157.98276265175
310162.0228742365
310164.0429300289
310170.10309740604
310192.32371112227
310194.3437669147
310198.38387849944
310202.4239900842
310206.464101669
310212.5242690461
310212.5242690461
310218.58443642326
310222.624548008
310226.6646595928
310252.9253848938
310254.94544068613
310277.5257903654
310279.3798141749
310281.2338379843
310284.94188560324
310286.79590941267
310290.5039570316
310292.357980841
310296.0660284599
310299.7740760788
310307.1901713166
310309.04419512604
310484.2356091202
310484.2356091202
339372.14032008563
367034.7428329848
367283.32499543607
367284.46415931894
367294.71663426526
367295.85579814814
367296.9949620311
367298.134125914
367299.2732897969
367301.5792895599
367302.7322894414
367303.8852893229
367306.1912890859
367307.3442889674
367308.49728884886
367310.8032886119
367311.95628849335
367313.10928837484
367314.2622882564
367315.41528813785
367318.87428778235
367320.02728766383
367321.1802875454
367322.33328742685
367780.51699233573
373909.4677304158
382142.6985962226
396010.55225491547
396042.34737964766
396116.4299280336
396116.4299280336
408980.5741298854
408985.0431574261
408988.0225091199
410386.64826137223
414750.9326808208
414796.84513610206
414804.12287135405
417425.1222019735
424849.7035188916
424867.21066909225
424918.9988117696
424918.9988117696
431921.11174810794
431930.1512671789
431988.23017720965
431988.23017720965
431993.5800966598
431994.6500805498
432018.7385540741
432184.7751490092
432184.7751490092
432192.9752841664
464854.54714328266
520583.52811558184
520594.4585544584
520597.0089901963
520601.08599777723
520608.64045300084
520609.8026768814
520612.1271246425
561351.3671055539
561367.4722078986
561369.2616637148
561372.840575347
561376.4194869791
561378.2089427952
561382.0737983979
561385.9386540008
561389.8035096035
561391.7359374049
561393.6683652063
561397.5332208091
561401.3980764118
561405.2629320147
596803.0695419068
635708.8460072575
658796.506410359
781009.7896095493
781022.8876882031
781079.2832184071
781079.7720903568
781875.8770005349
781878.2752402885
781879.4282401699
825441.8391629221
892018.1184963601
892044.5314176454
892088.290069148
892088.290069148
903231.4205278818
903246.7784863033
903246.7784863033
903248.484926128
903251.8978057771
903253.6042456018
903255.3106854263
903255.3106854263
903258.7235650757
903260.4300049002
903262.1364447249
903265.5493243741
903265.5493243741
903267.2557641987
903270.6686438479
903270.6686438479
903274.0815234971
903275.7879633218
903277.4944031464
903279.200842971
903282.6137226203
911571.4745267096
991828.245038097
991854.6994673781
1176519.3449679562
1176533.047218548
1176543.5395174695
1176547.7364370383
