14000.591617050306
14024.841510557957
18433.25815347069
18435.3888972517
18437.519641032708
18440.715756704216
18444.977244266232
18449.238731828245
18454.565591280763
18459.892450733278
27923.81233005262
48023.38591226311
48111.54889520191
63020.24321891945
106048.62149255835
121521.75076626451
126142.02421940307
183796.48732180547
183801.55590928454
183803.41915709304
183805.28240490155
193640.97556601086
223606.47857822303
223616.6065291821
225213.36378107095
226819.53873599187
228680.20843675637
228819.66146642368
238800.6418366007
245317.50785481167
245322.14752633485
259080.43391228875
281567.5704691108
289239.23966063367
289304.04747797287
289313.0962210429
289316.11246873287
289317.6205925779
309192.78350185277
309456.4330667555
310521.50978928927
310527.72215265076
310538.0760915866
310542.21766716096
310550.5008183096
310554.64239388396
310558.7839694583
310564.9963328198
310567.067120607
310696.4521553091
310699.90193095454
310703.3517066
361301.87983819563
381823.336077046
389038.0483555339
476785.8729330075
476797.5505158073
576038.0305480913
658995.2374699339
751011.7673886794
830258.6990958559
889165.1355895832
892878.8559678954
892903.3918053736
894216.6771183971
894219.3705261203
900569.6787934498
901258.5224306518
910999.7433934709
964936.653545955
971123.2819501071
983658.5398537612
1133472.970672167
1133486.46538278
1154931.2208667356
1190504.8922425527
