56776.877996598654
56785.69613969234
59312.22327202149
59314.335567804395
87994.94934807465
149441.18169676742
156517.90756143729
156521.0344971159
156522.07680900878
156523.11912090165
156524.16143279453
156525.2037446874
156525.2037446874
156527.28836847315
156527.28836847315
156528.33068036602
156530.41530415177
156531.45761604464
156532.49992793752
156533.5422398304
164638.94692677492
315498.42916577257
315524.92971504893
315531.04522642033
315533.08373021084
315535.12223400135
315551.43026432523
315569.7767984396
315646.50202255393
348505.2091894091
348548.0638890045
348623.3501692668
348661.51907734387
348686.8297307425
348730.2470942802
348730.7359662299
503951.97986093536
680871.9436054947
680886.0932200404
680908.9871856874
680908.9871856874
680949.3883015352
680980.4870143388
680982.4286661393
681003.786835944
681005.7284877446
681009.6117913454
681011.5534431458
681013.4950949464
681042.6198719529
681056.211434556
681094.1451306572
681100.2883140258
681132.5400267112
681146.3621892906
681149.4337809748
694420.0796210474
702401.0710087788
702411.0237037558
729905.2651739588
729976.6865986183
745527.7217683175
745543.1258467343
745580.2063229233
745581.7836267612
757513.9441884002
757566.1750830321
757775.9657174702
757777.6721572948
818128.6007385604
818137.4926736465
818138.6041655324
818198.610891365
818198.610891365
819257.341502551
821132.1193098655
821160.4231509565
821162.0880827854
821168.6325101127
821290.7951535571
821290.7951535571
823771.1100506359
823803.5416313027
823804.8929471638
824041.7744668176
824043.1350066777
920574.983105349
