758558.6589330267
758575.9862152459
760390.7803567253
760853.4607611721
760922.9866540263
760944.1557318507
761037.7931582269
761038.881590115
761047.58904522
762182.6666965592
762187.417056071
762354.8510868625
762354.8510868625
777415.1602829974
777468.0045735661
777627.5566971678
777627.5566971678
780770.3807141554
780999.9660505591
789152.7267486363
789154.5807724458
789155.1987803823
789157.0528041917
789376.3349336544
789376.3349336544
795192.1585759171
795349.0126797959
795366.261558023
795696.2962441029
799866.4662155021
800617.3181863311
800618.3374382263
801325.721313523
801334.8346245864
801887.4121237937
801888.5420636777
801945.232761851
802178.5445938718
807264.6299991353
814973.3566068495
814982.6543978938
814990.7530690614
814996.8270724372
815000.876408021
815008.9750791886
815010.9997469805
815015.0490825643
815017.0737503562
815130.2153227279
819185.8647338973
824437.8991061049
835208.4122871354
835374.1952220965
835374.1952220965
838156.406996147
838476.2814472711
838487.8160580856
845766.2984540194
845775.0566411192
845913.7210188676
845914.5419547833
850715.9470773055
867062.1001892842
867506.6600475933
867536.4120565354
870737.6701075172
875385.2004778543
875389.0007654638
875394.4290889059
875399.3685403982
875407.836171528
875410.6587152379
882398.3914370541
882413.0160875511
882424.7351783466
882432.1927815801
884840.9755660108
885148.1854664364
895476.804524884
898379.9659865035
898393.2485451384
898418.9004865019
898428.5211175131
898429.8954933718
898456.008634688
898468.3780174167
898480.7474001454
899014.0144573373
899442.9857572487
905490.0227717477
905770.6860029018
905770.6860029018
913552.1069471445
913841.7866373719
926821.4614273498
926823.9657430925
926829.8091464918
940378.5308859843
940412.8995064519
940560.9631392343
940714.6626354374
940714.6626354374
943764.3842179939
943768.7287215474
943768.7287215474
943770.1768893985
943773.0732251009
943773.0732251009
943774.5213929521
943777.4177286543
943778.8658965055
943781.7622322078
943783.210400059
943784.6585679101
943786.1067357613
943786.1067357613
946254.7624980384
952764.7796969531
952785.5060228229
952796.4825816948
952809.7513043311
952810.5630162477
952812.1864400809
957686.0506871559
957686.507275109
957688.997754853
958154.5237630073
958190.1652953441
960546.5880491562
960562.5686275138
961435.0943698375
961462.3789590333
961474.6929977676
968517.7282059002
969001.9927681285
969339.3328614575
971471.8107542861
971492.3987201701
971497.5457116412
971497.5457116412
985703.6019075742
990678.3444202814
993831.6100041956
993860.5825852179
993903.8154687745
993977.358413216
994038.4397349381
994047.1656380413
994058.0730169202
994068.9803957993
994082.069250454
994088.6136777813
996305.35280195
996310.887201381
1003758.2287359599
1005698.9166285002
1005928.7510128784
1022303.6830018993
1047405.9385899452
1047413.8158851356
1050662.8173552104
1050827.0460463315
1050828.1483142183
1052056.4944319713
1052459.260350576
1052572.466490941
1063998.787556569
1064774.318336862
1075744.4619173747
1107760.8150428052
1110564.0621466937
1110567.562654334
1110571.063161974
1115301.2820718125
1118543.8728625462
1118549.9791499188
1164530.1478081793
1164548.0792623363
1164966.7289073085
1165072.5466244328
1165074.1239282705
1180578.015238815
1180803.735719616
1186568.6567231105
1186571.6360748042
1186583.5534815793
1195795.3537948108
