146110.35874310203
146135.26354054236
146272.9501743912
147489.81702532436
147492.60267303805
149172.12686842028
149186.40100695324
150096.59294940572
150098.07801325308
150101.04814094782
150180.70659676072
155258.55497087073
155428.77926137546
156039.58786659793
156039.58786659793
156138.27543245503
156206.4684574463
156323.93147337373
156323.93147337373
156563.51101275027
156860.51455822488
156866.6715775921
156866.6715775921
156867.90298146554
156870.3657892124
156872.8285969593
157841.68056138282
157942.53576701717
157944.98935076498
157969.52518824325
158014.76890359318
158039.64602903638
158203.3904602071
158203.3904602071
158230.9148733782
158295.99941068894
158302.58534601206
158306.9759695608
158320.147840207
158361.85876392006
158374.2558186459
159249.1613527251
159250.61413257578
159250.61413257578
159252.06691242647
159256.42525197854
159257.87803182923
160991.43180165841
161061.78785442736
161065.897146005
161071.3762014419
161076.85525687877
161100.1412424855
161120.52628039033
163933.19569931045
164215.5100262948
182033.5689509943
182041.63995016477
182042.79295004628
182047.40494957226
182047.98144951303
182176.0336163521
182176.0336163521
182293.1046123198
182293.1046123198
182294.42364418422
182295.08316011645
182431.78282606674
182432.2348020203
184276.5595764647
184319.72328002844
184342.83862165269
184345.31065339863
184352.7267486364
184364.45506343103
184368.68426699637
188730.3629067127
189032.19982769055
189135.19500110496
189158.31956672829
189168.69195366223
189187.84097569413
189195.8197348741
190207.51256289455
190218.06481781002
190222.0219134033
190227.29804086103
194769.61025401228
194839.16843086324
194852.56167748672
194865.8165641244
194866.88654801444
194867.95653190446
194877.5863869147
194878.65637080476
194878.65637080476
194880.79633858483
194888.286225815
196636.84283010225
208954.8478840851
209811.19934407118
212314.47738678983
212846.36084412402
212870.74909761746
213732.15992108357
213733.90786890392
217704.21684084437
219218.6452891948
229862.2408552697
233683.54073452498
243517.86413177507
247410.79758766803
259535.2554695432
259570.20520195115
259916.22046638845
259916.22046638845
266353.7093607576
276498.8031220674
277154.32967469393
277884.5014396485
278059.84966162656
278769.2489807161
278786.3502749585
278855.2258758795
279280.73817614635
286733.08373021084
286750.60010441055
294489.69211700384
294505.3406313955
294793.39228579024
294794.8358416419
295446.16547469964
295446.16547469964
295450.31627427303
295911.350194889
296303.72066656203
296958.6891672458
306705.23698951735
306836.26389605063
306846.38723501016
313907.09562532627
348387.6769934888
348389.8907532612
348411.8899910002
348421.02175006166
348423.304689827
348433.19742881024
348438.4966162656
348439.96323211485
348440.6965400395
348458.2959302307
348459.0292381553
348461.9624698538
348463.4290857031
348466.3623174016
348471.4954728741
348476.6286283465
374848.609193893
391740.0297858303
399006.49331099936
446575.39434197336
463876.4804038062
486344.66625457595
503892.5127390473
503899.2923783505
503901.48769012484
503902.585346012
503904.7806577864
503905.8783136736
503908.073625448
503909.1712813352
503910.26893722237
503912.4642489967
503913.5619048839
503913.5619048839
587494.2419826473
758503.780750667
803160.8728209103
804373.1368963165
804374.8848441369
891842.2721784331
957718.6898078014
957736.731949947
957740.0525896057
957741.3808454692
957748.6862527183
957755.4382200245
957759.9026355656
957763.5553391902
957765.9904749399
957769.6431785645
957774.1075941056
970753.8469520769
1151725.5214602102
1151789.3238616528
