212846.36084412402
235043.92378670783
239978.0345835909
239981.39673124533
240153.3274615747
240154.6603294377
243201.4071722998
257426.26187830087
260179.20129135987
260191.34007411226
260220.6816150966
260221.4425950184
264622.28633470944
307185.6228601443
313797.71744456794
313807.757767536
314609.1065211752
314621.2268559295
314625.26696751424
314631.3271348914
315370.37238693394
315731.7041017971
315749.73701994366
317695.75177193666
317697.25989578164
339883.5926195196
341582.57022890245
341801.41883040976
346732.1167476435
347283.0477630201
347365.5195385438
347613.7834730278
347802.2482216578
347810.38378882164
348283.4642521995
348293.42617117567
348295.4185549709
348300.0674504931
348341.3863542464
348407.32411146944
348416.4558705309
349407.6852566546
352533.18660342245
352533.75849136367
352534.1874073196
352534.6163232755
352534.9022672461
352535.18821121677
352535.33118320204
352535.760099158
352536.18901511387
352536.4749590845
352536.9038750404
366952.0266214862
366955.5686371221
366956.7493090008
366956.7493090008
366959.1106527581
366960.2913246367
366961.4719965154
366962.65266839403
366963.8333402727
366965.01401215134
366967.37535590865
366967.37535590865
366968.55602778733
367067.1882496501
367067.1882496501
374859.1245528122
384387.26652553095
384414.0161227817
384442.9056878125
384953.1773153679
384953.1773153679
391815.46365007735
391824.5031691483
391829.6686086174
392474.0110623933
392475.3485422558
392492.7357804688
399204.57407864096
424915.6366641151
424963.2048272262
426231.5000848736
426231.5000848736
427728.0524230613
428397.6363502429
428592.58095820696
463253.76361580763
476236.7867174414
476260.86135496706
476262.46633080207
476265.5840424816
476276.49603336013
476293.64344759774
476298.3200151171
476301.43772679666
476302.99658263644
476382.98710241524
510529.4613889164
510610.00996063784
511115.09770072607
511123.45464386715
566009.9432147559
566107.5976927191
573821.2268559295
575579.5424512137
606199.0915642044
617614.4868029556
617620.0073663882
617620.7960183071
656004.4295693225
674418.8154207328
694425.7247084673
694434.1923395969
694450.5741619132
694451.072257862
694457.0494092477
694460.0379849406
694464.022752531
759357.5402669194
777742.6030253436
777791.8038362869
777864.1292128534
777864.1292128534
783464.341877276
801906.6211018196
819271.7862850664
867449.2498774937
870104.2211966217
895489.6720035615
895511.1178013574
909930.8110393333
909966.074387709
910589.1278516729
910590.7651115047
952789.3478184281
961272.29078657
961276.6629621207
994500.3637714627
994513.203578143
994598.2672974003
994598.2672974003
1020299.3495159001
1118680.793904474
