229806.60169298816
232954.3421014704
232960.19472886887
232992.4418295546
247400.36985673977
249654.06032111048
256479.89802356603
256483.46771119913
258853.51892361054
276496.0820423471
277147.0611634409
277787.88004957896
277843.84205182735
278965.87696850713
283057.1356280166
283150.50094642077
283150.50094642077
286713.62109221116
296155.9983217446
296266.446486393
296984.05516463873
297068.390187971
297068.390187971
306948.1602285502
313348.19507476885
314393.45864733896
314411.4454454903
314417.4410448741
314420.438844566
347170.9023825461
348383.987393868
348401.2362720952
348417.9778303745
398977.11487401876
415119.25157496583
415133.7101934798
415142.91113253415
441474.3107142514
441476.1232300651
441479.9142936755
444761.19976043224
444790.8272453872
444792.40454922506
444792.40454922506
477842.74952038407
560299.3607896768
560405.169282802
560436.3463995977
560436.3463995977
656239.5308571594
680239.4816624977
680246.2889737982
680253.0962850985
680254.2308369819
686021.5085722338
686031.2583392317
686117.6503143526
686117.6503143526
692445.5165919886
692487.0614837187
694418.6683491925
694420.5500449991
694426.1951324189
702099.6491677582
772814.8660118054
772890.4428480378
772902.6554227826
773404.6623471875
773404.6623471875
798115.1885314945
803168.016808176
804184.2247837324
804186.0096275491
919197.9553468769
919203.9509462606
919419.2068001371
919419.2068001371
919433.3471906838
919435.3672464761
919437.3873022685
919437.3873022685
919441.4274138534
952780.017743387
958176.1632647832
1005535.5088732949
