9323.802721720276
9390.851970829102
9450.748008673121
9501.678319438617
9705.3995625006
9705.953002443719
9730.30435994094
28519.258364854002
35025.05558420262
47091.19934407118
47100.81997508239
47126.93311639854
47813.83510180028
47820.40258912529
53235.88622453392
53838.95128255223
55092.22525774352
66901.33306002966
66906.90435545705
67008.77881298661
67095.83030403966
67110.0352625797
67324.00436858844
74137.74479628734
74141.10233194225
74141.94171585598
74143.62048368345
74144.45986759718
74145.2992515109
74146.97801933836
74146.97801933836
74147.81740325209
74148.65678716582
74149.49617107956
74150.33555499329
76144.00148608873
87534.82860336483
106325.94102405607
106340.5518385544
150986.96712989506
151052.55898715366
151877.61341835643
151877.61341835643
153399.07516598393
153448.80635687266
153746.66312225963
155958.684170913
162374.68575949062
163339.00874037968
163632.98681416526
164837.54885036303
164837.54885036303
175019.68157986607
179324.61878941418
186345.22584385177
186682.0263332362
186685.4161528878
187319.91198767573
187336.65354595505
187340.00185761094
187347.81458480796
187351.16289646382
187358.97562366084
187360.09172754615
187364.5561430873
187367.90445474317
187373.29127018948
187373.29127018948
187378.54894964912
187382.7550932168
187385.9097008926
187392.21891624416
187396.42505981185
187406.9404187311
187413.24963408266
187418.5073135423
187421.66192121807
187425.86806478575
187435.80231176477
187446.09629470677
187451.24328617778
187457.67702551655
187458.96377338428
187469.2577563263
187476.9782435328
187482.1252350038
187487.2722264748
187492.4192179458
187494.9927136813
187500.1397051523
187509.14694022658
187524.7539466225
187528.57268223003
187534.3007856413
187564.85067050147
196533.69546070354
224148.43003052246
224644.63505952363
226231.6748284112
226248.46250668578
227816.5884655173
234766.7979591902
234779.43483789143
234964.33912288738
234965.5474667632
234980.0475932729
234987.29765652775
234990.92268815517
234990.92268815517
236118.99010021493
239089.44063491863
239151.81331650808
239594.00260706086
239604.5548619763
242636.70472633868
242818.26069967877
247938.53485742834
250379.46327855517
253948.25618376254
254543.87286254638
262468.2704040944
266260.70377831656
266263.91372998664
266268.3596975297
266269.43890541873
272619.5073487729
272623.5290123595
272637.60483491287
272637.60483491287
272640.6210826028
272640.6210826028
292644.3757626614
319825.1257890843
319876.0238158531
321082.92874781013
321092.0881788687
322138.2972113417
325806.6816343133
327121.26753120305
327125.5290187651
327125.5290187651
327128.37001047307
327131.2110021811
327132.6314980351
327134.0519938891
327135.47248974314
327136.89298559714
331116.85487254546
350906.2899346313
350910.2101342284
363227.48649228615
363233.9110076258
363242.17109877686
363306.0934122071
394042.3768452002
498640.20164686814
512429.0748136784
549889.6720035615
577038.6914732456
577973.2163251971
577982.6801482245
578569.9491078664
578939.527077882
584662.6034096769
585277.6550544633
585515.1084620582
586080.4842599502
586086.1662433662
610816.0305416858
610908.9484961359
614691.4937433742
617216.4943038602
618844.6823325187
647535.7884117106
694140.509433781
746592.9460748361
752482.653949505
753427.1730044294
753432.0063799327
762239.9569546711
763327.7662228685
769077.0156519733
783562.6789311691
788986.1505497567
854976.0418154624
855207.4996236737
973253.3431551842
