733091.4742704873
733094.6288781632
735481.1726008795
740530.4081299303
740563.9834864795
740970.09771674
745806.3234356834
745817.798090504
750286.4474472263
751196.9945136423
759202.2357948812
759795.8554778704
763265.8132332359
765218.62607253
765221.9190401917
765321.1969419881
765321.1969419881
765988.7377533797
769057.0456940259
775896.4288390892
776202.2874236538
804457.4165756544
810723.5189556383
810730.2524749463
810736.9859942542
812549.178968001
818093.032998216
824284.6654218538
824286.2565616902
824297.3945405455
824389.1456591155
824390.7183509539
824398.5818101458
826779.3928174513
826805.7503947424
826839.9806552242
826855.0480576756
826861.7446809873
832193.4144490102
832247.7115194297
832270.2365251146
833037.3873022685
833037.3873022685
849378.2273907933
989687.7330420942
1111361.6382847205
1111403.3492084334
1111419.7356427494
1111618.5404943167
1111736.2018262236
1111915.1981398268
1111918.698647467
1111919.865483347
1111921.0323192272
1111923.3659909873
1111923.3659909873
1111925.6996627476
1111957.909867437
1112604.9826249322
1117209.150975726
1180330.480000256
1187194.8140627553
