60903.49224447441
60951.945911494455
60951.945911494455
65593.20396247627
66862.3339920379
67090.75710456107
67367.9890080678
89039.71482469597
89071.0948694708
144735.14350044358
144823.4817393644
144823.4817393644
155969.19952983226
158527.7662228685
207238.14174852436
236001.94216424486
236042.97512402758
280434.7065775441
351471.56426853366
351506.93830489804
361910.84364360775
363279.78656691086
390467.61601260613
393064.9465616583
395911.8416290607
403466.76727658225
434669.35153365
437814.78594236926
437822.82926954253
449230.44406509324
454843.012276246
455059.1075140362
459822.7634204382
469563.2510753325
469606.71917086496
469609.87839054025
469612.7193822483
469615.5603739563
469618.40136566426
469622.6628532263
469625.50384493434
469626.92434078833
469629.7653324963
469631.1858283503
469676.64169567847
469678.06219153246
478453.2675696364
478544.8388202249
478549.83361571154
478554.74539520673
478558.01991487015
478559.6571747019
479199.7196929177
479266.60752204317
479288.39921980345
479419.3800063415
479741.5927412252
480245.6658414177
480248.4607131304
480249.3923370347
480251.25558484317
480253.1188326517
480292.30238062446
495779.3137729039
524407.5260145598
524413.6092419346
539858.8451425077
541859.0739489285
714343.1289214006
727806.2058296954
733436.3226990446
733567.4602935666
770165.309180121
784701.3908381349
784710.5272091958
788675.9244016411
789322.0240272364
790947.4771401759
798122.7153147209
798135.9609773596
823559.4100483939
823610.0590271883
823657.9361942677
823657.9361942677
823666.4222733955
826796.9645356453
828878.535177706
833760.7794279199
848007.564191667
849096.3050837687
849148.6697263868
849194.1809377092
849195.0387696209
849303.4853264751
849317.7917490047
849831.6053921961
856777.7747742842
863036.055203072
863185.5024357123
863318.7707740152
863318.7707740152
900115.5767081212
913746.9869871152
914315.7848886554
928099.5248999932
928186.8992310131
928194.6197182196
951218.1733279099
970843.7025388416
970857.3909534347
980214.4185197403
980395.9468210833
996025.9809306631
