28543.75730633605
67281.55091295172
87207.91624096417
179344.16905540484
188730.3629067127
250496.6772465082
250873.482219781
250880.92598701594
253875.18827527232
254458.28798734263
262423.3725887089
266207.79491975444
266211.11555941316
296984.05516463873
316707.67699348874
316794.3825845773
317731.5593362564
317741.3552232496
319801.2586915373
320070.0460239119
320099.21692091384
325824.26257650636
331360.073279548
363196.936607426
363208.54039823334
363225.6509164748
363229.3220680975
363231.1576439088
363235.7465834372
363238.4999471542
363244.00667458825
363247.6778262109
387811.14118163276
387813.63166137674
387814.87690124876
387816.1221411208
399598.0514302002
399598.0514302002
399602.68648972386
549872.5153653248
575991.2648728978
576013.0888546547
576918.4981535987
576929.9266884242
585233.3337390185
591363.1884290056
610828.7688843765
617241.0532013362
617255.7931518212
617266.1978227518
617268.7989904846
617274.8683818608
617280.070717326
617282.6718850587
617284.4059968805
617286.1401087022
617289.6083323458
617293.0765559893
617298.8876753921
617301.7932350935
617316.3210336004
617323.1006729035
617328.9117923062
617330.8488321071
620728.0015629554
623042.261417101
769194.9352558539
769621.0563400581
776127.2040713707
789010.6587152379
789586.5867680452
789912.7934945184
789916.9073980956
835071.8371451723
877186.0756047644
927188.7057256053
