78673.46646211595
196368.14773771816
201434.4107690189
203765.20464146507
209829.61505817846
287960.65042004426
288056.7737141649
288056.7737141649
300987.83341713937
300991.7905127327
301003.66179951257
301003.66179951257
301012.6090785929
301144.65984902106
327605.3245534528
327613.73684058816
359027.5506759462
369312.05134692806
369372.4270327228
369396.164994283
369397.2949341669
369432.32307056675
450853.74798625364
458199.2704072972
524087.6469514363
610850.4821781449
610882.7200548316
610887.2859343623
610890.7034260111
765980.7128742045
797040.1176059879
797148.6056708377
797148.6056708377
807509.1951099994
807669.3744655366
810935.5002898513
810942.3491091474
810945.0886368658
810946.458400725
810947.8281645844
810949.1979284436
810951.937456162
810951.937456162
810953.3072200211
810956.0467477397
810957.4165115989
810958.786275458
810960.1560393173
810960.1560393173
876218.3166842286
901753.8742397408
901874.5702673359
901875.8062832089
902888.4722431293
902895.3072264268
911067.8349544725
969670.0870194633
971035.1005191702
972668.5969592831
973404.0079556992
973413.2411787502
973489.0855109551
973490.3722588228
979339.6513456469
979418.1521895787
979418.1521895787
980959.9851391127
980961.1750349904
980962.3649308681
980965.9346185012
980969.5043061343
980982.4409648046
980987.0483523312
980988.5841481732
987506.4878662777
987517.55666514
987518.9402649978
996652.9130862283
996656.7871658301
996676.1575638393
996676.1575638393
996678.7402835739
1024270.258047779
1024272.4256875562
1024275.677147222
1024276.7609671106
1024277.8447869993
1024278.9286068878
1024280.0124267765
1024283.2638864423
1024283.2638864423
1024284.3477063309
1024285.4315262195
1024286.5153461081
1024286.5153461081
1024287.5991659967
1024287.5991659967
1024288.6829858853
1024289.766805774
1024290.9474776526
1024290.9474776526
1024292.1281495312
1024292.1281495312
1024293.3088214099
1024294.4894932886
1054219.3838496744
1054572.2986654027
1054572.2986654027
1054595.5846510094
1054596.825278882
1054599.306534627
1054600.5471624993
1054603.0284182443
1054605.5096739894
1054607.9909297344
1054614.1940690968
1054619.1565805867
1054620.3972084592
1054624.1190920768
1054625.3597199493
1054629.0816035667
1054630.3222314392
1054632.8034871842
1054634.0441150567
1054636.5253708016
1054639.0066265466
1054640.2472544191
1054645.209765909
1054646.4503937815
1054647.691021654
1054647.691021654
1054648.9316495266
1054651.4129052714
1054651.4129052714
1054652.653533144
1054653.8941610164
1054653.8941610164
1054655.134788889
1054656.3754167615
1054656.3754167615
1054658.8566725065
1054660.0973003788
1054660.0973003788
1054661.3379282514
1054662.578556124
1054663.8191839964
1054665.059811869
1054666.3004397415
1054671.1245912455
1054683.2495379993
1054685.4540737728
1054688.760877433
1054688.760877433
1054689.8631453195
1054692.067681093
1054693.1699489797
1054693.1699489797
1054694.2722168665
1054696.47675264
1054697.5790205265
1054697.5790205265
1054698.6812884132
1054698.6812884132
1054700.8858241867
1054701.9880920735
1054704.192627847
1054707.499431507
1056760.4480045093
1056766.1484359235
1056770.8987954352
1070055.154646109
1111872.3019322355
1111877.4489237065
1163906.9329242317
1171335.531292737
1204653.0217244395
