30976.278052326983
31020.57169577458
43897.48191231436
43899.202188137555
43900.92246396075
55903.77575433416
56347.35325674425
56369.77679843961
67304.89224255274
67309.3382100958
67374.65334738286
67552.1230891429
67663.43830970216
67666.27930141018
67680.48425995022
67681.90475580422
67683.32525165823
67686.16624336624
67687.58673922025
67690.42773092825
67691.84822678225
71050.25093761309
71066.26379996733
80578.30989434036
80585.44926960659
80586.63916548429
80587.829061362
80590.20885311741
80594.96843662823
80596.15833250593
80597.34822838363
80598.53812426135
80599.72802013905
80600.91791601676
174782.5141162416
174842.124210115
175162.32611320537
175162.32611320537
175335.17001944088
176559.98795755682
176561.51914139945
176565.60537297945
176566.26950091118
176566.93362884293
179306.08777531877
188472.05864926064
188483.390332096
188488.2559915959
188488.2559915959
188489.2291234959
188496.04104679578
188498.96044249574
188500.9067062957
188501.8798381957
188504.79923389564
188507.7186295956
188508.69176149557
188510.63802529554
188511.61115719553
188686.67804720253
188686.67804720253
188700.84610974637
189434.24627436913
494892.76755202113
585870.333889549
585878.4694567128
585883.8931681555
643363.8474324935
643411.5862395869
644043.3656066541
644043.3656066541
646776.7224697256
728522.2187561053
743678.5590063704
746463.9069400985
786865.4148077213
786869.8423272662
809406.7331349747
830602.2976725417
