54090.0700447428
67030.61201874264
70262.13401061401
70265.42697827557
70267.62229004994
70270.91525771149
70273.11056948587
165203.51101275027
165217.82665927894
165259.5744789882
165260.37696690572
165279.63667692625
165291.67399568908
165291.67399568908
165311.23809767832
165387.2991938609
165388.67356971966
165410.66358345957
165453.80422702566
165454.99412290336
165470.46276931354
165495.45058274534
165495.45058274534
165519.2761722966
165794.21130003937
165795.35968792136
165823.71426100715
165825.94646877772
165828.1786765483
165829.29478043359
165830.41088431887
165832.64309208945
165833.75919597474
168377.0417225818
168827.81394425247
171450.95324265203
171942.11274417175
171952.96016705688
172005.50928965598
172007.52934544836
172009.54940124074
172011.56945703313
172013.5895128255
172023.68979178744
172280.6704053755
172281.64814927502
180728.1517091622
190950.80546650055
191004.57676897405
191004.57676897405
191019.2429274667
191030.25177033522
191035.25578982092
195739.2554823543
220240.15245220656
220685.00747848535
220693.30907763215
220721.53451473117
220721.53451473117
222486.5236733295
222497.03903224875
222503.61113157327
224977.18328534503
303791.2373290117
315678.38016327756
315987.0705155511
315987.0705155511
315992.568018986
585679.3279291802
585684.885388609
585687.1083723805
585689.3313561521
