968039.4177350599
968041.2533108712
968272.2268591322
968347.9697273476
969370.3577822688
969558.1122829719
969567.7006299864
969616.0943410125
969616.0943410125
969902.2227916048
970130.3645721569
970159.5354691588
970635.3508482556
971864.407213936
971907.022089556
971937.9686063754
972071.9333566068
973481.3650237486
973492.9457545583
973494.232502426
973822.4085526969
973822.4085526969
974546.543210272
974570.4564278142
975226.3611644018
979164.9856995987
979277.6291760214
979277.6291760214
979309.5257647432
979317.5137479223
979318.6206278085
979320.834387581
980864.9687248782
980875.3364998127
981013.1568816478
986101.9956506282
986116.0622491825
986179.2005226932
986179.2005226932
986183.8678662135
986352.0859369246
986352.0859369246
986353.5894487699
986362.6105198428
986505.3611291712
986505.3611291712
986511.4904765412
986548.621684725
986554.847884085
987621.4834624586
987683.4456760903
987740.8143381941
987808.9750791886
987879.8384519054
987879.8384519054
987911.0893606936
988126.1884065863
988128.5958703388
988778.569575536
989601.1473629932
990120.7859615859
990770.4506628148
990815.0625342297
991904.2600142844
991905.5052541564
992324.2563631181
992459.1296772561
997697.1158989075
997759.6269404828
997762.5417241832
997820.8373981917
997991.7212046287
998011.9678825478
1004040.2709549721
1004047.4103302384
1004049.1951740549
1004052.7648616881
1004056.3345493212
1004058.1193931377
1004063.4739245875
1004065.258768404
1004068.8284560371
1004072.3981436702
1004075.9678313034
1004079.5375189364
1006449.994587306
1018911.5942465306
1021875.6433258923
1021881.8418532552
1021944.989350765
1021944.989350765
1022421.122957829
1022502.4186734736
1022504.5309692565
1022529.8785186514
1022593.0260161612
1045980.2957444696
1046024.921451883
1046028.9569514684
1046103.4638038106
1046103.4638038106
1046105.7698035736
1048712.720983637
1048719.4176069486
1048723.8820224898
1048733.9269574576
1051555.3038314828
1053911.3299533357
1053924.2758360049
1053926.5449397718
1053934.4868029554
1053937.8904586057
1053945.2650458477
1053949.1114534524
1053971.7102511297
1053976.2300106653
1053989.7892892717
1056879.6359082598
1057964.5534527544
1057968.3306803661
1057969.5897562366
1057973.3669838484
1057975.8851355896
1057977.1442114604
1057979.6623632014
1057994.3146856956
1057994.3146856956
1057995.7075095524
1057997.1003334092
1057998.493157266
1058002.6716288365
1058002.6716288365
1058005.4572765504
1064923.0184255787
1067203.7490431704
1071741.707528769
1078250.8807317705
1078475.3974806953
1078479.0086763243
1078552.2195567996
1078552.2195567996
1085413.6849555934
1085678.6535523606
1100094.7863267027
1109017.55724164
1109022.100061173
1109024.825752893
1111443.9809242575
1111808.82237076
1111813.969362231
1111813.969362231
1111819.1163537018
1111827.6946728202
1111829.410336644
1111831.1260004675
1111836.2729919385
1111846.5669748806
1111849.998302528
1111853.4296301752
1111856.8609578225
1111860.2922854698
1111863.7236131171
1111867.1549407647
1111868.8706045882
1130852.4786614953
1141162.5067498533
1145473.9238187356
1148736.4107754244
1157857.2993539998
1166879.8877746782
1171480.135925875
1172668.8834156983
1172775.1577207756
1173078.867113561
1173078.867113561
1175296.7546256115
1175457.9578450434
1175461.804252648
1175930.85382844
1175944.2609110621
1177253.9442524556
1179963.2310900013
1179965.712345746
1204481.8796460289
1205959.6196381503
