13102.400097364434
42643.37777720839
129791.3703083314
262415.8458054825
262424.7838605639
262426.1951324188
262876.4923181383
262877.17950606765
262877.86669399706
262879.92825778516
262885.42576122016
262885.42576122016
262886.1129491495
262886.80013707886
262887.48732500826
262888.1745129376
262888.861700867
263059.48262333096
263096.81675949384
263097.2133914531
263097.61002341233
265202.86789503857
450870.3096765515
493028.59273161687
643328.1643921608
647679.7888729105
647711.9990776001
647719.1569008644
647724.5252683127
647740.6303706574
803583.4518894786
978595.5790141211
978900.4690787852
978900.4690787852
981011.6210858056
991911.7314535165
991930.4100515967
1010344.7405590127
1021896.3050837687
1052493.1216510958
1058075.6150133396
1058081.7028527139
1058084.1379884635
1058087.7906920882
1058089.008259963
1058090.2258278378
1058093.8785314625
1058095.0960993373
1058096.3136672121
1058096.3136672121
1058097.531235087
1058104.836642336
1058106.0542102112
1058108.4893459608
1058109.7069138356
1058109.7069138356
1058110.9244817104
1058112.1420495855
1058113.3596174603
1058117.0123210847
1058117.0123210847
1058118.2298889598
1087757.9827626518
1087918.3143141733
1088913.7729038624
1088913.7729038624
1088979.1064891475
1099965.6318919768
1106962.500984854
1111886.027242825
1111889.527750465
1111890.6945863452
1111893.0282581053
1111894.1950939854
1111895.3619298656
1111896.5287657457
1111900.0292733859
1111901.1961092658
1111902.362945146
1111903.529781026
1111905.863452786
1111907.0302886663
1111909.3639604263
1111910.5307963064
1196620.5604219981
