601378.3298796717
602283.6192666279
602329.3610779267
602330.564809803
605747.987278568
605779.2012913598
614640.7894205855
615965.0420684818
615972.0154117651
615975.5020834068
620703.2074535037
620712.652828533
620713.8335004116
621081.972526575
621094.125145326
621107.0387439989
621107.0387439989
624005.3114861208
627777.6273184106
633867.150072543
634273.4441707849
634294.2719606443
634351.1379147997
634351.1379147997
643055.8627161474
643106.6223829305
671848.8063568727
673648.0949559457
673650.4194037068
673651.5816275874
673762.9106841453
673762.9106841453
673764.7278119585
687816.807791717
687819.6580074241
688098.5917387559
688105.8141300136
699431.93489394
699437.3309333854
710892.2971280694
712085.0247734835
712089.0648850683
712181.2264715962
712237.0685618569
717633.3293832411
717927.6902529874
718013.2520681936
718013.2520681936
724236.3936725929
724279.3959561732
724347.0862732162
724350.4530328701
724503.9957210893
724573.8536779095
724575.2234417687
732265.6035153685
732270.8381348305
732273.1026265977
732275.5377623475
732276.7553302224
732277.9728980972
732277.9728980972
732279.1904659721
732280.408033847
735235.6758661111
736032.5832642068
740692.7505132451
763231.6383167482
769586.4663436132
771317.9078176594
