50163.36752832055
50168.057931838484
50175.7276870502
50182.8071063226
55220.438844566015
56795.31677070355
67064.3764672724
70000.51833750228
70113.73831386579
70113.73831386579
70233.59495754719
70237.98558109593
70239.08323698312
70244.57151641905
70245.66917230622
74071.31355511499
74074.52350678509
74075.5381466808
74075.5381466808
74077.56742647225
74079.59670626368
74080.61134615939
74081.6259860551
74082.64062595084
74083.65526584655
74083.65526584655
74085.68454563798
74086.6991855337
74086.6991855337
128857.75402028639
128889.272425047
128892.98047266589
128896.68852028479
128900.39656790369
128905.95863933204
128911.52071076038
128915.22875837926
128918.93680599816
129135.78841171064
129135.78841171064
129441.97906024105
129443.91148804245
129499.37539434197
143297.91070015918
143345.51575926642
150869.59635395813
155981.02930861645
162309.6012221799
162326.25976446774
163799.7198210288
189309.1826832229
195022.1910200526
226872.86728651088
227084.59034875044
227086.13075659212
241861.50139801233
271896.67327506415
296809.87839054025
322261.073250723
359062.42661636166
360958.6041014768
363198.9843352155
369342.8087717669
446029.2505821048
446123.432224425
446123.432224425
446871.6138475286
446890.87355754914
446906.92331589956
455021.39519391215
455022.4144458074
455023.43369770265
455024.4529495979
455026.49145338836
455027.5107052836
455028.52995717886
455036.68397234083
455039.74172802654
492680.1100474332
517447.2577499207
527440.7412508127
527442.4707506349
527451.6947496869
527451.6947496869
527502.0116645155
527503.2107843923
540378.797357068
549717.0679213013
550141.1643377137
552366.398765009
552379.7458916372
552689.8751877628
552691.1527116315
556780.3405833539
556782.9970950809
556800.7071732607
556800.7071732607
562731.0559877526
562740.4091227913
562743.5268344708
568673.7234529784
602563.2079018925
602708.9378629148
602710.5197787521
616881.0958623318
616886.1875098085
616904.8568838898
617107.6511150469
617108.6795909413
617140.5623436644
618747.0094065573
631317.6321225767
647524.2906968923
649359.8757322349
649657.8846936063
649657.8846936063
649678.0206835367
649680.6402992675
649681.9501071329
659560.3365478544
659568.3245310334
659570.1693308437
659570.1693308437
659572.0141306542
659572.0141306542
659573.8589304646
659575.7037302749
659579.3933298957
659579.3933298957
659581.2381297061
659583.0829295166
667583.0619192964
667588.0705507817
667656.2866357706
667657.3289476634
671360.6077590487
673829.6509292859
688147.9447456835
688197.1732286238
702555.7482488814
702699.4627661108
702706.5099013865
702707.3907932959
712317.9676455422
732761.5410483972
732765.2767680133
732777.8951987164
732777.8951987164
732777.8951987164
732779.2234545798
732780.5517104433
732781.8799663068
732783.2082221704
732788.5212456243
732789.8495014878
746325.5746263159
746365.3116142318
751906.6705527033
752170.2878336093
752171.6760454666
763113.561904884
763272.8465325129
763296.0817861249
763903.8372476611
763903.8372476611
764031.6265305273
765859.0483267088
765897.401714767
765898.7714786263
788966.1990398073
791545.8564066758
879710.6380252955
880511.050543031
880570.7851608915
880570.7851608915
887508.8697078106
894268.4744850735
894271.3062527823
901723.7809428336
911092.5737199299
911113.189357811
911240.7111447047
911240.7111447047
923746.3323394046
923832.9918104981
924399.7327602498
927850.4492535928
927850.4492535928
944965.4042385557
964582.4150863629
964843.9431314836
965274.8237991987
965447.3633134654
970874.7320716525
970910.484291978
970933.5258416098
970934.3375535264
980399.101428759
980402.2560364348
980417.3234388862
990336.5445234106
990341.9820708518
990345.6071024792
990347.419618293
990349.2321341067
990351.0446499203
990352.857165734
990354.6696815478
990356.4821973615
990358.2947131752
990360.1072289889
990361.9197448026
990363.7322606164
990365.5447764301
990367.3572922437
990369.1698080575
990370.9823238712
990374.6073554986
990376.4198713123
990378.2323871261
990381.8574187534
1010673.5622892173
1010735.9119108091
1010755.1716208296
1010853.53634672
1033534.7366195965
1033545.298098511
1070184.6042488045
1083694.0732603313
1083696.7482200565
1083699.4231797815
1083700.7606596441
1083703.4356193691
1083704.7730992318
1083707.4480589568
1083708.7855388194
1083708.7855388194
1083710.1230186818
1083712.797978407
1083714.1354582694
1083720.7121695934
1083720.7121695934
1083721.9943054616
1100079.6589682575
1103856.0840921246
1106871.0173622565
1106898.1036354727
