67057.29704800002
67062.14887150135
67074.52286622958
67394.64636532802
67406.52226410744
67566.75235163934
73806.06823837632
78980.42731456718
82631.3507073334
82653.11934509607
82655.8404248164
86090.05518385542
86793.36205157112
91448.16554516077
91484.86783738859
91485.4904573246
97072.56353509764
108074.21168437268
108082.18583155311
108106.1912890859
108107.34428896739
108108.49728884888
108108.49728884888
108168.45328268674
108168.45328268674
108169.62473056634
108171.96762632554
108171.96762632554
108173.13907420514
108174.31052208474
108177.82486572355
108189.53934451955
108189.53934451955
108191.88224027876
108191.88224027876
108193.05368815837
108194.22513603796
117612.31096406803
117624.15457885078
117627.11548254646
117627.11548254646
117628.5959343943
117630.07638624214
117630.07638624214
117633.03728993783
117637.47864548136
117638.95909732919
117640.43954917704
117640.43954917704
117641.92000102488
117644.88090472057
117644.88090472057
117646.3613565684
117647.84180841625
117647.84180841625
117649.32226026409
117977.26309855907
117977.26309855907
155296.63163895727
158969.18992149993
171104.14932629577
171136.31802298955
171184.35661005223
171185.4496539399
172342.41585502945
183408.75190965604
183425.954667888
183427.3382677458
183430.56666741398
183431.0278673666
183432.4114672244
183432.87266717697
193356.25377527392
202568.5936924501
203423.90745254286
222528.58510900653
222560.13118576427
242033.23381236207
258703.52747502632
258720.684113263
258720.684113263
260717.84132799963
260723.6339994043
260773.08847032147
260773.8171662466
276210.3179397173
276221.4974265683
276223.36067437683
276226.1555460896
276228.9504178023
276229.8820417066
276230.8136656108
276231.74528951506
276235.4717851321
276236.4034090363
276238.2666568448
276240.1299046533
276241.99315246183
276243.8564002703
276245.7196480788
276246.65127198305
276247.5828958873
276250.37776760006
276252.4439433877
276254.51011917536
276256.576294963
276258.6424707506
276281.3704044147
276281.3704044147
276284.46966809616
280725.30866767664
283347.6547021577
283480.6324844905
319189.8689743746
319323.12808867847
319579.2462583552
319592.0860650356
379498.51013198646
395861.89367419423
395896.0685906818
397127.91521607543
397129.90759987064
397137.87713505153
397155.8085892086
397157.8009730038
397159.79335679905
397161.78574059426
397163.7781243895
397165.77050818474
397167.76289197995
397169.75527577515
397173.74004336563
397183.7019623418
397185.694346137
397187.6867299322
397189.67911372747
419732.357980841
419756.2112423894
419759.5687780443
419764.6050815267
419767.9626171816
419789.3991909784
421225.88945933915
426637.29147516727
434075.4551306893
472569.1217663958
480170.76696911565
485271.1956929049
570945.5436874859
571735.1456783323
660102.3664041457
681411.0771260837
757871.1573876867
758144.8242155598
758217.2695041139
758218.4824599894
759503.8697878801
759516.1838266145
759518.6466343614
759520.2885061926
764640.0415079958
815196.2868279372
815234.0268200584
815236.8678117663
819596.7754436648
848369.587706459
921704.000589311
921854.305653863
921854.305653863
921864.9870447651
935127.5111536725
948042.2351543258
948092.5705171524
961239.6655019233
981184.1375400748
981186.1114758719
981192.0332832632
981195.9811548574
981199.9290264518
981217.6944486258
981229.5380634086
981241.3816781914
981241.3816781914
981255.1992287711
981261.1210361626
981265.0689077568
981271.322779114
981277.5766504713
981286.9574575071
981304.1556037395
981307.2825394182
981329.1710891685
985417.1690650132
985447.137837933
985492.0494893172
1014644.5261650904
1019989.5937917362
1020000.219838644
1020013.5023972789
1025052.1995074128
1049695.0584346745
1049708.3409933094
1049709.0789132335
1049713.5064327784
1049714.2443527027
1049715.720192551
1049716.4581124752
1051905.8941994498
1072581.5341944534
1083184.6317926906
1083192.7950318516
1083198.2371912922
1145552.701382639
1152888.3864086936
1152929.5807884596
1152944.2930669477
1152948.706750494
1192324.7595835107
1200404.4293131004
