219756.61197390375
219766.86906084957
220522.0332512355
220529.25103049364
220561.29520320022
220561.29520320022
220566.22081869398
225603.428252981
225651.85424800386
227075.0527337307
236798.96486232863
236804.4992617598
237217.54993930736
237218.45389121445
237276.9893891983
237300.43679478846
237302.93649853155
242797.01782986204
244093.02659266116
246294.08491844125
256814.78453314715
274170.54123736103
274176.39847675903
274212.6534050329
274213.5804169376
275448.47096201824
275465.5307482649
275501.27374459134
275501.27374459134
276590.3651486569
278218.1150373604
278978.5599672036
278999.83050901745
279469.0922367877
279643.7025388417
280229.1313106726
282072.17856124835
282101.5247142322
282123.8836879342
282123.8836879342
288878.0878137521
289195.94682108326
292582.9439289752
292609.5090462449
292619.470965221
292629.43288419716
292631.0932040265
292688.9461260806
292693.81639758
292698.68666907947
292703.5569405789
292706.8037882452
292710.05063591147
292711.67405974463
292714.9209074109
292796.31347504555
292796.31347504555
292798.97921077156
299180.0449029398
299208.6162400033
299235.4027332503
299269.2225257743
299272.27566946053
299797.32875549677
299797.32875549677
307449.3923370347
307457.7769521729
307465.22994340694
308986.1659230885
309005.9421770559
330174.1160494381
330185.5169122663
389500.9224639608
392552.7655662991
392631.24796223285
393536.0715372371
393540.4437127877
404126.66139275976
405040.88883479754
405067.61076005106
405067.61076005106
424636.77672477573
424880.89447168587
430480.1985722018
430495.7502346035
430523.14551178785
430593.08648459945
444046.23836991435
444054.57686505734
444062.91536020034
444063.95767209324
444077.50772670057
444079.39864650625
444083.6416860702
444085.33890189574
444090.4305493724
444093.82498102356
444098.06802058744
450838.92963177664
450844.15963923914
473866.23740908114
473874.1239282706
504270.1248122372
527419.9641929481
527428.2657920949
527429.9261119242
527431.5864317536
540840.1448936517
541365.636119643
542415.9728916917
547291.1238866345
547318.6206278085
549827.0594979967
549837.1874489558
550680.8789702429
550698.8104244
551493.2181187526
552028.3023037579
552029.6351716209
575051.9758254358
575092.3769412836
592049.0757745117
601447.6297845491
659041.7310371554
660133.4143849546
681436.4431234767
681456.0441214622
681514.6626354374
681514.6626354374
780725.3583747826
786719.306662738
786722.2122224394
859250.8442201077
863505.8150267913
863508.1025785562
863513.8214579684
863514.9652338509
863517.2527856157
863522.9716650279
863525.2592167929
863527.5467685577
863529.8343203226
863530.978096205
994529.2533364934
1002304.6879053515
1011380.0053166106
1029844.9202348276
1051701.5733964492
1101078.9685775505
1147531.4797792647
1147550.1399293467
1155016.215406
1155019.7712576345
1163799.8930272332
1163811.4322500473
1192767.8851099673
