747.8357231391062
36271.669832078376
41460.42757078938
41465.200990298785
41470.92909371006
101508.28321520422
101607.20599303716
101607.20599303716
101609.0231208504
101609.93168475702
101610.84024866363
101611.74881257025
101630.82865460927
118654.04174500126
118664.54326792194
118673.87795496253
118686.71314964337
118767.75059331453
118769.14341717138
157495.90973292038
184679.95733900438
184684.0620185825
184684.88295449814
185337.62847141043
185337.62847141043
185370.59504402216
185371.80799989752
185376.65982339883
185377.87277927418
185381.51164690018
185381.51164690018
185382.7246027755
185383.93755865085
185386.36347040153
185386.36347040153
185390.00233802752
185391.21529390287
185396.0671174042
185402.1318967809
185402.1318967809
185405.7707644069
185409.40963203288
185409.40963203288
185410.62258790823
185411.83554378356
185413.0484996589
185414.26145553423
185415.47441140955
208091.43084082517
208124.46659342982
208343.54579491334
208366.20916058405
209956.2974611583
210939.64032809253
210940.94552395836
243378.1666661329
260238.18415329774
260252.6427718117
260276.25620938477
260556.60582457104
260557.51438847766
264558.6914732456
264611.95084377174
306322.8099888223
307038.5185232634
307153.56023943966
307153.56023943966
313335.6504360582
313648.03038795246
313655.91690714186
313671.57003353303
313726.95092384116
315178.43019066134
315193.54832510755
315203.16895611875
315635.8759756461
315635.8759756461
317617.6890679597
341843.5955660749
341858.5615045367
342253.8836559064
342254.92596779927
347472.3426715648
347498.04995692265
347559.8276905733
347559.8276905733
347844.80775328365
347874.0247702808
348127.6432362144
348127.6432362144
348226.32619007205
348226.32619007205
348272.2570933514
348290.7696594487
348292.09791531216
348294.0902991074
348298.7391946296
348345.486421825
348358.1601965224
348405.0411717041
348425.5876295924
348437.0023284192
348488.5690951193
348495.3764064197
348537.0227621393
348589.40585275553
348699.4850574418
348706.71667269856
348719.3719993979
348728.7804784309
348729.2693503807
348734.15806987823
348734.64694182796
348756.65540356596
348763.5180588606
348777.8152573912
348779.53092121484
349077.8166025577
349077.8166025577
349230.9257628215
349264.93003532663
349302.60545945447
349364.9412450477
350904.44513482094
350906.52053460764
350916.0304776302
350916.0304776302
350917.063565524
350920.16282920545
350920.4211011789
350921.45418907277
350922.2290049931
350922.74554894003
350923.0038209135
350924.29518078075
350924.8117247277
350925.8448126215
350926.87790051533
350927.3944444622
350927.65271643567
350928.42753235606
350928.944076303
375024.8106357833
384155.504325351
384174.04456344544
384176.8255991596
384180.5336467785
384357.49606859067
384358.5060964868
388636.18177683686
392574.5618760589
392587.38323474117
392593.7939140823
392673.3324579075
392674.70683376625
395838.0265766473
395849.3536474831
395922.35698797996
399117.8777115515
407131.4159799378
424121.87464969617
424147.88632702274
424398.142645302
424398.142645302
428694.6029997213
428723.1189927905
429279.898023566
429281.08791944373
430222.90434264595
430236.33448526566
430251.44339571276
463334.7318794859
473966.5207267743
473978.17986157595
473981.0946452764
473982.5520371266
473986.92421267723
473988.3816045275
473990.779844281
473993.1780840345
473996.77544366475
473999.1736834183
474000.37280329503
474003.9701629253
474005.1692828021
474007.5675225556
475631.89530761074
475631.89530761074
486228.4023585253
500928.77727565344
503842.5371121837
503846.02378382534
503847.18600770587
503848.34823158645
503849.510455467
503850.6726793475
503851.8349032281
503854.1593509892
503854.1593509892
503855.32157486974
503856.48379875027
503857.64602263086
503858.8082465114
503859.9704703919
503861.1326942725
503862.294918153
503863.45714203356
503864.61936591414
509955.9361878621
509992.1496081402
510147.72618815035
510476.40033437
510480.7171659263
519528.50094001513
519535.7325552719
519553.81159341376
530695.3094043154
556024.0833490803
556062.4367371384
556206.0866863744
556213.8625175753
565225.3175713979
573883.8485854934
573920.4863097279
573990.7362865077
574001.0671654459
574578.7662260713
574578.7662260713
575502.9002430908
575636.8603813227
575675.9332413069
576108.086820891
576360.6952589285
576369.7347779995
584469.1530895592
586688.2720054832
586691.5557491457
586692.3766850614
586692.3766850614
586693.197620977
586696.4813646395
606159.3315162909
606430.1435164575
617631.0484932534
617636.569056686
617638.1463605239
617642.8921080361
624132.321341067
655804.4440458766
662378.7940261795
662433.353980572
674402.2122224394
691981.6324556655
692262.535510795
692542.0688020651
692547.5201855048
693073.809287414
693073.809287414
694418.6683491925
694424.7838605639
694425.2542845155
694427.6064042738
694434.6627635485
694441.1103388858
694449.5779700156
694451.5703538108
694456.5513132989
694460.5360808893
694472.1721556934
694472.8224476266
694473.4727395598
694477.3744911588
695180.782822864
721755.2255556019
721761.1750349904
757964.5596020869
758030.4558513142
758397.2666216142
758397.2666216142
761547.0316978884
761558.1558407451
761831.1124206913
761831.1124206913
776323.9888671456
776365.5014748791
776366.7513267506
776371.7507342368
776377.9999935945
777654.0111264489
777670.4529047591
777702.8291414315
777702.8291414315
777715.7796361004
783607.1201586016
819282.6198719529
826702.2617373787
826716.1346319529
826845.0031227081
826846.677278536
826853.3739018477
838609.1577656143
860393.4163706766
861148.3591850854
861177.8852060507
861179.2272979128
867243.6008186298
867250.5741619132
867251.5703538108
867410.444513482
867410.444513482
870085.0721745898
870088.7663862102
870088.7663862102
870088.7663862102
870088.9600901903
870089.2506461604
870089.8317581007
882528.9617556345
882536.225654888
882537.2633547813
882540.3764544614
882541.4141543547
882542.4518542481
882544.5272540348
882547.6403537148
891978.2339244593
892072.0927268127
892072.0927268127
899080.1689785382
899087.5942977751
899580.4002831255
899739.9754667247
899842.1958242188
900062.4556975809
900062.4556975809
900905.4923149355
900906.723718809
901417.0737503562
913632.7708188541
913653.5248167211
913659.0592161523
914023.4855826973
914571.7001303531
914571.7001303531
921838.2835675097
925403.1239891234
929837.2386933949
929910.9246098216
929912.3866136714
929915.3106213709
929916.7726252206
929919.6966329201
929938.7026829667
934973.1659775357
943675.2434911556
943679.2559307432
943681.9308904682
943681.9308904682
943683.2683703307
943683.2683703307
943684.6058501933
943685.9433300558
943687.2808099183
943687.2808099183
943688.6182897809
943689.9557696434
943691.2932495059
950404.4090715469
952782.2130551614
952798.1290655256
952801.4220331871
952802.5196890744
952808.5337364563
952808.9395924145
952812.5922960391
952815.0274317889
958185.710103802
961265.003827319
994631.9717899363
994641.6016449465
994695.2023034375
995651.8094091197
995651.8094091197
995667.1812035397
1002455.2051218817
1003881.9732952416
1003898.7286895195
1004072.3981436702
1015301.8283375343
1020276.9767061997
1035895.2686649862
1035999.4491222788
1035999.4491222788
1036543.0424464096
1036573.4816432811
1036598.0636007546
1036705.2925897337
1036705.2925897337
1045647.4200666818
1045657.3912096571
1045657.8985296049
1045659.9278093963
1052676.0520002947
1052705.568797261
1052829.6269725107
1052829.6269725107
1052979.0788171503
1052983.0451367425
1053047.1150341576
1053047.1150341576
1053049.826889879
1053520.8965214635
1053554.9330779652
1053662.5540869043
1053663.2228268355
1053746.5385982725
1053754.3836094663
1053830.8136656107
1053831.745289515
1054023.964205759
1078776.7224697256
1078881.8437749217
1078901.9244208578
1078903.3587527105
1078904.793084563
1078907.6617482682
1078911.9647438258
1078913.3990756785
1078926.3080623518
1078961.331586752
1078962.576826624
1079896.7650026102
1082967.0561030526
1082969.7587347748
1082994.0824202748
1082994.0824202748
1083003.5416313026
1093495.0703490067
1093501.8038683147
1093574.3967408536
1093574.3967408536
1097362.0336355688
1112299.5160603276
1118514.8679975274
1118517.9211412135
1118522.500856743
1118524.027428586
1118527.0805722722
1118534.7134314876
1118537.766575174
1118549.9791499188
1118560.8819167984
1118584.8643143335
1118675.9974249671
1118954.451508348
1118996.1117000664
1118997.5368079199
1121250.415560374
1121725.1747915791
1121730.2479910578
1121787.82880514
1121789.143225005
1121856.8750500435
1127798.8783873376
1127810.4406701492
1127813.9596257876
1127814.9650416842
1127815.9704575809
1127817.9812893742
1127819.4894132193
1127943.0264325223
1127943.5706484665
1132816.6646916207
1132819.8930912889
1132820.3542912414
1132821.2766911467
1132821.7378910992
1132822.1990910517
1132822.6602910045
1132823.5826909095
1132824.9662907673
1132825.42749072
1132826.349890625
1132826.8110905779
1132827.2630665314
1132827.715042485
1132949.5917419586
1132951.2751217857
1132999.2076328592
1132999.2076328592
1133007.693711987
1151478.0738496424
1165485.025414039
1165491.1132534132
1168386.0653558767
1168386.0653558767
1168450.4119732631
1192028.3371499763
1195788.0068795658
1195853.7278728113
1195857.5097124225
1197031.2405317891
1197032.3243516777
1208151.0250489225
1208235.161756275
1208235.161756275
