489515.2222247133
494865.6674428064
494868.794378485
515867.6986442643
530791.9354063844
530797.8295417787
535890.6945863452
537600.6902625958
546696.1252157871
546698.5511275377
546708.2547745404
559088.503374126
559108.468720074
559110.0045159161
572197.5724228051
573674.3992390201
586700.5860442176
586702.2279160488
586703.0488519644
606968.6267451134
626342.1885859417
626354.7332246525
656333.8923674611
656363.7781243895
663421.1889350445
663424.3712147174
663606.6835559797
663606.6835559797
663609.5429956858
674023.5301653594
675834.2380752588
675841.1007305535
675850.2509376131
675851.3947134955
680929.1877436113
680931.8811513345
680934.5745590576
680935.9212629192
680935.9212629192
684649.3972052564
688377.8852060507
694421.0204689507
694421.4908929024
694426.1951324189
694438.6198591419
695173.7910315826
746415.9421450283
746424.9355441038
746436.9267428715
746438.4256427174
772738.3022076746
772802.4597330805
773511.586944198
773542.302861041
774332.6243238136
774332.6243238136
819105.5052541564
819114.2219332606
819115.4671731326
819135.3910110848
819135.3910110848
867559.6150261506
867575.4434085238
867815.6178958393
867815.6178958393
868796.2627430507
868799.043778765
868806.1831540312
868806.5797859904
868807.7696818681
868808.9595777459
868809.7528416644
868810.942737542
868811.7360014605
878837.3559150494
891794.5841033345
891970.4027492641
952808.127880498
985705.3406313956
994127.1699938186
994330.167152955
994330.167152955
995111.1677646855
1005788.9059632514
1005914.2877823649
1118687.9886237346
