221.2237812631114
236.49872369318675
237.45340759506644
252.72835002514182
267.9110524646974
41326.785660524816
41333.5099558337
41334.63067171852
41336.87210348815
41343.596398797046
41344.71711468186
41346.95854645149
41350.32069410593
41351.44140999075
41354.803557645195
41355.924273530014
113820.04362182884
113822.22970960416
113824.41579737948
113826.6018851548
113828.78797293012
113830.97406070544
113833.16014848076
113833.16014848076
113835.34623625608
113837.53232403139
113841.90449958203
113841.90449958203
113844.09058735735
113844.09058735735
113846.27667513267
113848.46276290799
113850.64885068331
113850.64885068331
113855.02102623394
113861.5792895599
113861.5792895599
113863.76537733522
113863.76537733522
113865.95146511054
113868.13755288586
113870.32364066118
113870.32364066118
113872.50972843649
113876.64208001179
113876.64208001179
113880.53460761173
113884.42713521166
113884.42713521166
113886.37339901163
113886.37339901163
113890.26592661157
113892.21219041153
113892.21219041153
113898.05098181144
113899.9972456114
113899.9972456114
113903.88977321134
113903.88977321134
113907.78230081128
113907.78230081128
113909.72856461124
113911.67482841121
113913.62109221116
113915.56735601113
113919.45988361107
113921.40614741103
113923.352411211
113927.24493881094
113929.1912026109
113935.02999401081
113936.97625781078
113938.92252161074
113942.81504921068
113948.65384061058
113950.60010441055
113950.60010441055
113954.49263201049
113956.43889581045
113960.33142341039
113960.33142341039
113962.27768721036
113964.22395101032
113966.17021481029
113970.06274241023
113972.0090062102
113973.95527001016
113975.90153381013
113977.8477976101
113977.8477976101
113981.74032521003
113981.74032521003
113983.68658901
113985.63285280997
113991.47164420986
113993.38562401314
113993.38562401314
113995.29960381643
113997.21358361971
113999.127563423
114001.04154322628
114001.04154322628
114004.86950283285
114006.78348263614
114010.6114422427
114012.525422046
114012.525422046
114016.35338165257
114018.26736145586
114020.18134125914
114022.09532106243
114024.00930086571
114029.75124027557
114029.75124027557
114037.4071594887
114039.32113929199
114039.32113929199
114041.23511909528
114043.14909889856
114046.97705850513
114046.97705850513
114048.89103830841
114050.8050181117
114054.63297771828
114058.46093732485
114060.37491712814
114062.28889693142
114066.11685653799
114066.11685653799
114068.03083634128
114069.94481614456
114071.85879594785
114073.77277575113
114083.34267476755
114085.25665457084
114085.25665457084
114087.17063437412
114087.17063437412
114090.9985939807
114094.82655358726
114096.74053339056
114096.74053339056
114098.65451319385
114100.56849299713
114102.48247280042
114104.3964526037
114104.3964526037
114106.31043240699
114107.78166025577
114109.25288810457
114110.72411595336
114112.19534380214
114113.66657165095
114116.60902734852
114118.0802551973
114119.5514830461
114121.02271089489
114125.43639444126
114128.37885013885
114129.85007798763
114129.85007798763
114132.79253368522
114134.263761534
114135.73498938279
114135.73498938279
114138.67744508038
114138.67744508038
114140.14867292916
114141.61990077795
114143.09112862675
114144.56235647554
114144.56235647554
115406.33163479369
115410.6300183519
115412.77921013102
115413.85380602058
115414.92840191013
115416.00299779969
115417.07759368925
115417.07759368925
115418.15218957879
115419.22678546835
115420.3013813579
115420.3013813579
115422.45057313702
115423.52516902657
115424.59976491613
115425.67436080569
115426.74895669524
115427.8235525848
115428.89814847436
115429.9727443639
115431.04734025346
115431.04734025346
115434.27112792213
115434.27112792213
115435.34572381168
115436.42031970124
115437.4949155908
115438.56951148035
115439.64410736991
115440.71870325945
115441.79329914901
115442.86789503858
117266.63237559612
117319.79028213267
117319.79028213267
117562.66278917076
117582.70192711118
117610.83051222019
134355.01763128984
134455.42086097065
134455.42086097065
139141.2815593683
139156.17831783724
139156.17831783724
166526.3985087868
166622.78007488095
166623.79471477668
172612.0517953169
172621.37725835844
172621.37725835844
180368.54027012223
180372.02694176388
180372.31749773404
189093.4102853995
189894.8005470344
190030.44406509327
190085.1977234658
190085.1977234658
190090.63988290646
190092.00042276664
190093.3609626268
190100.16366192763
190101.5242017878
190101.5242017878
190105.60582136828
190116.49014024963
190117.85068010978
190120.5717598301
190121.9322996903
190123.29283955047
190131.45607871146
190132.81661857164
190135.53769829197
190149.14309689362
190154.5852563343
190155.94579619446
190162.66547950383
190163.98451136827
190163.98451136827
190166.62257509714
190167.94160696157
190169.260638826
190174.53676628374
190182.4509574703
190189.04611679248
190190.3651486569
190194.32224425022
190195.64127611465
190271.7115962963
190352.7905479632
190494.65565338262
190495.79942926505
197423.30404927154
197425.82220101272
197427.0812768833
197428.3403527539
197429.5994286245
197430.8585044951
197432.11758036568
197433.37665623627
197435.8948079775
260020.8990196298
260041.7452574873
260046.95681695166
260151.45550221152
260152.3225581224
260256.44767142064
260260.2525710296
260269.82247004603
260269.82247004603
260276.25620938477
260280.54536894395
306897.4928017577
313553.908701626
313566.23196435947
313572.3935957262
313583.36093059904
313586.5155382748
313589.6701459506
313592.82475362637
313594.40205746423
313597.55666514003
313600.71127281577
313602.2885766537
314338.8202889546
348405.80215162586
348408.0850913912
348430.15350912313
348431.6754689667
348445.0963875873
348448.7629272105
348452.4294668336
348473.69539664796
348477.36193627113
348491.5945668084
348529.4683069158
348562.50867152
348563.5048634176
348591.8963324996
348715.7561917695
348721.17990321206
348745.89099667233
348757.2272915072
395976.99073436484
396033.5154005554
428318.5590063703
433172.40717550257
433172.40717550257
433174.6486072722
476174.1926598747
476190.2424182251
476207.8971524106
520508.44015129923
520509.3256552082
520515.52418257116
520515.8193505408
520523.7888857217
556284.4583943196
556330.3616256017
556330.3616256017
556342.8924283138
656569.2703752693
656580.8649420778
656582.7973698791
694426.6655563705
694432.3106437903
694447.0874902715
777986.679264258
801045.8744062852
801059.0739489285
801059.0739489285
884622.7403604406
884754.3299309161
884754.3299309161
898814.5454778384
898826.2415086363
898841.5072270673
898892.6727498086
901906.706680033
902015.9880088012
952805.8126567359
956983.338767379
956985.5202431548
956986.5118230529
956988.4949828491
956989.2882467676
956990.0815106861
959171.0269065334
959177.9080098261
959177.9080098261
961144.5937436945
961147.6930073759
969324.3208030004
978233.6016193243
978234.685439213
978234.685439213
978235.7692591016
978237.9368988788
978237.9368988788
978239.0207187673
978241.1883585446
1036262.093271285
1118721.997508239
1128228.9704031337
1162986.0780388752
