340225.29105240066
341597.3793593804
341707.5461920577
341722.7381184963
348294.0902991074
348304.7163460153
348571.9724945473
348636.5312639121
349079.77209035674
349079.77209035674
349311.53890253627
357191.0386286988
357210.61656668666
357215.87424614624
358681.4800675145
367804.8268418372
368937.6768974054
369595.7169897735
369595.7169897735
369603.5942849639
369668.9555422463
371460.3345621323
374828.4547559644
391150.54245441646
391200.1675693161
391646.0556834887
391647.7528993143
398906.50516127585
410250.6403953508
410253.51828305505
410267.90772157616
420237.1321049614
420239.87163267983
444801.07972033345
444859.1632423638
444859.8412062941
444862.55306201533
444863.2310259457
463218.2327714594
475744.2666760615
475756.7006267836
475761.36335830437
475766.02608982514
475770.6888213459
477899.81840251863
488596.6226071249
488631.77526751196
488824.1786637372
488825.5530395959
488828.3017913134
501069.95058114396
501071.0067290354
501076.28746849264
507228.4688481851
508867.7072277079
515940.19466481335
530799.7942535767
530809.617812567
530813.5472361632
546704.6159069145
546710.6806862911
546717.9584215431
546719.1713774184
546721.5972891691
548125.1671049134
606979.8846359563
656261.9543988548
694436.6274753466
694439.6160510394
694458.0456011452
694463.0265606333
694474.7733234261
695138.6752671917
695148.9876981318
695168.9945520756
780996.0366269628
899053.4470532845
986124.5022083151
1102652.5274718236
1116320.2572470848
