94895.30773887115
94896.87120671046
94897.3923626569
94898.43467454978
94898.43467454978
94899.47698644265
147209.25064616036
147229.51577207755
147229.51577207755
198899.76190552444
224930.79118211314
274399.9374817842
274424.46870726295
274604.7240967367
274605.83097662294
274613.5791358266
298910.87477460457
298915.122426168
298915.122426168
298916.53831002244
298916.53831002244
298917.95419387694
298919.37007773144
298994.47187801264
298996.1506458401
299542.5526776821
299546.1915453081
299549.83041293407
299551.04336880945
299554.6822364354
316904.00058931106
359570.0694041873
359576.9874034763
359579.2934032393
359580.4464031208
359582.7524028838
359583.9054027653
359585.0584026468
359586.2114025283
359587.36440240976
359588.46667029645
359589.5689381832
382518.54888559354
562562.9578290294
619977.4678200936
619981.7662036519
619983.5833314651
619983.5833314651
619984.4918953717
619984.4918953717
619986.3090231849
619986.3090231849
619987.2175870916
619989.0347149048
620038.5399178168
620038.5399178168
774223.9333309847
1119207.6318343268
1128536.2125875559
