545247.9527526271
545249.530056465
545626.275073744
545626.275073744
545672.6902369735
545674.4612447915
545724.0494636949
545724.0494636949
545817.8575340535
545820.0436218289
546825.394950501
546826.437262394
546869.1720500018
546870.2143618946
547074.1108609386
547076.2416047195
547245.7325872997
547246.9593791736
551633.1507963706
551633.1507963706
551712.2143042446
551712.2143042446
551792.9058479514
551794.5661677808
551801.2074470982
551802.8677669276
551807.8487264155
551807.8487264155
551839.3948031734
551839.3948031734
551864.2996006137
551865.959920443
552825.7723657956
552851.8855071118
553500.9598724014
553521.7507662645
553532.1462131961
553542.5416601277
553625.8066995699
553727.9440410724
553743.5925554641
553743.5925554641
553754.0248983919
553778.1410439132
553778.1410439132
553781.5539235625
553784.9668032117
553795.2054421594
553822.5084793533
553866.8759147932
553877.299033722
553919.1390934217
553955.749145659
553973.1825038673
553997.722953345
554025.1505145262
554026.5940703778
554032.3682937843
554206.037747935
554219.145050588
554225.730985911
554230.6704374034
554250.4282433727
554285.004403819
554286.6508876497
554308.05517745
554493.1024344311
554499.2317818011
554513.5335923312
554517.6198239112
554540.3200855782
554546.5462849383
554602.5820791791
554665.2637647368
554695.1587456643
554725.0537265918
554731.4597939333
554733.5951497139
554748.5426401776
554750.6779959581
554752.8133517386
554757.0840632997
554783.049620631
554793.4266195644
554798.0386190905
554798.0386190905
554799.191618972
554801.497618735
554808.415618024
554809.5686179054
554811.8746176685
554811.8746176685
554834.9346152984
554899.5026086622
554907.5736078328
554914.4916071217
554915.6446070032
554917.8768147738
554920.035230552
555047.298745472
555080.1546300952
555080.1546300952
555103.1408357328
555231.6495905248
555240.2279096433
555266.0873909855
555279.6328335933
555284.5584490871
555291.9468723277
555294.4096800745
555296.8724878215
555298.1038916949
555299.3352955683
555299.3352955683
555313.1989661434
555322.5613251812
555366.6981606449
555366.6981606449
555368.0356405075
555370.7106002325
555397.8060974478
555609.8658356527
555613.034279327
555613.034279327
555633.1010892646
555638.9398806645
555664.7532420114
555664.7532420114
555756.3106566014
555989.331932652
556019.8218615183
556053.9137620144
556252.3219816225
556260.9740927332
556285.6944101925
556312.8867593978
556439.3155024037
556466.5493596046
556470.4649472021
556470.4649472021
556473.0753389338
556488.7376893241
556488.7376893241
556802.4781810787
556806.0201967147
556822.8447709854
556828.1577944394
556925.6324044211
556926.4764003344
556952.7232896368
556968.482492017
556983.3146824926
558153.3512902389
558179.3629675654
558467.6959539312
558467.6959539312
559141.3430526954
559151.3049716714
559328.6640254428
559344.395555826
559409.0696251789
559410.1165490714
560627.1909399831
561103.1308430671
561125.568220761
561143.4535549228
561238.1701891881
561241.0111808961
561242.4316767501
561243.8521726041
561246.6931643122
561248.1136601662
561248.1136601662
561249.5341560201
561253.7956435821
561255.2161394361
561255.2161394361
561256.6366352901
561258.0571311441
561259.4776269982
561290.5256078071
561290.5256078071
561365.6827520826
562173.7973090265
562209.4757373595
562261.7758119842
562264.6813716856
562278.5588782592
562283.7197057288
562287.1602573751
562288.8805331984
562292.3210848448
562297.4819123143
562319.8454980159
562410.8079646669
562431.0131345902
562432.5673784305
562435.6758661111
562438.7843537915
562443.4470853123
562449.6640606733
562451.2183045136
562452.7725483539
562455.8810360344
562455.8810360344
562455.8810360344
562455.8810360344
562455.8810360344
562460.5437675552
562465.206499076
562468.3149867564
562469.8692305968
562479.4990856071
562529.2533364934
562615.9220315858
562627.1568624311
562648.0215482867
562659.256379132
562673.3783216806
562678.0548891999
562679.6137450397
562682.7314567192
562687.4080242387
562690.5257359182
562734.1736994322
562957.4221484872
562958.648940361
563001.9740639082
563055.6577383907
563112.749680523
563125.4050072222
563170.3028226078
563172.2490864077
563794.0065785048
563831.649718636
564270.5691015249
565105.3502397279
565122.852777929
565341.2263434851
565366.8690608495
565382.2546912682
565391.2296423458
565864.9465616582
565888.1910392692
565955.2771843743
565955.2771843743
566582.0202479591
566587.6468873807
568115.4409103574
568158.8167658994
568160.1311857643
568985.35164895
568992.1774082484
569009.9243824244
569284.7903301744
569286.5567259928
570421.3807173581
570905.8989395604
571956.1757556152
571984.8992886631
571999.2195471914
572165.9433300559
572165.9433300559
572334.7056167108
572410.9373568759
572507.2728029748
572603.0778691281
574539.1952701383
574582.3635857016
574949.7370199438
574951.5403117584
575103.1505721762
575819.4309945585
575888.8139154274
575952.2934769031
575966.3231794612
575967.882035301
576057.0089261407
576059.0520419307
576213.3603220712
576254.305653863
576259.6463493141
576417.8010370593
576417.8010370593
576420.2822928043
576422.7635485493
576425.2448042943
576427.7260600392
576432.6885715292
579316.3182151562
584118.4658696022
584136.7939557183
584157.6171335782
584287.5325482258
584287.5325482258
584294.8425674746
584296.3045713243
584299.2285790237
584300.6905828735
584300.6905828735
584303.614590573
584305.0765944227
584305.0765944227
584308.0006021222
584309.462605972
584310.9246098216
584312.3866136714
584313.8486175211
584315.3106213709
584316.7726252206
584318.2346290704
584319.6966329201
584321.1586367699
584324.0826444693
584324.0826444693
588665.4269782755
588672.0129135987
588684.9634082677
588818.646826528
588819.8782304014
589973.205563865
590018.2002312405
590230.9148733782
591041.6352100542
591047.8060654199
591054.6733327141
594378.4491511039
594393.5027175567
597971.1598858531
598000.3123348568
599115.4108042493
599325.8517306207
599392.7810677419
601029.9901674733
601035.4323269139
604635.3654529208
604647.7994036428
604680.4339122886
604820.9430898476
604820.9430898476
614072.3328070103
614078.5590063704
614082.9173459224
614103.4638038106
614103.4638038106
618379.1839963617
618441.1738819904
618470.2848229985
618470.2848229985
618471.4977788738
618471.4977788738
618471.4977788738
618475.1366464999
619666.2639280785
619670.5438636385
619697.2934608893
619697.2934608893
619716.6546348995
620061.7751714287
620070.2243545604
620077.6173898005
620080.7858334748
620087.1227208235
620091.3473123893
620096.6280518466
620097.6841997381
620101.4614273497
620105.5430469302
620112.345746231
620113.7062860912
620116.4273658115
620120.508985392
620121.8695252523
620124.5906049726
633639.5986279302
633661.6808816605
633672.7220085257
633688.6703028866
633688.6703028866
633688.6703028866
633688.6703028866
633689.8970947606
634159.8091144641
634232.6971549728
634354.9289784101
641677.1700258465
641684.5584490871
641689.4840645809
641694.4096800745
641695.6410839481
641696.8724878215
641698.1038916949
641698.1038916949
641700.5666994418
641700.5666994418
641703.0295071887
641704.2609110621
641705.4923149355
641706.723718809
641706.723718809
641707.9551226824
641709.1865265558
641710.5240064183
641711.8614862809
641713.1989661434
641714.5364460059
641715.8739258685
641718.5488855935
641918.9402649978
641920.3238648556
673443.3775209861
673456.3556876522
673466.5528186043
673480.596357161
673530.4612960359
673531.1669319634
675729.204398054
675829.6629717291
686791.195949127
686799.9310762293
686830.6746650696
686839.0592802078
686945.6518132525
686945.6518132525
686954.451508348
686955.9181241973
686957.3847400466
686958.8513558957
686961.7845875943
686963.2512034436
686964.7178192929
686969.0346508493
686973.3099744099
686976.160190117
686977.5852979705
686979.0104058239
686981.860621531
686981.860621531
686984.7108372381
686986.1359450916
686988.9861607987
686990.4112686522
686991.8363765058
686993.2614843593
686994.6865922128
686998.9619157735
687000.387023627
687003.237239334
687004.6623471875
687007.5125628946
687008.9376707481
687010.3627786017
687011.7878864552
687014.6381021623
687016.0632100158
687018.9134257229
687021.76364143
688141.926086302
688174.9664509062
688188.2905175368
688209.0168434066
688296.0591104607
688678.8043391228
688823.639572237
688823.639572237
690414.5995407217
690429.7499591645
690435.8101265418
690484.5820215291
690484.5820215291
694602.5856662898
694615.6837449436
694617.6484567417
694622.8876882031
694624.1974960685
694624.8524000013
694625.507303934
694626.8171117994
694628.1269196647
694628.7818235974
694630.0916314628
694630.7465353955
694631.4014393282
694632.7112471935
694635.7182708845
694637.22178273
694637.9735386526
694639.4770504981
694640.2288064209
694641.7323182663
694642.4840741891
694643.9875860346
694646.2428538027
694679.2832184071
694679.2832184071
701295.353346422
701301.4227377982
701349.7841648278
701349.7841648278
701355.1110242803
701356.1763961707
701357.2417680613
701358.3071399517
701360.4378837328
701361.5032556233
701362.5686275138
701363.6339994043
701365.7647431853
701366.8301150758
701367.8954869664
701368.9608588568
701371.0916026378
701372.1569745283
701373.2223464188
701374.2877183093
701376.4184620903
701377.4838339809
701378.8489858406
701379.5315617704
701380.2141377003
701381.57928956
701382.9444414197
701383.6270173495
701384.3095932794
701385.674745139
701387.0398969987
701387.7224729286
701389.7702007181
701391.1353525778
701391.1353525778
701392.5005044375
701393.8656562972
701394.548232227
701395.2308081569
701396.5959600166
701398.6436878061
704718.3378866152
704747.0614196631
704758.0748745312
704758.9926624369
704760.8282382482
704770.9239052107
704773.6772689277
704775.512844739
704778.266208456
704780.1017842673
704781.9373600787
704783.77293589
704796.294514603
704798.7204263536
704801.1463381044
704803.572249855
704807.211117481
704809.6370292316
704810.8499851071
704814.488852733
704816.9147644837
704819.3406762343
704821.7665879851
704827.8313673617
704832.6831908631
704835.1091026138
704841.1738819904
704841.1738819904
704844.8127496165
704847.2386613671
704852.0904848684
704854.5163966191
704859.3682201204
704860.5811759958
704864.2200436217
704865.4329994972
704867.8589112478
704869.0718671231
704872.7107347492
704875.1366464999
704877.5625582505
704878.7755141258
704881.2014258765
704882.4143817518
704886.0532493779
705039.8726575687
705039.8726575687
705052.6478962557
711812.8522334568
711819.0323128216
711863.8886202115
714898.206124351
714912.051346928
714921.1646579914
714991.6452347476
715257.554679418
715257.554679418
715262.3050389297
715263.255110832
715265.1552546368
715267.0553984415
715268.0054703439
715275.6060455627
715283.2066207816
715287.0069083909
715290.9686159837
715292.0801078695
715294.303091641
715296.5260754125
730738.7549522946
730767.5845613315
730773.6539527078
730776.6886483958
730943.4401032575
730944.855987112
747625.2499287382
769137.8064177254
769328.0098901768
769714.287910476
795708.0153348985
795729.756300664
795729.756300664
818653.0404286598
818658.2750481217
818670.8381348305
833795.5539043458
834261.402752467
842872.7437874124
842883.9048262654
842982.6200641196
842982.6200641196
842992.5819830957
842996.5667506862
842997.5629425838
842998.5591344814
843002.5439020719
843010.5134372527
843019.4791643312
843026.6692715923
843031.5210950937
843040.011786221
843047.289521473
843049.7154332236
843065.4838596031
843073.9745507303
843076.4004624811
843080.039330107
843084.8911536083
843088.5300212344
843092.1688888604
843097.0207123618
843111.4747188762
843136.4855923057
843149.7266429447
843154.1403264911
843158.5540100376
843162.9676935839
843168.8526049791
843173.2662885254
843177.6799720718
843182.0936556181
843189.8556508204
843202.1327935585
843209.9455207556
843219.9904557231
909194.5145390083
912223.6573796797
914128.9712358557
915358.7839694583
924747.5328685036
924785.8678085636
925669.0611057909
927395.4708883543
927552.1220642541
927659.4663532216
958367.1231051568
958372.4960846045
958394.1263623814
958394.1263623814
983274.5171012302
984030.9680394839
984931.4701709322
984935.7178224957
984947.0448933315
984952.7084287495
984959.7878480218
984968.2831511487
984969.6990350032
984981.8101457584
986507.4042449612
986635.7884757662
986727.1890823722
990894.1444901018
990910.8168683882
990910.8168683882
990915.2628359313
990916.3743278171
990918.5973115886
990919.7088034743
990921.9317872459
990923.0432791316
990926.377754789
990927.4892466747
990929.7122304463
990931.9352142178
990933.0467061035
990935.2696898751
990937.4926736465
991030.1431321241
991051.6442739143
992012.429851167
992013.7581070304
992194.4285764615
992195.747608326
992223.6502054582
992225.227509296
992274.1239282705
992275.7012321084
992413.5631219394
992414.7622418161
1000118.0697500872
1000384.4819027061
1003640.7011520391
1003643.9111037091
1003711.3200887811
1003712.9250646161
1004111.4710036544
1004883.2291683347
1009468.5528890655
1009484.2106274562
1020483.8848409341
1040556.9255898715
1040695.2302316569
1061666.250348302
1061732.2895695146
1062723.1269356788
1062739.2043660262
1062757.5785721377
1062773.4899705024
1062785.665649251
1062786.7725291373
1062793.4138084548
1062798.948207886
1062808.910126862
1062826.6202050417
1062898.548949649
1063265.1521799704
1063269.9255994798
1063287.0084457241
1063287.0084457241
1063696.6554676215
1063704.472806818
1063759.1941811938
1063818.3845831107
1063823.3655425985
1063864.8735383325
1063864.8735383325
1063894.1781833207
1063897.0652950238
1063898.5088508755
1063899.9524067272
1063901.395962579
1063902.8395184304
1063904.283074282
1063904.283074282
1063907.1701859853
1063907.1701859853
1063908.613741837
1063910.0572976887
1063910.0572976887
1063911.5008535404
1063912.9444093918
1063915.8315210952
1063917.2750769467
1063918.7186327984
1063920.16218865
1063921.6057445018
1064270.323640661
1064466.116856538
1064671.7889753995
1064748.2144195447
1064758.6559864716
1064796.5066665814
1064799.117058313
1064807.7830054224
1064860.608847993
1064868.647563167
1064902.18141172
1064972.5282404902
1064996.9349419817
1064996.9349419817
1065003.714581285
1065027.1112548802
1065104.6159069145
1065127.6620685458
1065137.3657155484
1065143.4304949252
1065464.6378139122
1065464.6378139122
1065494.3529268582
1065505.0066457633
1065518.8564803398
1065637.4955561461
1066256.3567125413
1066280.0162701095
1066290.480897034
1066301.854087865
1066432.5581544314
1066432.5581544314
1066439.3101217377
1066442.6861053905
1066446.0620890437
1066449.4380726966
1066459.5660236557
1067187.6162688283
1067222.8150492108
1068620.9565415126
1068632.8093802945
1069302.153483501
1069314.665838215
1069785.1912538554
1069790.965477262
1070706.9962111143
1072200.3247616333
1072205.4440811072
1072956.9232838717
1073178.437621105
1073187.661620157
1073441.8196900352
1073447.298745472
1073448.6685093313
1073450.0382731904
1073451.4080370497
1073452.777800909
1073454.147564768
1073456.8870924865
1073458.2568563458
1073458.2568563458
1073459.626620205
1073460.9963840642
1073462.3661479235
1073463.7359117826
1073463.7359117826
1073465.3777836137
1073726.573764769
1073743.9610029818
1075375.898587255
1075383.3146824928
1077836.2896463815
1077891.3661447207
1077915.717502218
1077949.975434697
1077957.5298899205
1077961.3071175322
1077995.3021660384
1078000.3384695207
1078006.6338488737
1078009.152000615
1078015.447379968
1078035.2466939331
1078037.9308776571
1078041.9571532435
1078043.2992451054
1078044.6413369675
1078045.9834288296
1078047.3255206917
1078048.6676125538
1078051.3517962778
1078051.3517962778
1078054.035980002
1078055.378071864
1078056.720163726
1078056.720163726
1078059.4043474502
1078060.7464393124
1078064.7727148985
1078064.7727148985
1078067.4568986227
1078068.7989904846
1078070.1410823467
1078071.4831742088
1078071.4831742088
1078079.5357253812
1078080.877817243
1078082.2199091052
1078084.9040928294
1078086.2461846916
1078087.5882765534
1078092.9566440019
1078094.2987358638
1078095.6408277259
1078104.3713428285
1078105.4920587135
1078106.6127745982
1078107.733490483
1078108.8542063679
1078109.9749222526
1078111.0956381375
1078112.2163540223
1078113.337069907
1078115.5785016767
1078115.5785016767
1078150.320694106
1078150.320694106
1078572.0050347662
1078708.2250527658
1078746.1172408713
1078754.8615919724
1078756.3189838228
1078759.2337675232
1078759.2337675232
1078762.1485512236
1078763.6059430738
1078767.9781186245
1078769.4355104747
1078769.4355104747
1078772.350294175
1078772.350294175
1078773.8076860253
1078775.2650778755
1078776.7224697256
1078778.1798615758
1078779.637253426
1078784.0094289768
1078786.9242126772
1078786.9242126772
1078960.08634688
1078961.331586752
1078966.3125462402
1080196.199071835
1080204.2470110077
1080401.3546467498
1080527.1699938185
1080953.327974019
1081258.92828661
1081276.2555688291
1081281.5870402812
1081293.5828510483
1081326.7523516393
1081327.9791435134
1081536.478418084
1081550.715660621
1081560.5715036078
1081609.228098607
1081609.228098607
1081613.120626207
1081618.959417607
1081620.9056814068
1081624.7982090067
1081712.0756880366
1081713.385495902
1081713.385495902
1081714.6953037675
1084906.936895676
1084912.4712951072
1084916.160894728
1084944.755291789
1084945.6776916943
1085366.384288455
1085367.6802603218
1085400.1810209814
1085537.7984748376
1085539.2697026862
1087042.2742282106
1087071.0946132487
1089346.853495351
1089370.430036928
1089404.485041428
1089536.8125318277
1089600.6610532654
1089600.6610532654
1089631.100250137
1090332.2394780754
1093060.2787056935
1105121.9303780238
1105217.8599681645
1105217.8599681645
1114378.499370654
1114409.9901034178
1114839.9852672238
1114861.0759410562
1114878.4447312711
1114895.813521486
1114902.0166608484
1115058.511028764
1115058.511028764
1122614.3452401923
1124756.7988879958
1124762.1580314448
1124763.615423295
1124764.34411922
1124765.0728151451
1124765.8015110702
1124766.5302069953
1124767.9875988457
1124768.7162947708
1124769.444990696
1124770.173686621
1124770.902382546
1124772.3597743963
1124773.0884703214
1124773.8171662465
1124776.7319499468
1124776.7319499468
1124778.189341797
1124778.9180377221
1124779.6467336474
1124780.3754295725
1124782.5615173478
1124783.290213273
1124784.018909198
1124784.747605123
1124786.2049969733
1124786.2049969733
1124786.9336928984
1126242.923495255
1126249.315726598
1128527.910988409
1128595.2923014837
1128598.022605203
1130729.9655060868
1130736.9849693654
1130737.5015133123
1130737.7597852857
1130738.0180572593
1130738.7928731795
1130739.0511451531
1130739.3094171265
1130744.9914005424
1130744.9914005424
1132326.5705619913
1132330.9289015434
1143810.380201711
1143811.6162175839
1144013.478824837
1144100.1751919265
1144101.1852198227
1144113.305554577
1144114.315582473
1144569.736699666
1145217.9624570427
1145251.4455736014
1145389.777887384
1145399.0387824322
1145497.3620003266
1145506.9503473411
1145509.237899106
1145511.5254508709
1145512.6692267533
1145514.9567785182
1145577.1911001222
1145662.7436913291
1145689.364152593
1145692.186696303
1145737.3473956615
1145754.282657921
1145760.0107613322
1145793.424697898
1145845.4342165526
1146285.2252673518
1146809.471253471
1146861.7528800976
1146903.8143157747
1146903.8143157747
1147405.765896185
1148184.2160721777
1148317.6135464674
1148338.865640283
1148376.3519724305
1148518.2216898494
1148560.3892015156
1148565.531580987
1148565.531580987
1148566.5600568813
1148567.5885327756
1148568.61700867
1148570.6739604585
1148570.6739604585
1148572.7309122472
1148573.9023601268
1148575.0738080065
1148576.245255886
1148578.5881516451
1148579.7595995248
1148580.9310474044
1148582.102495284
1148584.4453910433
1148585.6168389227
1148586.7882868024
1148587.959734682
1148594.9884219596
1148627.7889625884
1148708.8909742527
1148720.1027451004
1148733.3530197386
1148814.2982234193
1148832.9399255035
1148833.788533416
1148915.619241006
1148924.3774281058
1148945.93391389
1150511.6524089691
1150547.9027252432
1150565.391427446
1151630.6065099654
1152159.5751835993
1152169.5371025752
1152170.6439824614
1152170.6439824614
1152171.7508623477
1152172.857742234
1152172.857742234
1152175.0715020064
1152176.1783818926
1152176.1783818926
1152177.2852617789
1152178.3921416653
1152181.615929334
1152308.579664285
1152309.4836161921
1152313.0994238204
1154187.3514631889
1154295.0877721158
1154296.964855923
1157844.7178192928
1157880.5945636055
1157950.2173084498
1157950.2173084498
1157957.5273276984
1157963.3753430974
1162296.7270817254
1167848.9472790805
1167859.684013977
1172983.6938913425
1172994.818034199
1173035.6065580072
1173044.258669118
1173314.9000253018
1173316.463493141
1173346.1693820881
1173346.1693820881
1173372.7483353564
1173374.3118031956
1173377.1435709046
1173381.391222468
1173384.2229901769
1173387.0547578859
1173388.4706417404
1173392.7182933039
1173395.5500610129
1173396.9659448673
1173399.7977125763
1173404.0453641396
1173406.8771318486
1173408.293015703
1176164.133376464
1176237.962264876
1176237.962264876
1184734.672051603
1184757.4645532605
1190526.6701043143
1190543.9973865335
1190644.0085962547
1190644.0085962547
1197141.7163684347
1197151.161743464
1197165.3113580097
1205216.7003065057
1205864.0036639774
