193956.32301591546
194640.49328005256
199407.72958228595
199422.91857364436
200270.3828727298
202108.4488726228
202193.43240703247
202196.96421885866
202360.50581071066
202633.24750341917
206190.24411861337
206271.59681843533
206297.5517844727
206301.08359629888
206319.91992603856
206322.274467256
206334.0471733433
206342.28806760442
206351.70623247427
206358.76985612666
206382.24925312697
206388.85077055907
206897.12360271704
210987.88590988624
214005.2194775327
214720.95599752443
214928.42518662277
215988.89844818498
220555.89972417272
220767.45085154992
221006.78886605185
221024.81100864155
221190.00297985162
221191.2682706928
221289.33381214712
221306.95986369092
221718.89455145592
222039.2276835856
222095.51112095907
222105.8094881532
222277.10786298793
222418.09427028018
222451.76200918405
222552.16008679772
222740.21531338108
225484.0700188724
225503.302439658
227396.1940418249
227462.56129707594
227495.74492470146
227520.9462174986
227843.49635923258
227961.93308322952
228483.71151980074
228483.71151980074
228532.38670833368
228532.38670833368
229283.1552808319
229284.43157420214
230228.7566378105
230295.5694954882
232299.6746613284
232315.29825258444
232318.42297083567
232343.42071684534
232427.72209445367
232429.10291184988
233661.03958618263
235798.0608042543
236307.2908564399
236371.6776564613
236436.85663857454
236505.32537687483
236568.34786329357
236602.95081716697
236604.496672499
236633.86792380747
236635.4137791395
236864.68998082195
236887.26717043985
236889.77574706406
236927.03031043938
237105.9149290566
237107.43877933052
237128.77268316536
237130.29653343928
237789.69460341232
238560.20721429714
238860.72479160142
238893.56734082627
238915.71543181108
238957.9981509639
238964.0385394143
239170.0058832968
239171.8763132359
239175.61717311412
239179.3580329923
239181.2284629314
239183.09889287053
239186.83975274873
240401.8050260164
240489.01107129484
240503.4023792969
240518.17877581585
240540.4478946202
240619.89715691592
240671.884106694
240719.71210048976
240740.73793351112
240962.09781553954
241016.2027521604
241114.74690362855
241170.2326576456
241233.39267567752
241234.63046019606
241289.09297901113
241290.33076352967
241402.05594480396
241651.31824051222
241671.38685350592
241712.5143071081
241864.76730415117
241872.92017817983
241942.2471137463
241943.22633883206
241945.1847890036
241947.14323917512
242491.2953185767
242497.8308208345
243111.8599622552
243120.1008565163
243284.83072150612
243286.8221792648
244536.610456987
244560.27689698117
244720.47922126547
244721.11186668606
244900.47509531703
244909.62919948957
245323.80840318155
245355.77075008213
245508.60688116503
245520.9077086469
245521.8539261455
245533.2085361288
245545.72391292723
245806.24729712176
246202.43736581117
246205.72712199818
246210.66175627869
246213.95151246572
246215.59639055922
246218.88614674623
246222.17590293323
246223.82078102676
246227.11053721377
246228.75541530727
246232.04517149428
246233.69004958778
246236.9798057748
246238.62468386831
246241.91444005532
246245.20419624232
246641.60331298373
246654.4762719764
246721.97678771996
246723.06603809627
246732.86929148296
246916.46849379962
247538.02336509296
247656.87268392942
247757.12772866542
247758.3160018032
248536.56889187725
248545.48094041063
248677.84136492485
248679.77781003827
248886.1192399086
248910.21477853588
249021.33482071225
249022.72664063753
249028.29392033862
249336.34272878003
249390.91527288564
249458.89989990753
252659.805163548
252667.7764958473
252707.80369654414
252708.85993933328
253005.46611755897
253163.30839936124
253176.7754949228
253203.70968604588
253205.20602999718
258339.7672659479
258442.64091259864
258748.8082885719
258754.85417828683
259964.4392148473
260051.29317919607
260051.29317919607
260660.2556559876
260667.18724929134
261229.24044346306
263072.3676067207
263076.30101085734
263083.68920911686
263093.0963714576
263104.79756110604
263108.51091466163
263111.8116733777
263125.50982204935
263125.50982204935
263126.5000496642
263315.5290000688
263322.361570611
263360.19376676163
263360.4413236653
263445.9639819987
263449.6608317607
263461.0154417439
263461.33451508643
263481.3041053187
263486.5853192644
263490.9863308858
265712.52897714684
267662.79326706345
267691.10277431825
267722.97159972193
267722.97159972193
268723.2500248321
268754.1451264144
268758.7001734426
268786.08546825696
268786.53657194815
269222.7758463925
269353.21632958687
269353.8049648913
269380.3650700265
269380.975710389
269383.41827183886
269387.08211401367
269394.40979836334
269398.6842809007
269407.1947371236
269409.81333903834
270217.93259422824
270333.72320998786
270452.45150100475
270453.24918436114
271862.00750311353
272310.81166573707
272505.49041481066
272751.495961919
272751.495961919
273147.16891174286
273185.61724952055
273188.2688590224
273190.92046852433
273195.33798393933
273201.5214052674
273206.1589712635
273209.25068192754
273215.4341032556
273218.5258139197
273223.16337991576
273224.7092352478
273229.3468012439
273229.3468012439
273233.98436723993
273235.530222572
273238.621933236
273240.16778856807
273247.89706522814
273250.9887758922
273254.0804865563
273261.80976321636
273341.9521848425
273640.13172472286
273641.4245218866
276328.4951749326
276339.71775456716
276346.45130234794
276352.06259216525
276354.3071080922
276357.67388198257
276358.6311020102
276359.5883220379
276361.5027620932
276362.45998212084
276364.37442217616
276365.33164220385
276367.24608225917
276368.2033022868
276369.1605223145
276371.0749623698
276372.9894024251
276374.90384248045
276375.8610625081
276377.7755025634
276379.6899426187
276381.60438267404
276413.1926435868
276414.14986361447
276416.4273871286
276703.5163777229
277149.5258979668
277582.035315062
277582.035315062
277781.6211920935
277900.3329793168
277921.5733616547
278052.5804750953
278052.5804750953
278073.07818672206
278156.1582836054
278160.4657737299
278216.46314534795
278336.7207879033
278339.64746063156
280564.545878254
280602.36707187555
280609.9313105999
280671.6720023839
280672.7227439085
280679.0271930562
280679.0271930562
280681.8218354358
280683.21915662556
280684.6164778154
280686.0137990052
280687.411120195
280688.8084413848
280690.2057625746
280690.2057625746
280693.0004049542
281120.8007396144
281152.48802328866
281200.426042375
281201.74084459693
281224.0924823692
281250.3885268072
281280.2053805423
282087.40592455625
282100.1688582584
282235.1698897455
282235.1698897455
282972.46036415314
283034.5586381314
283139.0276514949
283141.3271800671
287807.5437617952
287817.5010505887
287859.4591951344
287899.9705071096
287901.41733968013
288339.58205670887
288346.70619427104
288348.13102178345
288348.13102178345
288350.98067680834
288350.98067680834
288352.13594235893
288353.2912079096
288354.4464734602
288355.60173901083
288356.7570045614
288357.9122701121
288359.0675356627
288361.3780667639
288362.5333323146
288362.5333323146
288363.68859786517
288365.9991289664
288367.15439451707
288369.4649256183
288369.4649256183
288370.6201911689
288417.98607874446
288419.1413442951
289694.0153882594
289882.543723592
289882.543723592
295950.4935092719
295993.9534990334
298649.66144301224
298874.179050879
298887.92671093147
298926.6116030838
298927.5688231114
299481.9092444166
299627.72576196335
299629.0515667143
301092.1898853139
301467.33761718834
301516.4419043544
301519.7976757157
301538.254418203
301558.38904637104
304162.9352302509
304196.3829185737
304203.42453716794
304277.66960322135
304279.3694939601
304309.96752725804
304311.6674179968
304415.25622903596
304416.69756034197
304418.138891648
304419.580222954
304421.02155426005
304422.46288556606
304426.95741868444
304428.56928919075
304428.56928919075
304433.4049007098
304435.0167712161
304438.24051222886
304439.8523827352
304439.8523827352
304443.07612374786
304444.68799425423
304446.29986476054
304449.5236057732
304455.97108779865
304460.80669931765
304462.418569824
304467.2541813431
304473.70166336844
304478.5372748875
304478.5372748875
304480.1491453938
304481.7610159002
304483.3728864065
304488.20849792555
304489.8203684319
304491.4322389382
304493.0441094446
304493.0441094446
304496.2678504573
304496.2678504573
304504.327202989
304504.327202989
304507.5509440017
304507.5509440017
304512.3865555207
304513.9984260271
304515.61029653344
304518.8340375461
304529.5119919926
304531.0028346793
304532.4936773661
304538.4570481131
304539.9478907999
304541.43873348663
304542.9295761734
304544.42041886016
304544.42041886016
304547.4021042337
304548.8929469204
304548.8929469204
304551.87463229394
304553.3654749807
304554.85631766747
304556.3471603542
304556.3471603542
304563.801373788
304563.801373788
304566.7830591615
304569.76474453503
304968.8704834236
306543.77249214926
306621.175284041
306635.03847064846
306652.3674539078
306653.52271945844
307096.6715821484
307117.6754101116
307238.77474613953
307240.39761917497
307915.87038409524
308001.2555108153
308002.82887246995
309362.02629910066
309581.922844765
309583.38618112914
310735.736061553
310756.6958794
310825.78075932735
310901.79723255837
310903.3485891549
312174.60280106054
312253.2598812644
312514.4874273184
312549.7230266124
312549.7230266124
312813.7892251621
312859.988844658
312932.39098709496
312934.01936139486
314642.72312594077
314707.53902459523
315014.97169140965
317823.2076956578
321499.8403105158
322487.75739423436
323098.1887086546
323337.0976245234
323338.775510204
327169.2729926115
327313.60967000056
327630.91710664047
327632.154891159
327875.25577059726
328019.9610327096
328023.7238976459
334111.97334942967
335049.7023968704
335063.31802657415
335178.5145057649
335178.5145057649
335249.97593196767
335265.6380320754
335300.57656308496
335926.0593372505
335959.160445908
336012.7977750441
336013.6834786329
336128.6929148297
336138.4191505131
336156.6558424193
336161.518960261
336167.5978575631
338785.9137065534
338801.6693281581
338876.26647514116
338876.90462182625
338878.8190618816
341476.44465498667
342081.7432896034
343256.835397581
343257.8476302539
343881.6800250613
343910.1105601357
344051.0694611053
344053.3469846194
344920.42329174274
345669.01886475296
345693.7140412136
345694.8418004416
345698.2250781256
345762.71090090845
349472.01002452645
351459.38034367625
351509.53537236684
351540.47448406543
351540.65602579486
352673.2618678321
352689.09450714017
352691.01994972455
352728.79163196543
352728.79163196543
355633.9104057947
355654.4631300667
355675.74202125624
355676.1601173603
355782.19699111395
361044.5801083444
361701.8711940036
361701.8711940036
365553.922630827
368004.87350911915
368012.0526593266
368043.5914088586
368044.7301706156
368050.42397940083
369790.2373948456
369835.8648828307
369986.8085789164
369986.8085789164
377291.64617700316
377313.57971867145
377929.80936590285
377931.59177560953
379797.95077896374
379822.26636817213
382951.6496917
383743.1716318126
383776.7073403678
383787.8859098862
383793.4751946454
383801.8591217842
383810.24304892303
383812.93866854114
383823.72114701365
383837.1992451042
383837.1992451042
383853.37296281295
383858.7642020492
383861.45982166735
383877.633539376
383880.3291589942
383885.7203982304
383896.50287670287
383907.2853551754
383907.2853551754
383912.6765944116
383923.4590728841
383928.85031212034
383936.9371709747
383942.32841021096
383955.8065083015
383961.1977475378
383966.58898677403
383971.9802260103
383979.3244141536
383984.22053958237
383986.6686022968
383989.1166650112
384030.7337311563
384033.1817938707
384206.3671024381
385048.2916281451
387201.9156625585
390275.52166504937
390277.6396518922
391756.423566806
391914.52990930557
391915.8172052048
392740.04966419365
393792.6286111599
393948.8535211913
394465.1581995584
394465.1581995584
394597.7826847699
394740.6395220012
394742.33941274
394897.2275154914
395273.5965280908
395279.3398482568
395300.8772988791
395302.31312892056
395308.0564490865
395838.515881081
396214.36227355036
396345.18784526165
396410.2402982908
396411.96769535216
399099.4674470312
399435.70473490783
402130.88425186626
402208.5290993971
402209.92642058694
402214.1183841563
402246.25677152176
406969.80203088344
407068.2306557966
407069.88653641916
408824.82292804803
415851.9456902941
416374.20823814365
416374.9784151774
416870.3617845491
416911.6817824097
416913.22213647724
417595.1588872165
417636.2863408186
417816.9698729361
417821.48090984806
417827.119705988
417880.1243897035
417881.25214893144
422361.68552632583
422370.10246105184
422823.29663276765
422824.26485532435
422861.0573124794
422952.5323390307
423030.69430542714
423033.951054027
423046.80200796155
424716.8758930004
424884.141840937
424885.0495495839
424888.6803841716
430176.1327638506
430210.70271013683
433632.23068635917
434680.2160774456
434681.2503151766
438054.87878116424
438119.8487152255
438119.8487152255
438142.23336058494
438144.5658967443
440605.35303601035
440617.7308811956
440617.7308811956
440620.0414122968
440620.481513459
440621.36171578325
445625.34493692644
445636.53450897394
448360.0840470969
449916.6283360967
450374.443570015
450375.7088608562
450380.7700242208
450383.30060590315
450384.5658967443
450384.5658967443
450385.8311875854
450388.36176926777
450388.36176926777
450390.8923509501
450392.1576417913
450393.4229326324
450395.9535143147
450395.9535143147
450397.2188051559
450398.48409599706
450399.7493868382
450401.01467767934
450403.5452593617
450403.5452593617
451804.480779957
451923.0275292446
453638.45383904217
453639.8566614965
453641.2594839508
453764.7903788996
453823.1863018513
454126.42150383175
454285.2100031327
454379.0285683723
454423.5392996585
454608.09572200273
454876.2383575669
454876.2383575669
456116.79551341315
456189.29667861154
456335.5037859397
463248.2167498224
468750.4935092719
471818.504725739
471989.0329235401
471989.0329235401
471991.7725532744
472963.1638383545
473012.80724944413
482418.5942741005
483235.08645390015
483236.58829911595
486544.3776312472
486701.9668548812
486728.36192208074
486737.63155280834
486756.1708142636
486758.0247404091
486765.4404449912
490256.87298955524
490330.87599996943
490532.552357521
491321.80777664867
491323.0840700189
491485.613429198
491513.7358934588
491535.6089212173
491565.5853116237
491659.23333766306
491689.93039372243
491781.7134910872
491808.2735962225
491877.31446603354
491959.6243858831
493517.65951756964
493523.9529641883
493525.52632584295
493579.0206221013
493582.1673454107
493588.4607920293
494260.5612817946
494273.18668388354
498716.02992076654
501097.90692166047
501716.3975886124
501926.57339985785
503689.55814148946
505780.53927673656
505795.39269095886
505798.3633738033
505868.02588650584
505869.4452127537
505872.28386524954
505879.3804964891
506276.6433117612
506307.64293736964
506407.254334156
506408.0960276286
506411.46280151897
513300.8889126598
513319.60421457986
513373.42308544536
513374.5618472024
513650.98938714387
513663.14718174806
513664.36296120845
513675.30497635226
513676.52075581264
513775.37297809427
513776.49523605773
513782.10652587505
519437.02137088455
519502.75598071504
519504.0487778788
523312.9868046058
523413.87999602687
523417.97843809926
525921.0207901956
525929.0306313465
525929.6027628573
525930.7470258789
525931.8912889004
525933.035551922
525933.6076834328
525935.3240779651
525935.8962094759
525937.0404724975
525939.9011300515
525939.9011300515
525941.045393073
525945.6224451592
525946.7667081809
525947.9109712024
525950.1994972455
525950.1994972455
525952.4880232887
525953.6322863102
525954.7765493318
527759.5213899862
527772.3943489788
527772.3943489788
531289.132710366
531295.5141772171
531298.7049106427
531301.8956440683
531305.0863774937
531306.6817442065
534656.2806867412
535101.8391032938
535163.1672002384
535199.1234651854
535229.1218606499
535341.7712543648
541608.3496970484
546195.953208689
552937.7968963699
552958.8282306559
553006.4251713415
553008.1250620803
554010.2684158651
556604.6537641638
556642.5904843406
556796.4608531544
556798.9089158688
558558.7469341912
558579.9323038837
558581.3296250735
558758.3768213388
559332.2687367721
565920.1320303485
568624.960765287
569501.3012018735
569501.3012018735
576411.0819917633
577459.5514941282
577715.4263097976
577753.715110904
582453.401386013
582497.3014769367
582498.5557652488
585277.9816471703
586387.2951352012
586432.3504916755
586432.3504916755
586444.365253402
586447.3689438336
586453.3763246968
587457.9732424605
595005.5486365269
595076.9990602008
595723.1445839286
596082.4321701725
597255.2247495778
597596.490193232
597601.5513565965
597634.7129791639
597685.9572582309
597700.4805965816
597702.2960138754
597705.0191398162
597744.1991457759
597745.2828948876
598019.3944024633
599287.0287823104
599379.2959909535
602397.245700227
603967.7301935375
604473.8190236783
604497.584486434
604499.1688506177
605679.6687016252
605683.7286348459
605688.4652236035
605693.8784678979
605905.3415750426
606937.0212180717
606937.0212180717
608688.3927902872
608721.7964684938
608722.2915823011
610572.0587718426
610574.682875022
610574.9744420418
622772.3011331077
622793.9376064915
622793.9376064915
626727.1381963494
626776.7596023808
626792.5372290437
627107.7651876925
627135.9591683922
627137.0869276202
628392.2059306689
629297.5380313114
629334.7815921577
631100.0163509806
631186.6062546321
631188.3776618098
639127.4450446595
642737.9744649638
642816.9506185101
642838.2955248741
642904.0466384982
642906.8412808778
642923.6091351554
642926.4037775351
647791.898165481
648686.1122105151
648706.6264259354
648858.2137699707
648861.5915463902
648863.2804345998
648875.1026520679
648875.1026520679
648876.7915402777
648876.7915402777
648880.169316697
648880.169316697
648881.8582049068
648881.8582049068
648883.5470931166
648885.2359813262
648886.924869536
648886.924869536
648886.924869536
648888.6137577457
648893.6804223749
648893.6804223749
648895.3693105846
648895.3693105846
648900.4359752138
648902.1248634234
648903.8137516332
648905.5026398429
648908.8804162623
648910.5693044721
648912.2581926818
648912.2581926818
648915.6359691012
648917.324857311
648917.324857311
648919.0137455206
648920.7026337304
648922.3915219401
648922.3915219401
648924.0804101499
648932.5248511984
648932.5248511984
648934.2137394082
648934.2137394082
648935.9026276178
648937.5915158276
648937.5915158276
648939.2804040373
648940.9692922471
648944.3470686665
648946.1074733151
648946.1074733151
648947.8678779636
648947.8678779636
648949.6282826122
648953.1490919093
648953.1490919093
648954.9094965579
648954.9094965579
648954.9094965579
648956.6699012065
648958.430305855
648961.9511151522
648963.7115198007
648963.7115198007
648965.4719244493
648965.4719244493
648967.2323290979
648967.2323290979
648972.5135430436
648974.2739476921
648974.2739476921
648976.0343523407
648976.0343523407
648977.7947569892
648977.7947569892
648979.5551616378
648979.5551616378
648983.0759709349
648983.0759709349
648984.8363755835
648984.8363755835
648986.5967802322
648990.1175895293
648990.1175895293
648990.1175895293
648991.8779941779
648991.8779941779
648993.6383988264
648995.398803475
648997.1592081236
649000.6800174207
649002.4404220693
649004.2008267178
649004.2008267178
649005.9612313664
649009.4820406635
649009.4820406635
649011.2424453121
649011.2424453121
649013.0028499607
649013.0028499607
649020.0444685549
649021.8048732035
649021.8048732035
649023.5652778521
649023.5652778521
649025.3256825006
649025.3256825006
649028.8464917978
649030.6068964463
649035.888110392
649037.6485150406
649037.6485150406
649039.4089196891
649039.4089196891
649041.1693243377
649041.1693243377
649044.6901336348
649046.4505382834
649046.4505382834
649048.210942932
649048.210942932
649049.9713475805
649049.9713475805
649722.5999587405
649724.7619556995
652783.5970629359
659129.2781882503
659204.8380565256
659331.9447734166
659336.9179165488
659341.8910596811
669248.2876550097
669307.9378662735
674174.7085475898
674195.7013730239
674214.7357482865
674215.6874670497
674218.5426233391
674231.866686023
674246.7861154196
674252.3643976498
678766.6360531484
681252.2559004881
689828.9198419915
689835.6863973594
689836.8141565874
689837.9419158153
689895.7326996692
689896.6954209614
690793.0329541027
690808.3979859259
690830.4140465622
690831.3712665897
695494.6171654734
695504.9320364612
695522.5140778887
695522.882662612
695523.2512473353
695523.9884167819
695524.3570015052
695525.8313403984
695526.1999251216
695829.935742174
695870.7551249628
695873.4287395228
696385.161867068
696421.8002888163
696421.8002888163
697977.5028843435
697992.1087416621
697992.3012859205
697994.2267285049
698147.1068697041
698149.967527258
698150.1875778391
698150.4076284202
698151.0677801634
698151.2878307444
698156.2829789347
698156.5525408966
698157.6307887438
698167.6045813309
700967.8362456926
700976.8473169875
700981.0062729697
700983.7789102911
700984.4720696216
700992.9385157283
700992.9385157283
700995.1665278616
703411.9545534425
703542.417041695
704224.0787292079
704225.437541546
705654.3524935246
705763.948685427
705763.948685427
707232.7753115473
710696.6410195677
710711.8410134552
710718.5965662941
710720.2854545038
710721.9743427135
710721.9743427135
710725.352119133
710725.352119133
710728.7298955524
710728.7298955524
710730.4187837621
710732.1076719719
711227.3535097303
711522.9914653994
711524.7298649898
711569.9282543418
711635.9709349857
711653.3494296258
711816.1758570895
712472.7407758312
713336.8574026391
713367.7965143376
713367.7965143376
716411.6461770032
716416.355259438
716466.9778956135
716468.4082243905
717257.8121776602
717296.5080723417
717346.2670099863
717347.3727641563
728944.0108802787
729000.9709731889
729082.3016679529
729082.3016679529
739722.6274650631
740726.2781653282
740726.2781653282
740989.1285844176
740995.2900006876
741005.1482667197
741013.7742494976
741034.4590041183
741047.9921148542
741074.1561289435
741160.0858808517
741162.9245333476
742227.2596826076
742234.1472657952
742235.869161592
742241.0348489827
742273.7508691234
742326.6070186967
742328.2243904675
742331.4591340093
742331.4591340093
742333.0765057802
742334.693877551
742336.3112493219
742336.3112493219
742337.9286210928
742916.3865860833
743720.5999434593
743729.4294730247
743740.0249085033
743827.7920827635
743829.6075000573
743842.3154211142
743842.3154211142
743844.130838408
743845.9462557018
743847.7616729958
743847.7616729958
743849.5770902896
743851.3925075834
743853.2079248772
743856.8387594649
743856.8387594649
744367.3781126079
745108.8055379397
745161.7277026873
745161.7277026873
745941.3394050994
746024.6780614154
746026.5099825029
746033.8376668526
746059.4845620764
746077.8037729505
746085.1314573003
746090.6272205625
749247.3903376401
752164.3863415826
752180.3620137684
752182.3589727916
752242.212730843
752244.154677221
753239.8725540384
753252.6794978568
753304.7324628092
753306.0857738827
757976.0597192827
757984.4161400989
757985.6099145012
757986.8036889035
757989.1912377081
757991.5787865127
757991.5787865127
757992.7725609151
757993.9663353174
757995.1601097197
757995.1601097197
757996.353884122
757997.5476585244
757998.7414329266
757999.9352073289
757999.9352073289
758001.1289817312
758002.3227561335
758068.0243583769
758075.9901894116
758083.4389015809
758108.8547436945
758110.0100092451
761822.3733372047
761830.0971126002
761832.0500615072
761844.0923295562
761847.3765844788
761852.8503426829
761856.1345976054
761932.2775999205
761933.1467997157
762852.5236286952
762878.6161263457
762881.982900236
762893.7666088524
762895.4499957976
762896.4072158253
762902.1505359912
766266.8119408003
766293.1850029416
775839.4523185538
776092.0648843588
776098.897454901
776100.0362166581
776112.5625959855
776115.9788812568
776116.9966151942
776151.5995690677
776152.6173030051
777626.4060697285
784367.0284766846
787266.1068620634
787417.446649195
787418.1893199062
789102.7920445603
789167.0138066458
789184.0347190916
789185.0359492355
791559.1011545015
791577.6624210149
791577.6624210149
798574.5062233055
802919.9000603611
802999.695902322
802999.695902322
806853.122655277
807026.6490422452
807027.6942825053
813883.0565636962
813909.1380588177
814017.050863775
814017.050863775
814030.5839745108
814636.0146394762
814687.7430298214
814778.2718388741
814794.2475110599
814919.8963928515
824989.8180762383
825013.0884251866
825025.7963462435
825028.1068773448
825031.5726739966
825035.0384706485
825037.3490017498
825044.2805950535
825046.5911261548
825099.4362731988
825100.5255235751
825109.2395265856
825969.945369387
825996.3294340575
826093.2507124902
826095.2091626617
826573.9071967236
827416.2388160056
827603.7714224589
827603.7714224589
845359.933373574
847808.1281183383
848735.3992619136
848757.1182542654
848780.9057220791
848781.9399598102
848784.0084352723
848786.0769107343
848788.1453861964
848792.2823371205
848793.3165748515
853945.2067940617
853954.9495335387
853956.3413534639
853956.3413534639
853956.3413534639
853957.7331733892
853959.1249933145
853960.5168132398
853966.0840929409
853966.0840929409
853967.4759128662
853967.4759128662
853967.4759128662
853968.8677327915
853970.2595527167
853970.2595527167
853977.218652343
853977.218652343
853978.6104722683
853978.6104722683
853980.0022921936
853981.3941121189
853989.1288900434
853990.366674562
853990.366674562
853991.6044590805
853991.6044590805
853991.6044590805
853992.842243599
853992.842243599
853996.5555971545
853997.793381673
853997.793381673
853999.0311661916
853999.0311661916
854000.2689507102
854000.2689507102
854001.5067352287
854001.5067352287
854005.2200887842
854016.360149451
854017.5979339695
854017.5979339695
854018.835718488
854018.835718488
854020.0735030065
854020.0735030065
854021.3112875251
854021.3112875251
854027.5002101177
854027.5002101177
854028.7379946362
854028.7379946362
854029.9757791547
854029.9757791547
854031.2135636732
854031.2135636732
854036.1647017474
854036.1647017474
854037.4024862659
854037.4024862659
854038.6402707844
854038.6402707844
854041.1158398214
854051.0181159696
854052.2559004881
854052.2559004881
854053.4936850067
854053.4936850067
854054.7314695253
854055.9692540438
854059.4625570184
854060.4802909559
854060.4802909559
854061.4980248932
854061.4980248932
854063.5334927682
854067.604428518
854080.8349697049
854081.8527036423
854082.8704375798
854083.8881715173
854083.8881715173
854084.9059054547
854085.9236393921
854086.9413733296
854086.9413733296
854091.0123090794
854091.0123090794
854092.0300430169
854093.0477769544
854094.0655108918
854094.0655108918
854097.1187127042
854098.1364466416
854099.154180579
854100.1719145165
854100.1719145165
854101.189648454
854102.2073823914
854103.2251163289
854106.2783181412
854116.4556575158
854116.4556575158
854117.4733914533
854118.4911253906
854119.5088593281
854121.1922462733
854121.1922462733
854122.0339397459
854124.5590201637
854127.925794054
854127.925794054
854129.6091809992
854129.6091809992
854130.4508744719
854131.2925679445
854132.1342614171
854132.1342614171
854136.34272878
854136.34272878
854138.0261157253
854138.0261157253
854138.8678091979
854139.7095026704
854140.551196143
854148.968130869
854155.7016786498
854157.3850655949
854157.3850655949
854158.2267590676
854159.0684525402
854161.593532958
854164.9603068483
854166.6436937936
854166.6436937936
854168.3270807387
854168.3270807387
854170.0104676839
854170.0104676839
854171.055707944
854175.2366689843
854188.8247923654
854189.8700326255
854191.9605131458
854193.0057534059
854194.0509936659
854194.0509936659
854197.1867144462
854202.4129157466
854204.5033962668
854205.5486365269
854213.9105586075
854213.9105586075
854216.0010391277
854216.0010391277
854222.2724806883
854224.3629612084
854224.3629612084
854225.4082014685
854226.4534417286
854227.4986819887
855922.7133459148
855939.3326660503
855980.1960589553
856011.3827275576
856027.6114579116
856028.2606071257
856374.614720467
856384.9570977773
864043.4214809099
864066.8403640004
864097.0973188976
864098.2250781256
865748.7419677718
865753.4950603229
865784.2361264986
865795.1506353196
865804.0186737368
865804.0186737368
880741.9983343394
881493.4160560519
882852.5804750953
882859.0169545917
884938.5279533004
884955.317812636
884956.5170883029
884957.7163639697
884958.9156396366
884958.9156396366
884960.1149153034
884961.3141909703
884961.3141909703
884962.5134666371
884963.712742304
884964.9120179708
892565.162019881
897033.5971393425
897038.9883785787
897060.5533355237
897068.1010704543
897081.7001963647
897083.1085200835
906630.1405114648
906640.5379014204
906697.4044728336
906697.4044728336
906699.5719710572
906700.655720169
906701.7394692808
906702.8232183926
906703.9069675043
906703.9069675043
906706.0744657279
906706.0744657279
906709.3257130632
906710.409462175
906710.409462175
906712.5769603985
906712.5769603985
906713.6607095103
906714.7444586221
906715.8282077338
906716.9119568457
906719.0794550691
906720.3337433812
906720.3337433812
906721.5880316934
906734.1309148144
906735.3852031265
906736.6394914386
906736.6394914386
906740.4023563749
906741.656644687
906742.9109329991
906742.9109329991
906744.1652213113
906745.4195096233
906746.6737979355
906746.6737979355
906749.1823745597
906750.4366628717
906751.6909511839
906752.945239496
906754.1995278081
906755.4538161202
906756.7081044323
906756.7081044323
907999.5262799991
908013.5545045424
908013.5545045424
912360.5712146334
912392.533561534
912820.1358506713
912902.9188792702
912933.3188670451
912934.5126414474
914799.8759159223
915541.3253463123
915563.682485349
915580.4503396266
915580.4503396266
915586.0396243859
915587.4369455756
915766.7396602969
915768.6045889715
918182.548460792
919005.988737689
919120.8386372145
919122.2084520817
919277.4211294402
919474.3774020278
919498.4949457132
919606.0501684763
919608.1461502609
919616.5300773998
919620.7220409692
919622.8180227539
919635.0363312678
919636.7747308583
919640.2515300391
919643.7283292201
919645.4667288106
919648.9435279914
919652.4203271724
919654.1587267629
919657.6355259438
919661.1123251247
919664.5891243056
919669.804323077
919673.2811222579
919678.4963210293
919680.2347206197
919687.1883189817
920498.4708012744
920512.2019575334
920629.4889172442
920647.6540927116
920649.0514139014
920857.1422458913
921774.3900854988
921807.8377738217
921905.6227507851
921907.2456238205
922380.4478946202
922389.8275506384
922391.7034818421
922393.5794130457
922397.3312754529
922402.9590690638
922404.8350002675
922408.5868626747
922410.4627938783
922739.1963569404
922747.745322015
922835.5840127141
922837.0418478136
923266.1459821668
923275.5806508302
924181.5013867771
924475.593487114
924719.4370372634
924721.7365658357
925079.1097120241
925117.9486395831
925119.890585961
925123.774478717
925127.6583714728
925506.3159101155
925694.1785924403
925696.2965792832
925796.7056594259
925963.0308911285
926007.8551944926
926125.032128913
926126.3854399865
930860.058527342
930967.0691249169
931087.1067168912
931087.9429090992
931381.3913614866
932279.0106892625
932345.4604634816
932851.3182405122
932852.5725288243
936880.2133268133
936900.0783930195
936901.4152002995
937597.6222312213
938046.7784747744
938078.2016977513
938103.4414994002
938105.88406085
938106.698248
938120.5394295494
941830.1851328326
941836.236523812
941851.3650012607
941854.3906967504
941899.0279571207
941900.4472833686
949238.9581216237
949334.9221800289
949336.082946844
949339.5652472895
949340.7260141046
949343.0475477349
949344.20831455
949346.5298481804
949347.6906149955
949348.8513818106
949350.0121486258
949352.333682256
949353.4944490712
949427.8275353571
950625.6233620367
950629.4467408828
950630.211416652
950632.5054439596
950659.8192223352
950661.8106800938
950759.5846545283
954052.4325522047
954056.0303792052
954070.1136163938
954070.377677091
954070.9057984856
954071.1698591829
954071.1698591829
954071.4339198802
954071.6979805775
954071.9620412748
954322.2915823011
954323.281809916
954323.5293668198
954324.5195944345
954326.5000496642
954334.6694274865
954334.9169843901
954899.2091932243
954906.2233054959
954913.7050252524
960579.754429664
960707.7413488795
960708.0879285447
960778.9717219721
960800.6246991495
960801.3013546864
962688.0370418478
962704.8048961255
962717.771376615
962718.6515789393
962721.2921859121
965647.5248129952
966117.9324414153
966177.6926779697
966183.1389298512
966183.1389298512
966184.2281802275
966185.3174306038
966188.5851817327
966188.5851817327
966192.9421832379
966194.0314336142
966195.1206839905
966197.2991847431
966198.3884351194
966199.4776854957
966201.6561862483
966202.7454366246
966203.834687001
966204.9239373773
966208.1916885062
966211.459439635
966211.459439635
966212.5486900114
966215.8164411403
966268.7936185332
966269.7343347672
966680.1341697292
966695.7522597208
967699.5404915991
967812.2393966946
967812.2393966946
967816.82745131
971855.9108795146
971908.3709380421
971909.7682592318
973486.4526776641
973668.5665385586
973990.8526195952
977579.8335867481
977587.0127369555
977636.0125000955
977637.4648339306
978667.3675685175
978705.9864454954
978705.9864454954
979201.9254425843
979244.7857945125
979327.17823333
979327.17823333
980492.6926397665
980691.6238663193
980718.7561029653
980865.6948784756
980867.2682401303
980871.9883250942
980873.5616867489
980875.1350484035
980876.7084100582
980878.2817717128
980879.8551333675
980881.4284950221
984361.423910635
987017.8470190023
991178.2663376096
991196.9981433232
991198.2469303708
991410.7827840983
992320.9559975244
992768.4563604551
992824.8883319708
992921.5290459126
992922.9043620443
998586.1921316637
1002049.0511082757
1003316.2453869605
1003317.9617814928
1007107.9149443379
1007143.4696169745
1007145.0154723064
1007149.6530383026
1007151.1988936346
1007154.2906042986
1007162.0198809587
1017284.5941671315
1017297.3020881884
1017308.8547436945
1019679.2946156374
1019873.7478128653
1019874.6775265704
1024462.9962025994
1024510.7691837498
1024520.5394295494
1024521.3536166993
1024736.2000015281
1025005.8169759854
1025380.8051711887
1025388.5509516423
1025389.2551135018
1025391.3675990801
1025393.4800846584
1025394.1842465177
1025397.7050558149
1026160.3343546329
1026160.3343546329
1026172.2170860107
1027204.8264427448
1027219.8834037546
1027221.6548109322
1027221.6548109322
1027285.2054187455
1027286.3331779735
1029915.6295509593
1030037.1194767687
1030037.1194767687
1030269.5479030249
1030280.1763460907
1030328.928552327
1030329.9847951161
1030332.0972806944
1030717.8679543701
1030907.2929958205
1030936.7797736841
1030938.2266062547
1031884.1580391049
1032432.5405909276
1032720.3612497039
1032732.392515224
1032733.729322504
1032755.1182389841
1032756.4550462641
1032759.1286608241
1032764.4758899441
1032768.4863117841
1032772.4967336243
1032776.5071554643
1032783.1911918642
1038201.9642570618
1038255.634593785
1038416.271517967
1038430.9268866663
1038584.2361264986
1038584.9182832999
1046554.6662184155
1046966.3203416896
1046969.9841838644
1046971.8161049519
1046972.4267453144
1047010.467989517
1047010.467989517
1047014.3958923891
1047017.6691447826
1047018.97844574
1047020.2877466973
1047021.5970476547
1047022.906348612
1047024.2156495694
1047030.7621543562
1047094.3842786085
1047111.2071455314
1047445.8215603725
1049009.9190855676
1049634.1200650984
1049649.8976917611
1049653.8420984268
1049659.1013073144
1049660.4161095363
1050469.7291391285
1050491.7121921775
1050535.9093513857
1050537.0481131428
1050562.1008717977
1050586.0148686955
1050620.722346595
1051857.621161531
1051877.2716784205
1051923.8783914915
1051925.000649455
1052369.6128485089
1052388.223626403
1052450.7179914273
1052451.7027177776
1056432.2856990045
1056483.2494135804
1056506.8168308132
1056593.8743419496
1056595.2001467005
1056750.4898417622
1057667.6166535502
1057708.3260110484
1057709.3437449858
1062893.190809832
1062915.3058932298
1062916.4116473997
1066107.1505741945
1066142.204631759
1066143.5029301874
1066144.801228616
1066146.0995270442
1066147.3978254725
1066175.7733479014
1066176.9506185101
1066632.19126063
1067115.7414100047
1067115.7414100047
1073293.7384912781
1080786.9008779102
1083442.1192093461
1086072.1252454557
1086927.170287059
1086927.170287059
1086934.4319562344
1089467.7312632278
1089620.0612779742
1104074.5898119635
1104102.1731523008
1104103.3724279676
1111791.36759908
1111855.9524446244
1111855.9524446244
1115914.4003239633
1118791.5726739967
1119367.2249940785
1124306.6343722064
1126661.2966174865
1126673.4049007099
1126737.5056349759
1126738.0722652222
1126750.5491331688
1132568.460944842
1132588.5020515132
1132588.5020515132
1132589.5142841863
1132590.5265168592
1132608.9942618755
1138706.8324177293
1140961.7017244936
1140991.1830010926
1140991.1830010926
1144686.0137990052
1144699.9870109032
1144809.869268561
1144811.8277187324
1144835.6481941335
1145371.6088906548
1145389.3999801343
1145390.67077224
1145390.67077224
1145391.9415643457
1145393.2123564514
1145394.4831485571
1145394.4831485571
1145397.0247327685
1145397.0247327685
1145399.56631698
1145399.56631698
1151970.7332727176
1152003.6583409104
1152005.3912392363
1156060.4228333042
1156107.8382322604
1174234.1472657952
1174561.51101399
1174590.3926527556
1174592.31809534
1174615.4234063525
1175369.514742625
1175463.8834343173
1175522.9120026897
1175522.9120026897
1175898.8134078044
1175900.3097517556
1177034.7035047638
1177071.4079416867
1177071.4079416867
1188481.0635778084
1188513.2569778191
1188514.7203141833
1196363.7374979942
1199755.7016786498
1199784.6438313252
1203797.5467416467
1203821.152667731
1203857.4170034917
1203858.5502639841
1203976.1948058894
1205535.066129784
