436960.38019850396
436973.03310691554
437063.69394631684
437063.69394631684
446871.9644862812
452124.21427425335
453311.4036629253
458304.6704207703
458342.32107519155
467801.87745933264
468170.70423826587
468170.70423826587
469836.93824066507
470949.57999373466
471350.32510945224
476064.9693228096
476091.99153416516
477365.2922164748
477408.5266543907
480514.79366437707
481298.9439100238
484695.8207199016
484695.8207199016
488209.21431245655
489400.1225559486
489482.2069239527
489499.38737306977
492188.3229547903
496892.8118338312
500686.24729712174
525885.0645252485
525887.3090411754
525888.4312991389
525892.359202011
525894.5487052926
525895.8139961339
525896.8262288067
525898.5976359843
525901.6343340031
530190.5081793107
538670.2563436456
544921.0681621956
545269.4412396182
545297.8277645764
545413.618380336
545413.618380336
550180.1450194455
552938.9631644496
556387.0677496007
556427.6230716922
556431.8920529649
563753.3654749807
570078.5268836101
570084.7323099963
570094.0404495756
570371.7772904744
571094.3243759503
591189.0463710756
645195.2132886101
691749.3012629986
691801.750318997
691874.4110208666
749923.5232543036
770118.9624003852
804133.4129997938
809138.3149321128
809149.5540155411
809365.6216810948
809773.5514482843
809774.8277416545
810347.8174497054
829785.6664552755
855857.4133359821
902863.1661305481
903358.1644114029
903359.7322717931
903375.4108756944
903403.6323627167
907253.3072532645
935004.4361585893
971211.294707325
987041.0293477181
1038374.1318316918
1038399.217597934
1038399.217597934
1038490.5825991947
1038492.695084773
1038737.798424499
1038737.798424499
1038739.8448949029
1038742.2324437075
1038746.3253845155
1038778.2327187707
1049792.8260454312
1049845.90774685
1109722.8041167797
1110245.2041962424
1110271.7863064357
1110281.7876053455
1110300.1233200133
