245245.37157022572
245255.26430920893
245662.23637138127
245662.23637138127
245673.85861018675
246324.30273933554
250922.75221071712
251751.08577358286
252287.28145047385
253483.59261951962
253487.0654551627
253487.0654551627
254969.0346508492
254981.86062153097
255003.23723933395
259446.04556271198
259863.29777182773
269589.0823722332
269602.2357948813
269603.3795707638
269635.0547835083
269635.0547835083
270888.90064664074
270890.6255344635
273823.76499300194
273858.9637733843
273889.8457222103
273892.41921794583
274417.20019600994
279291.3227150585
279352.3579167854
279353.41406467685
279356.5825083512
279370.3124309401
279373.48087461444
279491.6403024703
279491.6403024703
279492.9362743371
282394.2252641491
282443.5090910838
282444.80967495014
282717.8769428849
282717.8769428849
284741.50703490066
284764.94982849126
284788.586326062
284789.6148019563
292353.8197925241
292750.6362317402
292752.25965557335
295111.34814511146
298513.32963946334
300769.01248762925
311674.3528628026
311678.5590063703
311703.79586777656
311726.9296573989
311735.0652245627
347410.80014988995
350031.4305205474
350033.2015283654
350034.382200244
350034.97253618337
350040.8758955766
350053.86328624183
350055.04395812046
355445.8810680622
355454.36714719003
355462.0046184051
355465.3990500562
355466.24765796895
355467.94487379456
360431.78461962217
362543.0519266308
374560.68206348544
423343.09240973776
456215.39575119544
496931.63569047075
513202.0090382379
560651.5422974803
633325.5214602103
633366.5405839945
841911.2802462295
888425.435433608
888597.7766318952
896433.2133145864
1049300.8247151931
1049351.1877500168
1067175.8833420342
1067272.744556079
1067292.184134081
1067317.148887515
1067325.478158659
1067357.6053473572
1067370.694202012
1068385.311037732
1068385.311037732
1069953.819792524
1078955.105387392
1079117.2771267241
1083795.0760499504
1121574.5192150634
1133894.8579408063
1133897.0717005788
1149646.0585019328
1149652.4230612786
1149655.6053409516
1149657.196480788
1149660.378760461
1149661.9699002975
1149666.7433198069
1149666.7433198069
1149666.7433198069
1149668.3344596433
1197338.584180201
