103155.68944588747
103159.85869345897
103162.14624522386
103167.29323669487
103169.58078845975
147716.7642979992
174067.66341371235
457558.8343171198
1108802.5919437336
1108822.8755176489
1108822.8755176489
1129650.8959769912
1129654.244288647
1129655.1574645531
1129655.7662484907
1129655.918444475
1129656.2228364437
1129656.375032428
1129656.5272284125
1129656.6794243967
1129656.8316203812
1133887.4787415648
1133891.9062611097
1137438.3494166143
1137458.6422145285
1137458.6422145285
1137460.8190783046
1137461.9075101928
1137464.0843739691
1137465.1728058571
1137467.3496696334
1137479.322420403
1137482.5877160674
1137484.7645798437
1137485.8530117318
1137486.9414436198
1137489.118307396
1137490.2067392843
1137492.3836030606
1137522.988831915
1137556.4857844722
1137566.4108074522
1137573.854574687
1137580.0577140495
1137596.2596683844
1137742.2340653816
1137748.9306886934
1138145.9408318894
1138150.626623408
1138151.7980712876
1138152.969519167
1138155.3124149262
1138157.6553106855
1138158.8267585651
1138161.1696543242
1138164.683997963
1138167.0268937224
1138170.541237361
1138172.8841331203
1138177.5699246386
1138178.7413725182
1138179.9128203979
1138181.0842682775
1138183.4271640368
1138190.4051193194
1138197.8212145572
1138212.6534050328
1156959.7811862447
1157387.6087102734
1170737.0551742471
