81638.43794138277
96513.12799259518
104538.02561581404
109018.12195535969
201931.1784619622
210475.22119982447
210598.3108551736
212639.79860935404
212643.15614500898
213330.823722332
213334.15819798928
237454.47757895646
296068.55019873235
296135.9361238065
296192.7836299639
327254.3606135241
328064.3660902735
328186.5333457174
328238.36760839
333469.9800466965
349410.06504841
356832.4602775527
356934.84666702966
356937.6968827367
356940.5470984438
356944.3473860532
356948.1476736626
356950.0478174673
356952.8980331744
356954.79817697906
356956.6983207838
356965.24896790495
356968.09918361204
356969.99932741676
356970.94939931907
356972.8495431238
356974.7496869285
356975.6997588309
356978.5499745379
356980.45011834265
356981.400190245
356983.3003340497
378765.603451313
378789.17076889076
400121.1213564403
400233.5757408825
400233.5757408825
400235.0100727351
400236.4444045877
400236.4444045877
400239.3130682928
400239.3130682928
400240.7474001454
400240.7474001454
400242.181731998
400242.181731998
400245.66379164014
400245.66379164014
400245.66379164014
400247.71151942963
400249.7592472192
400251.80697500875
400253.8547027983
400257.95015837735
400259.9978861669
400259.9978861669
403938.0398361459
407342.9499501968
407371.34141927876
407517.51413225546
408733.7491392536
409351.45729576686
409460.5864285508
409460.5864285508
409485.20528202056
421547.67789026647
424069.92508703546
424772.2034788569
424784.7388935685
424818.72933007503
424818.72933007503
424861.8238536459
424873.9441884002
430096.3326276547
430104.80025878444
430106.2115306394
430107.6228024943
430107.6228024943
430109.03407434927
430110.4453462042
430111.85661805916
430113.26788991416
430206.11666437134
430207.7954321988
433794.5659115585
433797.6559512409
433798.27395917743
433798.27395917743
433798.8919671139
433800.1372069859
433800.1372069859
433867.94282401697
433868.6761319416
433869.40943986626
433890.89674565784
451015.5230936268
451019.4110092272
451019.4110092272
451031.0747560284
453702.7322894414
457927.7204872065
457943.7979175541
457956.43018425576
460631.2838333403
467334.8989363576
467675.2691133751
489117.7601055635
532079.9884700011
532088.4791611285
532088.4791611285
532089.6921170038
532124.8678373885
532126.0807932639
532130.9326167653
532147.2083630925
539956.0245845197
543094.2043179845
543094.2043179845
543095.8554138149
543095.8554138149
543099.1576054755
543099.1576054755
543104.1108929664
543109.0641804573
543110.7152762876
543114.0174679483
543115.6685637785
543117.3196596089
543120.6218512694
543120.6218512694
543122.2729470998
543123.92404293
543125.5751387604
543125.5751387604
543127.2262345906
543128.877330421
563019.4212581151
563040.8947279081
563043.5789116322
563044.9210034942
563061.026105839
563089.0209429617
563123.8230913848
572584.2609110621
572590.5332304174
572592.1013102563
572592.1013102563
572595.2374699339
572596.8055497728
572599.9417094504
572601.5097892893
572601.5097892893
572668.3883944156
572668.3883944156
597028.1720147713
597187.3782384082
597246.4579523363
597246.4579523363
601196.2296903875
601220.1429079297
783017.8311431673
783018.9933670479
783024.6107824706
783024.7722024539
783027.0320822217
783028.0006021222
783191.588225309
798156.2537752739
798332.6904291401
798333.6312770434
833378.3939352205
834360.7498342562
835085.0412998152
850104.1699521826
850111.9503953828
850115.2848710401
850116.3963629259
850117.5078548117
850118.6193466975
850119.7954065766
850120.9714664557
850124.4996460931
850128.0278257305
850129.2038856096
850130.3799454888
850132.732065247
850133.9081251262
850135.0841850053
850136.2602448844
870240.1275986535
883510.598182744
884454.4577217363
894444.2331750094
894564.7447226235
894565.9346185012
898505.9842615516
898566.8672672942
898577.0920702433
898577.0920702433
898578.6647620817
898580.2374539201
898581.8101457584
898583.3828375967
898584.9555294351
898588.1009131118
898588.1009131118
898589.6736049502
898591.2462967886
898592.8189886269
898592.8189886269
898594.3916804653
898597.5370641421
898599.1097559803
898599.1097559803
898600.6824478187
898603.8278314954
898603.8278314954
966968.4238171342
966978.8284880648
967305.01676654
967305.01676654
967309.3889420906
967310.4819859783
967321.4124248548
967322.5054687426
967324.6915565178
967325.7846004055
967325.7846004055
967329.0637320685
967330.1567759562
967331.2498198438
967332.3428637314
967333.4359076191
990072.1247545872
998768.6263607801
998830.3487504364
998830.3487504364
998833.3557741273
998834.8592859728
998839.3698215092
998840.8733333547
998840.8733333547
998842.3768452002
998843.8803570457
998843.8803570457
998846.8873807366
998846.8873807366
1000367.8787044125
1010881.8540238094
1011543.2839358292
1017848.694387773
1039793.3260523527
1039796.1854920588
1039799.0449317648
1039799.7597916914
1048227.5939774973
1048261.0355860603
1048267.1372614331
1048267.8152253635
1048269.1711532241
1048269.8491171544
1048271.205045015
1048272.5609728757
1048273.238936806
1048274.7977926458
1048275.6786845552
1048646.298966464
1048646.298966464
1050975.7461350483
1050987.9725457917
1050989.0840376774
1051482.1252350037
1053337.7263482893
1053351.8944108333
1053366.062473377
1061718.8271428982
1061936.5042965258
1061936.5042965258
1075556.4860406944
1075617.2260744518
1075851.2066464038
1075851.2066464038
1108905.587117148
1108921.42933552
1108960.8204234713
1108960.8204234713
1108983.940377095
1118872.5977407608
1122279.265026631
1122329.7156894458
1133891.9062611097
1133894.8579408063
1133901.4992201237
1133905.1888197446
1138325.4905854356
1175394.492119566
1175500.3513446862
1175593.3292551301
1178135.813905819
1178320.6075028265
1197403.345877545
1197465.3311511744
1197468.4304148557
1197469.9800466965
1197474.6289422188
1197479.2224937466
1197483.705357286
1197486.6939329787
1197495.6596600572
1197498.6482357502
1197504.6253871357
1197506.1196749823
1197509.108250675
1197512.0968263678
1197516.5796899071
1197521.0625534463
1197531.5225683714
1197536.0054319105
