192900.7311940915
200313.62109221116
200331.13746641087
202012.32198162246
202033.712435424
209939.69426286474
209946.61226215374
213951.23451056756
224158.7839694583
224202.27051298885
224573.13523087223
224575.06765867362
224930.79118211314
232671.28524256233
233198.3168763952
235963.57494018812
235965.63189197672
235966.66036787102
235967.6888437653
236128.06651528206
236128.06651528206
244666.94381367523
245738.84629550748
245757.571013583
251293.6953325924
251329.46138891645
251373.68585237119
251705.26094629263
251706.25713819024
252028.15625710617
252029.50296096777
252089.86019876436
252266.12620864811
253346.29339363097
253349.75239327544
253352.13218503084
253362.8412479302
253365.22103968562
253377.11999846267
253377.11999846267
253378.30989434037
253469.70127694734
253469.70127694734
253473.1741125904
253476.64694823348
255074.7278439863
255079.33523151278
255082.4068231971
255088.5500065657
255097.76478161864
255099.3005774608
255108.5153525137
255111.586944198
255200.7968510292
255200.7968510292
256559.6210473723
259488.71117032692
259501.0021490637
259541.74916487577
259543.52017269374
259588.906860029
259621.57826467112
259701.91929641386
259835.33983070118
259836.09158662392
259859.977132169
270873.3766562363
270875.9639879704
272996.83808999165
273330.174967732
273334.62093527504
273361.2967405334
273500.0026262775
273500.0026262775
273514.3044368076
273776.44587786525
273776.44587786525
273900.1397051523
278386.8265920206
278549.367291315
279511.0798804724
279513.67182420596
279516.2637679396
279518.8557116732
279521.4476554068
279524.0395991404
279525.3355710072
279526.631542874
279529.2234866076
279533.11140220804
279544.77514900925
279555.14292394364
281825.3858546131
282359.4876837193
282385.54086904164
282464.31843294506
282472.121936143
282499.4341973359
282513.4915718911
282518.58321936784
282541.49563301296
298629.8933154832
310438.63215780724
348073.8073657476
348087.14065637725
348089.2806241573
348090.35060804733
350037.3338799407
350038.5145518193
350040.2855596373
350040.2855596373
350043.82757527323
350049.1405987272
350049.7309346665
350050.32127060584
350050.91160654515
350052.68261436315
350054.45362218114
350055.63429405977
350056.22462999914
350060.3569815744
374561.7889433717
378478.5110928197
400803.9509462606
489320.0331807744
732754.0696091651
732757.8053287811
732759.0505686532
732760.2958085252
732762.7862882692
732764.0315281412
732765.2767680133
732767.7672477573
828008.785859097
888454.5924946113
1000794.6546925494
1000844.1137754661
1000907.3904089626
1000943.5484852464
1000962.1440673352
1000971.7001303531
1000978.5258896515
1000986.7168008097
1001293.6223092667
1001328.9502256358
1001388.2835995376
1001412.5242690461
1001496.0660284598
1001520.1683379826
1003013.6952044814
1003015.0188483453
1007886.9276076213
1008344.4241246008
1008806.1037251503
1009265.302069955
1009265.302069955
1030007.2533941434
1039791.3982365507
1039791.3982365507
1060767.583792665
1065633.1141565966
1065634.8667164163
1065635.7429963264
1065636.6192762363
1065638.3718360562
1065639.59862793
1065642.052211678
1065642.052211678
1065644.5057954257
1065644.5057954257
1083669.9986228058
1083855.7515157145
1121841.0835636663
1122245.6573860853
1122247.2577499207
1122255.2595690982
1129691.5276928153
1129699.4326600027
1129699.9030839545
1129700.2166999222
1133886.0582457108
1133890.4304212613
1134454.893043247
1134790.4344567608
1134793.4553164504
1134808.8640068667
1134860.4399975657
1134860.4399975657
1138229.3396193178
1138237.6827264603
1138239.5367502698
1138244.9742977112
1138247.3633134656
1138249.75232922
1138252.1413449745
1138254.530360729
1138255.724868606
1138259.3083922379
1138262.8919158694
1138264.0864237468
1138266.4754395012
1138268.8644552557
1138270.058963133
1138272.4479788875
1138282.0040419053
1138285.5875655368
1138293.9491206775
1138298.7271521864
1138301.116167941
1139744.220043622
1170741.104509831
1170743.1291776227
1184420.4841958948
1184440.6893658182
1184442.2436096584
1191475.6674107786
1196344.2278583988
1196349.2549378823
1196349.2549378823
1196350.260353779
1196351.2657696756
1196351.2657696756
1196353.276601469
1196354.2820173656
