60618.761229738426
60636.263767939556
60636.263767939556
92877.1520902927
92877.95457821022
92877.95457821022
92878.22207418273
102910.4279230949
102916.65412245499
102916.65412245499
104184.37288016168
104192.13487536392
104193.85976318664
104194.72220709799
104203.0284182443
104204.2690461168
104206.75030186177
104207.99092973427
104209.23155760675
104210.47218547924
104212.95344122424
104214.19406909672
104215.43469696921
104216.67532484171
104219.15658058668
104220.39720845918
104221.63783633166
104224.11909207665
104225.35971994913
104226.60034782163
104227.84097569413
104230.3222314391
104243.96913803651
104245.20976590899
104246.45039378149
104247.69102165398
104248.93164952646
104251.41290527146
160797.02218563936
170893.5100839448
170906.21153063938
170910.44534620424
170920.3242491889
170965.48494854738
180446.6121980982
180450.52317369625
180450.52317369625
181179.0069468243
181181.55277056264
191123.28963677303
255998.5528570376
256007.93366407347
256008.97597596634
256011.0605997521
256028.2910299812
256033.73318942185
256050.05966774386
256058.76712284892
266554.2206521496
266558.27921173244
266558.27921173244
268925.32340045285
268928.64404011157
268928.64404011157
268929.1974800547
268936.12470334274
269250.08195907495
269263.55822168983
269284.72729951417
269284.72729951417
316726.54007155006
350041.4662315159
350042.6469033946
350043.82757527323
350047.95992684853
353453.9769207857
353458.7918482908
353459.32684023585
362614.04443533433
362621.4974265683
362623.36067437683
362630.8136656108
382834.157237156
382841.61022839
382841.61022839
382843.39046020707
382874.54451700515
384312.48756521655
384423.6459777919
384497.5855541926
384497.5855541926
384522.32431965
384522.32431965
384525.6449593087
384527.85871908115
384530.07247885363
384537.8206380573
384540.0343978298
384542.24815760227
384544.46191737475
384548.8894369197
384549.99631680595
384553.3169564646
384554.42383635085
384555.5307162371
384557.74447600957
384558.8513558958
384561.0651156683
384562.1719955545
384564.385755327
410714.9765076274
410719.1273072008
410719.1273072008
410720.5109070586
410721.8945069164
410723.2781067742
410724.661706632
410726.04530648974
410727.42890634754
410728.81250620534
410728.81250620534
410730.19610606314
410731.57970592094
410732.96330577874
410734.34690563654
410737.11410535214
410738.49770520994
410739.88130506774
410741.26490492554
410742.8237607653
410744.3826166051
410745.9414724449
410755.2946074836
410756.8534633234
421628.40632996935
421696.8668509331
421698.2135547947
441287.89830541046
441294.74712470657
441294.74712470657
442543.9210323192
442547.27395597467
442570.51843358565
442571.16411351925
442571.8097934529
442573.10115332017
442573.7468332538
442575.0381931211
442576.32955298835
442576.32955298835
442577.62091285567
442578.9122727229
442579.5579526566
442580.2036325902
442580.84931252385
442581.4949924575
442584.5573601427
442585.68268802704
442585.68268802704
442586.8080159114
442587.37067985354
442587.9333437957
442588.4960077379
442588.4960077379
442595.24797504395
442614.3785490778
442614.94121301995
442615.5038769621
451011.6351780264
451012.9311498932
451015.5230936268
451024.5948966944
451040.14655909606
451041.4425309629
451051.81030589726
458196.01894763135
458207.9409664061
458213.3600658491
458217.6953454035
458223.1144448466
466840.3173311896
466893.8626456863
466896.2424374417
466899.81212507485
466903.381812708
526374.9681163505
526380.5301877789
526381.1481957153
527716.3774024834
532150.1277587925
572761.6107408345
600775.735245605
600775.735245605
600780.2919011366
600781.4310650196
600790.544376083
600817.8704732744
600846.2803903546
600850.5418779165
600861.9058447486
601192.0097108212
607212.9981519975
635891.3336045018
635997.5064455896
636584.2127412893
636585.3980251675
663034.1268748258
663100.3874720157
663100.3874720157
693947.2435936444
693947.2435936444
743125.1651832468
755183.7452638929
755192.0468630397
785253.4564053947
785271.8259995067
785271.8259995067
833126.6848370908
835103.9043778764
864826.1105790943
864834.4490742373
864834.4490742373
864842.7875693802
958735.7694512681
958740.0955068235
958740.6535587661
999825.9226401135
999870.4745555345
1000027.2364194229
1000028.6200192807
1000047.9904172899
1000052.1412168633
1000057.6756162945
1000061.8264158679
1000064.5936155835
1037501.0008679527
1037506.3277274052
1037507.088707327
1038454.8084899224
1038461.3252452527
1038462.0493291783
1038462.7734131039
1038477.9791755411
1039789.4058527554
1039790.4020446531
1039792.6111924261
1039797.6152119118
1039804.0489512505
1044457.8562529425
1044462.2561004903
1044462.2561004903
1048243.4085238719
1051484.6987307393
1052531.0737951952
1052571.3411630567
1052571.3411630567
1052574.7171467096
1052575.842474594
1052575.842474594
1052576.9678024782
1122274.4639351245
1122298.4693926573
1122298.4693926573
1122304.8708479994
1122325.0667939235
1122345.2120078532
1130825.1710123017
1130828.2010959904
1130828.2010959904
1133884.6377498566
1133888.9545814132
1133903.7129798962
1178360.3444907423
1184996.578280685
1185017.0832305776
1185018.6605344154
