476595.2636045979
478148.13768099697
478181.9205775248
480141.9880920735
480141.9880920735
480141.9880920735
480142.9104919787
481325.3718264479
481330.40812993026
481513.43533111917
481516.61761079205
484129.08935428807
484130.7911821132
555293.1782762011
556103.3175009369
556399.1403745328
558688.6752992196
558690.1511390678
559919.2028927486
560803.0741539063
560818.819520288
560944.293579392
560957.7237220118
561276.2099612784
561588.1287132201
562302.6427397839
562588.6374423901
562590.2424182252
569955.8085892086
570149.9460972555
570456.9853536987
570671.4202716595
570677.1898830666
572155.4002991394
572282.3409740927
572429.860390931
572593.669390095
572593.669390095
577186.667478037
577490.9210867665
577497.6315460769
579418.8752486156
579435.5337909035
579439.6984264754
579449.4251334758
579552.0006149333
579552.0006149333
579570.8867529922
579778.1038916949
579779.3306835688
579779.3306835688
579781.7842673167
579995.5965653415
579997.0631811908
579999.9964128892
580163.4549000894
580165.0322039273
581783.5534815792
582251.897421444
582251.897421444
582773.2562958597
582932.9329434485
583095.3122227596
583096.8157346051
583581.79515676
583598.9425709976
583598.9425709976
585156.5900669061
585269.2981113222
585269.2981113222
586086.1662433662
586105.4351773859
586108.8111610389
586110.4991528654
586110.4991528654
586113.8751365185
586113.8751365185
586117.2511201715
586117.2511201715
586118.939111998
586733.1144768744
586750.1050831281
586757.1845024005
586803.9086695983
586916.7781339977
586916.7781339977
586920.6660495981
586921.962021465
586923.2579933318
586924.5539651986
586925.8499370654
586927.1459089322
586928.441880799
586928.441880799
586929.7378526657
589065.5640571504
589076.7712159986
589078.0164558706
589079.2616957426
589081.7521754865
589082.9974153585
589085.4878951026
589087.9783748466
589091.7140944627
589094.2045742067
591936.0541141278
591940.2510336965
591940.2510336965
591942.7230654424
591943.5163293609
591944.3095932794
591945.1028571978
591945.8961211162
591946.6893850347
591947.4826489532
597920.2572470846
597958.6659791372
598045.8189341797
598045.8189341797
598061.8686925302
598725.369392337
600351.878653168
601194.823030532
601200.4496699538
601201.8563298092
601213.1096086525
601213.1096086525
601214.516268508
601215.9229283634
601215.9229283634
601217.3295882188
601221.5495677851
601229.9895269177
601345.5523990404
603198.5661805918
603199.6592244795
603653.788981805
603831.2541115655
603832.854475401
604928.7301307694
604987.1180447685
604987.1180447685
607211.3747281643
607211.7805841226
607212.5922960391
608985.2788818463
608992.9993690528
609052.1620989722
609052.1620989722
609328.8267265373
609471.3651838874
609489.6287020104
609489.6287020104
615599.8962300107
615605.5920494252
615923.9491527053
615923.9491527053
616062.7795624366
620574.7171467096
632883.6596216238
636708.4692325185
636713.376400014
636718.3342995045
636719.3258794026
636721.3090391988
636721.3090391988
636722.3006190968
636725.2753587911
636725.2753587911
636726.2669386892
636727.2585185873
636728.2500984854
636729.2416783834
636730.2332582816
636732.2164180777
636733.2079979759
636733.2079979759
657411.0479167535
661557.0279506388
661561.9904621288
661563.2310900013
661564.4717178737
661565.7123457462
661566.9529736188
661570.6748572362
661573.1561129811
661658.5380602059
665733.4195093986
665749.0956957875
665764.73498618
665780.0053166106
665782.7817403252
665785.5581640399
665803.604918185
665857.7820766169
665860.5677243306
665867.5318436149
665871.7103151854
665874.4959628991
665878.6744344697
665881.4600821834
665885.6385537538
665891.2098491812
665895.3883207518
667084.9751944887
667136.7356651688
667136.7356651688
667142.2931245976
676074.3479945809
676314.9006658575
676314.9006658575
676316.9668416451
676320.4535132868
676321.6803051607
676322.9070970346
676324.1338889085
676326.5874726563
682515.0791246168
682541.9163498586
693945.486421825
693946.6578697046
693949.3051574324
693951.5189172049
693952.2568371291
693952.9947570533
710042.4163034183
710845.3193008978
725910.6279045187
726170.3480458254
726176.5742451855
726180.3099648015
726184.0456844175
726185.6229882553
726188.7775959312
726190.3548997691
726190.3548997691
726191.9322036069
726199.8187227964
726201.3960266343
726202.9733304721
726204.55063431
726206.1279381479
726206.1279381479
726207.7052419859
726209.2825458237
726210.8598496616
726212.4371534995
726215.5917611752
729818.8824228371
729827.2209179801
729828.2632298729
729831.3901655516
729834.5171012301
729836.6017250159
729838.6863488016
729841.8132844802
729844.9402201589
729907.6726377114
729908.4751256289
737624.0874486354
752542.5269273515
752570.7431404515
752570.7431404515
763458.1705094657
763470.1248122371
763472.7813239641
763474.1095798276
763476.7660915545
763478.094347418
763480.750859145
763482.0791150085
763484.7356267355
763486.063882599
763488.7203943259
763491.3769060529
763494.0334177798
763496.6899295069
763499.3464412338
763503.3312088243
763504.6594646877
763505.9877205512
763507.3159764147
763509.9724881417
763512.5183118801
770172.1810594148
770181.801690426
770185.9248180022
770187.299193861
770191.4223214372
770194.1710731547
770195.5454490134
770196.9198248722
770199.6685765897
770201.0429524484
770203.7917041659
770206.5404558834
770209.2892076009
770212.0379593184
770213.4123351771
770217.5354627533
770220.2842144708
770223.0329661883
770225.7817179058
770227.1560937645
770228.5304696233
770229.904845482
770291.8808951122
770293.0707909899
778826.1461939794
779038.3765761668
779085.331343341
779085.331343341
779094.7905543688
779096.4370381995
779099.1811779175
779100.8276617483
779110.1577367893
779126.8854590701
779129.4866268027
779131.4375026022
779134.0386703348
779135.9895461344
779136.6398380676
779138.590713867
779139.8912977333
779142.492465466
779143.7930493323
779147.0445089982
779148.3450928645
779151.5965525303
779154.8480121961
779162.88672737
779165.0728151454
779167.2589029206
782256.7912653853
782256.9941933645
782257.1971213436
782258.5253772071
785079.1597193086
802657.2655326698
802663.482508031
802665.0367518712
802666.5909957114
802668.1452395517
802669.699483392
802669.699483392
810160.3246335222
810563.5379160808
810564.9814719324
825948.5318788453
825955.5882381201
826064.9295228822
826194.5543815597
835071.8371451723
846324.1105726886
846328.3443882535
857812.6336759237
857856.2631914396
865097.7020071807
865101.9911667398
865104.1357465194
865105.5654663724
865141.1562667144
865141.1562667144
870185.5215242659
870344.5248199239
870364.5685698638
870364.8406778359
870365.9613937206
870368.1889894917
870525.9747172748
870534.1148964382
976858.7876206246
991040.8937030192
991057.7874572829
991153.7954514155
991155.0406912875
991212.8936133415
991214.7568611499
991218.483356767
991220.3466045754
991224.0731001925
991225.936348001
991229.662843618
991231.5260914265
991235.2525870434
991237.115834852
991242.7055782775
991246.4320738944
991252.0218173199
991253.8850651284
991255.748312937
991255.748312937
991261.3380563625
991278.1072866389
991278.1072866389
991279.9705344475
991281.833782256
991495.0188483453
997026.7848278027
997057.6160446339
1039794.0409122792
1039801.1895115444
1039804.0489512505
1048149.097745565
1048158.5984645885
1048158.5984645885
1048160.4986083932
1061138.2594185679
1065739.651345647
1123523.4487507567
1123692.6768493638
1123692.6768493638
1129659.013096157
1129671.0734749173
1129671.0734749173
1129671.8805748345
1129672.2034148013
1129672.3371627876
1129672.6046587601
1129672.7384067462
1131052.9069368956
1131064.141767741
1131065.746743576
1131067.886711356
1131071.631654971
1131073.2366308062
1131074.357346691
1131077.7194943456
1131082.2023578847
1131085.5645055391
1131087.8059373088
1131090.0473690785
1131092.2888008482
1131094.5302326176
1131097.8923802723
1131104.616675581
1131119.1859820837
1131121.4274138534
1131124.7895615078
1131153.5499905518
1131159.0797779835
1131160.5879018283
1132726.8598368505
1133886.7684936377
1133888.2166614889
1137674.52991234
1137956.2585153845
1137957.2131992865
1137970.5003699209
1153556.8173359938
1170733.0058386633
1186640.1611637613
1186705.3794490583
1186714.4835361226
1186719.0355796546
1186736.224501888
1186853.526097832
1186906.9883963373
1186918.8689071164
1197637.949069433
1197649.2392442727
1197665.5933945917
1197679.125001201
1197716.7127973377
1197730.2444039471
1197736.2584513288
1197742.2724987108
1197761.6382847205
1197770.5763398018
1197776.5350431893
1197781.00407073
1197785.4730982708
1197789.9421258115
1197792.9214775052
1197797.390505046
1197800.3698567396
1197804.8388842803
1197807.818235974
1197810.7975876678
1198001.8681160302
1198440.3908669597
1198463.1510846205
1199201.9703486864
1199202.9111965897
