1151338.067380032
1151348.1215389988
1151554.3470978031
1151627.4795742868
1151631.6488218582
1151632.6911337513
1153721.908471026
1153903.1969483937
1153908.3070438686
1153914.694663212
1154166.7865573026
1154173.114220652
1154217.4078640998
1154225.3174432868
1154266.9315150098
1154355.1544539423
1156753.8830794063
1156840.298114525
1156841.6309823878
1156854.959661018
1156859.5808845432
1156862.6617002266
1156867.2829237515
1156870.3637394349
1156978.3767683336
1156982.5091199088
1156988.7076472717
1156992.839998847
1157003.1708777852
1157032.0973388122
1157042.4282177505
1157048.6267451134
1158519.250421966
1158560.979793677
1159114.4981407875
1159135.5473066242
1159159.6034961517
1159390.1296804587
1161453.2753844135
1161616.6462436223
1161617.5317475314
1161772.190539636
1161783.3146824928
1162903.795355332
1162905.2112391866
1163140.169555038
1163140.169555038
1170364.3179845563
1170418.3521710027
1170422.0786666197
1170427.6684100453
1170433.2581534707
1170436.9846490878
1170442.5743925131
1170446.3008881302
1170728.9565030795
1172074.6687847702
1172136.3496664306
1172150.776000948
1172204.874755388
1172204.874755388
1172212.0879226464
1173035.6065580072
1173226.4095903968
1173226.4095903968
1173561.0931719989
1173676.6560441214
1173676.6560441214
1174438.6321578072
1174706.8014822453
1174721.9380646897
1174825.5420220415
1174825.5420220415
1174825.5420220415
1175541.0291805055
1175577.8329367228
1175744.2338796204
1175767.8104211972
1175787.457539178
1175794.0065785048
1175799.2458099662
1175807.1046571587
1175860.02273972
1175860.02273972
1175878.5537538154
1176156.5005172484
1176183.9788104242
1176185.5053822673
1176187.0319541106
1176190.0850977967
1176193.138241483
1176194.664813326
1176216.0368191295
1176249.9396276453
1176249.9396276453
1176256.7838349417
1176280.7385604798
1176328.6480115557
1176328.6480115557
1176482.4305237501
1176482.4305237501
1176568.7210348814
1176637.9702077643
1176831.3467358893
1176895.6011132854
1176934.3142373066
1176946.6144400423
1177029.911763481
1177044.3749939946
1177047.990801623
1177051.6066092514
1177060.6461283225
1177066.0698397649
1177073.3014550216
1177076.91726265
1177082.3409740927
1177191.8713508353
1177205.7765294062
1177205.7765294062
1177205.7765294062
1177209.2170810525
1177210.9373568757
1177214.3779085223
1177216.0981843453
1177226.4198392846
1177228.1401151076
1177229.860390931
1177231.5806667542
1177231.5806667542
1177233.3009425772
1177236.7414942237
1177238.461770047
1177240.18204587
1177240.18204587
1177241.9023216933
1177243.6225975165
1177243.6225975165
1177245.3428733395
1177245.3428733395
1177248.783424986
1177248.783424986
1177250.5037008093
1177250.5037008093
1177253.9442524556
1177255.6645282789
1177255.6645282789
1177257.3848041021
1177257.3848041021
1177259.1050799252
1177259.1050799252
1177363.8758731573
1177449.7282443335
1177479.05133732
1177584.938234437
1177624.370830384
1177624.370830384
1177735.6952749423
1177737.1526667927
1178946.1468345348
1179081.8918165835
1179083.5751964103
1179085.2585762374
1179086.9419560642
1179091.9920955452
1179093.6754753722
1179097.0422350261
1179097.0422350261
1179100.4089946803
1179102.092374507
1179107.142513988
1179108.8258938151
1179112.192653469
1179113.876033296
1179115.5594131232
1179485.349535117
1180039.2967981833
1180119.8822659012
1180125.3751573365
1180130.868048772
1180138.1919040193
1180143.6847954546
1180147.3467230783
1180152.8396145138
1180158.3325059493
1180160.1634697611
1180169.31828882
1180172.9802164438
1180178.7821118473
1180187.3419829675
1180215.1615641082
1181530.7989968902
1183392.4418295545
1183413.2419474167
1183413.2419474167
1183724.0538194724
1183771.0270346445
1183771.0270346445
1187197.581262471
1187285.0247734836
1187286.2331173595
1187321.2750897577
1187551.4138661048
1187722.9341284763
1187724.1839803478
1187790.7581935055
1188231.6976321866
1188233.0950680429
1189495.2748143189
1190269.449666751
1191479.2417104112
1191486.630133652
1191531.69859302
1191533.1144768745
1191560.0162701095
1193876.7712159986
1194416.6242085136
1194955.8684170912
1195642.0924385628
1196139.7825314114
1196179.1044393699
1196301.1148868299
1196302.3509027027
1196307.2949661945
1196315.9470773053
1196357.2982650555
1196494.4775789564
1196508.9131374727
1196519.0180284341
1196530.5664752473
1196542.1149220604
1196547.8891454667
1196584.9465616583
1196599.4559121672
1196616.6033264047
1196625.8365494558
1196628.4746131846
1196631.6292208603
1196637.938436212
1196642.1445797796
1196645.2991874553
1196649.5053310231
1196653.7114745907
1196656.8660822667
1196687.3606231324
1196952.6428358671
1196954.727459653
1197154.7037591
1200238.2128501835
1200437.7463976762
1200460.9355312928
1200559.32792918
1200559.32792918
1200563.5064007507
1201841.3807814138
1202713.9157477363
1202730.4036460419
1202731.6719459114
1202732.940245781
1202734.2085456508
1202735.4768455203
1202738.0134452598
1202738.0134452598
1202740.550044999
1202741.8183448687
1202743.0866447382
1202744.354944608
1202746.8915443472
1202749.4281440866
1202753.2330436956
1202753.2330436956
1202754.501343565
1202757.2777672797
1202758.665979137
1202761.4424028518
1202764.2188265664
1202765.6070384237
1204266.0011722164
1204330.7536455614
1204336.5878249619
1204340.088332602
1204343.5888402422
1204348.2561837626
1204357.5908708032
1204369.259229604
1204374.152561101
1204378.3310326715
1204382.509504242
1204386.6879758127
1204389.4736235263
1204396.4377428105
1204399.2233905243
1204402.0090382379
1204404.7946859517
1204408.9731575223
1204411.7588052358
1204422.9013960906
1204425.6870438044
1204449.3650493708
1204653.0217244395
1204653.0217244395
1207947.8987537993
1207954.8444250855
1207959.2166006363
1207960.3096445238
1207961.4026884115
1207963.5887761868
1207963.5887761868
1207965.774863962
1207966.8679078498
1207967.9609517374
1207970.1470395129
1207971.2400834004
1207972.3331272881
1207973.4261711757
1207974.5192150634
1207977.7983467265
1207977.7983467265
1207978.891390614
1207979.9844345017
1207981.0774783895
1207983.2635661648
1207984.3566100523
1207985.44965394
1207987.6357417153
1207988.728785603
1208567.7607140914
1208607.1656380414
1208607.1656380414
