8940.93296907078
8942.759320883071
8942.759320883071
8947.684936376827
8950.821096054498
11331.25853139843
11338.646954639062
11350.047817467306
11350.99788936966
14761.98661879582
14766.760038305218
38162.755669716775
52110.36924821205
52213.72415758946
52273.343475461916
52421.77606820635
61013.32240118631
61199.94235000592
66668.18264799235
77777.19814623242
79294.34306230361
110565.10650836406
145177.75709495274
167205.10958303043
179214.35971674634
179215.1160846686
179215.49426862976
179216.81791249372
191281.62880449925
191293.3156112981
191293.3156112981
191294.1503832123
191294.98515512652
191295.81992704072
191298.32424278333
191300.82855852594
191301.66333044015
191302.49810235435
191304.16764618276
191305.00241809696
191305.00241809696
191307.50673383957
191332.0748553145
191332.0748553145
191335.18795499456
195509.3565299828
195511.68097774388
195527.24186414457
195677.76830467384
195677.76830467384
199738.86909928292
199749.81337415808
199760.75764903327
199778.5369072059
221616.58526273986
244621.69087432622
244647.1860077059
244647.1860077059
244652.99712710863
245159.61605103948
245162.1618747778
248137.2428570056
251203.06954190673
252609.2359133841
256839.57864259885
276395.2130007142
276400.63671215676
276400.63671215676
276412.30045895797
276443.40378376126
276444.69975562807
276449.88364309527
277795.7204487732
282634.141479491
285335.9522658049
309327.4077680164
309330.53470369504
324811.0616246409
327802.01710923715
349334.7234241534
402069.5251241877
402073.06713982363
405377.4541122061
405379.741663971
422092.2950782919
422094.46271806915
422095.54653795774
422096.6303578463
422097.714177735
422097.714177735
422098.79799762357
437902.7828933251
437904.8998011075
444131.9431571058
445435.5940031195
508901.20418026514
516915.0283926221
516921.1162319964
535511.3299533356
545285.7111927464
545301.3458711394
587067.4798305089
660176.5365805227
660221.2268559295
660221.2268559295
660825.1589698587
690976.304186991
712232.1890663584
818176.8145816051
826627.6949290425
866125.3108455653
1066522.2246492158
