260.34737324207555
399.30230696059624
399.30230696059624
3065.5868609257946
11181.313202809477
11188.286546092773
11190.61099385387
11192.935441614969
11207.961336070639
11508.271685205409
11508.271685205409
21087.251728699128
48389.96147058728
48436.36279781827
48437.86630966374
48442.37684520016
48448.39089258205
48581.935950856576
48583.23192272338
50407.01946327854
50419.384234007724
58990.26419711173
79133.2044108651
79142.95417786304
79144.34700171989
79145.73982557673
79148.52547329044
79214.68921849027
79214.68921849027
81621.06915116789
81725.55400042917
81725.55400042917
81725.55400042917
82088.45379513114
82088.45379513114
87423.72553478376
87889.85110287642
88164.90153060734
88172.93563378161
88174.17164965459
88174.78965759106
88177.261689337
88181.58774489237
88185.29579251127
88185.91380044774
88187.14981632071
88212.05461376105
88212.68184569658
88431.30907122657
88442.6914860567
88443.8260379401
88449.49879735707
88472.20367102351
88472.85396295668
96560.43788373277
96563.63399940428
96563.63399940428
96566.83011507579
96573.22234641881
97155.66254255691
97155.66254255691
126976.81458160517
127300.46626034097
127393.33809479582
127398.58193825687
127610.41107648553
155819.4848012196
168710.05114835585
169283.26734544194
169284.79391728505
169764.60328797132
169764.60328797132
169772.00554721055
170767.76852886824
172111.83893872768
172134.54381239408
172150.31685077297
172532.89604745232
172534.164347322
174544.90851266216
178798.0437435344
182094.74712470654
182115.84702253793
182119.55968215637
194215.27558298557
199856.57193918564
207146.02166999222
207165.20758802033
207179.9659865035
207184.39350604845
207193.24854513834
207254.6342588293
207254.6342588293
211501.25273437126
211510.080101464
211611.8761550016
211612.94613889162
211685.0547514805
214335.3910110848
214344.10769018895
215330.86343677237
222400.94802212476
223927.58443322047
224013.93028834605
224251.60507191837
224251.60507191837
225861.9169904141
225870.4722495348
230072.6771696415
230085.7014563029
230120.03318077436
230122.10396856154
231951.1630245749
232031.95603227118
232038.29291961988
232118.5601593702
232120.6724551531
235852.69785958383
235860.02632683062
245121.4286949643
245146.88693234776
245148.15984421692
245151.97857982444
248319.50907827268
248321.86119803094
248331.26967706394
248332.44573694307
250366.93247584306
250397.5377046975
250401.27342431355
250408.74486354567
250412.4805831617
250414.97106290574
250418.7067825218
250419.95202239382
250426.1782217539
250469.6878252821
250470.914617156
251033.3571833494
251058.51102876416
251058.51102876416
251062.70333633327
251073.17718725678
256418.14796191256
256428.7325008247
256431.1122925801
256432.3021884578
256435.87187609094
256507.40398873904
256508.81526059398
257818.06046203268
257872.6665364204
257892.40589439162
257900.30163758012
257920.04099555136
257931.8846103341
258007.99643851147
258007.99643851147
263863.8384006611
263866.49491238804
263866.9376643425
263868.7086721605
263949.3264238748
263949.3264238748
265606.2103135839
265606.6484535389
265607.36331346544
265607.552405446
266105.64374225325
266105.94813422195
275374.1209176598
275448.47096201824
275449.8268898789
275484.1171063547
275484.1171063547
276358.1509725233
276380.7497702007
276380.7497702007
276383.46162592195
277051.41290527146
277061.33792825136
277063.81918399635
277067.5410676138
277071.1245912455
277077.7381985658
277190.6722309587
277190.6722309587
282632.67486364173
282635.60809534026
282635.60809534026
282647.3410221344
282648.80763798364
303451.2314999568
308825.8528195651
308838.3052182853
310821.5572544511
310841.066012446
310860.1596904836
310953.81095285836
310953.81095285836
319112.90853828436
319120.98876145395
319120.98876145395
319125.7391209657
319128.1143007216
319130.48948047747
319135.2398399893
319137.61501974514
319142.3653792569
319144.7405590128
319147.1157387687
319156.61645779223
319158.9916375481
319161.366817304
319163.7419970599
319168.49235657166
319173.2427160834
319175.61789583927
320579.3306835688
320579.3306835688
325693.1803259787
325711.1210041348
328063.20386639296
328090.01341963746
328740.28229280433
328740.28229280433
339845.39142744587
339866.2284413043
345169.14700428216
345444.6909159623
345444.6909159623
345447.7994036428
345449.35364748305
345450.9078913233
345501.90277008223
345505.29258973384
345560.4105960689
345561.48057995894
347467.2095160924
347485.6944101925
347554.7637150937
347554.7637150937
347790.8150748329
347795.91594630864
347799.55942593416
347989.3478184281
348580.9382216258
348581.43631757464
353982.8256824318
353987.0687219957
353991.3117615596
353992.1603694724
353993.85758529796
356491.45825660013
364254.54189072765
364922.7652780491
364958.95563832956
365265.9579987765
365265.9579987765
383561.1190504405
386015.06253422966
386137.4926736466
387737.78271717235
387739.21704902494
399339.5857527648
399344.85726822296
399350.1287836812
401680.8903721307
401737.99615026155
402053.58605382586
402055.35706164385
403901.8356398669
403906.18014342035
404965.5241505434
404969.3890061461
420740.8685291885
420758.84610334085
420977.4179848765
420977.4179848765
421246.58811321174
422106.3847368438
422108.55237662105
422109.63619650964
422110.72001639823
422115.05529595265
422115.05529595265
422116.1391158413
422116.1391158413
422117.2229357299
422178.5256334293
427209.9035003155
427214.8660118054
427222.3097790404
441011.66259380133
441014.15307354537
441016.6435532894
456814.78043359204
457023.07216818427
457101.08414016635
457165.1355895833
473856.7735860538
473869.39201675693
474294.1571731005
474295.6791329441
479285.4936601021
479311.64369741443
479709.0412485708
479709.0412485708
482039.5676250444
482045.41564044333
482049.80165199254
486121.5377175086
486123.10579734744
504701.9463278555
506076.55278657656
512091.2227884021
512102.1393912801
512117.90781765943
512807.8214387517
512807.8214387517
518386.0902094296
519841.49428784644
519869.6874409488
520251.07674175047
520251.81004967506
527729.1065211751
527733.349560739
527736.531840412
527944.0072510882
530057.8526658318
530057.8526658318
545221.138587383
562749.76225783
597320.2038247568
597416.1610868946
597972.5480977104
597972.5480977104
600864.7468364566
604560.7986445846
606059.5278465486
606068.5673656195
606072.1831732478
606143.8859298783
606929.0373411822
606929.0373411822
609424.4058047138
609431.273072008
609547.5369680587
609547.5369680587
613485.4835393253
613685.063206813
613688.9372864148
613705.8863846728
624640.6743768196
647118.8959385579
647185.2672237365
647674.4205054623
647685.1572403588
656175.3502717557
656185.7042106915
658995.2374699339
659017.7394156212
659033.7338299773
659986.8358160196
659986.8358160196
665926.0304456025
665965.0756335894
666302.1113349497
666310.251514113
671532.6814613633
671546.6281479299
671991.4831742087
671991.4831742087
678516.1619196167
684778.9943919367
684802.5939935112
685602.397727309
685606.9174868446
685863.7043964526
691688.0556258387
691697.2980728887
691941.9830957407
691942.6333876738
695160.9004929075
700768.3401605872
700771.2457202886
700774.7323919303
700775.8946158108
700777.0568396914
700777.6379516317
712062.8041597673
734008.339776254
745722.5787482905
759790.4640504245
811977.0143068068
814643.008304802
814643.008304802
817596.4405612546
821726.0433848234
864318.1357273028
864444.1355543528
865518.9389838869
865791.4758718761
865792.0938798126
865807.0367582768
865984.271288061
865984.271288061
871655.4118931937
871689.9926656396
871691.390101496
879007.0913336044
879009.8723693186
879024.7045597942
879024.7045597942
879033.0476669368
879033.9746788414
879034.9016907462
894412.5487382659
894492.1841340811
894497.3680215483
894527.8579504146
894532.6175339255
894916.663346454
894916.663346454
895748.3959529705
895790.1391606802
895791.3244445584
896890.4930675883
896890.4930675883
921494.4728388458
921502.0180700703
921517.1085325193
921520.8811481316
950923.8493541599
951213.6858523712
951249.0414407374
951293.6394761537
951294.6633400484
952306.5037520538
952739.630463538
952759.8725294576
952762.9395091423
952784.4083669358
952784.4083669358
955693.0534959917
955756.6437454561
964285.4161528879
964289.9359124233
964289.9359124233
964292.1957921911
964294.4556719587
964295.5856118426
964305.7550707974
964306.8850106813
964311.4047702168
973939.7516566366
973986.2267758601
974017.2194126748
974557.6166211339
974601.4859606251
974601.4859606251
987197.5576900288
987202.4279615282
987203.6455294031
987206.0806651529
987208.5158009025
987280.8642374668
987301.7981033153
987310.5240064183
987313.1989661434
987321.2238453187
987323.8988050437
987329.2487244939
987381.4104391328
988061.0162412844
988062.4367371384
988239.7819549113
988256.0300292413
988293.1105054304
988760.5827773846
988760.5827773846
989426.8691249051
989428.0405727847
989431.5549164235
989433.8978121827
990191.1143423576
998662.4350716941
1004478.0281139804
1008301.0344330603
1008366.1189703711
1008975.6408277258
1008977.273475558
1021332.9954616644
1021390.2672717781
1037946.5799781571
1037979.1314708114
1037981.3729025811
1037985.1086221972
1037988.8443418132
1038008.0671558375
1038130.257471279
1038130.257471279
1045829.9261119242
1045840.7412508127
1045904.2946042808
1056860.8973541856
1131384.823318782
1161856.4056509805
1161881.9930243508
1162019.366042232
1162020.436026122
1162737.2376044507
1185849.82586499
1186401.9421642448
1186450.9169872112
1186550.75755295
1186552.2702887945
1191395.492411019
1191399.3849386189
1191401.3312024188
1198475.0731033953
1207615.641083948
1207707.6228024943
1207707.6228024943
1209522.2416879917
1209527.8913874112
1209536.8709504884
