231839.47423205402
232288.80750987257
235585.56623503903
236591.8491876155
237196.7590454442
238839.05056865315
238839.05056865315
239056.76923027652
239621.82218820162
241048.9916055203
241086.63013365192
241333.62576826624
241753.82504507908
241753.82504507908
244613.6844431491
246019.91999461933
246108.91313747282
249320.4743953957
253907.41692795992
254178.05367214445
254837.66184435145
256531.39561027323
256755.45577124483
256758.9977868808
256759.88329078976
257522.16379644428
260960.0128111098
262815.08815644926
271348.4541154089
271482.96769358387
272130.1142430716
272160.5119319474
272162.07078778715
272175.6992463864
272193.73216453305
277783.9598499819
282640.00794288807
317104.6502406887
317158.88735511433
317188.02596811956
317289.7574536638
317358.1903026305
318319.949011783
318319.949011783
319833.0814882666
320357.811734336
320726.5318724398
320746.0683024319
320761.8644008084
323368.8847608646
327388.68048771896
327397.4386748188
327503.8697878801
327689.3275128191
327994.7986894235
327994.7986894235
328650.606574021
328919.4584743889
342456.59025907266
343901.5758305603
343986.54269782756
344045.31340778724
344077.94791643316
344097.7795143949
349631.16891768546
351230.8640132723
358126.0062326049
358263.8081664419
364294.13129465876
370503.4415124796
370538.0591809217
370559.2144227474
370563.0608303521
385315.122426168
387256.1377706747
388201.3716855257
393966.2557930237
399158.5693833693
399175.3247776472
399208.1437662741
399473.3014550218
404842.5175111857
404886.8757226267
404914.3355678044
404959.72686713916
404969.3890061461
405002.24027876975
405008.0375621739
405011.9024177767
405013.83484557807
405021.56455678365
405023.496984585
414606.1158957047
434588.79834992904
434589.8867818172
434600.22688475443
434602.4037485307
434604.580612307
434605.1248282511
434605.6690441951
434606.21326013916
434606.75747608324
434607.8459079714
434608.39012391545
434696.08268290263
434702.0598342883
434743.7292500056
434777.34611455054
434788.41491341294
434797.43137248623
434807.32411146944
434820.26077013987
434831.6754689667
435063.2624131647
435063.843525105
435064.42463704525
440522.47702807875
440871.59616819705
440874.6400878842
443525.0086314852
444005.8649260639
444026.4344439498
444027.4767558426
444030.6036915213
444037.89987477136
444043.11143423576
444054.57686505734
444056.6614888431
444064.9999839861
444068.12691966473
444077.50772670057
444100.6138443258
448060.9562852906
448110.17554423196
448114.78754375794
448355.92593897425
448356.72381489223
454717.97635709686
455401.8759308072
455548.777339709
460684.7645798436
460697.54904252966
460698.61441442015
460867.81484103017
460869.0416329041
460870.26842477795
481934.67230782536
481941.59030711435
486312.31768990064
491333.34622985055
508882.5947621778
508886.31664579525
508888.79790154024
509560.18512053654
509819.88220184547
509824.2543773961
521065.86486200837
521067.0270858889
521075.4947170186
527655.7296087167
536607.5100006727
536610.4432323711
536623.2461430553
536624.2469469524
536626.2485547467
536630.2517703352
536649.2670443809
536662.2774950437
539149.6256913996
539153.3890830127
539163.738409949
539169.3834973689
543738.7912077353
612660.3968241259
612892.887720231
612892.887720231
612901.7704313181
612942.3560271468
612944.0347949743
612945.7135628017
612947.3923306292
612949.0710984566
612949.9104823703
612951.5892501979
612952.4286341115
612953.2680180253
612954.107401939
612956.1551297285
612976.6324076239
614957.2417680613
615186.2229325271
622590.4099875411
625669.8743550407
626261.6261782218
626261.6261782218
632595.6679232231
632904.4966354823
643030.579734746
653738.1529582454
653788.645129056
653832.8972645078
657291.1774370734
657422.960711529
658891.790320566
658893.5105963892
659960.3444907423
660812.78958713
660852.9370430036
671408.3880741379
671502.8879444255
700697.7212238454
700766.5968247664
759776.6003798494
769516.1794708371
786963.1107936802
809293.1303626505
826774.1213019931
929991.0396535876
929992.6400174231
929997.4411089297
930002.2422004362
930005.4429281072
930008.6436557783
930011.8443834493
930018.2458387914
930026.247657969
930027.8480218045
930031.0487494755
930034.2494771465
930037.4502048176
930043.8516601596
930045.4520239952
930048.6527516663
930051.8534793373
930057.9044227153
949174.2504379798
973897.2889770009
987180.5117397808
1013255.2443238776
1038462.7734131039
1191540.1938961467
