89385.42108516506
179767.34768391147
179769.20631972046
179769.20631972046
179769.49226369106
251273.16271070272
336042.8946702581
336422.27775126585
336427.0373347767
433524.93458327063
433526.8854590701
433652.6362381457
433655.53257384803
437953.62096410006
437954.7647399825
440790.5264405292
440794.7325840969
506731.22611929063
609962.4462814152
609965.2273171294
758197.8622101087
758202.71403361
758490.4428480378
758493.7773236951
759212.4744338291
759214.6789696024
759483.3463899895
759484.9882618207
760137.2864147789
760139.1773345845
760864.7324880136
760876.871270766
761044.3237495556
761445.6691723062
761446.7668281933
762117.8312072229
762120.3585829631
762418.2291843486
762419.0316722662
762802.7592568275
762804.4749206512
763080.8905002418
763080.8905002418
763812.8378850139
763813.8663609083
764577.0323704716
764578.351402336
767188.7984780401
767190.6801738468
852800.9767190107
852801.9129549145
853508.4113263022
853509.60122218
854265.2681205141
854266.6793923691
856570.806683556
856570.806683556
857387.5549036125
857389.0030714637
858443.0755631283
858443.9795150354
859931.552290146
859933.0880859882
865467.2430812
865467.7319531498
869226.5669108251
869226.9450947862
869334.2617117565
869334.4784757341
870139.84889296
870140.2593609178
870647.8837007453
870647.8837007453
945489.853152654
945491.527308482
946777.943112267
946779.3497721223
951451.1208119681
951451.8817918899
952107.2515365324
952107.7773044785
956685.9708739419
956685.9708739419
956730.3844293772
956730.5043413648
957791.9006882769
957791.9006882769
1003182.674255114
1003182.674255114
1004271.4935512076
1004273.3014550218
1004760.0703329928
1004760.0703329928
1007305.2345554064
1007305.2345554064
1009230.9887934817
1009232.4185133347
1010115.8931425331
1010117.2767423909
1011147.5328685036
1011147.5328685036
1011566.5284134401
1011566.5284134401
1012603.0061269134
1012604.2144707891
1013013.6539527078
1013015.2266445461
1014234.51940723
1014235.9675750812
1014562.4510215259
1014563.7377693936
1015291.0916026378
1015291.8848665563
1024287.5991659967
1024288.6829858853
1030697.2546432266
1030698.4260911061
1031311.1901841277
1031311.1901841277
1037823.7255347838
1037823.7255347838
1039192.0919581461
1039192.6407860897
1046588.175729993
1046589.0243379058
1046742.4563381365
1046742.9636580844
1047032.1083563666
1047032.8278282927
1047405.9385899452
1047405.9385899452
1102210.513437253
1102211.5096291504
1113371.9396981061
1113373.0373539934
1117529.9109307593
1117531.723446573
1127686.806798856
1127687.1803708177
1129305.2173885193
1129305.2173885193
1129361.2716307582
1129361.5437387303
1192279.455912167
1192280.5120600585
1193222.120943282
1193223.4076911497
1193481.8918165835
1193482.9156804783
1194020.8731411882
1194022.187561053
1194451.9336768847
1194452.7361648022
1194891.198959738
1194892.2228236326
1195413.014422107
1195413.014422107
1195881.1462099932
1195881.1462099932
1196271.4505058785
1196272.6865217516
1199702.0494572893
1199703.1332771778
1206546.741013807
1206547.9447456833
