207.85820663679544
756.2895182702439
5167.081340938862
5172.375916394698
5399.729045027848
5400.070332992771
12294.280928421127
12351.981654490775
18223.24614305526
18438.58501292321
18522.735556274398
18522.735556274398
18525.848655954444
18525.848655954444
18526.88635584779
18527.924055741136
18528.961755634486
18529.99945552783
18531.037155421178
18532.074855314528
18533.112555207874
18534.150255101224
18534.150255101224
18663.101761847876
18663.101761847876
19264.27590006053
19270.087019463277
19271.055539363733
19272.02405926419
19273.961099065105
19273.961099065105
19275.89813886602
19275.89813886602
19277.835178666937
19277.835178666937
19279.772218467853
19280.74073836831
19281.70925826877
19282.67777816923
19283.43414609149
19284.946881936015
19285.703249858278
19286.45961778054
19287.215985702802
19288.728721547326
19289.48508946959
19290.24145739185
21014.861784139204
31357.695025125788
31376.41974320131
31378.10773502782
31381.483718680844
31383.171710507355
31384.85970233387
31386.54769416038
31388.235685986892
31388.235685986892
31391.611669639915
31393.29966146643
31396.675645119452
31396.675645119452
31400.051628772475
31401.739620598986
31403.4276124255
31405.115604252012
31406.803596078524
31408.491587905035
31415.243555211084
31416.931547037595
31442.251424435275
33674.984962959876
34036.58417379552
34036.58417379552
34053.34418007296
34073.74766597594
34078.119841526575
34083.94940892743
34088.321584478064
34091.23636817849
34092.693760028706
34094.15115187891
34095.608543729126
34098.52332742955
34101.43811112998
34102.89550298019
34104.3528948304
34105.810286680615
34108.72507038104
34110.182462231256
34111.63985408146
34114.55463778189
34116.012029632104
34117.46942148232
51942.22958149307
52209.877749984786
52211.80095378712
52931.93700777314
52945.814514346835
52958.02708909166
52967.18652015027
52971.76623567958
52977.872523051985
52980.92566673819
52983.9788104244
52993.13824148301
52997.71795701232
53000.77110069852
53003.82424438473
53011.45710360024
88966.71609619862
88985.53305426466
88991.51942964939
89016.54413907742
89043.20149633761
89043.78260827789
89045.52594409871
89048.4315038001
89049.59372768064
89050.7559515612
89051.91817544174
89055.98595902366
89057.14818290422
89057.72929484448
89059.4726306653
89061.21596648614
89063.54041424723
89064.1215261875
89066.4459739486
89067.60819782915
89068.7704217097
89069.93264559025
89070.51375753053
89072.25709335135
89326.3874912324
89326.3874912324
89345.15832930317
89348.64500094482
89349.80722482537
89351.5505606462
89355.61834422812
89356.78056810866
89357.94279198922
89359.10501586976
89359.68612781004
89363.00676746876
89364.00295936636
89364.99915126398
89365.9953431616
89367.48963100802
89368.48582290563
89369.48201480324
89369.98011075205
89371.97249454728
89439.43682361345
89440.59904749399
98887.00716461315
99039.75197691438
99040.50373283713
103818.06481781001
103819.38384967444
106996.7840271083
107005.43613821905
107009.14418583795
107010.38020171091
107011.61621758388
107014.08824932981
107015.32426520278
107015.32426520278
107016.56028107574
107016.56028107574
107017.79629694871
107017.79629694871
107020.26832869464
107021.5043445676
107021.5043445676
107021.5043445676
107022.74036044057
107022.74036044057
107023.97637631353
107026.44840805947
107036.33653504318
107036.33653504318
107037.57255091614
107037.57255091614
107037.57255091614
107038.80856678911
107038.80856678911
107040.04458266209
107043.75263028097
107043.75263028097
107043.75263028097
107044.98864615394
107044.98864615394
107046.2246620269
107047.46067789987
107048.72436576999
107048.72436576999
107049.98805364012
107049.98805364012
107052.51542938035
107052.51542938035
107053.77911725048
107053.77911725048
107055.0428051206
107067.6796838218
107068.94337169193
107068.94337169193
107068.94337169193
107068.94337169193
107070.20705956205
107070.20705956205
107071.47074743218
107073.99812317241
107075.26181104254
107075.26181104254
107076.52549891266
107076.52549891266
107077.78918678277
107082.84393826326
107091.6897533541
107101.79925631508
107101.79925631508
107103.06294418519
107104.32663205531
107104.32663205531
107105.59031992544
107108.11769566567
107113.17244714616
107113.17244714616
107113.17244714616
107114.43613501628
107115.69982288641
107115.69982288641
107116.96351075653
107122.018262237
107122.018262237
107122.018262237
107123.28195010714
107124.22279801044
107124.22279801044
107125.16364591374
107127.98618962364
107127.98618962364
107131.74958123686
107137.39466865666
222583.69389134255
222731.90510810973
254034.04398694547
327949.5134660778
327966.5732523244
327971.5542118125
391164.1893610139
392148.1686838827
392159.6571747019
392268.75402348913
392270.3451633256
399322.0140345708
399330.79989366775
404943.90770876507
443598.89286389155
443604.4826073171
443618.50308587606
443629.01844479534
443634.276124255
448259.9963488337
544130.2162195055
544147.9170736863
744114.6696815478
767641.2909755339
768133.7141649238
768133.7141649238
768141.6560281075
770689.8180502132
787112.2305743541
787118.2861297317
818350.0597317994
826760.0639274379
868730.5094658087
868732.6863295849
868733.7747614731
868734.3189774172
868734.8631933612
868735.9516252493
868736.4958411935
868737.5842730816
868738.1284890256
868738.6727049696
868740.8495687459
868741.3937846901
868741.9380006341
868742.4822165782
868743.0264325222
868743.5706484664
868744.6590803544
868745.2032962985
868745.7475122426
868746.6422401507
868747.0896041048
868747.5369680587
935595.8966015328
998441.4926224021
998442.8854462589
999200.0973644345
1093338.9172690557
1093344.3271444999
