5163.373293319967
12253.91670856967
31445.627408088298
31462.507326353414
31462.507326353414
31463.93704620647
31466.796485912582
31468.22620576564
31471.085645471754
31472.51536532481
31473.945085177867
31475.374805030922
31476.80452488398
31478.234244737036
31479.663964590094
31481.09368444315
31482.523404296207
31483.953124149262
31485.38284400232
31486.812563855376
31488.242283708434
31488.242283708434
31489.67200356149
31491.101723414544
41933.00071421937
41938.83028162023
45575.3550118663
45580.31752335626
45581.558151228746
66747.6243398275
69608.18937382498
69628.3161397564
70438.34928850298
70442.04350012331
72373.61808160036
81664.49112670508
81669.07084223439
83965.1963142437
87925.58487520377
88621.42491568688
89379.44393377937
101544.69956346143
103105.41865105419
126971.68603813228
127002.45729896968
127011.43225004725
127025.53574459771
127043.96529470356
127050.10847807219
127068.53802817804
127076.21700738881
127090.0391699682
127132.62637359119
145229.55907362865
145262.44263024896
172644.69091596233
178800.06379932677
178802.27755909925
178802.35135109167
178802.5727270689
178905.30040451078
178905.63246847666
178905.71548446812
178905.79850045958
180186.15874886702
184275.67868455523
184466.4771049454
186905.65296625232
222702.35141514722
223626.7344801412
223788.2835995375
321928.69566888403
321935.7658641574
322249.55708790664
322249.55708790664
331398.4773996009
331401.20309132076
349305.3542111719
351231.12228524574
351231.63882919267
354320.27646374935
354328.5411668999
354342.11889350443
354342.11889350443
354350.66031662654
356624.8465068907
356643.4789849757
356650.93197620974
356709.17230622395
356920.0467605507
356920.0467605507
356925.9824039407
356927.3014358051
356932.57756326284
356934.84666702966
356951.94796127203
356957.64839268615
356965.24896790495
356966.1990398073
356969.0492555144
356977.59990263556
356979.5000464403
363851.26865217515
368917.3103074987
392033.61122765666
392044.495546538
392101.550592674
392103.21552450286
394317.2012849543
396915.29742592777
402606.60169298813
402619.4414996685
420049.23924427264
423915.0172469566
431411.7855804553
431413.49202028
433109.5179499662
433115.8456133158
439173.3657027374
439175.46416252176
440328.2149960446
440331.9922236564
445428.5560918429
514580.12984059774
515320.2589125289
515321.4626444052
519433.618273767
519440.4670930631
519454.9257115771
519533.02069955063
519533.9246514577
521058.891518725
539763.8333402727
539780.3627465739
544658.3731812228
544665.4295404975
544666.6056003766
544670.133780014
544671.3098398931
544674.8380195305
544678.3661991679
544680.7183189262
544685.4225584427
544687.774678201
544694.8310374757
743067.14622921
743080.7977478069
743080.7977478069
743082.5041876315
743087.6235071054
743089.3299469299
743089.3299469299
743091.0363867546
743094.4492664038
743099.5685858777
743099.5685858777
743101.2750257023
743104.6879053515
743106.394345176
743108.1007850007
743109.8072248254
743113.2201044746
743113.2201044746
743114.9265442992
743118.3394239484
743120.0458637731
743121.7523035976
767376.6037107379
767614.3937942984
767630.830960609
769767.08146905
850297.2190283414
850346.5213032742
850368.7511409895
880329.8681416526
880329.8681416526
880348.1316597754
884393.9575119544
937590.480320534
937601.9365273565
937602.8912112585
937603.8458951603
937603.8458951603
937609.5739985716
937610.5286824735
937610.5286824735
937611.4833663753
937611.4833663753
937614.347418081
937615.3021019829
937615.3021019829
937617.2114697866
937618.1661536884
937618.1661536884
937619.1208375904
937619.1208375904
937620.0755214923
937620.0755214923
937620.0755214923
937622.9395731979
937632.4864122167
937633.4410961185
937633.4410961185
937633.4410961185
937633.4410961185
937634.3957800205
937634.3957800205
937635.3504639224
937635.3504639224
937638.214515628
937639.1691995298
937639.1691995298
937640.1238834318
937640.1238834318
937641.0785673336
937642.0332512355
937642.0332512355
937643.9426190392
937647.5630386672
937652.857614123
937653.6139820452
937653.6139820452
937654.3703499675
937655.8830858121
937655.8830858121
937655.8830858121
937661.1776612679
937661.1776612679
937661.9340291901
937662.6903971124
937662.6903971124
937662.6903971124
937664.9595008792
937665.7158688015
937665.7158688015
937670.254076335
937671.0104442573
937671.0104442573
937671.0104442573
937671.7668121796
937671.7668121796
937671.7668121796
937673.2795480241
937683.8686989357
937683.8686989357
937683.8686989357
937684.625066858
937686.1378027025
937686.1378027025
937686.8941706248
937689.1632743916
937691.4323781583
937691.4323781583
937692.1887460806
937693.2310579735
937693.2310579735
937693.2310579735
937693.2310579735
937694.2733698663
937698.4426174378
937713.0349839381
937713.0349839381
937714.0772958309
937714.0772958309
937715.1196077238
937715.1196077238
937715.1196077238
937717.2042315096
937725.5427266526
937726.5850385454
937727.6273504383
937727.6273504383
937728.6696623312
937728.6696623312
937729.7119742241
937733.8812217956
937734.9235336884
937734.9235336884
937734.9235336884
937739.0927812599
937739.0927812599
937740.1350931528
937744.3043407243
937762.8953108136
937762.8953108136
937764.0621466937
937765.2289825737
937766.3958184537
937766.3958184537
937766.3958184537
937773.3968337342
937781.5646848948
937781.5646848948
937782.7315207749
937782.7315207749
937788.5657001752
937792.0662078154
937797.9003872158
937820.0702689373
937820.0702689373
937821.2371048173
937821.2371048173
937821.2371048173
937822.4039406974
937822.4039406974
937822.4039406974
937829.072892012
937829.072892012
937829.072892012
937831.2405317891
937831.2405317891
937832.3243516778
937832.3243516778
937832.3243516778
937832.3243516778
937837.7434511208
937837.7434511208
937838.8272710093
937840.9949107866
937840.9949107866
937840.9949107866
937840.9949107866
937840.9949107866
937848.5816500068
937876.7609671106
937876.7609671106
937877.8447869993
937877.8447869993
937880.0124267765
937881.0962466651
937881.0962466651
937881.0962466651
937892.1281495312
937893.3088214099
937893.3088214099
937895.6701651672
937895.6701651672
937895.6701651672
937895.6701651672
937896.8508370458
937906.296212075
937926.3676340122
937928.7289777695
937928.7289777695
937928.7289777695
937928.7289777695
937929.9096496481
937929.9096496481
937932.2709934055
937940.5356965561
937942.8970403133
937942.8970403133
937942.8970403133
937944.077712192
937946.4390559493
937946.4390559493
937948.8003997066
937952.3424153426
937953.5230872212
937954.7037590998
937955.8844309786
937955.8844309786
937955.8844309786
937957.0651028572
937961.3911584126
937961.3911584126
937961.3911584126
1002209.8513590986
