73838.82727100942
74786.06279365465
75442.8853181479
77649.83777932223
80042.85213737351
80960.27108308325
88489.11126128578
88661.50319156772
88750.6715904032
88751.28498634016
88754.35196602494
88756.80554977278
88759.2591335206
88762.93950914234
88764.7796969532
88767.84667663799
88772.14044819669
88773.3672400706
106816.32570965542
109942.32515237214
109974.60453705453
112166.75709174997
112175.68131083276
169313.798782304
169344.12729118692
169358.37836972222
169362.6536932828
169426.7835466917
169434.07972994182
169458.05290347792
169461.17983915654
169462.2221510494
169477.8568294425
169504.10833074444
169579.7912429659
169628.2910299812
215408.08675683552
215526.84574462974
215589.8733301519
215639.59068504206
215639.59068504206
221697.2491344494
221909.19818466573
222031.60987608455
222058.39636933152
231879.7369879159
251224.59835569406
327872.1148900326
327877.238821506
327904.93849065906
327915.8504815376
421986.0023252164
421988.9909009093
421988.9909009093
422011.4052186056
422015.88808214484
422020.3709456841
422020.3709456841
422021.8652335305
422023.35952137696
422026.3480970698
422026.3480970698
422032.32524845545
422032.32524845545
481001.26817175857
481004.8747553879
481004.8747553879
481008.4813390172
481015.55614629004
481019.0243699336
481020.7584817553
481024.2267053989
481025.9608172207
481031.163152686
481032.8972645078
481036.3654881513
481036.3654881513
513915.7067408857
515254.41339529643
756677.6134183564
794727.6794916551
935709.8222138238
935901.4876901249
936863.689151232
936863.689151232
936951.0173622565
937087.5187122272
944013.6996883698
944041.4639255162
951141.9830957407
952082.3236790946
952084.4959308712
952084.4959308712
952085.9440987224
952086.668182648
952087.3922665736
952089.5645183503
952090.2886022759
952090.2886022759
952091.0126862015
952092.4608540527
952093.1849379782
952094.6331058294
952095.1588737753
952153.9710917308
952339.5717886551
998795.8878899781
998997.9303652127
1037889.1236880623
1105399.7064974748
1151089.4990535793
1151093.9265731242
