14456.390918204266
16254.572637391144
16771.29645228342
16795.200445826624
16813.30254396613
16822.715634998673
16825.611970700993
16826.336054626576
16857.204167454016
21379.182074695174
65342.24662026909
65379.63148842677
65386.604831710065
65660.97268351115
65662.2225353827
68640.59648527204
70438.34928850298
75525.38937766831
78164.81364639413
83721.51670728855
88684.04203325123
88695.33682009038
88858.44940732604
97794.42908890589
105368.3561744745
120947.0448933315
138878.5590063703
164547.72618815035
165820.36594935125
169458.05290347792
191339.33875456796
191351.79115328813
191351.79115328813
191352.82885318148
191353.86655307483
192970.3124309401
400730.54174980544
407395.0009768471
407401.31019219867
411390.934218154
420395.1991647156
423904.55723203166
456020.474203229
457426.6175147087
462907.2825394182
522298.0066553716
522315.4584615779
553268.8748322545
568828.2162131
583032.4598932193
592271.3418676676
592274.5933273335
650042.027358125
704884.8402935026
704894.5439405052
710978.5599672035
767323.800928165
