7619.784196855512
182848.5415512332
182854.70318259994
205412.1819561924
246966.28384935416
318499.5494973241
361712.481543995
361749.37754020287
414291.5083480394
545090.98334876
545101.4710356822
545110.210774784
545113.7066704247
545117.2025660654
545132.9340964485
545139.9258877299
545173.1368963165
545189.5925106253
545192.747118301
545194.324422139
545197.4790298147
705633.2386805839
705639.0774719837
787845.0588510357
787957.434831486
787957.434831486
787962.1667429996
843238.9642217731
843243.4286373142
871869.4916871912
873963.7176559513
873966.3464956811
964314.7945898684
964318.1844095199
964320.4904092829
964321.6434091644
964325.1024088089
964325.1024088089
1009041.8737529184
1185871.2901107841
1186652.2722745165
1187263.274583719
1187263.274583719
1193540.2520585854
1193721.383727969
1193724.8519516126
1198158.625367919
1199311.6805934105
1199319.7608165802
1199751.0842362498
1199751.0842362498
1200125.77230174
1200128.419589468
1200129.743233332
1200132.3905210597
1200133.7141649239
1200135.0378087878
1200136.3614526517
1200137.6850965156
1200139.0087403797
1200141.6560281075
1200141.6560281075
1200142.9796719714
1200142.9796719714
1200144.3033158355
1200145.6269596994
1200146.9506035633
1200148.2742474272
1200150.9215351553
1200152.2451790192
1200153.568822883
1200153.568822883
1200154.8924667472
1200157.539754475
1200158.863398339
1200158.863398339
1200161.510686067
1200162.8343299308
1200164.1579737947
1200165.4816176589
1200166.8052615228
1200169.4525492506
1200169.4525492506
1200170.7761931147
1200172.0998369786
1200174.7471247064
1200192.6416828672
