22797.47125207253
22812.709754811698
23302.278287578607
28917.573025466267
37839.864913393285
37842.79158612153
45415.83233368226
49938.79598713315
52215.950916495385
73839.45781981832
75774.19754124038
85568.57188701014
96897.22140297528
96902.33757898517
97595.62343844314
97595.62343844314
106575.73911781111
106599.14699837254
106600.69285370456
109587.71995507301
109591.8459034681
127010.30723034253
158432.63350117285
160388.42106067436
160395.19861857133
160399.0715087982
160491.22869215076
160491.22869215076
161236.92509875534
161248.32371885484
163177.67770230517
163179.36108925036
163182.72786314075
163184.45526020217
166369.06577831434
166372.09147380403
170306.90393416822
170373.216176774
170382.45830117897
170385.23093850046
191030.20041412298
198958.56783746817
209543.29785527088
209555.7087080433
209557.44710763378
209566.13910558607
215404.14703657577
215409.34573155356
215446.77633539375
215446.77633539375
217454.3417966213
232858.46010437122
235562.20509019782
247717.91471511856
259176.03649172137
261210.62416430443
261218.36994475813
261323.37808204524
317666.7407299873
323920.7927933435
365813.0596963608
381322.9068070508
381440.5953590721
401369.83931723196
478544.0866754789
480853.5395288778
534556.0696521214
534631.789057068
534632.9553251477
562054.844551074
562062.0237012814
562076.3820016963
595830.6943054271
695991.084283957
758081.1283704796
766178.6926856104
823891.4245982931
836779.6551012768
836783.2749333354
836785.0848493647
836790.6686328594
836792.5555665921
836796.3294340575
836822.7465063151
836822.7465063151
836835.9550424438
836837.8419761765
845953.2832616387
891999.2799455987
892389.913737116
892732.609509547
895074.145737666
901629.0894643144
905131.4145126415
953195.1649997325
1003042.3154211142
1070264.929285829
1070276.041840173
1070276.041840173
1070277.1530956074
1095008.516874365
1163136.732401684
1163141.986109307
1163282.708455902
1163282.708455902
1163285.2390375845
1163294.0960734726
1163385.521588643
1163386.220249238
1163386.9189098328
1163390.4122128072
1163434.1362632662
1163434.1362632662
1163436.0507033214
1163441.7940234875
1163581.3996133835
1163582.9344661864
1163584.4693189894
1163590.6087302011
1163674.1289282467
1163674.1289282467
1163675.4547329976
1168264.070477311
1176240.4969475623
1176490.997027789
1176938.9044842948
1181376.1584364183
1181797.2142207688
1181993.339802413
1181994.7646299254
1193863.7978590913
1193984.2205395824
1194123.5345624583
1194130.1690874777
