75806.37993872202
75898.1740386158
75900.11048372924
75913.66559952321
75924.7781538673
75940.77032984664
75942.45371679183
75944.97879720962
75948.34557110001
75953.3957319356
75954.23742540818
75955.07911888078
75956.76250582597
75957.60419929857
174861.5878788805
174868.4534570099
174873.20654956103
186257.65539162126
262518.96240038506
263791.2233436992
263801.25765019597
263805.32858594577
263805.53213273326
263805.73567952076
263806.54986667074
263806.75341345824
263806.95696024573
275924.28426256316
276013.2892213419
291609.7207344188
291646.70573583234
291649.44536556664
291653.55481016816
291656.2944399025
291660.403884504
291663.1435142383
291665.88314397266
291667.2529588399
291669.9705835161
291671.3293958542
291672.68820819235
291675.40583286854
291687.6351439116
291690.3527685878
291697.1468302784
291699.86445495463
291702.5820796308
291703.94089196896
291705.29970430705
291708.0173289833
291709.3761413214
291714.81139067386
291716.17020301195
291718.8878276882
291720.24664002634
291721.6054523644
291727.0407017169
291728.399514055
291733.8347634075
370765.47956509446
370776.7021447291
370787.9247243637
370905.5967725915
370907.02710136847
374466.27373375406
374473.4363801679
374539.9851771483
374539.9851771483
400159.29706064385
400737.2764156206
401141.0747331505
404499.2886559341
404502.69943994074
407517.0183146265
508289.5339970507
508292.3176369013
508302.0603763782
555572.9466148121
557932.2189197656
557943.9036056205
572361.7277026873
575042.0648079524
575120.2817869941
575120.2817869941
576030.9996256084
583082.3279517723
583236.0112775923
583237.6781607439
586827.203753085
586886.6174099741
586887.8551944926
587256.3353937606
587270.1325651938
587271.3868535059
588255.6731026368
591549.2141596437
591567.3683325821
591667.5903697308
591668.3770505582
591782.6988286892
591957.0339015427
591957.0339015427
591958.3432025
592933.409332284
592953.8905401172
595812.782188128
595814.410562428
595816.0389367278
595817.6673110278
595819.2956853277
595820.9240596276
595827.4375568273
596377.9160904346
596432.1365536106
596433.8309430849
599344.0989005112
599387.9219737315
599387.9219737315
599389.1542569854
599391.6188234935
599392.8511067474
599395.3156732555
599397.7802397634
599400.2448062714
599402.7093727794
599403.9416560334
599408.8707890494
599410.1030723033
599411.3353555574
599413.7999220653
599415.0322053194
599416.2644885734
599417.4967718273
599418.7290550814
599419.9613383354
599421.1936215893
599423.6581880974
599424.8904713513
609102.0438725846
621787.9598713315
621794.8584570481
621991.1765829506
624775.9496939922
624783.9815402012
624942.6160040954
624942.6160040954
624946.2963500638
624949.9766960322
624951.2034780217
624952.4302600111
624956.1106059796
624957.337387969
624958.5641699585
624961.0177339375
624962.2445159269
624974.5123358216
624975.7391178111
624979.4194637795
624980.646245769
624983.0998097479
624984.3265917375
624985.5533737269
624986.7801557163
624989.8718663804
624991.4177217124
624992.9635770444
625050.1602243293
625119.5146662184
625119.5146662184
625119.5146662184
625157.7594572086
625157.7594572086
625552.1176048106
625552.1176048106
626395.1808922745
632142.4344623659
632159.0262761787
632163.1742296319
632167.3221830851
632171.4701365383
632181.8400201713
632215.0236477968
632221.2455779766
632233.0512916511
632720.7218881563
632728.5776939004
632797.0354296718
632799.2799455987
632800.4022035621
632804.8912354159
632806.0134933795
632807.1357513429
632808.2580093063
632809.7928621093
632814.3974205181
632815.9322733211
632817.4671261241
632819.0019789271
632822.071684533
632825.141390139
632826.6762429419
632828.2110957449
632831.2808013508
632835.8853597598
632837.4202125627
632838.9550653656
632842.0247709716
632845.0944765776
632846.6293293806
632848.1641821836
632849.6990349864
639068.0368890349
639099.7351752382
639100.9399521695
639247.4276239886
639464.8651044095
639464.8651044095
639487.6073319631
646297.6611985116
648609.4190817472
648634.438832815
648686.1122105151
648727.1406413558
648743.9249994269
648751.3847141252
648763.0528961866
648789.7065228188
650548.2407414482
650553.742005975
656951.344065893
656987.6854193568
656999.7992038447
657015.9509164954
657019.988844658
657028.0647009833
657030.0836650647
657561.659853758
657620.0612779743
657631.421389222
657641.1586274344
657652.5187386823
672694.6593418348
677308.8284598752
677318.3291437129
677427.6447711245
677427.6447711245
722494.2293263243
722503.207390032
722506.5741639223
722506.5741639223
722507.6964218859
722510.8981578405
722512.4990258177
722514.099893795
722515.7007617723
722517.3016297496
722518.902497727
722522.1042336815
722523.7051016588
722525.3059696361
722526.9068376133
722528.5077055907
722530.1085735679
722533.3103095226
722534.9111774998
722534.9111774998
722536.5120454772
722637.4437457499
722637.4437457499
729415.6342881593
729447.9817235768
729645.4221074427
729645.4221074427
751119.7952307092
751121.4291062737
751123.0629818381
751126.330732967
751126.330732967
751129.598484096
751134.538619641
751136.2110040572
751137.8833884733
751139.5557728894
751142.9005417217
751144.5729261378
751146.245310554
764962.7151796698
765094.993085216
765095.7027483401
836854.8243797707
836881.2414520283
836881.2414520283
836892.5630544244
836894.449988157
836900.110789355
836903.9396694656
836905.2159628358
836906.4922562061
836907.7685495763
836909.0448429465
836911.5974296869
836915.4263097976
836919.2551899082
836923.0840700188
836925.6366567593
836926.9129501295
836930.7418302401
836932.0181236103
836933.2944169805
836934.5707103508
836937.1232970911
836942.228470572
837332.5651938049
837355.1533859519
846002.8276499668
846051.9594434554
846089.0929790112
846090.3307635298
846113.4250720132
846144.732768435
846229.8978445741
849642.6788101987
865539.3033259729
866379.9570595741
906852.0340161524
906980.3675150329
907576.0939493731
953192.0017726297
953201.4914539383
967262.0359263136
991592.2034856622
991603.2170172449
1056414.527617112
1056418.9671375852
1056420.446977743
1056424.8864982158
1056424.8864982158
1056430.8058588468
1056432.2856990045
1056433.765539162
1056435.2453793199
1056436.7252194777
1056438.2050596352
1056439.684899793
1056441.1647399506
1056442.8481268957
1056444.531513841
1056447.8982877312
1056447.8982877312
1056451.2650616218
1056511.8669916487
1056513.5503785938
1133659.3837055601
1133924.1540659692
