30629.89662207077
30638.671138990976
30663.23978636756
30670.259399903727
45393.618227523126
45703.15237738675
45715.21114922945
45716.718495709785
45730.28461403281
45731.791960513154
49967.8756714217
52092.11195073312
63157.58647300178
73833.02134032198
75767.26594793664
75771.22685839592
75776.17799647003
75778.15845169967
75781.12913454413
75782.11936215895
75784.09981738857
77343.47725761964
100064.84401622873
100069.72913912851
100102.703718702
100103.92499942695
100105.1462801519
100107.58884160178
100108.81012232673
100111.25268377662
100801.34780980907
100802.64060697285
100805.22620130044
101026.51456689002
101026.51456689002
106494.65597995094
106556.11060597957
106565.92486189534
106568.37842587428
107318.5033504229
107328.93374796568
107336.12940196671
107439.36613207619
107439.36613207619
107788.75144217178
107788.75144217178
126790.60873020117
143975.56338297206
143990.79088318217
144019.34244607613
144019.34244607613
145127.79773684088
145139.19635694037
160513.21174519975
160542.23641684305
160545.5811856753
160563.97741425285
160645.35211913293
161238.34992626778
161242.62440880507
161244.0492363175
161245.47406382996
161248.32371885484
163187.11237096862
163226.9690324651
163227.8547360539
163236.71177194203
163237.83953117003
163240.095049626
163244.60608653797
163245.73384576594
163247.98936422192
163249.11712344992
163250.24488267791
163251.37264190588
163252.50040113388
163482.3432330626
174110.89632408562
190956.15339359254
191001.15373742158
191007.20512840105
210002.23534715272
210031.52407949328
210071.04516385365
210075.93028675343
210080.8154096532
210085.700532553
210095.47077835255
210095.47077835255
210102.7984627022
210117.45383140154
210119.89639285143
210124.7815157512
210129.666638651
211538.82654971388
253124.33744145356
253128.65043284258
253134.87786428686
253136.37420823815
253139.3668961407
253142.35958404327
253143.85592799456
253145.35227194586
253149.8413037997
253152.83399170227
253152.83399170227
253155.82667960483
253157.32302355612
274800.2658944521
365816.1514070248
370106.08699638594
370120.7423650853
381248.0455993704
381430.4950374009
406022.45127178536
416448.860397772
420865.0995194035
472999.6482246961
476669.167704521
476683.9936124206
476690.3475729491
476696.3659563414
477516.5824922256
477516.5824922256
507412.83047700545
507454.78312028665
507705.31070683606
507705.31070683606
508279.7912575738
508281.18307749904
522043.12441262545
522046.22712581855
528313.0366216124
528414.5459546605
528585.2501929263
528585.2501929263
534223.4411937743
534405.4615331719
536133.5022425293
536160.4199298589
562083.5611519037
562100.3125023877
562142.6997455665
562159.3795796117
562163.549538123
562194.8242269576
562203.1641439802
562215.6740195141
562224.0139365367
562242.7787498375
562246.9487083489
595837.2078026269
595838.8361769267
595842.0929255267
656885.2683776618
656917.7753497505
656931.4624958931
695995.6228271916
765192.2939509013
845092.3958771079
845675.904002934
845675.904002934
845903.5793366391
845923.68095722
845925.9144706179
845928.1479840158
845930.3814974136
845931.4982541126
845932.6150108115
845933.7317675104
845934.8485242093
845935.9652809083
845937.0820376072
845939.3155510051
845939.3155510051
845941.549064403
845942.8528640959
845944.1566637887
845945.4604634816
845945.4604634816
849547.2758807754
892009.7928621093
892372.7277867344
892649.3313671406
895110.8501745887
901619.3247197794
942927.0327554459
942949.7144690898
953193.8997088914
1056701.2865318349
1056711.584899029
1056713.873425072
1056713.873425072
1056716.1619511151
1056717.3062141368
1056718.4504771584
1056719.5947401798
1056720.7390032015
1056721.8832662231
1056724.1717922662
1056725.3160552878
1059934.2036537565
1094098.4536862292
1094192.4262868757
1094785.1435295197
1094786.766402555
1096928.2931562741
1097459.6492943864
1097478.0455229639
1116021.7960100549
1133006.3065885284
1154941.4161171769
1155487.0315329426
1155487.0315329426
1160868.7205739652
1205235.0381650226
