26786.437902949438
26819.56128354509
26821.13858738298
45645.53580865326
45666.31286651784
72193.93458006783
180535.0980210038
197138.2594185678
197239.51125616135
296958.6891672458
367407.1110627136
431312.7475026343
431359.7806738003
431359.7806738003
431369.24449682765
441432.12936658674
441435.54224623594
441439.63770181505
449302.8847416479
449353.2247164741
449354.5852563343
456378.35614244675
456463.6412376813
456463.6412376813
461818.23725534783
461829.69346217037
461899.95266294933
461899.95266294933
478834.7537224281
478839.23658596736
478840.57406582986
478857.96130404284
503875.0793808391
503927.8314314173
503927.8314314173
512856.54260174424
512863.2069410593
512892.5300340456
512893.8629019086
559816.996371253
559999.1472925321
559999.1472925321
601158.2037542957
601166.6898334235
601187.7897312549
626026.349634403
626065.3487023948
626079.2677169641
676116.8936902081
728985.3511365056
729004.7907145076
745247.0631491629
782837.0361497491
843805.391555557
883532.0024725442
1029039.7296855834
1033315.3253541471
1067248.1210906098
1087739.8022605202
1087760.002818444
1116581.762232208
1116590.4512393149
1116626.4478956151
1116626.4478956151
1123782.841440097
1123862.467611913
1123864.9580916571
1123869.9390511452
1123870.76921106
1123872.4295308893
1123874.0898507186
1123875.750170548
1123876.5803304627
1123878.240650292
1123879.0708102067
1123880.731130036
1123882.3914498654
1123886.5422494388
1123894.013688671
1123896.4349884219
1123902.5228277962
1123904.0447876398
1123910.8936069359
1123916.2204663884
1123932.201044746
1123951.087182805
1123951.7374747382
1123954.988934404
1196241.2972529777
