23612.05397320557
23650.536497250414
23653.340592962217
23657.54673652992
23663.15492795352
23665.95902366532
23671.567215088922
23677.175406512528
23682.78359793613
23695.402028639233
23709.773019162218
23714.329674693894
23716.608002459732
23720.025494108493
23726.860477406008
23729.138805171846
23731.417132937684
23732.556296820603
23734.83462458644
23739.391280118118
23740.530444001037
23743.947935649798
23745.087099532717
23755.33957447899
23770.14870495694
23801.814693702378
23801.814693702378
23805.20451335398
23813.11409254105
23817.633852076517
23841.362589637734
23842.192749552414
23844.683229296446
23845.513389211126
23847.173709040482
23854.645148272582
23857.13562801662
23857.965787931294
23859.62610776065
23860.45626767533
23863.776907334042
23871.248346566143
23871.248346566143
23872.9086663955
23877.05946596889
23878.719785798246
23881.21026554228
23882.870585371635
23889.51186468906
23892.408200391375
23893.64421626434
24069.905614148593
24070.855686050945
26522.22567410458
26546.724615586634
26546.724615586634
45669.979406141
72348.1598442169
72355.79731543195
72385.07428842293
72435.53417523677
73031.93489394002
73033.27237380255
73034.6098536651
73037.28481339017
73039.95977311525
73042.6347328403
73046.64717242793
73056.00953146568
73064.0344106409
73066.50644238683
73070.21449000573
73072.68652175166
73077.63058524352
73077.63058524352
73081.33863286242
73083.81066460835
73086.28269635428
73087.51871222723
73091.22675984613
73093.69879159206
73103.58691857579
73106.05895032172
73107.29496619468
73111.00301381358
73113.4750455595
107695.09609933734
119001.23768131725
119030.94357026413
119032.50703810345
119035.63397378207
119040.3243773
119043.45131297862
119045.01478081793
119046.57824865723
119048.14171649654
119051.26865217516
119060.64945921102
119063.77639488965
119065.33986272896
119066.90333056827
119071.5937340862
119073.15720192551
119075.18186971742
119079.23120530124
119081.25587309315
119085.30520867696
119087.32987646888
119115.6752255556
119477.86016033104
119477.86016033104
119508.36853719546
119515.1020565034
119515.1020565034
146656.92219492747
146681.8823363621
146681.8823363621
146683.9623481483
146688.12237172076
146690.20238350698
146692.2823952932
146694.36240707943
146696.44241886566
146698.52243065188
146700.60244243807
146702.20741827312
146707.02234577824
146707.02234577824
146708.62732161328
146711.8372732834
146713.44224911844
146715.04722495348
146715.04722495348
146718.25717662356
146719.8621524586
146719.8621524586
146769.61640334496
146769.61640334496
146777.6412825202
197125.83007984524
197235.48959257468
198517.56550480577
201376.13354300847
201419.81840251866
201509.2681333252
202086.68586197952
202294.27196064428
204377.26309855908
204380.4822742282
205813.35673496057
205814.89253080272
211696.4463903097
211840.92649946033
212470.5474507493
213362.71108705472
214586.51438527493
215046.97641794966
215046.97641794966
218423.53657091426
218455.31324764833
218568.90679597345
218890.1832949534
218891.88051077895
218902.06380573235
218903.7610215579
218910.54988486017
218912.24710068572
218913.9443165113
218919.035963988
218920.73317981354
218922.43039563912
218927.5220431158
218929.21925894136
218930.57057480246
218933.2732065247
218950.8403127192
218950.8403127192
218954.89426030254
218956.24557616367
218960.299523747
218961.6508396081
218963.00215546924
222061.74468098738
222650.43874848267
234190.53323041744
248026.30120840794
248037.139407294
248038.2232271826
248039.30704707123
248040.39086695982
248042.55850673703
248043.64232662565
248044.72614651427
248045.80996640286
248046.89378629148
248047.97760618007
248050.14524595728
248051.2290658459
248053.3967056231
248054.48052551172
248057.73198517755
248059.89962495476
248060.98344484335
248062.06726473197
248063.1510846206
248064.23490450918
248066.4025442864
248068.5701840636
248069.65400395222
248070.73782384084
248072.90546361805
248073.98928350664
248076.15692328388
248078.02478309188
248090.5694218026
248203.17600222913
248356.3405064872
248357.64570235307
273325.72900018893
273363.5197243049
273370.1886756195
275471.24962767714
306346.174378421
367672.2364674646
367676.5164030247
367718.2457747359
367718.2457747359
397036.0810815139
397048.15529627295
397051.6050719184
397055.05484756385
397058.5046232093
397061.9543988547
397063.67928667745
397067.1290623229
397068.8539501456
397072.30372579105
397075.7535014365
397077.4783892592
397080.92816490465
397082.65305272734
397089.55260401824
397091.27749184094
397094.7272674864
397098.17704313184
415653.00289210805
429331.39561027323
439462.6764330027
439464.7702807875
461926.5454522162
461932.8546675677
461972.28726351494
461972.28726351494
478831.60833875136
491227.7314407054
491240.40521540283
499877.55499969574
499879.5012634957
507007.10670693626
507139.7016933084
507140.8685291885
520231.4988037626
520287.645285992
520288.29557792516
520290.89674565784
523766.2920484644
528840.6168549366
601196.2296903875
601231.3961867731
601232.8028466286
621321.6350819431
634967.3886794628
635034.1842685977
649591.7117244074
649593.6579882074
653270.9435702641
653293.4962479463
679545.9383977785
691982.9145915337
713607.8608969698
713614.3176963062
713678.0739777535
713678.0739777535
713711.9445022724
713735.9361238066
725122.2711535443
729016.4544613088
729075.8062832089
729077.0422990818
737090.9633634288
746716.3539581526
761414.0124075598
762110.2490800022
789224.6370452456
813347.6959539312
813582.156173834
813582.156173834
813588.1702212158
831137.0267335833
831165.7502666311
831233.131579706
831274.1829874868
831306.1994881962
831440.7591863665
831440.7591863665
841373.7424774765
841389.0635399017
841398.8133068997
841398.8133068997
841400.2061307565
841401.5989546134
841402.9917784702
841405.7774261839
841407.1702500408
841408.5630738976
841409.9558977545
841412.7968894626
841412.7968894626
841414.2450573137
841415.6932251649
841420.0377287184
857312.6929273065
857492.4363848328
857492.4363848328
895815.0301221219
895869.894468483
895869.894468483
952252.5433575996
952313.0066713855
952313.6569633186
952320.1598826502
975860.815491194
997116.4882185832
1024007.6646307678
1046427.7150424848
1046470.0070781382
1046640.7894205855
1046867.7920372547
1046867.7920372547
1050708.014950565
1050735.4794077424
1050736.6324076238
1097015.3219592029
1097025.722018134
1097111.8372732834
1097111.8372732834
1112000.040483107
1137623.507361584
1137628.373021084
1137647.7987630873
1137647.7987630873
1183688.8873230866
