10835.726854328073
10861.360347693519
10862.81773954373
10865.00382731905
12772.646743255751
12802.657024171363
13260.670085097796
13261.514081011053
13279.237995189427
13548.896995474475
13548.896995474475
45317.30902638768
45323.452209756295
45335.73857649353
47659.96034961518
47825.32820461904
47858.442361215646
47861.76300087436
47863.42332070371
47865.08364053307
47866.74396036242
47941.90110463794
47941.90110463794
50261.89367419425
58972.36963895089
59090.92108676644
59106.292881186564
59125.801639181496
64185.61248314538
64264.376211050214
64313.36487001526
64834.954344407466
64835.83523631693
64895.85118614862
64903.124309401115
72037.77227611784
88334.50781317559
89746.80353202297
102016.30418699095
102017.85381883167
102018.62863475205
102020.17826659277
102020.95308251315
102021.72789843351
102023.27753027424
102024.05234619461
107724.31772833402
125197.96636443124
142901.40326491132
142931.70410179708
142933.50739361174
162127.24276092224
162136.76192794388
162138.34845578083
162139.93498361777
162143.10803929166
162144.69456712858
185385.15051452618
249144.82639344837
249191.9794766021
249208.41664291275
249208.41664291275
249223.35952137696
249224.85380922336
249256.2338539982
249265.1995810767
249273.87014018558
260546.61162159825
300714.2219332605
300726.6743319807
300727.9195718527
365700.7311940915
369258.9487843858
380905.3406313955
404229.14463422674
428586.88052679284
428592.58095820696
428594.0060660605
428596.85628176754
502112.6960019729
856247.9851647349
892598.9168206669
892744.1763577374
894128.1774594929
894502.5519090155
900572.916417117
900637.7103984575
900668.6615272765
951418.7537992947
951754.7886967578
951762.9657719174
1007490.0604364105
1008447.5761059991
1009263.872350102
1009265.302069955
1009269.5912295142
1013161.0165615622
1013541.9769464079
1020843.2749039967
1020945.6612934737
1026295.3224716475
1026365.2772804576
1026382.212542717
1026413.260523526
1026415.1422193326
1026438.2022169626
1026440.3790807388
1026453.4402633964
1026474.120469271
1026494.17344321
1026507.6404818258
1027806.683940313
1027808.0767641698
1037571.8965246662
1042617.7376220659
1042618.0558500332
1042618.0558500332
1071715.5574914566
1071718.0479712007
1071761.6313667214
1072673.4790170034
1110618.9034330572
1205282.5873317341
