16721.652889385674
17001.001700674824
17001.001700674824
17004.728196291824
31039.55468582355
31047.46426501062
44453.59681515811
44498.91432250048
44500.24719036349
46751.40105499489
46782.85489176214
46786.000275438855
46787.57296727722
46792.291042792305
46793.86373463067
46795.43642646903
46797.0091183074
46808.01796117593
46811.163344852655
46815.88142036774
46817.454112206105
46822.17218772119
46823.74487955955
46826.89026323627
46828.46295507464
46831.608338751364
46833.18103058972
46834.75372242809
46837.899106104815
48021.99308840626
48060.992156398024
48407.74072875997
67712.18714469188
82982.60520323225
83071.60295808525
83071.60295808525
88599.55942593416
88608.05934106057
92505.05135653638
92506.96072434014
92506.96072434014
96891.50565770637
106603.0530155751
154675.66741077864
154717.8256984457
154717.8256984457
157701.32819180793
249188.99090090927
249196.46234014138
249199.45091583423
249205.4280672199
249212.899506452
249221.86523353052
249250.2567026125
249254.73956615178
249266.28340096533
249269.53486063113
249270.61868051975
249271.70250040837
249274.95396007417
249276.0377799628
249278.20541974
249280.3730595172
249283.62451918304
249284.70833907166
249286.87597884887
249287.95979873746
249289.04361862608
249290.12743851467
249290.12743851467
249291.2112584033
249298.79799762354
249309.63619650961
249310.72001639823
249319.39057550707
249322.6420351729
255247.70088620853
255249.12138206253
255249.12138206253
255264.7468364566
255266.16733231058
255266.16733231058
255739.75050363672
255928.3997322478
256446.5809389903
260301.27630681326
293543.06999029557
293591.77270529006
305329.21925894136
348375.87027470226
365719.5481521576
369317.7471663427
370685.7354057438
370845.5319653203
399988.0928421127
399997.55666514003
400226.4040816196
400226.4040816196
401926.9682188394
401939.1992415823
401943.27624916326
401947.3532567443
401949.3917605347
401951.43026432523
401953.46876811574
401957.5457756967
401959.5842794872
401963.66128706816
401965.69979085866
401971.8153022301
401975.8923098111
401977.9308136016
401979.96931739204
401984.04632497305
401986.0848287635
401990.1618363445
401994.2388439255
401998.3158515064
402002.3928590874
402004.4313628779
410494.2646583117
464396.99989430833
464447.27068914165
464561.5929333918
464566.6661328704
464570.47103247937
465364.2653308949
465376.5932056279
466124.75638073334
466130.0509561892
466130.0509561892
468433.78161541687
468471.8306115063
468475.2896111508
514642.23502621474
514642.23502621474
514643.5955660749
514643.5955660749
514644.9561059351
514657.20096467657
514658.5615045367
514659.9220443969
514659.9220443969
514670.80636327824
514672.1669031384
514672.1669031384
514673.5274429986
514674.88798285875
514676.2485227189
514676.2485227189
514687.4095615718
514688.8254454263
514690.2413292808
514690.2413292808
517520.4178984015
518614.5409939499
548195.3248417027
548337.5865790814
548446.0884799298
548454.3070630851
616162.3987521979
616193.0178170509
616193.0178170509
616207.1305356005
694109.7473969427
749139.0004131582
749185.5447123746
749185.5447123746
781531.3421879454
853975.5423102914
853987.4966130628
951710.2690653334
976266.1272335369
978037.4071594886
982112.4361926663
982117.9521440993
983728.6514705552
983740.9793452882
984001.6449464976
989547.2699845306
1020921.3837279689
1020943.9271816519
1114251.9829996573
1135328.6179054475
1144232.1890663584
