9105.747384131519
9116.88536298678
9118.338142837469
10810.406976930393
65094.22250976046
133396.2428858306
133603.4461885347
133603.4461885347
133627.66841004518
222472.89521473018
222503.61113157327
222531.21394873632
223572.7187416928
223572.7187416928
224268.85395014557
225011.8009537871
225011.8009537871
235556.9764499774
235569.09678473172
237831.69763218664
242992.80182173982
243279.7650442464
243309.24494521652
243382.0407457347
249163.25594355422
249163.25594355422
249193.47376444854
249229.33667276264
249232.32524845548
514984.03031108575
515429.7431692764
515431.2236211242
517456.8599329338
518583.6037011296
518588.28949264804
518589.4609405276
518590.63238840725
518594.14673204604
518595.3181799256
518596.48962780525
518597.6610756848
518600.00397144404
518601.1754193236
518602.13010322547
518603.0847871274
518604.03947102925
518604.9941549311
518606.9035227349
518607.8582066368
518608.81289053865
518609.7675744405
518610.72225834243
518611.6769422443
518612.63162614615
518619.31441345933
521560.08673121326
578863.4475337012
578881.8540238094
593985.054815536
594899.8818175122
594899.8818175122
595162.7704024931
595168.4708339073
595235.4509030231
595236.6915308957
595240.4134145131
605795.6200096724
605817.1303754615
605826.769454471
605835.1402336106
605860.2525710296
605860.2525710296
605862.535510795
605864.0574706385
605866.9630303399
605872.6819097522
605886.9791082827
605896.2722873276
605898.4168671072
612344.2165846222
621597.3726976033
621688.6211082251
649564.4640312078
649585.8729330075
694108.2346610981
694112.0165007095
694114.2856044762
694115.7983403207
696235.2796184851
855690.8510099958
855697.0541493583
855698.2947772308
987402.8285649315
1003028.2552869848
1009775.1862895503
1052706.7494691396
1052768.762414766
1052988.003036233
1052988.994616131
1053076.2536471628
1053204.6517139664
1053205.6202338669
1053226.927671677
1053332.8422407913
1053332.8422407913
1053414.2301964264
1053417.025068139
1064757.3507906056
1065553.713972757
1065572.7892027968
1065577.991538262
1065584.060929638
1065585.7950414598
1065587.5476012798
1065596.3104003791
1065598.939240109
1065605.0731994784
1065606.8257592984
1065608.5783191181
1068735.191157772
1106379.7148887515
1110610.7355818967
1110610.7355818967
1110611.9024177766
1186934.7434094846
1187294.69152449
1187294.69152449
1187498.772503515
1187498.772503515
1192198.270884511
1192391.9933126008
1205677.5312991426
1205753.1219713737
1205783.5058242509
1205810.942609431
1205821.8269283122
1205847.6771856556
1205853.1193450962
1205858.5615045368
1205865.3642038377
1205869.4458234182
1205874.8879828588
1205878.9696024393
1205883.1619100084
1205888.8254454264
1205891.6572131352
1205901.5684001166
1205914.3113548069
1205931.3019610606
1205941.213148042
1205945.4607996054
1205949.7084511688
1206397.5105451446
1206399.5951689305
1209064.0487590837
1209096.6648197316
1209148.1347344418
1209547.5707893886
1209548.6407732787
1209566.8304994092
