47774.430177850234
49974.79670370144
96597.96111187623
212591.1143423577
212597.82941366755
212628.04723456182
212629.72600238927
212639.79860935404
212643.15614500898
212646.5136806639
212648.19244849135
212651.54998414626
212653.22875197371
213309.7053765025
215141.55930422863
235774.58442361216
237851.26173417587
237880.38651118247
237937.11410535214
237949.05918412446
237977.1185892406
247975.6983496088
249060.09473815694
249062.0363899574
249109.50308907882
249158.64855602777
249166.32753523855
249279.28923962862
249303.13327717796
270027.8495591377
288744.8194754491
291678.00505398284
291832.5070381034
292211.8209391184
295303.31801338115
300616.99637125316
300645.1526283593
300648.9713639668
300649.92604786874
308125.5299155428
308295.3252900915
308683.2036742263
308683.2036742263
317713.84925807663
317949.75303383096
321403.00612691324
347876.5290860234
398534.5935195001
428527.5379288919
428530.5910725781
428532.11764442123
428532.11764442123
428535.17078810744
428536.6973599505
428541.27707547985
428542.7021833334
428544.1272911869
428546.977506894
428548.4026147475
428551.25283045456
464890.4930675882
506291.176796518
539326.6711292033
539333.289348523
539335.1802683288
595460.0183839425
595473.0887905993
595476.1050382892
595477.1104541859
595477.1104541859
595483.1429495659
595497.2187721193
595500.2350198092
595864.8228063377
602156.7985036625
687336.2420531084
687575.129792556
740052.0884350908
740073.3405289067
847445.4121814438
902742.3456501478
902748.4058175249
1068615.0301221218
1093306.7162883654
1093335.3106854265
1093346.1304363145
1093356.9501872023
