30760.45031050928
30813.74657703161
30938.55189620439
30940.1153640437
30957.313510276115
38503.68851067645
45544.33931505402
45561.708105268895
45562.948733141384
49930.52150825195
74198.6969820228
88318.20900685074
88322.69187039
88324.3798622165
88326.06785404302
88326.91184995628
88329.44383769605
88330.2878336093
88331.13182952256
88331.97582543582
88331.97582543582
88332.81982134907
88333.66381726232
88334.50781317559
88336.19580500209
88337.03980091534
88337.88379682861
88338.72779274186
88338.72779274186
88340.41578456838
88341.25978048163
88342.10377639488
88342.94777230814
176870.60612563216
176873.87142129656
176873.87142129656
176874.8583891951
176881.76716448506
176891.63684347065
176899.03910270988
176901.013038507
201492.22218307716
249184.50803737002
249211.4052186056
249217.38236999128
249241.29097553398
249245.77383907326
249260.71671753746
249292.2950782919
249300.96563740075
268369.6005175689
268375.97891291324
268376.69838483934
338145.1086221972
338152.08196548047
338153.07815737807
338155.0705411733
338188.67356971966
353408.8531174234
353416.1170166769
353416.1170166769
398523.96747259225
398526.6239843192
398537.2500312271
428558.3783697222
428561.22858542926
428562.6536932828
428564.07880113635
428566.9290168434
428568.3541246969
428571.204340404
428571.204340404
428572.6294482575
428574.05455611105
428575.4796639646
428575.4796639646
428578.3298796716
428579.7549875252
428579.7549875252
428582.60520323226
428582.60520323226
428584.03031108575
428585.4554189393
428586.88052679284
428588.3056346464
428589.7307424999
431509.24635443854
431520.684113263
431521.82788914547
431525.25921679277
431546.99095855927
440085.9789449411
440094.86165602814
440095.8486239267
464782.4892626886
464800.62825682433
515137.9050632708
517476.06429896003
517479.26502663107
595308.6479475001
595337.6850965157
595339.0087403796
595339.0087403796
595340.3323842436
595341.6560281075
595341.6560281075
595342.9796719715
595344.3033158354
595344.3033158354
595354.8924667471
595354.8924667471
595356.2161106111
595356.2161106111
595357.539754475
595358.863398339
595360.1870422029
595360.1870422029
595361.5106860669
595362.8343299308
595362.8343299308
601948.3591850854
601959.0959199818
601961.7801037059
601964.46428743
601968.4905630163
601969.8326548784
601971.1747467404
601973.8589304645
601976.5431141887
601977.8852060507
601980.5693897748
669817.7232736229
669828.9027604739
669830.3001963303
692044.8721931659
692052.1683764161
692052.1683764161
692055.2953120947
694100.6709818755
694105.209189409
696232.927498727
709273.9234344023
709308.0153348985
709309.0807067889
735953.8794922957
736028.6907366068
736028.6907366068
736453.206844976
764683.1544795647
764687.3606231324
764688.4121590243
764690.5152308082
781533.2976757444
781539.1641391414
784923.4862873084
784926.1843070311
784926.4840870003
821777.4026115447
823117.5020898122
823125.443952996
823125.443952996
823128.8476086461
823169.1518725038
823175.3550118663
834178.5896889783
834205.6390661983
834205.6390661983
836895.3249057583
836918.5601593702
836939.6831171992
836939.6831171992
843494.8425674746
911790.8488961628
918775.7037302749
918790.4621287581
918790.4621287581
918807.0653270517
918807.0653270517
922303.2838077181
922320.661821932
922333.6953325925
922335.1435004435
952489.1112612857
952489.7615532189
952494.9638886843
952496.2644725506
952500.1662241495
952502.7673918823
958164.7070579607
958182.5278241291
958182.5278241291
970061.0047112856
995593.1171031519
995605.6940258592
995605.6940258592
995607.0914617156
995608.488897572
995623.8606919921
995623.8606919921
1042618.5862299787
1042619.010533935
1044459.8117407415
1044468.5653158419
1044468.5653158419
1053512.6733263086
1053520.1401535412
1068845.3349304516
1110615.402925417
1130841.234606651
1130845.6344541986
1130845.6344541986
1205605.353506561
1205613.6089857125
1205615.0294815665
1205623.5524566905
