505109.7669979406
508785.57212814956
513269.1044073421
515600.70076770574
515628.7325008247
515679.898023566
515679.898023566
516914.0137527264
518735.25546954316
519162.14214566874
522741.3212738086
522742.45582569204
522742.83400965313
522894.9469780193
522894.9469780193
522895.5742099549
524024.1673899606
525846.8480506295
525851.008074202
525851.008074202
527699.1054642586
527699.7280841946
527706.3001835191
527706.8305634647
527708.4217033011
527729.6369011207
527729.6369011207
529318.7612937939
529326.0113570489
529326.0113570489
529327.6716768782
529328.2251168214
529329.8854366507
530782.111847394
530857.527263643
530884.4059968805
530885.2730527914
531253.0615669909
531255.0954587819
533310.1332675697
533511.8667388359
533513.0612467132
533629.011526796
533629.011526796
533649.1013967313
533650.1575446228
533655.43828408
533656.4944319715
533660.7190235372
537993.0007782748
538413.6520310413
538727.9275147408
538729.2234866077
538742.1832052757
538758.5973115886
538784.4706289293
538800.8570632453
538800.8570632453
538961.1240467733
538964.3708944396
538978.2437890138
538981.9518366327
538994.3119953624
539325.7256693004
539326.6711292033
539442.2155533279
539736.4934070826
543203.1997027822
546849.3681240372
553853.2243961963
553875.5556979012
553880.7857053636
553882.5290411845
553884.2723770053
553886.0157128262
553887.7590486469
553892.9890561095
553892.9890561095
553894.7323919303
553901.7057352136
553905.1924068552
553908.6790784969
553990.5051740869
553990.5051740869
563123.8230913848
575472.94069417
575717.9623929872
575717.9623929872
575734.5286952846
583591.1482917987
583594.2660034783
583606.7368501965
583608.2957060363
583609.8545618762
583611.4134177159
583612.9722735557
583616.0899852352
583619.2076969148
583620.7665527546
583620.7665527546
583622.3254085943
583623.8842644342
583623.8842644342
583625.443120274
583681.6726184948
583681.6726184948
583687.2531379212
583696.1819690035
594256.563227631
594307.2214304245
594444.7328082913
594465.4130141658
594629.0283093498
594805.4280672198
594820.370945684
594835.3138241483
594890.1274385147
595958.2573047347
595958.2573047347
595970.7881074469
597750.5725605245
597772.3919302819
597797.6564636852
597799.9532394492
597803.3984030951
597803.3984030951
597804.546790977
597805.695178859
597807.991954623
597811.4371182689
597811.4371182689
597813.6693260395
597814.7854299248
597814.7854299248
597815.9015338101
597817.0176376954
597820.3659493512
599901.5722434496
599904.9205551054
599908.2688667614
599938.3022076746
599940.4145034575
599943.5829471318
599944.6390950233
599947.8075386976
599952.0321302634
599954.1444260463
599956.2567218292
599958.3690176121
599958.3690176121
599959.4251655035
601878.4873922666
602188.3722524173
602188.3722524173
603704.9498925469
606087.6887156542
606088.9431795253
606089.5704114608
606098.9788904939
606099.6061224294
606100.2333543649
606100.8605863004
606102.1150501715
606103.9967459781
606106.5056737203
606107.7601375913
606109.6418333979
606110.2690653334
606110.2690653334
606693.4979133905
607111.8985103882
613286.4480877817
613346.5793376015
613348.8299933702
613349.3926573123
613352.2059770232
613373.5872068257
637851.7516310144
642722.3874784212
642725.80497007
642728.0832978359
642742.8924283138
642747.4490838455
642765.6757059722
642766.8148698551
643534.2654269782
643534.2654269782
643536.2854827706
653102.8454115408
660875.0054607355
672586.4587850585
679596.3106566013
679605.2025916874
680595.4634579107
711987.2319355344
713340.8353484141
713354.0856230523
713357.9827626518
728062.3931793652
742777.724810956
742785.694346137
751556.7765966647
758644.0085962546
769751.1377866886
769805.056673147
770109.2457138831
770110.2419057807
770145.1086221972
777757.8318477784
794351.9076062762
794351.9076062762
794358.7149175765
795750.0537105779
843778.9186782778
843784.5914376947
843792.1551169174
843803.5006357513
843807.2824753626
843812.9552347796
843814.8461545852
982053.1397147606
