339753.3220809086
339756.89176854165
339758.0816644194
339759.2715602971
339759.2715602971
339762.8412479302
339762.8412479302
339765.2210396856
339766.4109355633
339766.4109355633
339768.79072731873
339769.98062319646
339772.36041495187
339772.36041495187
339773.55031082954
339775.93010258494
339777.1199984627
339778.30989434035
339779.4997902181
339780.6896860958
339781.8795819735
339909.9732568083
339913.5982884357
340414.54445294954
340420.11574837693
340425.6870438044
340425.6870438044
349167.5292173373
349168.9681611894
349168.9681611894
349170.4071050415
349171.12657696754
349171.12657696754
349172.5655208197
349172.5655208197
349173.2849927457
349174.0044646718
349174.7239365978
349175.44340852386
349176.882352376
349176.882352376
349178.3212962281
349178.3212962281
349179.7602400802
349193.23650269513
352637.3209407198
352638.98126054916
352638.98126054916
356882.49586041016
415054.39763763134
415177.0860490217
415221.47193245986
415222.13606039155
