2129.0373411822734
2168.197829157445
85016.74604216777
85068.71866482616
85191.74836418142
85511.1201073571
85512.66973919782
85523.51716208295
85525.06679392369
103096.18542800317
134054.18612620866
134061.40390546684
134127.80747464203
134127.80747464203
158427.2569171986
165598.5287721512
179964.07252369254
179976.66328239848
188975.1124975579
188977.09565735408
189287.75072142563
192246.99409728116
192250.92352087732
192488.3308084771
192918.3720922784
199386.009627549
295149.07891323353
370729.42026525404
370773.5478767187
370794.57859455724
370805.7949774044
370924.3925452152
370925.4210211095
370960.3892015155
370966.5600568813
371024.27461894957
371031.30330622714
377443.4769351982
377482.12549122603
377483.0663391293
397773.3368777404
442009.4871392472
442024.66522968723
486975.4863257417
503679.93645689543
503702.46146258037
503715.1352372777
503718.6772529137
503721.3337646407
503723.10477245867
504005.24845546053
504005.24845546053
537151.2370727896
537159.0820839832
537161.3235157529
537162.4442316376
537165.5711673163
537168.6981029948
537169.7404148878
537172.8673505663
537174.9519743521
537177.0365981378
537179.1212219236
537180.1635338165
537182.2481576023
537184.332781388
537185.3750932808
537186.4174051738
537187.4597170666
537189.5443408523
537191.6289646381
537197.8828359953
537199.9674597811
553720.9891457872
553731.421488715
553827.6277988271
553827.6277988271
553831.0406784763
559293.013269107
559300.466260341
559300.466260341
559302.3295081494
559304.192755958
559305.9407037783
559311.1845472393
559311.1845472393
559314.68044288
559314.68044288
559316.4283907004
559318.1763385207
559319.9242863411
559323.4201819818
559323.4201819818
585358.2174621832
594408.5562840095
594418.9056109458
594658.1530863565
643571.6364591373
643696.4463903097
643696.4463903097
643698.7247180755
681537.2429851167
728080.8642374668
765932.5635991532
765935.2385588783
765935.2385588783
765937.9135186034
765939.2509984659
765940.5884783284
765940.5884783284
765941.9259581909
765943.2634380535
765944.600917916
765945.9383977785
765945.9383977785
765947.2758776412
765948.6133575037
765949.9508373662
765951.2883172288
765952.6257970913
765952.6257970913
765953.9632769538
765955.3007568164
765956.6382366789
765957.9757165414
769702.3658917013
769715.3717303646
769732.7128485823
785060.9008131851
811119.7911789104
824711.8149819523
824720.0612371048
824731.0562439747
880499.8433841828
905756.176652393
905760.1337479863
966666.960468118
1080381.7213647675
1110171.756243014
1178529.964609309
