542705.4911619356
543486.9160776226
543905.8332185672
547448.263934484
682975.3290053135
683038.9469267748
683038.9469267748
716889.3446797061
716892.2640754061
716908.8073177058
716908.8073177058
785273.2234353632
785281.1422385493
785287.6636058791
785287.6636058791
814988.7284012695
814990.7530690614
819540.2876734703
821876.4960333601
823151.7830822889
823345.5931383695
829022.2819789322
829029.181530223
829036.0810815139
829792.5689157638
829794.4921195661
836254.6028716102
836353.5717694385
836659.6056099851
836797.9840437628
836813.5910501587
839583.2259015017
839593.6490204305
839624.8999292187
839633.4229043426
842320.1201682099
842330.6447511282
842379.0107901572
842379.0107901572
843993.302864244
844580.539539889
844585.0039554301
844652.4452244987
844652.4452244987
844656.0840921247
844955.9931973007
846201.2469053162
846222.9832590822
846226.6913067012
846227.6183186058
846228.5453305106
846230.39935432
846231.3263662248
846232.2533781294
852182.4937465771
852198.8801808929
854250.2791220546
854381.296804589
854463.9853440904
854463.9853440904
862662.7968574348
862790.4985123099
862790.4985123099
862807.9964385115
870413.225164863
870414.9269926881
870420.2953601363
870427.3978394063
870427.7529633698
870428.1080873333
870431.6593269682
870581.5539235625
870585.5202431548
870585.7185591344
870585.9168751141
870586.1151910936
870586.3135070733
870586.5118230529
870586.9084550121
870586.9084550121
870587.3050869714
870587.3050869714
896132.870681455
931008.7788129867
931035.463842244
945110.9174356002
945120.2521226408
945123.752630281
945124.919466161
945126.0863020412
945129.5868096814
945131.9204814415
945134.2541532017
945135.4209890817
945136.5878249619
945137.7546608419
945367.1739652626
945367.1739652626
945374.945184464
960908.4916519606
960911.572467644
960914.6532833274
960915.4234872481
960916.9638950898
960917.7340990107
960919.2745068524
960920.0447107733
960920.814914694
960922.3553225357
960923.1255264566
960924.6659342983
960975.6838730547
960975.6838730547
960976.975232922
962895.0135957903
962921.1636331026
963010.6225879082
963011.8355437836
963019.1132790355
963024.7168584596
971449.9360405344
971458.9432756087
975597.3826902689
975602.9908816926
975608.5990731162
975610.0011209721
975614.2072645398
975617.0113602516
975618.4134081075
975621.2175038193
975624.021599531
975625.423647387
975628.2277430987
975629.6297909546
975632.4338866665
975633.743694532
975691.3752406087
975691.3752406087
975696.6144720702
988193.1269677064
1020471.0173622565
1020494.976699794
1020655.5480752909
1020656.6457311781
1026692.6093348152
1026695.6809264994
1026697.2167223416
1026698.7525181838
1026700.2883140258
1026701.824109868
1026703.3599057102
1026704.8957015524
1026704.8957015524
1026706.4314973946
1026707.9672932366
1026709.5030890788
1026709.5030890788
1026711.038884921
1026712.5746807632
1026863.7052932302
1035262.1933260524
1036326.4029926753
1059842.7994837123
1103888.7278247697
1110143.5584779119
1148872.824497404
1149078.4366602718
1149078.4366602718
1149079.884828123
1149081.3329959742
1149082.0570798996
1149082.7811638252
1149082.7811638252
1149084.2293316764
1149084.953415602
1149085.6774995276
1149086.4015834532
1149087.1256673788
1149087.8497513044
1149088.57383523
1149089.2979191556
1149090.7460870068
1149091.4701709321
1149092.1942548577
1150148.2499063187
1199299.5602586563
1199303.600370241
1199307.640481826
1199308.9871856875
1199311.6805934105
1199311.6805934105
1199313.027297272
1199315.7207049953
1199317.067408857
1199318.4141127185
1199319.7608165802
1199319.7608165802
1199322.4542243034
1199322.4542243034
1199323.800928165
1199323.800928165
1199326.4943358882
1199327.8410397498
1201911.4877862083
