298143.3550374885
298143.3550374885
316869.2676208808
317038.28356750973
322144.7770706757
326961.13890766073
333261.43465213035
371512.79144474084
386657.2281242293
395556.8099055501
395570.6459041281
397056.77973538655
397056.77973538655
397108.52637006814
436457.40530187776
436469.2489166605
436624.95924465696
436625.09760464274
443628.1421648854
446443.9431314836
463085.70235308056
466446.38800367684
488067.6493214916
544099.075998706
664994.5218413408
664998.6818649133
665002.8418884857
665004.9219002719
771682.6201281751
798011.4369901578
811879.6549968132
813771.4510823786
813777.6772817387
813798.4312796057
813806.7328787524
815000.876408021
815002.9010758129
819543.2024571708
823148.0611986715
823344.0388945293
835132.1989949684
835170.9997469805
835174.1174586602
835669.9074077039
835669.9074077039
835932.2471647413
835938.0398361459
836129.9266884242
836256.1940114467
836272.1054098114
836280.0611089937
839349.2591655484
839760.71409126
839801.7977830375
839825.9646605537
840110.1929673413
840110.1929673413
842224.8777659986
842241.0474363368
842501.8283375343
842513.4920843355
856455.5620394006
857508.3154992008
857515.533278459
857516.9768343107
857519.863946014
857522.7510577173
857525.6381694205
857529.9688369754
870589.6848787268
870590.4781426452
870590.6764586249
870590.6764586249
870591.0730905841
870591.4697225434
870592.2076424676
880372.6813332522
881221.3722620257
886282.4467938596
886304.8196035603
922427.8861989117
926043.3663753207
926061.8328214227
926234.999567625
926236.7844114415
926279.6206630389
1036233.7386981992
1080488.6136777815
1080542.712432221
1080709.5238430768
1080709.5238430768
1085453.0714315453
1151615.0640715628
1193283.884840934
1200047.8571817481
1200052.819693238
1200056.5415768556
1200059.0228326004
1200060.263460473
1200062.744716218
1200065.225971963
1200067.7072277078
1200068.9478555804
