802111.5645247559
814970.257343168
814970.257343168
816558.8513558959
816562.1719955546
816860.4300049002
819534.4581060696
823164.1893610138
823295.8573354813
823353.3643575709
839605.0129872626
844839.6785692553
852172.0660156488
857495.3234965361
860355.3719865868
860390.6030509658
860500.0596357161
860500.0596357161
860524.4847852058
867817.9976875947
883282.6777781693
883336.5828286291
883336.5828286291
922372.7958645737
973531.5481905908
973539.2686777974
975013.1622623139
975028.3403527539
975029.5994286245
975032.1175803656
975161.899247027
975161.899247027
975170.1547261785
988211.2705738416
1060673.7388263103
1084464.29101717
1084503.267025164
1084509.0412485707
1084517.7025836806
1084538.3089975626
1084538.3089975626
1117067.4242302924
1150178.536907206
1150180.1972270354
1150181.8575468648
1200231.543898869
1200234.8783745263
1200237.1013582977
1200238.2128501835
1200241.547325841
1200241.547325841
