298599.66627058986
298601.3265904192
690653.2935761893
690726.4029926753
801627.2261705352
802186.2374090812
814390.2522827797
823138.1361756915
823851.6217263611
838006.8121795221
838018.139250358
838022.3869019214
838035.1298566117
838114.2072004842
838201.2586915373
838207.6232508832
838229.8992085938
838237.8549077761
838245.8106069585
838253.7663061407
838269.894468483
838273.9807000632
838276.0238158532
838286.2393948032
838296.4549737533
838308.7136684933
838325.0585948135
838339.3604053436
838343.4466369236
839252.402563503
839260.731834647
839335.0634310074
839629.1614167807
839715.5533919014
839772.797530018
839819.9229411746
839819.9229411746
839824.7563166779
839824.7563166779
839827.1730044294
839828.3813483053
839829.5896921811
839830.7980360569
839833.2147238085
839833.2147238085
839840.3540990747
839842.1389428913
839843.9237867078
839845.7086305243
839847.4934743409
839849.2783181574
839852.8480057906
839852.8480057906
839856.4176934237
839858.2025372402
839859.9873810568
839861.7722248734
839863.55706869
839865.3419125065
839867.126756323
839867.126756323
839868.9116001396
839874.2661315893
839874.2661315893
839877.8358192224
839879.6206630389
839881.4055068555
839883.1903506721
839884.9751944887
839886.7600383052
839890.3297259383
839892.1145697548
839893.8994135715
839899.2539450211
839908.1781641039
849921.4286949643
849929.0661661794
849991.8124197304
849991.8124197304
852513.7782845284
852521.9322996903
852523.9708034808
852526.0093072713
852530.0863148522
852532.1248186427
852534.1633224332
852536.2018262238
852538.2403300141
852540.2788338047
852542.3173375952
852544.3558413857
852546.3943451762
852548.4328489667
852550.4713527571
852556.5868641286
852556.5868641286
852558.6253679191
852562.7023755
852562.7023755
852564.7408792905
852566.779383081
852570.856390662
852572.8948944525
852574.9333982429
852579.0104058239
852583.087413405
852584.8030772286
852586.5187410522
852589.9500686997
852593.381396347
852595.0970601706
852598.528387818
852600.2440516417
852601.9597154653
852603.675379289
852607.1067069363
852607.1067069363
852610.5380345837
852612.2536984073
852615.6850260546
852617.4006898783
862610.1739428432
862670.6926006232
862696.3537659859
862768.0011786221
862768.0011786221
865060.2525710296
865124.8851323868
865124.8851323868
865127.596988108
865132.1167476436
867929.8755720961
867934.2754196438
867934.7642915936
867935.7420354931
867936.2309074429
867936.7197793927
867937.6975232922
867938.1863952419
867938.6752671917
867939.6530110912
867940.1418830409
867941.1196269405
867941.6084988902
867942.5862427898
867943.0751147395
867944.0528586389
867944.5417305888
867945.0306025385
867946.008346438
867946.4972183878
870400.3438501869
870400.7727661429
870550.5151667526
870554.393858354
870573.0678444348
870573.0678444348
893707.5123707278
893728.109560611
894483.1123310134
894483.1123310134
894549.2760762133
898438.1417485243
898836.4755355845
899788.5352097339
899789.7020456139
922461.0649235017
922488.2111527117
975835.9890977455
975840.6748892639
975843.0177850232
975845.111632808
975846.1585567005
975848.2524044852
975849.2993283776
975851.3931761624
975852.4401000548
975852.4401000548
975854.5339478396
975855.580871732
975856.6277956244
975857.6747195168
975858.7216434092
975859.7685673016
975861.8624150864
975862.9093389788
975863.9562628712
975865.0031867636
975867.0970345484
975869.1908823332
975873.3785779028
975875.4724256876
975877.5662734724
975878.6131973647
975879.6601212572
975880.7070451495
975882.8008929344
987556.2974611584
1007886.9276076213
1051439.662555368
1051521.889894917
1051536.2101534451
1051536.2101534451
1051560.0772509922
1051565.8053544033
1056335.323112203
1056437.8893696615
1056437.8893696615
1060305.0094642073
1060317.8769428849
1062607.3657475763
1062647.8314314175
1062724.2753235607
1062724.2753235607
1062748.391469082
1062749.539856964
1065952.1215518098
1077194.7097803215
1077217.8481819434
1077308.5938846169
1077308.5938846169
1077324.1547710176
1077327.4892466748
1077327.4892466748
1093725.3751573365
1093761.994433573
1093778.7821118473
1093853.6809841492
1093868.6607586097
1093887.9204686303
1098333.0440157703
1099775.8803954788
1099844.3224684447
1099871.5424896472
1099990.0293694693
1099990.0293694693
1100017.8258906123
1109058.1705094657
1109063.4835329198
1109074.1095798276
1109193.9985075057
1109204.9289463824
1109512.0650548155
1109512.0650548155
1109535.4063844166
1109545.4098113885
1109552.078762703
1109553.1902545888
1109665.1419310826
1109666.5947109333
1109682.5752892909
1109715.9892258565
1109724.7059049606
1110754.7037591
1112108.6023399492
1112189.0817316778
1114778.2213695715
1115644.6684965203
1137634.2118124838
1137647.7987630873
1137650.662814793
1137652.5721825967
1137655.4362343024
1137657.345602106
1137660.2096538118
1137662.1190216155
1137664.0283894192
1137665.937757223
1137668.8018089286
1137670.7111767323
1137674.52991234
1137676.4392801437
1189948.6205317252
1189982.491056244
1190112.4756508844
1190112.4756508844
1198423.049748742
1205935.549612624
1207603.6314371822
1207625.003442986
1208518.6982631336
1208519.9481150052
1208732.8149531272
1208889.1248410621
1208894.576224502
1208900.9361718483
1208903.661863568
