849503.6830018993
849534.4173667405
849557.4681403714
849610.5614789145
849667.5657930557
849762.3147113177
849763.808999164
849813.0144221068
849813.0144221068
849820.2829333597
849838.2466715135
849962.1618747779
850098.6124927537
850109.7274116114
850139.7884245218
850140.9644844009
850149.1969035547
850176.2462807747
850280.2007500904
850967.7991474206
850986.2655935227
850988.9036572515
852094.1601196558
852121.2233328744
854337.2429851167
855280.7289521473
857039.3397154012
859661.4182539098
861048.6154713368
861066.1871895308
867735.4890160747
867740.8481595239
867743.9105272092
867745.4417110519
870371.0530411972
870594.236922259
870595.1593221641
870595.5282821263
870595.7127621073
895072.562766431
895210.8305122202
895483.9531241494
895508.2583616512
895515.4069609166
895590.1398012356
895590.1398012356
905033.1488747041
906915.5779892323
917159.6959923645
917855.22241688
917864.2619359508
918031.5806667543
918031.5806667543
918040.1820458702
918069.4267348645
920692.3769412836
920693.7236451451
925920.0415079957
930326.2812871323
930331.0685426402
930987.2361632007
944323.0264965778
944328.8837359758
944337.083871133
944340.5982147718
945051.072129751
962870.5331023063
966961.9301218016
968537.2738598913
974708.8809815872
974741.6492382194
974742.7791781032
974744.0059699771
974745.232761851
974746.459553725
974851.5762469213
974851.5762469213
974860.6249899913
979896.7993363845
980091.3288643912
980097.2137757863
980215.6914316096
988161.0966309984
1065314.7847253138
1065780.5413334444
1072345.2891307343
1089102.2883844872
1090250.8561344398
1091577.5485300852
1102170.6657613483
1143861.3612444713
1187730.4332397054
1194964.502080204
1200328.548084899
1200332.9940524423
1200332.9940524423
1200334.105544328
1200349.6664307287
1200356.3353820432
