9766.139596257875
66659.68273286594
68672.11489003264
68675.56005367855
68676.39943759229
68677.23882150602
68678.07820541975
148567.9641545148
148582.46428102453
160339.35502467738
160620.39182779306
160620.39182779306
160694.1653722108
160700.14252359647
168458.62338219705
168569.0346508492
235142.29312459767
235148.25643998475
235150.24421178046
235152.23198357617
235154.21975537186
235158.19529896326
235158.19529896326
235160.18307075897
235162.17084255465
235162.17084255465
235164.15861435037
235164.15861435037
235166.14638614608
235170.12192973748
235170.12192973748
235172.10970153316
235174.09747332887
235176.0852451246
235178.07301692027
235180.060788716
235184.03633230738
236895.89986836584
237115.449493801
282975.8260763734
293628.5211175131
294777.5131714223
295053.7212110342
295155.09296061547
295963.4657895327
301070.9693205948
304098.9776093829
304151.3699239981
316538.6702708589
318145.7122816907
318147.34031752334
319547.1467416544
319571.22137918003
325000.65170115524
366762.03530101303
457210.00112097216
461203.87279849086
469765.9115585035
469905.4706641599
482218.2042026846
482245.1059959197
482473.0402364931
485957.8809143289
513253.54352094134
518139.2375468006
529002.5626062922
533837.9304933238
537777.0669604682
540701.6234878887
540782.0336996242
540791.7188986288
540799.7898977994
541664.318432945
542285.3610651157
542291.1721845184
542299.8242956292
542473.7059017579
543047.2264908128
543347.6751999335
543424.6264120245
543427.7348997049
543432.3976312258
550519.4405388352
552130.4396452603
554062.6091746764
554064.0158345317
554106.2156301945
554107.6222900499
555189.0347149047
555190.2522827797
555607.7535398698
555608.8096877612
556206.0866863744
556305.47066416
556935.7603553801
556936.6043512934
556976.8255991596
556977.7526110642
557072.3631693404
573477.0978992983
573885.8686412857
583937.9568201544
583979.1511999206
583979.1511999206
604780.7402899795
632019.4031944503
641689.4840645809
664893.8649516861
664907.5210822825
664907.5210822825
664911.4228338816
664911.4228338816
664913.373709681
664915.3245854805
664917.27546128
664919.2263370795
664921.177212879
664923.1280886785
664925.078964478
664925.078964478
664927.0298402775
664928.9807160769
664930.9315918764
664930.9315918764
664932.882467676
664932.882467676
664934.8333434755
664936.784219275
682916.1801113926
682930.6387299066
683013.79308136
683110.3683514344
683226.7567714723
683227.8359793613
683278.5587501482
683279.6379580372
692380.6257586579
692382.8671904275
716312.8908589529
735758.648940361
779105.218285297
790841.2351190953
798334.5721249467
799062.5531901265
800028.845494813
832758.6887829124
833126.6848370908
838611.9341893289
839893.8994135715
839988.0118758988
839993.9751912858
839997.9507348773
840001.9262784687
840011.8651374471
840013.8529092429
840015.8406810386
840059.571660544
840061.3795643582
846132.3297963993
846133.6257682662
846133.6257682662
846136.2177119998
846136.2177119998
846138.8096557334
846138.8096557334
846141.401599467
846143.9935432005
846145.2895150674
846146.5854869342
846147.881458801
846147.881458801
846150.4734025346
846150.4734025346
846151.7693744014
846153.0653462682
846154.361318135
846155.6572900019
846156.9532618687
846158.2492337354
848269.2997767664
858122.5508200711
860846.7943720794
863182.4031720308
864372.511201714
868341.3212738087
868363.6710235116
880266.2456081914
880279.8279467954
880281.2576666485
880282.6873865016
880283.4022464281
880285.5468262077
880286.9765460608
880296.2697251056
880301.9886045178
880303.4183243709
880304.848044224
880307.0387439989
880307.7997239206
880309.3216837642
880310.082663686
880312.3656034514
880313.887563295
880314.6485432168
880316.1705030603
880317.6924629039
880319.2144227475
902508.752486156
905965.063334924
906335.0840568942
906335.0840568942
907725.6157499785
918384.9382344369
919524.6186613031
949463.2613882759
972746.9825032268
978146.0335843243
1009984.2574520624
1026590.195273341
1035290.6770351249
1049039.9054540098
1049121.0213016728
1054266.2878848538
1054290.6945863452
1065750.7201445093
1077589.9074077038
1077668.7910475966
1081648.1533746063
1081696.357993652
1082228.2276149879
1117317.1547806258
1117329.0260674057
1155672.5167745468
1158354.4221709066
1181676.1461619516
1183970.0071421938
1188082.3656995345
1188230.30019633
1188533.723645145
1188534.7890170354
1188570.6657613483
1208832.7800428532
1208924.0284534749
