4542.773413103843
80989.35896409366
84099.62687642724
84110.91705126685
89257.56262230605
147668.6657549427
147695.08790022705
147696.64214406733
147701.3048755881
147702.85911942835
147742.5269273514
147742.5269273514
147752.3412623427
147752.3412623427
147754.79484609052
147756.02163796444
147757.24842983834
147759.70201358618
147760.92880546008
147762.155597334
147763.38238920792
147764.60918108182
147767.06276482964
147768.28955670356
147770.74314045138
147771.9699323253
160172.22999785413
160192.0662078154
160193.23304369548
160194.39987957553
160195.5667154556
160196.7335513357
160197.90038721578
160199.06722309586
160200.2340589759
160201.400894856
160202.56773073607
160203.73456661616
160204.9014024962
160206.0682383763
160207.23507425637
160207.23507425637
160209.56874601654
160210.7355818966
160211.90241777667
160213.06925365675
160214.23608953683
160215.4029254169
160248.5816500069
160248.5816500069
160254.00074944994
175831.2136284586
175831.2136284586
195022.1910200526
195064.33547172108
195265.97209099733
209428.12205144303
209445.92898161287
209447.29874547207
209450.03827319053
209462.3661479235
209463.7359117827
209467.0196554452
257896.35376598587
380730.6611493487
387195.1625249416
387271.7862850664
387271.7862850664
387404.98083137703
387406.2998632414
387406.2998632414
387407.87716707925
387409.4544709172
387409.4544709172
387411.03177475504
387412.6090785929
387412.6090785929
387414.18638243084
387418.9182939445
387418.9182939445
387418.9182939445
387422.07290162024
387422.07290162024
387423.65020545817
387423.65020545817
387426.8048131339
387426.8048131339
387428.3821169718
543964.9498284913
562384.3858193825
562399.9282577852
627969.4127066992
628016.5565658539
628017.7971937264
628019.0378215989
628021.5190773439
628024.0003330888
628025.3009169551
628026.6015008214
678816.4307607558
694308.5245765127
802155.4661482438
806843.3515144333
806864.3822322718
806903.0815202944
806964.9930019313
806964.9930019313
822596.3461433755
828019.3842340078
872871.5961681971
872875.65472778
897610.9750215387
897642.9638502509
897884.9324053819
899155.9072347541
1100521.839034811
1100551.4572957668
1100804.49926176
