4543.3545250441175
31904.705840905233
45467.58180694299
45486.86918896067
45861.875482418356
45865.35293006095
81049.92374186894
81054.51729339683
81105.08325619977
81106.25009207985
83322.66637628152
83326.27757191037
84151.06911914011
84164.72524973657
84166.24259758061
84167.75994542467
84169.27729326871
84170.79464111276
84173.82933680086
84175.34668464492
84178.38138033301
84179.89872817707
84181.41607602112
84184.45077170922
84185.96811955328
84189.00281524137
84190.52016308541
84198.10690230568
84199.62425014972
84204.17629368187
84205.69364152593
84207.21098936997
84208.72833721402
84323.17510545145
84323.17510545145
86269.13451345004
86279.30397240486
86286.08361170806
102254.61542649785
225713.34142568437
225717.3261932748
225718.6544491383
225719.98270500178
225721.3109608653
225722.63921672877
257884.51015120314
289281.70234026946
289358.33993639285
289446.30460335204
289446.30460335204
318480.53883527796
336542.56792290276
336926.12025148206
340382.50950424204
340417.33010066324
340450.75787322765
340461.4392641299
340462.71678799856
354554.5844876677
354560.85680702305
354560.85680702305
354562.1112708941
354565.2474305718
354565.8746625073
354566.5018944429
354567.1291263784
354568.38359024946
354569.010822185
354569.6380541205
356858.04765092285
356861.20225859864
356861.20225859864
358702.40009736444
362762.6707320588
390405.33557100716
581609.8840274286
604438.4745811567
604447.0713482732
604461.0410948375
604530.3594477131
604531.6277475827
604915.7796361004
604927.6509228804
604929.8093386585
604930.8885465476
694283.2139231141
694321.179903212
774310.4452180931
774317.8382533332
774318.8944012247
774326.2874364649
774344.2419506195
774351.6349858597
774365.1988764657
775157.2267790628
775167.8528259706
775238.6931386899
775240.4641465079
775251.9756973247
792818.1087599166
792823.5601433563
792823.5601433563
792833.5543463292
792851.2136925142
792888.178868715
792890.2911644978
792892.4034602809
824453.9488644553
824472.6735825308
824472.6735825308
825397.4163834878
825407.2676144753
825410.5513581379
825412.193229969
825415.4769736315
828019.3842340078
828223.5759010214
828266.5043926092
828266.5043926092
828272.9058479513
850555.6985417753
850565.0609008132
850567.8696085245
850570.6783162358
850653.3345717406
851087.3606231324
851087.3606231324
895633.598672769
895636.8178484382
921019.4414996685
1035607.9964385115
1035628.3215204225
1036283.6036370741
1036283.6036370741
1083010.2982106083
1083058.0785256976
1092201.0262980056
1110432.4864122167
1110446.806670745
1110448.3194065895
1110471.0104442574
1110473.279548024
1141831.002245147
1141831.002245147
1141877.0115524183
1152938.4081555523
