179052.2387094088
179065.3552360607
179065.84410801047
179067.06628788487
179069.02177568388
179072.7528833004
179082.61333828696
254811.11056308032
380171.11491885764
380673.95200317714
380675.52930701507
581631.0623292519
599415.0247414558
599441.8850266952
599451.072129751
600523.6525755135
600523.6525755135
604310.390130321
605080.2020312015
610400.5908483837
622534.6878092682
622575.748441048
622986.9773787829
622986.9773787829
690258.4602967693
694279.5981154857
694282.3099712069
694285.9257788353
694309.4285284198
700063.4790490314
700066.5229687185
700067.5376086142
700079.7132873628
700082.6419070618
700092.8113660166
700093.2956259669
831650.5037008093
875870.9270439325
875875.0317235106
875875.8526594262
875877.4945312574
875878.3154671731
875879.1364030887
875880.77827492
875882.4201467512
875884.0620185825
875885.7038904137
875886.5248263293
901733.410797844
928460.0910229351
968192.1348753639
1033415.3826838634
1039249.3222602641
1140713.745359976
