903280.9072827956
918560.4248164007
920735.9372768064
920749.5841834039
920809.060529291
921057.9609197095
944678.9621719954
959849.5396647974
975738.7912077353
976137.0281428054
976137.0281428054
977554.8075290893
977619.4031944503
982979.3491315669
984884.8705277216
984888.9936552979
988951.796277732
988969.4095039218
989354.4238363509
989354.4238363509
989863.7822880001
991513.2823664682
991975.2386869894
992003.1320601226
992003.1320601226
992277.2785359464
992277.2785359464
997753.7973730819
997935.0305064552
997943.1291776228
997943.1291776228
998001.8445435882
998001.8445435882
998504.1696959604
998542.9104919786
998678.2726780664
998679.2043019707
998682.9307975876
998805.3701610035
998805.3701610035
999570.6069583544
1000018.9348202762
1001879.203277082
1015157.0530604139
1015196.195100391
1015196.195100391
1050650.388016488
1050708.014950565
1050718.18440952
1050718.18440952
1050718.18440952
1050718.18440952
1071468.3081968683
1118202.9215735886
1162593.0249912725
1184928.7542156558
1185015.5059267397
1185023.392445929
1185023.392445929
1185023.392445929
1185023.392445929
1185023.392445929
1185023.392445929
1188143.299437272
1190810.6401391285
1190815.141450666
1190815.141450666
1190815.141450666
1190815.141450666
1190815.141450666
1190815.141450666
1190815.141450666
1190815.141450666
