10384.507268703419
89267.09562532628
257401.08036088897
257439.69202092057
257443.04955657548
257453.12216354025
257456.47969919516
257459.83723485007
257464.87353833247
257466.55230615992
257471.5886096423
257474.5541253375
257475.84087320525
257479.70111680852
257483.56136041175
257487.42160401502
257488.70835188276
257491.28184761826
257493.85534335376
257496.42883908926
257499.00233482476
257504.14932629577
257508.00956989903
257864.7707932319
257864.7707932319
257894.37983018876
324011.1702628519
324012.9320466709
388513.78853341617
444526.0062326049
744522.5549196263
832305.0478975368
832327.5729032217
832346.0024533275
832350.0979089066
832360.3365478544
832366.479731223
832370.1693308437
832373.8589304646
832379.3933298957
832405.2205272412
832414.4445262932
989806.3075499072
1039254.6583437156
1039275.8550935371
1039316.030221408
1039372.296615625
1071486.0551710443
1090779.5111921057
1098904.263217062
