4542.192301163569
26844.798144951303
26887.274660585663
26887.274660585663
31862.367685256653
31874.598707999576
32924.56190808669
86426.45442928108
98378.4696488795
98401.806366481
98481.9444702446
98482.79307815738
102211.85296689288
102221.98091785196
102223.1062457363
102252.36477072918
102253.49009861352
125344.46191737475
125380.01120972105
125382.35410548026
136397.169513402
182013.3914530681
182020.88595229783
182020.88595229783
200422.09532106243
200571.04445775377
200571.04445775377
207424.27282539418
207425.84551723252
225684.1197966877
225690.76107600512
225694.7458435956
225696.07409945907
225697.40235532256
225700.05886704952
225702.71537877648
225705.37189050345
288725.86415739724
340352.92352728284
340364.5918860836
340364.5918860836
340389.4736235263
340424.29421994754
340445.18657780025
354577.7920692825
354586.757796361
354600.0403549958
354604.1911545692
354606.68163431325
355205.59589275817
355205.59589275817
358356.48629691673
358548.0410852291
362836.92392442725
362848.58767122845
362875.8030804313
362887.9188031861
362890.63988290646
362894.7215024869
362898.8031220674
363132.25792607345
363132.25792607345
390200.63197204616
390424.79820900684
390440.3683194066
394370.9264674325
394370.9264674325
402326.0122538265
419930.0282805249
439648.56768589723
439669.49693974614
526358.0743620868
526362.0960256734
526382.3842115883
526382.3842115883
581421.290142812
694301.292961256
694305.8127207914
694307.6206246056
694310.3324803269
694312.1403841411
694314.8522398623
694322.0838551191
700096.6854456185
700098.6224854194
700103.9493448719
700115.3640436988
700115.9728276362
700117.190395511
700118.4079633859
700119.6255312607
700122.6694509479
705492.3836030605
726403.8535818262
774286.1953245854
774298.8275912871
774299.8837391785
774306.2206265273
774330.5120280307
774347.410394294
774355.8180694298
774370.41043593
774374.5796835015
785566.6203972085
785573.114092541
785573.114092541
792808.1145569438
792812.6573764769
792812.6573764769
792814.4745042901
792840.6522135996
792855.43828408
792888.178868715
792889.2350166064
792893.4596081723
825420.4025891253
826521.9233319134
827978.7571301833
827978.7571301833
842270.7856092803
842274.622792886
842274.622792886
842275.5820887873
842276.5413846888
850560.3797212943
850786.4553260587
872654.7999064788
898905.7616044633
898916.8027313286
958562.980889027
958569.8066483254
958569.8066483254
1036251.3380883903
1036256.2268078878
1036256.2268078878
1036264.048759084
1036265.0265029834
1054818.0675081431
1054827.1992672046
1054915.472938132
1054915.472938132
1054943.2879072733
1054943.2879072733
1054960.578293496
1101892.8389099028
1110719.2836027404
1123286.6410230952
1123848.3548933635
1123848.3548933635
1123857.486652425
1123858.3168123397
1141891.9913268788
1141895.2012785487
1141895.2012785487
1142893.8836559064
1142893.8836559064
1142910.5421981942
1145262.6066124544
1145536.6885202846
1172103.8904137667
1172188.6451290557
1172622.7403604407
