81509.94302258918
83322.66637628152
89337.02276213933
104324.03344980767
104336.1583965615
104657.273475558
104657.273475558
108536.93820881468
108543.17363217383
108544.73248801361
108604.82684183725
108604.82684183725
109080.30093296907
114986.92562189931
116092.80009224
116246.29666046395
119030.94357026413
119049.70518433585
121518.78063856976
121535.11634089082
121538.08646858555
121544.02672397502
121546.99685166977
123198.77525790366
123203.6455294031
123206.08066515283
125463.12866517845
125467.46394473288
125468.54776462149
125469.63158451009
125470.71540439871
136030.0036191385
136050.75761700544
136053.52481672104
136053.52481672104
136056.29201643664
136059.05921615224
136257.85484372047
136257.85484372047
136259.09085959345
136391.399901995
136392.7835018528
136394.24550570254
136395.70750955227
139999.21954719131
175502.0598342883
175519.128844534
175520.30029241357
175520.88601635338
175521.47174029317
175526.1575318116
175626.34860951416
175627.10958943595
175636.24134849742
175830.49876853207
179296.92373226062
179419.19706369363
179451.739332349
179451.739332349
180456.3896370933
180461.27835659083
180463.72271633963
180464.21158828938
180465.1893321889
180466.1670760884
180467.63369193766
180469.03112779403
180513.29248724494
180513.29248724494
200313.62109221116
200350.60010441052
200356.43889581042
200358.3851596104
200362.27768721033
200366.17021481026
200370.0627424102
207425.84551723252
207428.99090090927
207432.13628458598
209945.22866229594
209985.57443414928
210053.18173520075
210053.18173520075
210153.21139291994
210157.8602884421
210165.6084476458
210170.257343168
210170.257343168
210171.80697500872
210173.35660684944
210176.45587053092
210179.55513421237
210186.70373347765
249815.98301246844
257900.30163758012
271678.3366055043
278855.2258758795
278857.702519625
278858.52806754014
278859.3536154553
278860.17916337046
324953.4524980063
332645.2991874554
348759.51484327205
348763.5180588606
348765.23372268426
348765.8056106255
348766.949386508
348767.5212744492
348767.5212744492
348768.6650503316
348769.23693827284
348771.52449003776
356853.3157394092
374695.0296096775
388479.78887291055
392720.0612371048
422696.2133562225
422699.2296039125
422700.23501980916
422700.23501980916
422701.2404357058
422702.2458516025
508863.98534409044
581725.041043593
581755.2496404882
581756.7393163351
581758.228992182
581761.2083438758
581762.6980197227
592277.8447869993
592283.2638864423
592284.3477063309
592284.3477063309
592285.4315262195
592286.5153461081
592287.5991659967
615547.2502554215
658077.6155962452
658085.6404754203
675359.5341880479
690218.4512008814
741115.3019098162
898851.026394089
901753.8742397408
913927.7543085364
913929.1379083942
914346.9620054512
914389.355505094
1035648.0009223999
1036238.6274176966
1036239.6051615962
1039235.3663496984
1082520.7252369255
1082575.1237713345
1082575.1237713345
1085206.5554448818
1094640.0637993268
1110491.4323781584
1110492.1887460805
1115451.2873563955
1115451.2873563955
1115458.6803916357
1140743.9908528675
1140804.4449426543
1152908.9835985766
1180334.1142558826
