478287.77980264486
485592.0801719251
489549.17576522357
490872.45066922036
491284.7634268438
492784.3089527238
492784.3089527238
493130.208917173
493130.208917173
493188.32011120045
494233.2147238085
494340.3053528019
494340.3053528019
494340.3053528019
494468.61117961496
494938.2972113417
494938.2972113417
494938.2972113417
494938.2972113417
495182.08750628546
498990.5844748566
498990.5844748566
498990.5844748566
499022.12132761534
504927.6114646621
505033.27237380255
505646.8066707449
506184.7502954562
506184.7502954562
506184.7502954562
506184.7502954562
506184.7502954562
506184.7502954562
508665.2681205141
509116.3216741558
509116.3216741558
509116.3216741558
509116.3216741558
509116.3216741558
509116.3216741558
509183.0111873016
509183.0111873016
509183.0111873016
509183.0111873016
509222.27775126585
511804.93291782634
511890.99282898125
511890.99282898125
511890.99282898125
511890.99282898125
511928.52528112376
519645.51659198856
519645.51659198856
519645.51659198856
519672.6351492014
519672.6351492014
519672.6351492014
519672.6351492014
519672.6351492014
520320.15988265024
522422.12478661496
522438.1745449654
527898.3807397776
527926.8598368505
527999.1390934219
528026.8110905777
528513.5615205506
528577.4838339809
528577.4838339809
528577.4838339809
528592.5005044375
532903.1704293963
532963.440039202
533698.7403476294
533770.8489602183
536451.5506247018
536451.5506247018
536451.5506247018
536451.5506247018
536451.5506247018
536451.5506247018
536451.5506247018
536451.5506247018
536451.5506247018
536451.5506247018
536451.5506247018
536451.5506247018
536451.5506247018
538284.5437163108
538551.301768894
538551.301768894
538589.3230929862
558744.9785894328
587215.5526872904
587418.3192464506
597742.5338453506
597811.4371182689
597811.4371182689
597811.4371182689
597814.7854299248
602727.9208529637
602727.9208529637
602727.9208529637
602826.3409228483
633407.3106598041
633407.3106598041
633469.8493733766
633469.8493733766
633469.8493733766
633476.2416047195
634802.2560364348
635023.410637705
640061.8725358631
640131.421488715
643578.7066544107
643578.7066544107
643578.7066544107
643578.7066544107
643578.7066544107
643578.7066544107
643578.7066544107
643578.7066544107
643578.7066544107
643578.7066544107
643578.7066544107
643578.7066544107
643578.7066544107
643578.7066544107
643578.7066544107
643578.7066544107
643578.7066544107
643578.7066544107
643578.7066544107
643578.7066544107
643578.7066544107
643578.7066544107
645125.5712954274
645392.2002120239
675906.830947798
676443.0773566837
676516.9062450958
679342.2724987109
683832.6535971995
690974.7499431507
693378.0628961435
693399.9237738968
693399.9237738968
693810.0227717477
693849.0126157403
693912.6858811962
693912.6858811962
693912.6858811962
693912.6858811962
709962.4442316376
709962.4442316376
709962.4442316376
709962.4442316376
709962.4442316376
709962.4442316376
709962.4442316376
709962.4442316376
709962.4442316376
709962.4442316376
709962.4442316376
709962.4442316376
709962.4442316376
709962.4442316376
709962.4442316376
709962.4442316376
709962.4442316376
710024.9829452101
710024.9829452101
710024.9829452101
710024.9829452101
735269.8692305968
735269.8692305968
735269.8692305968
735269.8692305968
735269.8692305968
735269.8692305968
735269.8692305968
735269.8692305968
735269.8692305968
735366.1677806994
735366.1677806994
735366.1677806994
735366.1677806994
735366.1677806994
748965.2940630114
749910.2927658865
749939.5697388775
752584.2378510644
752590.5332304174
761355.4307895807
761355.4307895807
761481.8918165833
764712.5513645434
771682.6201281751
776899.119044035
788657.4533435395
788872.243385464
799368.4532826868
799368.4532826868
799368.4532826868
799494.0149697819
799503.7693487792
799503.7693487792
804380.1286875979
804380.1286875979
804380.1286875979
804425.8704988967
808465.0689077568
808609.4982849127
808653.7919283602
808653.7919283602
808653.7919283602
810103.2511393881
815888.6355847791
815888.6355847791
815890.1344846251
819660.3287971328
820571.0511195308
828330.51894603
834576.6421440673
843560.6327407127
843560.6327407127
845147.6217776055
845210.6401391287
845215.141450666
845215.141450666
845300.3712019064
845300.3712019064
845300.3712019064
845300.3712019064
845300.3712019064
845401.6507114971
845401.6507114971
859190.0534543556
859190.0534543556
872044.5262932015
872044.5262932015
872044.5262932015
872044.5262932015
872044.5262932015
872044.5262932015
872044.5262932015
872044.5262932015
872044.5262932015
872044.5262932015
872044.5262932015
872044.5262932015
872044.5262932015
872044.5262932015
872044.5262932015
872044.5262932015
872044.5262932015
872044.5262932015
872044.5262932015
872044.5262932015
872044.5262932015
872044.5262932015
872044.5262932015
872044.5262932015
872044.5262932015
872044.5262932015
872044.5262932015
872044.5262932015
872044.5262932015
872044.5262932015
872044.5262932015
872044.5262932015
872044.5262932015
872044.5262932015
872044.5262932015
872044.5262932015
872044.5262932015
872044.5262932015
872045.5132611
876147.6285674938
884080.7381761464
884080.7381761464
884080.7381761464
884080.7381761464
884080.7381761464
884080.7381761464
884151.301768894
884151.301768894
884151.301768894
884151.301768894
884151.301768894
884151.301768894
884151.301768894
884151.301768894
884151.301768894
884151.301768894
884151.301768894
884151.301768894
884151.301768894
884151.301768894
884151.301768894
895653.1397147606
899573.1825038673
899699.1823309175
899912.9946289422
899912.9946289422
899912.9946289422
899912.9946289422
902899.8638819584
936067.5657930557
936130.9346665428
936130.9346665428
936130.9346665428
936130.9346665428
936138.4061057749
939540.678156097
939540.678156097
939540.678156097
939540.678156097
939540.678156097
939540.678156097
939540.678156097
939540.678156097
939540.678156097
939540.678156097
939540.678156097
939540.678156097
939540.678156097
939540.678156097
939540.678156097
939540.678156097
939540.678156097
939540.678156097
939540.678156097
939540.678156097
939540.678156097
939540.678156097
939540.678156097
939540.678156097
939540.678156097
939540.678156097
939540.678156097
939540.678156097
939618.9899080483
939618.9899080483
939618.9899080483
939618.9899080483
939618.9899080483
939618.9899080483
939618.9899080483
939618.9899080483
939618.9899080483
939618.9899080483
939618.9899080483
939618.9899080483
939618.9899080483
939618.9899080483
939618.9899080483
951921.6831236047
951960.7006395947
951960.7006395947
951960.7006395947
952004.422395101
952004.422395101
957093.3026720772
957097.7301916222
957097.7301916222
957097.7301916222
957108.3377905319
970973.2997255219
970973.2997255219
970973.2997255219
970973.2997255219
970973.2997255219
970973.2997255219
970973.2997255219
970973.2997255219
970973.2997255219
970973.2997255219
970973.2997255219
970973.2997255219
970973.2997255219
970973.2997255219
971047.4606778999
971047.4606778999
971047.4606778999
971047.4606778999
971047.4606778999
971047.4606778999
971047.4606778999
971047.4606778999
971047.4606778999
971047.4606778999
971047.4606778999
971047.4606778999
971047.4606778999
971047.4606778999
971047.4606778999
971047.4606778999
971047.4606778999
971123.2819501071
971123.2819501071
971123.2819501071
971123.2819501071
971123.2819501071
971123.2819501071
991409.0696251789
991409.0696251789
991416.3980924258
995353.9895397288
995401.5115828447
1000659.2648344644
1000738.1300263589
1000738.1300263589
1000738.1300263589
1000752.2611929065
1013232.3134622345
1013232.3134622345
1013232.3134622345
1013272.9636260566
1023464.034410641
1023464.034410641
1023464.034410641
1023518.4191090515
1036287.5146126722
1036287.5146126722
1036287.5146126722
1036356.1411656188
1036356.1411656188
1036356.1411656188
1036356.1411656188
1036356.1411656188
1036356.1411656188
1036356.1411656188
1036356.1411656188
1036356.1411656188
1036356.1411656188
1036356.1411656188
1036356.1411656188
1036356.1411656188
1036356.1411656188
1036356.1411656188
1036356.1411656188
1036455.6681153896
1040104.0364604185
1040104.0364604185
1040104.0364604185
1040135.0290972331
1040135.0290972331
1040135.0290972331
1056082.6777781693
1056082.6777781693
1056082.6777781693
1056082.6777781693
1056082.6777781693
1056108.3942875261
1056128.0598535049
1056128.0598535049
1056128.0598535049
1056128.0598535049
1056128.0598535049
1056128.0598535049
1056128.0598535049
1056128.0598535049
1056128.0598535049
1056128.0598535049
1056128.0598535049
1056128.0598535049
1056128.0598535049
1056128.0598535049
1056128.0598535049
1056128.0598535049
1056182.3938199205
1056191.9821669352
1056191.9821669352
1056191.9821669352
1056191.9821669352
1056191.9821669352
1056191.9821669352
1056191.9821669352
1056191.9821669352
1056191.9821669352
1056191.9821669352
1056191.9821669352
1056191.9821669352
1056191.9821669352
1056191.9821669352
1056191.9821669352
1056191.9821669352
1056191.9821669352
1056191.9821669352
1056191.9821669352
1056191.9821669352
1056191.9821669352
1056313.7389544214
1056313.7389544214
1056313.7389544214
1056313.7389544214
1056313.7389544214
1056313.7389544214
1056313.7389544214
1056313.7389544214
1056313.7389544214
1056313.7389544214
1056313.7389544214
1056313.7389544214
1056313.7389544214
1056313.7389544214
1056313.7389544214
1056341.9643915205
1056363.548549302
1056363.548549302
1056363.548549302
1056363.548549302
1056363.548549302
1056363.548549302
1065281.6797927162
1065281.6797927162
1065281.6797927162
1065281.6797927162
1065313.8899974057
1071041.3292807522
1072459.7958549655
1072459.7958549655
1072459.7958549655
1072459.7958549655
1072459.7958549655
1072614.2055990954
1072614.2055990954
1072614.2055990954
1072614.2055990954
1072614.2055990954
1075711.2555207876
1075711.2555207876
1075711.2555207876
1075745.568797261
1083865.086202755
1083865.086202755
1083865.086202755
1083865.086202755
1083902.194350941
1103723.6182417392
1103860.935915626
1123749.5658635169
1123749.5658635169
1123749.5658635169
1123800.7590582552
1123800.7590582552
1123800.7590582552
1123800.7590582552
1123845.8644136195
1123845.8644136195
1123895.6740085
1123895.6740085
1123895.6740085
1123895.6740085
1146272.3577886743
1146469.5207684105
1146502.0353650686
1172961.4456056291
1182421.3945533566
1182421.3945533566
1182548.1323003308
1182548.1323003308
1182548.1323003308
1182565.5241505434
