13775.429188192
13804.821461171128
13806.574020991004
14118.691088912305
14124.6175083032
14126.840492074725
14185.749562020183
14186.861053905946
14191.307021449
14191.307021449
14191.307021449
14191.307021449
14191.307021449
14191.307021449
23818.763791960384
23849.664188784514
23851.32450861387
25842.896591924517
26237.204103398464
26247.78864231061
26425.373684058817
26425.373684058817
32792.61260164815
32878.51109281969
32882.5050844092
34887.91316629782
34984.04568441753
34984.04568441753
35036.09671106784
35037.67401490573
40822.20985238399
40833.389339234986
40855.74831293698
40855.74831293698
41247.32552069155
41409.49726002389
41409.49726002389
44130.85831232845
44246.41657245163
44246.41657245163
45094.424925295214
45531.11671241301
45535.65491994658
67066.40574706385
67141.05095939197
67141.05095939197
69317.72103167867
69370.92967021
69370.92967021
69370.92967021
69370.92967021
69370.92967021
69370.92967021
69370.92967021
69370.92967021
69370.92967021
69370.92967021
69370.92967021
69370.92967021
69382.29363704204
69382.29363704204
69400.88921913083
69405.0215707061
76523.72585506151
76558.76782745997
76558.76782745997
82849.6827648937
82849.6827648937
82849.6827648937
82849.6827648937
82849.6827648937
82849.6827648937
82864.94848332473
82995.43117391401
82995.43117391401
84750.47224953481
84750.47224953481
101167.71472220709
101167.71472220709
101177.46448920503
101184.42860848928
101184.42860848928
101187.21425620298
101228.99897190844
101235.96309119268
101251.28415361802
101251.28415361802
101312.2732353497
101314.41320312976
102417.17457379038
102454.94223790872
102455.69399383146
108554.8650509722
108570.45360937004
108571.23303728995
108824.00289531081
108916.17831783723
108916.17831783723
110431.72748207244
110488.90705219566
110494.30309164108
115787.02452366691
115856.3567125411
115856.3567125411
116214.41851974033
116298.6751390806
116307.6178061615
116307.6178061615
116307.6178061615
116307.6178061615
116307.6178061615
116307.6178061615
116307.6178061615
116307.6178061615
116307.6178061615
116307.6178061615
116307.6178061615
116307.6178061615
116307.6178061615
116307.6178061615
116307.6178061615
116307.6178061615
116353.35961746027
116353.35961746027
116440.60942449291
116484.44186798792
116484.44186798792
116484.44186798792
118852.75896857755
119073.15720192551
119073.15720192551
119073.15720192551
119083.28054088505
122877.59561091379
122915.6446070032
122915.6446070032
123600.36050462961
123698.9742784943
123700.52391033503
124699.12788370074
124768.07727661428
124771.07507630617
129765.61690297828
129765.61690297828
129765.61690297828
129765.61690297828
129765.61690297828
129783.32236915854
129834.8291798648
129834.8291798648
129850.92505821049
132187.11035810254
133493.94809578868
134615.78008448926
134753.21767036372
134753.21767036372
134753.21767036372
134761.51465751097
134769.81164465824
138932.44560883197
146963.44029542417
147050.58402646775
147052.17516630422
147061.722005323
147061.722005323
147061.722005323
147061.722005323
147061.722005323
147061.722005323
147078.06693164312
147167.9640264037
147170.0071421937
149383.65622667977
161640.39086695982
161652.31288573451
161663.1510846206
161677.24074317247
161677.24074317247
161677.24074317247
161699.1938609162
161703.89810043268
163149.94443181128
169644.6175083032
180459.81174074157
191495.20127854875
191535.5470504021
191562.44423163767
202974.9292986878
202974.9292986878
202974.9292986878
202974.9292986878
202974.9292986878
202974.9292986878
203012.6370068123
203055.73153038314
203055.73153038314
203055.73153038314
203055.73153038314
213865.6035153685
220714.89323541377
230053.14073964942
233683.54073452498
242308.73621604656
242308.73621604656
242308.73621604656
242308.73621604656
242308.73621604656
242308.73621604656
242352.1120715885
266317.7911084493
274811.6552914688
278993.7795656393
278993.7795656393
278993.7795656393
278993.7795656393
278993.7795656393
278993.7795656393
278993.7795656393
278993.7795656393
278993.7795656393
278993.7795656393
278993.7795656393
278993.7795656393
278993.7795656393
278993.7795656393
278993.7795656393
278993.7795656393
278993.7795656393
278993.7795656393
278993.7795656393
279016.4706033072
279025.5470183743
280077.95457821025
289628.6815126077
289628.6815126077
289628.6815126077
289628.6815126077
289628.6815126077
289680.52038727986
289685.70427474706
289687.00024661387
291775.54423195793
302945.8209199018
305990.71835095395
315214.1639629887
316357.7369174548
328771.8283695621
328827.4490838455
328827.4490838455
336938.38817022124
336938.38817022124
336938.38817022124
351208.7079675495
351209.11382350774
351209.11382350774
351209.11382350774
351212.6973471394
352661.10502227535
356358.68340224645
357067.8152253634
357126.77041530417
357126.77041530417
357126.77041530417
357129.2424470501
357132.3324867325
357305.89125289454
363536.1583965615
363536.1583965615
363536.1583965615
363536.1583965615
363536.1583965615
363536.1583965615
363536.1583965615
363584.3122836124
363590.6722309587
363590.6722309587
363590.6722309587
363590.6722309587
363590.6722309587
363590.6722309587
363590.6722309587
363590.6722309587
363590.6722309587
363590.6722309587
364557.34733160597
366379.73282430525
366379.73282430525
366379.73282430525
366379.73282430525
366462.80415976734
371000.8456613575
372934.67551060277
374578.3921416653
374578.3921416653
374578.3921416653
374578.3921416653
374578.3921416653
374578.3921416653
374578.3921416653
374578.3921416653
374578.3921416653
374578.3921416653
374578.3921416653
374578.3921416653
374578.3921416653
374578.3921416653
374578.3921416653
374578.3921416653
374578.3921416653
374589.1381005608
374642.86789503857
374642.86789503857
374642.86789503857
374642.86789503857
374642.86789503857
374642.86789503857
374642.86789503857
374642.86789503857
374642.86789503857
374642.86789503857
374642.86789503857
374642.86789503857
374642.86789503857
374642.86789503857
374642.86789503857
384829.71408805717
386744.9391312146
386744.9391312146
386753.75266230875
387055.65415128
396021.1506298262
396033.5154005554
398150.7829189473
398209.72427288943
398209.72427288943
398209.72427288943
398209.72427288943
398209.72427288943
398216.3424922092
398289.14290472696
398289.14290472696
405427.9970150114
406671.7103151853
428952.75967318856
428952.75967318856
428952.75967318856
428952.75967318856
428952.75967318856
428952.75967318856
428952.75967318856
428952.75967318856
428952.75967318856
428952.75967318856
428952.75967318856
428952.75967318856
428952.75967318856
428952.75967318856
428952.75967318856
428952.75967318856
428952.75967318856
428952.75967318856
428952.75967318856
428952.75967318856
428952.75967318856
428952.75967318856
429041.5867840591
429041.5867840591
429041.5867840591
429041.5867840591
429041.5867840591
429041.5867840591
429041.5867840591
429041.5867840591
429041.5867840591
429041.5867840591
429041.5867840591
429041.5867840591
429041.5867840591
429041.5867840591
429041.5867840591
429147.0170932232
429147.0170932232
429147.0170932232
429147.0170932232
429147.0170932232
429227.542604947
429227.542604947
429604.15848623926
429604.15848623926
429604.15848623926
429604.15848623926
429604.15848623926
442238.58360370115
442541.6104205567
444362.8798093707
448222.7083326661
448243.72521450603
448737.5366157532
454357.2764861688
456714.0174679482
463548.2905175368
463548.2905175368
463548.2905175368
463548.2905175368
463548.2905175368
463548.2905175368
463548.2905175368
463548.2905175368
463548.2905175368
463548.2905175368
463548.2905175368
463548.2905175368
463548.2905175368
463548.2905175368
463548.2905175368
463548.2905175368
463548.2905175368
463554.72886887507
463727.60505910724
467994.18426859775
486203.0778691281
486203.0778691281
486203.0778691281
486203.0778691281
486203.0778691281
486203.0778691281
486203.0778691281
486203.0778691281
486203.0778691281
486283.04994090874
486283.04994090874
486283.04994090874
486283.04994090874
486283.04994090874
486283.04994090874
486283.04994090874
486283.04994090874
486283.04994090874
486283.04994090874
486283.04994090874
486283.04994090874
486283.04994090874
486283.04994090874
486283.04994090874
486375.4744114096
486375.4744114096
486375.4744114096
486375.4744114096
486375.4744114096
486375.4744114096
486375.4744114096
486375.4744114096
486375.4744114096
486375.4744114096
494865.6674428064
507463.307252049
507463.307252049
525397.6946407924
525397.6946407924
525397.6946407924
525397.6946407924
525397.6946407924
525397.6946407924
525402.4127163076
525523.0580119079
526698.3154031176
536871.6115415288
536871.6115415288
536914.1849091533
536921.6978563811
536921.6978563811
536921.6978563811
536921.6978563811
536921.6978563811
537679.7722184679
547644.2277943433
560987.941542906
583541.2649049256
583541.2649049256
583541.2649049256
583541.2649049256
583541.2649049256
583545.9414724449
585509.0206226839
587285.2861201233
587285.2861201233
587300.4134785685
595065.2681205141
595065.2681205141
595065.2681205141
616274.7977926458
617723.0993917926
617723.0993917926
617757.3942202678
620668.1193611099
622183.7699893347
622542.6942404454
635919.4898616079
644785.4824503809
644785.4824503809
644785.4824503809
644785.4824503809
644785.4824503809
644785.4824503809
644785.4824503809
644785.4824503809
644785.4824503809
644785.4824503809
644785.4824503809
644785.4824503809
644787.9175861307
645966.3434210147
648263.8571048813
664338.2665927892
670022.3254085943
673547.3965582954
683857.3739146588
693324.379221661
693324.379221661
693324.379221661
693324.379221661
693344.4091356024
693378.0628961435
693378.0628961435
702997.6792674607
703329.4665133604
703329.4665133604
703329.4665133604
703329.4665133604
703329.4665133604
703329.4665133604
703329.4665133604
703329.4665133604
703329.4665133604
703329.4665133604
703329.4665133604
703329.4665133604
703329.4665133604
703329.4665133604
703329.4665133604
703329.4665133604
703329.4665133604
703329.4665133604
703329.4665133604
703329.4665133604
703329.4665133604
703329.4665133604
703329.4665133604
703329.4665133604
703329.4665133604
703329.4665133604
703329.4665133604
703329.4665133604
703329.4665133604
703329.4665133604
703329.4665133604
703329.4665133604
703329.4665133604
703378.9993882695
703378.9993882695
703378.9993882695
703378.9993882695
703378.9993882695
703378.9993882695
703378.9993882695
703378.9993882695
703378.9993882695
703378.9993882695
703378.9993882695
703378.9993882695
703378.9993882695
703378.9993882695
703378.9993882695
703378.9993882695
703378.9993882695
703378.9993882695
703378.9993882695
703378.9993882695
703378.9993882695
703378.9993882695
703378.9993882695
703378.9993882695
703378.9993882695
703378.9993882695
703378.9993882695
703378.9993882695
703378.9993882695
703378.9993882695
703378.9993882695
703378.9993882695
703421.8909838612
703421.8909838612
703421.8909838612
703421.8909838612
703421.8909838612
703421.8909838612
703421.8909838612
703421.8909838612
703421.8909838612
703421.8909838612
703421.8909838612
703421.8909838612
703421.8909838612
703421.8909838612
703421.8909838612
703421.8909838612
703421.8909838612
703421.8909838612
703421.8909838612
703421.8909838612
703421.8909838612
703421.8909838612
703421.8909838612
703421.8909838612
703421.8909838612
703421.8909838612
703421.8909838612
703421.8909838612
703421.8909838612
703421.8909838612
703421.8909838612
703421.8909838612
703421.8909838612
703421.8909838612
703421.8909838612
703421.8909838612
703421.8909838612
703481.9392176896
703481.9392176896
712789.5999410689
726859.7958549655
726859.7958549655
726859.7958549655
726859.7958549655
726859.7958549655
726859.7958549655
726859.7958549655
726859.7958549655
726859.7958549655
726875.2691133751
728938.225725349
729886.0054639383
729978.7066544107
729978.7066544107
729978.7066544107
761416.0324633522
761416.0324633522
761416.0324633522
761416.0324633522
761481.8918165833
780865.0189444287
780878.6750750251
780904.0364604185
780904.0364604185
780904.0364604185
780904.0364604185
780904.0364604185
780904.0364604185
786104.6885459069
787857.2898737786
801442.1927495524
808846.3613565684
808855.2440676554
808855.2440676554
808855.2440676554
808855.2440676554
808855.2440676554
808855.2440676554
810478.5110928197
810573.6428070422
815454.7940133684
825236.2638960507
826653.7066063691
827645.4156404433
833836.6007001272
845215.141450666
845215.141450666
845215.141450666
845215.141450666
845300.3712019064
845300.3712019064
845300.3712019064
845300.3712019064
845300.3712019064
845300.3712019064
845300.3712019064
845401.6507114971
872057.3568758828
874949.2558346599
877868.4670546298
882481.6288044993
885076.9577457572
886855.4093309718
886958.4414003824
888936.1359771194
890035.4752441318
890035.4752441318
890035.4752441318
890035.4752441318
890035.4752441318
890035.4752441318
890035.4752441318
890035.4752441318
890035.4752441318
890035.4752441318
890035.4752441318
890035.4752441318
890035.4752441318
890035.4752441318
890051.2436705111
895727.6050591073
895727.6050591073
895736.6445781782
895852.9592062236
895852.9592062236
895894.3565139689
895900.0016013887
895909.4100804217
895909.4100804217
895909.4100804217
895909.4100804217
898984.0456844175
898984.0456844175
898984.0456844175
898984.0456844175
898984.0456844175
898984.0456844175
899078.6839146909
899078.6839146909
899078.6839146909
899078.6839146909
899078.6839146909
899078.6839146909
899078.6839146909
899078.6839146909
899078.6839146909
899078.6839146909
899078.6839146909
899078.6839146909
899078.6839146909
899366.1959651409
899366.1959651409
899366.1959651409
899366.1959651409
899366.1959651409
899366.1959651409
899366.1959651409
906849.5341560201
909903.1390421775
926160.71409126
926160.71409126
926160.71409126
926160.71409126
926225.9646605537
926233.2147238085
926233.2147238085
926233.2147238085
926233.2147238085
926233.2147238085
926233.2147238085
926233.2147238085
926233.2147238085
926233.2147238085
926233.2147238085
926233.2147238085
926233.2147238085
926233.2147238085
926233.2147238085
938649.4599796943
946497.4182410986
946497.4182410986
946497.4182410986
946551.433979547
951921.6831236047
951921.6831236047
951921.6831236047
951960.7006395947
951960.7006395947
951960.7006395947
951960.7006395947
951960.7006395947
951960.7006395947
951960.7006395947
951960.7006395947
952004.422395101
952004.422395101
952004.422395101
952004.422395101
952004.422395101
959185.6192730336
964311.4047702168
981069.9813278075
981140.2451405859
981146.6327599294
981146.6327599294
981146.6327599294
981146.6327599294
981146.6327599294
981146.6327599294
981146.6327599294
981146.6327599294
981146.6327599294
982252.9592062236
982252.9592062236
982252.9592062236
982252.9592062236
982309.4100804217
982309.4100804217
982309.4100804217
982309.4100804217
982368.904874307
984413.6302521547
996585.9745251082
1024245.330190341
1024791.3770982196
1036776.4603544193
1036780.7402899795
1039084.8768051654
1039137.1768797901
1039137.1768797901
1039137.1768797901
1039173.9806360075
1039206.9103126231
1039206.9103126231
1039206.9103126231
1039231.2616701203
1039231.2616701203
1039253.0164718843
1039286.6056644322
1039372.296615625
1040065.0189444287
1040065.0189444287
1040065.0189444287
1040104.0364604185
1040104.0364604185
1040104.0364604185
1040135.0290972331
1040135.0290972331
1040135.0290972331
1045676.1620477278
1048049.3724798146
1052086.066572932
1052371.839899561
1052481.444068296
1052481.444068296
1052481.444068296
1052481.444068296
1052635.484852464
1054215.4267540812
1058624.6827809075
1067055.7315303832
1067055.7315303832
1067055.7315303832
1067055.7315303832
1067055.7315303832
1067055.7315303832
1067055.7315303832
1067099.6239298722
1067106.7033491444
1067140.684561652
1067140.684561652
1067140.684561652
1067140.684561652
1067140.684561652
1067140.684561652
1067140.684561652
1067140.684561652
1067140.684561652
1069473.1572019255
1069473.1572019255
1069473.1572019255
1069473.1572019255
1069473.1572019255
1069473.1572019255
1069473.1572019255
1069473.1572019255
1069473.1572019255
1069473.1572019255
1069473.1572019255
1069473.1572019255
1069473.1572019255
1069473.1572019255
1069473.1572019255
1069473.1572019255
1069473.1572019255
1073031.6376761927
1073050.316274273
1073050.316274273
1073050.316274273
1073050.316274273
1073050.316274273
1073050.316274273
1073050.316274273
1073050.316274273
1073050.316274273
1073050.316274273
1073050.316274273
1073050.316274273
1073050.316274273
1073050.316274273
1073050.316274273
1073050.316274273
1073050.316274273
1073050.316274273
1085133.3030564105
1086318.2087506286
1106722.986013471
1123749.5658635169
1123749.5658635169
1123749.5658635169
1123749.5658635169
1123800.7590582552
1123800.7590582552
1123800.7590582552
1123800.7590582552
1123800.7590582552
1123800.7590582552
1123800.7590582552
1123800.7590582552
1123845.8644136195
1123845.8644136195
1123845.8644136195
1123845.8644136195
1123845.8644136195
1123845.8644136195
1123845.8644136195
1123895.6740085
1123895.6740085
1123895.6740085
1131255.3829400856
1132332.8659413443
1138965.7145236349
1143185.1498739705
1151951.9798609354
1153374.9292986877
1153374.9292986877
1153374.9292986877
1153374.9292986877
1153374.9292986877
1153374.9292986877
1153374.9292986877
1153374.9292986877
1153374.9292986877
1153374.9292986877
1153423.410637705
1165984.3343187212
1166986.2312597483
1166986.2312597483
1166986.2312597483
1166986.2312597483
1166986.2312597483
1166986.2312597483
1166986.2312597483
1166986.2312597483
1166986.2312597483
1166986.2312597483
1166986.2312597483
1193277.4511015953
1203463.3656707096
1204051.2111302922
1204051.2111302922
1204051.2111302922
1204131.1832020727
1204131.1832020727
1204131.1832020727
1204131.1832020727
