737.5279041985208
741.3328038074618
741.3328038074618
741.3328038074618
774.4976923988482
795.0948822819148
795.7359502160273
14059.426895003347
20194.603832443492
20524.59701052753
20524.59701052753
20524.59701052753
20524.59701052753
20531.090705860122
20531.090705860122
69985.3494710613
70109.5690662943
70109.5690662943
70122.07680900877
70140.8384230805
78192.83154351453
78198.42128694004
78247.33154191314
78247.33154191314
89071.67598141107
89112.68588119617
89112.68588119617
89112.68588119617
89120.30029241358
89120.88601635338
89124.98608393199
101217.85638105364
101217.85638105364
101251.28415361802
101251.28415361802
114545.40968327734
114575.24009621143
114575.24009621143
115524.85079861256
115584.86213644472
115679.0345547659
115681.22064254122
116748.0176408982
116762.68379939084
116814.0153541151
116814.0153541151
116828.68151260773
116828.68151260773
116828.68151260773
116828.68151260773
116828.68151260773
116828.68151260773
116828.68151260773
118882.39567753155
119070.03026624689
119070.03026624689
120147.38413151885
133484.32746477748
133503.5687267999
133547.5487542797
133547.5487542797
133638.8478968962
133638.8478968962
133659.3436227897
133662.24918249107
133681.13532054998
135868.8834156981
135876.83911488042
136340.20670725653
136340.20670725653
154650.10309740607
154655.6605568349
154670.10995134982
154674.55591889287
154755.76861854602
154757.1845024005
157561.1603022141
157564.55934586475
157646.31626146197
157647.11874937947
169169.5031531344
169187.78973125495
169249.6827648937
169249.6827648937
169249.6827648937
169249.6827648937
169249.6827648937
169269.528198854
169274.10791438332
175395.32894125785
176703.95613476005
181566.78386696943
189063.3861684853
189066.2456081914
191562.44423163767
191562.44423163767
198915.71019988533
203224.28166505994
210089.6764874499
210089.6764874499
210089.6764874499
210089.6764874499
210089.6764874499
210089.6764874499
210089.6764874499
210089.6764874499
210089.6764874499
210089.6764874499
210089.6764874499
210089.6764874499
210089.6764874499
210089.6764874499
210089.6764874499
210089.6764874499
210089.6764874499
210089.6764874499
210182.65439789384
210182.65439789384
210182.65439789384
210182.65439789384
210182.65439789384
210182.65439789384
210182.65439789384
210182.65439789384
230375.67631449993
232858.7491872952
237696.6444500671
237851.26173417587
238166.6809937578
240415.141450666
240415.141450666
240415.141450666
240415.141450666
240423.66442579005
259665.71971213436
259665.71971213436
259665.71971213436
259715.06810706246
262387.537352392
262387.537352392
262389.4743921929
279084.54371631076
279084.54371631076
279084.54371631076
279084.54371631076
279084.54371631076
279084.54371631076
279084.54371631076
279084.54371631076
279084.54371631076
279084.54371631076
279084.54371631076
279084.54371631076
279084.54371631076
279084.54371631076
279084.54371631076
279084.54371631076
279084.54371631076
279084.54371631076
279084.54371631076
279130.8112955555
328827.4490838455
328827.4490838455
328879.47243849863
351209.11382350774
351209.11382350774
351209.11382350774
357126.77041530417
357126.77041530417
357147.1646772081
366515.3256103693
366515.3256103693
367429.368572426
376199.33471906837
386744.9391312146
386744.9391312146
397008.4828763504
397388.59465328336
398209.72427288943
398209.72427288943
398238.8444378965
420313.83888107765
420313.83888107765
420313.83888107765
420313.83888107765
420313.83888107765
420313.83888107765
420351.28831722867
428880.5357606116
428952.75967318856
428952.75967318856
428952.75967318856
428952.75967318856
428952.75967318856
429041.5867840591
429041.5867840591
429041.5867840591
429147.0170932232
429147.0170932232
429147.0170932232
429147.0170932232
429227.542604947
429227.542604947
436480.4560755087
438113.5743316604
438113.5743316604
438113.5743316604
438113.5743316604
438113.5743316604
438113.5743316604
438113.5743316604
438113.5743316604
438113.5743316604
438113.5743316604
438113.5743316604
438113.5743316604
438115.90800342057
438229.79671971535
438229.79671971535
438229.79671971535
454856.80676682823
467659.7958549654
480532.68901991803
486470.11264168285
486470.11264168285
486470.11264168285
486470.11264168285
486470.11264168285
486470.11264168285
486470.11264168285
486470.11264168285
486470.11264168285
486470.11264168285
486470.11264168285
486470.11264168285
486470.11264168285
486470.11264168285
486470.11264168285
486470.11264168285
486470.11264168285
498428.6123326149
507964.3364325543
507964.3364325543
507964.3364325543
507964.3364325543
512653.49471061304
514108.9864170208
520597.3733381588
522300.386447127
524391.8175441743
528746.3937046207
533906.7415262517
557812.9488292247
557812.9488292247
557812.9488292247
557812.9488292247
557812.9488292247
557894.5904448337
557905.3732997255
557905.3732997255
557905.3732997255
557905.3732997255
557905.3732997255
557905.3732997255
557905.3732997255
557905.3732997255
570262.0269097361
570262.0269097361
570262.0269097361
570262.0269097361
570285.9170672807
570364.413299213
570364.413299213
570364.413299213
570364.413299213
570364.413299213
570364.413299213
570364.413299213
570364.413299213
570471.227208235
570471.227208235
570471.227208235
570471.227208235
570471.227208235
570471.227208235
570471.227208235
579184.3089527239
579184.3089527239
579184.3089527239
579184.3089527239
579184.3089527239
579184.3089527239
586610.0893895186
586610.0893895186
586615.6468489474
590226.265977856
590226.265977856
590226.265977856
590370.71380301
594996.0881276242
603906.4712118349
603906.4712118349
603906.4712118349
603906.4712118349
603906.4712118349
603906.4712118349
603906.4712118349
603906.4712118349
603906.4712118349
603906.4712118349
603906.4712118349
603906.4712118349
625523.2819501071
625523.2819501071
625523.2819501071
625523.2819501071
625523.2819501071
625523.2819501071
625523.2819501071
625523.2819501071
625523.2819501071
625523.2819501071
625523.2819501071
625523.2819501071
645125.5712954274
645125.5712954274
645129.2101630534
646136.8721034882
673371.2089524035
673371.2089524035
683888.3112074791
690514.5646304475
690514.5646304475
690514.5646304475
690514.5646304475
690514.5646304475
690595.5744021216
693378.0628961435
693378.0628961435
703278.5500385935
703278.5500385935
703329.4665133604
703329.4665133604
704988.0799028918
708709.6775763942
720233.1965320326
727014.2055990956
727014.2055990956
727014.2055990956
727014.2055990956
727014.2055990956
727014.2055990956
727030.6704374034
729978.7066544107
761382.7015427778
761416.0324633522
761416.0324633522
761416.0324633522
761416.0324633522
761998.5280034846
765010.7355818966
780894.9323733542
780904.0364604185
780904.0364604185
780904.0364604185
797181.5999154466
799794.408334908
803407.3657475762
807820.7172299819
808961.2278167628
808961.2278167628
808961.2278167628
808961.2278167628
808961.2278167628
809032.1234734763
809062.5073263535
809062.5073263535
845300.3712019064
845300.3712019064
845300.3712019064
845300.3712019064
845300.3712019064
845401.6507114971
845401.6507114971
890230.7011840668
895727.6050591073
895727.6050591073
895727.6050591073
895909.4100804217
895909.4100804217
895909.4100804217
895909.4100804217
896022.5332047952
898668.3081968683
898668.3081968683
898668.3081968683
898668.3081968683
898750.2173084499
898750.2173084499
898750.2173084499
898750.2173084499
898750.2173084499
898750.2173084499
898750.2173084499
898750.2173084499
898750.2173084499
898750.2173084499
898934.2360895369
912439.3698215092
926340.3053528019
926340.3053528019
926340.3053528019
926340.3053528019
926340.3053528019
926340.3053528019
926340.3053528019
926340.3053528019
926340.3053528019
926340.3053528019
926340.3053528019
926340.3053528019
926340.3053528019
926340.3053528019
926340.3053528019
926340.3053528019
926340.3053528019
926340.3053528019
926340.3053528019
926407.8895938557
938184.7502954563
938184.7502954563
938184.7502954563
950400.0
950400.0
950400.0
950400.0
950400.0
950400.0
950400.0
950428.6589650546
951888.7534469892
951921.6831236047
951921.6831236047
951960.7006395947
951960.7006395947
951960.7006395947
958961.7712640401
962488.7333335469
968827.9312940182
979031.2838333403
982368.904874307
982368.904874307
982368.904874307
982368.904874307
982368.904874307
982368.904874307
982368.904874307
1003056.051808128
1024084.625066858
1025556.0373956294
1025556.0373956294
1025556.0373956294
1025556.0373956294
1025556.0373956294
1036796.7900483299
1039084.8768051654
1039137.1768797901
1039206.9103126231
1039231.2616701203
1039247.269920475
1039286.6056644322
1040065.0189444287
1040065.0189444287
1040104.0364604185
1040104.0364604185
1040165.7450140762
1041370.1133462939
1042591.5645247558
1043249.8306051007
1043771.2079275147
1044452.967533445
1045321.287132201
1045490.2615708342
1046735.8611788143
1049253.1919840886
1049561.1997604321
1053687.5280643373
1057657.7540202865
1065015.9179320307
1069303.2511393882
1069303.2511393882
1069303.2511393882
1069303.2511393882
1069303.2511393882
1069379.349131567
1069379.349131567
1069379.349131567
1069379.349131567
1069379.349131567
1069379.349131567
1069379.349131567
1069379.349131567
1069379.349131567
1069379.349131567
1069379.349131567
1069379.349131567
1073316.7976068847
1073316.7976068847
1073316.7976068847
1073316.7976068847
1073316.7976068847
1073316.7976068847
1073316.7976068847
1073316.7976068847
1073316.7976068847
1073316.7976068847
1073316.7976068847
1073316.7976068847
1073316.7976068847
1073316.7976068847
1073316.7976068847
1073316.7976068847
1073316.7976068847
1073316.7976068847
1073316.7976068847
1073328.6688936646
1091442.181731998
1123749.5658635169
1123749.5658635169
1123800.7590582552
1123800.7590582552
1123800.7590582552
1123800.7590582552
1123800.7590582552
1123800.7590582552
1123845.8644136195
1123845.8644136195
1123845.8644136195
1123845.8644136195
1123845.8644136195
1123845.8644136195
1123845.8644136195
1123845.8644136195
1123845.8644136195
1123845.8644136195
1123895.6740085
1165512.4206912233
1165512.4206912233
1165577.1731645681
1165609.5494012407
1165609.5494012407
1165609.5494012407
1165609.5494012407
1165609.5494012407
1165609.5494012407
1165609.5494012407
1165609.5494012407
1165609.5494012407
1165609.5494012407
1165609.5494012407
1165609.5494012407
1165609.5494012407
1165609.5494012407
1165609.5494012407
1165609.5494012407
1165609.5494012407
1166892.9766293329
1166892.9766293329
1166892.9766293329
1198740.678156097
1198740.678156097
1198740.678156097
1198740.678156097
1198740.678156097
1198791.5807948653
1203492.5688517082
1204051.2111302922
1204131.1832020727
1204131.1832020727
1204131.1832020727
