14246.817047743803
14247.757895647104
50296.06859068183
50799.726610916994
50801.414602743505
50928.95022563568
52164.827738614935
149445.36939233704
149456.88555515342
149457.93247904582
150038.67545935835
150060.95141706886
169592.2989856804
169635.9100531981
169635.9100531981
169639.1753488625
217921.72796248907
224439.15664464224
323897.5674905278
368320.6236448248
428952.75967318856
429041.5867840591
429147.0170932232
429147.0170932232
456351.36672122066
473140.06885971513
478607.137709822
486557.5561526956
534408.2780267047
690658.1822956868
691202.2045357734
693378.0628961435
693378.0628961435
748283.6405330703
761355.4307895807
890307.7676961462
890307.7676961462
890307.7676961462
890307.7676961462
890307.7676961462
890307.7676961462
890307.7676961462
890307.7676961462
890307.7676961462
890307.7676961462
890307.7676961462
890307.7676961462
890307.7676961462
890307.7676961462
918556.0987608454
951921.6831236047
997363.0226532449
1014924.1839803478
1040104.0364604185
1040135.0290972331
1100262.8937094249
1123749.5658635169
1123895.6740085
1123895.6740085
1140790.7934240573
