101167.71472220709
131771.76290479102
137162.59079073372
160171.06316197405
163455.99672035588
163654.40493996395
231672.45066922036
231672.45066922036
231672.45066922036
231672.45066922036
231672.45066922036
231672.45066922036
231672.45066922036
415279.47243849863
448263.38616848533
448306.277764077
1101649.0486149588
1166070.8415938301
1166070.8415938301
1166070.8415938301
1166070.8415938301
1166070.8415938301
1166070.8415938301
1166070.8415938301
1166070.8415938301
1166070.8415938301
1166070.8415938301
1166070.8415938301
1166070.8415938301
1166070.8415938301
1166070.8415938301
1166070.8415938301
1166070.8415938301
1166070.8415938301
1166070.8415938301
1166070.8415938301
1166070.8415938301
1166070.8415938301
1166178.2089427952
1166178.2089427952
1166178.2089427952
1166178.2089427952
1166178.2089427952
1166178.2089427952
1166178.2089427952
1166178.2089427952
1166178.2089427952
1166178.2089427952
1166178.2089427952
1166178.2089427952
1166178.2089427952
1166178.2089427952
1166178.2089427952
1166178.2089427952
1166178.2089427952
1166178.2089427952
1166178.2089427952
1166178.2089427952
1166178.2089427952
1166178.2089427952
1166178.2089427952
1166178.2089427952
1166178.2089427952
1166178.2089427952
1166178.2089427952
1166178.2089427952
1166178.2089427952
1166178.2089427952
1166178.2089427952
1166178.2089427952
1166178.2089427952
1166178.2089427952
1166178.2089427952
1166178.2089427952
1166178.2089427952
1166178.2089427952
1166178.2089427952
1166178.2089427952
1166178.2089427952
1166294.1546108786
1166294.1546108786
1166294.1546108786
1166294.1546108786
1166294.1546108786
1166294.1546108786
1166294.1546108786
1166294.1546108786
1166294.1546108786
1166294.1546108786
1166294.1546108786
1166294.1546108786
1166294.1546108786
1166294.1546108786
1166294.1546108786
1166294.1546108786
1166294.1546108786
1166294.1546108786
1166294.1546108786
1166294.1546108786
1166294.1546108786
1166294.1546108786
1166294.1546108786
1166294.1546108786
1166294.1546108786
1166294.1546108786
1166294.1546108786
1166294.1546108786
1166294.1546108786
1166294.1546108786
1166294.1546108786
1166294.1546108786
1166294.1546108786
1166294.1546108786
1166294.1546108786
1166294.1546108786
1166294.1546108786
1166294.1546108786
1166294.1546108786
1166294.1546108786
1166450.7781147812
1166450.7781147812
1166450.7781147812
1166450.7781147812
1166450.7781147812
1166450.7781147812
1185114.9867565152
1185114.9867565152
1185114.9867565152
1185114.9867565152
1185114.9867565152
1185114.9867565152
1185114.9867565152
1185114.9867565152
1185114.9867565152
1185190.8080287224
1185190.8080287224
1185190.8080287224
1185190.8080287224
1185190.8080287224
1185190.8080287224
1185190.8080287224
1185190.8080287224
1185190.8080287224
1185190.8080287224
1185190.8080287224
1185190.8080287224
1185190.8080287224
1187011.3487216113
1187011.3487216113
1187011.3487216113
1187011.3487216113
1187011.3487216113
1187011.3487216113
1187011.3487216113
1187011.3487216113
1187011.3487216113
1187011.3487216113
1187011.3487216113
1187011.3487216113
1187011.3487216113
1187011.3487216113
1187011.3487216113
1187011.3487216113
1187011.3487216113
1187011.3487216113
1187011.3487216113
1187098.238792681
1187098.238792681
1187098.238792681
1187098.238792681
1187098.238792681
1187098.238792681
1187098.238792681
1187098.238792681
1187098.238792681
1187098.238792681
1187098.238792681
1187098.238792681
1187098.238792681
1187098.238792681
1187098.238792681
1187098.238792681
1187098.238792681
1187098.238792681
1187098.238792681
1187098.238792681
1187098.238792681
1187098.238792681
1187098.238792681
1187098.238792681
1187098.238792681
1187098.238792681
1187098.238792681
1187098.238792681
1187098.238792681
1187098.238792681
1187098.238792681
1187098.238792681
1187098.238792681
1187098.238792681
1187098.238792681
1187098.238792681
1187098.238792681
1187098.238792681
1187165.7584657415
1187165.7584657415
1187165.7584657415
1187165.7584657415
1187165.7584657415
1187165.7584657415
1187165.7584657415
1187165.7584657415
1187165.7584657415
1187165.7584657415
1187165.7584657415
1187165.7584657415
1187248.7744572093
1187248.7744572093
1187248.7744572093
1187248.7744572093
1187248.7744572093
1187248.7744572093
1199220.7873067525
1199220.7873067525
1199220.7873067525
1199220.7873067525
1199220.7873067525
1199220.7873067525
1199220.7873067525
1199220.7873067525
1199220.7873067525
1199220.7873067525
1199220.7873067525
1199220.7873067525
1199220.7873067525
1199220.7873067525
1199286.0932200404
1199286.0932200404
1199286.0932200404
1199286.0932200404
1199286.0932200404
1199286.0932200404
1199286.0932200404
1199286.0932200404
1199286.0932200404
1199286.0932200404
1199286.0932200404
1199286.0932200404
1199286.0932200404
1199286.0932200404
1199286.0932200404
1199286.0932200404
1199286.0932200404
1199286.0932200404
1199286.0932200404
1199286.0932200404
1199286.0932200404
1199286.0932200404
1199286.0932200404
1199286.0932200404
1199286.0932200404
1199286.0932200404
1199286.0932200404
1199286.0932200404
1199286.0932200404
1199286.0932200404
1199286.0932200404
1199286.0932200404
1199286.0932200404
1199286.0932200404
1199286.0932200404
1199286.0932200404
1199286.0932200404
1199286.0932200404
1199366.8954517357
1199366.8954517357
1199366.8954517357
1199366.8954517357
1199366.8954517357
1199366.8954517357
1199366.8954517357
1199366.8954517357
1199366.8954517357
1199366.8954517357
1199366.8954517357
1199366.8954517357
1199366.8954517357
1199366.8954517357
1199366.8954517357
1199366.8954517357
1199366.8954517357
1199366.8954517357
1199366.8954517357
1199366.8954517357
1199366.8954517357
1199366.8954517357
1199366.8954517357
1199366.8954517357
1199366.8954517357
1199366.8954517357
1199366.8954517357
1199366.8954517357
1199366.8954517357
1199366.8954517357
1199366.8954517357
1199366.8954517357
1199366.8954517357
1199366.8954517357
1199366.8954517357
1199366.8954517357
1199366.8954517357
1199366.8954517357
1199366.8954517357
1199366.8954517357
