882263.2782989409
883717.6815734605
898317.9807128742
898317.9807128742
898633.7089764243
898984.0456844175
898984.0456844175
898984.0456844175
899659.7958549655
901985.0414919818
910726.035057602
918375.4744114096
918478.8569927841
921062.2408552697
921105.0402108709
921300.353778797
922252.5979329274
922252.5979329274
923916.2384019422
923916.2384019422
932069.7923639381
932173.1103773192
932493.4506403953
932863.2038663928
937754.727459653
938043.8721579354
938277.7282059002
951921.6831236047
951921.6831236047
951921.6831236047
951921.6831236047
951921.6831236047
951921.6831236047
951960.7006395947
951960.7006395947
951960.7006395947
952004.422395101
952004.422395101
977274.7669178712
977274.7669178712
977274.7669178712
977274.7669178712
977368.5749882298
977368.5749882298
977368.5749882298
977368.5749882298
978253.1103773193
979007.3106598041
979404.1824430146
994342.2090837173
996281.0014444527
996565.7047871915
1001808.4828763504
1026996.0881276242
1027051.4321219361
1040104.0364604185
1040135.0290972331
1040135.0290972331
1040165.7450140762
1040165.7450140762
1046136.531840412
1046136.531840412
1046136.531840412
1046136.531840412
1046136.531840412
1046136.531840412
1046136.531840412
1046136.531840412
1046136.531840412
1046136.531840412
1046136.531840412
1046136.531840412
1046136.531840412
1046136.531840412
1046136.531840412
1046136.531840412
1046864.0286456415
1051187.5014812846
1051187.5014812846
1051841.3907740794
1051841.3907740794
1052474.6183089975
1054960.578293496
1066289.2172091638
1066365.038481371
1066365.038481371
1088745.6424611425
1089832.8291094038
1099878.8709568938
1105371.2089524036
1105371.2089524036
1105417.421187654
1105417.421187654
1105417.421187654
1105417.421187654
1105417.421187654
1105417.421187654
1105417.421187654
1105417.421187654
1105417.421187654
1105417.421187654
1105417.421187654
1105417.421187654
1105417.421187654
1105473.0419019375
1105473.0419019375
1105473.0419019375
1105473.0419019375
1122756.1411656188
1122756.1411656188
1122756.1411656188
1122756.1411656188
1122756.1411656188
1122756.1411656188
1122756.1411656188
1122756.1411656188
1122756.1411656188
1122756.1411656188
1122834.1761975985
1122834.1761975985
1122834.1761975985
1122834.1761975985
1122834.1761975985
1122834.1761975985
1122834.1761975985
1123749.5658635169
1123800.7590582552
1123800.7590582552
1123845.8644136195
1123895.6740085
1123895.6740085
1123941.3328038075
1158461.8725358632
1158461.8725358632
1158461.8725358632
1158566.195965141
1158566.195965141
1158566.195965141
1158566.195965141
1158668.582354618
