149932.69171025112
150017.4787095369
150194.6348353292
150234.51940722993
150234.51940722993
152135.40574386108
159989.5256366321
160003.8458951603
161260.7771859757
161289.3162390425
161802.04145034574
161832.67435119735
162056.9374401481
162056.9374401481
163703.38437492994
164796.15154261776
165114.65622988256
165149.67053028388
165149.67053028388
165160.44416117657
165363.93480426224
165898.69614930067
170054.91021013423
170098.93635760932
170098.93635760932
170098.93635760932
170098.93635760932
170107.40398873904
170398.84546278534
170398.84546278534
170404.15848623926
175923.89175893334
175923.89175893334
175923.89175893334
175923.89175893334
197080.63248449055
197829.2891435453
198656.71414250438
198709.34628109497
204348.2905175368
204348.2905175368
204348.2905175368
204348.2905175368
204348.2905175368
204348.2905175368
204348.2905175368
205153.82235474605
206095.77713793403
206095.77713793403
206095.77713793403
206095.77713793403
206095.77713793403
206095.77713793403
206095.77713793403
206095.77713793403
206177.96296948713
206394.98060718254
210786.18065586477
211415.75548715846
213348.60759250424
213493.11076165253
218164.91869749446
218164.91869749446
218267.581806943
218576.67801517475
219757.894109772
221224.33470305448
221314.54541378282
237167.8325844172
237167.8325844172
237222.06969884282
237858.24891345773
238068.27937187126
289540.68456165184
289540.68456165184
298099.8638819585
315984.3217638336
322741.5236893434
429041.5867840591
429041.5867840591
429147.0170932232
429147.0170932232
429147.0170932232
429227.542604947
429227.542604947
429227.542604947
429227.542604947
429227.542604947
434124.379221661
434196.64464223373
440486.4480877817
440486.4480877817
440486.4480877817
448211.8009537871
448457.9203084915
448457.9203084915
477858.39803477575
479259.3436227897
479324.71871607064
548846.825118743
568235.6065580071
568235.6065580071
583701.7624884299
583701.7624884299
583701.7624884299
583701.7624884299
583701.7624884299
583701.7624884299
583701.7624884299
583701.7624884299
583701.7624884299
583701.7624884299
583701.7624884299
583701.7624884299
583701.7624884299
583701.7624884299
583701.7624884299
583701.7624884299
583701.7624884299
583701.7624884299
583701.7624884299
583701.7624884299
640061.8725358631
722981.8421735329
746917.9813534296
761355.4307895807
763809.752457331
845518.426539495
884214.6706423811
884214.6706423811
884214.6706423811
884214.6706423811
884214.6706423811
884214.6706423811
884214.6706423811
884214.6706423811
884214.6706423811
884214.6706423811
884214.6706423811
884214.6706423811
884214.6706423811
884214.6706423811
884214.6706423811
884214.6706423811
884214.6706423811
884214.6706423811
884214.6706423811
884214.6706423811
884214.6706423811
898668.3081968683
