23346.587280489643
52071.22720823499
52071.22720823499
52135.89666558841
52290.66614568153
63638.675459358354
63656.496225526775
63933.12395709559
63933.12395709559
64121.27508975783
64560.4296846225
64584.439754154795
64584.439754154795
64745.59685359143
64745.59685359143
65438.79883034569
65438.79883034569
65498.233668237095
65626.68707903495
65627.80318292024
65649.00915674074
65653.47357228189
65653.47357228189
66050.25311550176
66050.25311550176
66990.58447485659
67222.3282270385
67222.3282270385
67700.3712019063
67969.56439023922
67969.56439023922
69157.2142241752
69175.011930346
69507.47252817643
69508.73621604656
74005.29739389998
74713.83888107767
75190.67812406919
75191.61435997297
75212.21154985603
75292.92154156085
75293.70558148027
75328.17105393799
83199.5951689305
87812.65545481042
87812.65545481042
87812.65545481042
87812.65545481042
87812.65545481042
87812.65545481042
87812.65545481042
87812.65545481042
87812.65545481042
87812.65545481042
87812.65545481042
87812.65545481042
87812.65545481042
87812.65545481042
87812.65545481042
87812.65545481042
87812.65545481042
87812.65545481042
87812.65545481042
87812.65545481042
87833.7000086475
87859.42113000395
87860.39887390345
87860.39887390345
90187.52159472695
95570.22313750484
95570.22313750484
95570.22313750484
95570.22313750484
95570.22313750484
95570.22313750484
95570.22313750484
95570.22313750484
95570.22313750484
95570.22313750484
95570.22313750484
95585.33204795199
95613.39145306809
98207.29989847196
98817.47665975934
98817.47665975934
99782.59290456685
108643.028033911
108945.81502679124
120234.16351459986
130929.20593538717
163863.2178305026
169454.9259677993
169577.70661918016
169577.70661918016
169588.1297381089
170404.15848623926
170404.15848623926
170412.12802142018
170457.28872077866
170563.2079018925
170563.2079018925
170570.7946411128
170570.7946411128
180300.21810914425
180300.21810914425
180300.21810914425
193164.6344189681
195272.4288903337
195832.60696475985
203228.68151260773
203228.68151260773
203228.68151260773
203228.68151260773
203228.68151260773
203228.68151260773
203228.68151260773
203228.68151260773
203228.68151260773
203228.68151260773
203228.68151260773
203228.68151260773
203228.68151260773
203228.68151260773
203228.68151260773
203228.68151260773
203306.4398246159
203306.4398246159
203306.4398246159
203306.4398246159
203445.408594333
206547.38413151883
221094.64527638367
221448.57012000805
237056.0377159072
237056.0377159072
237710.90014060194
277693.31561129814
279990.9814911491
316176.64214406733
316176.64214406733
316176.64214406733
366556.92584609374
369714.3099455848
372076.29015882575
372076.29015882575
408303.86005143664
411583.03783441
412590.5844748566
412590.5844748566
428449.6827648937
428579.7549875252
428626.7835466917
428880.5357606116
428880.5357606116
428880.5357606116
428909.4253256424
428952.75967318856
428952.75967318856
428952.75967318856
428952.75967318856
429035.66497666773
429041.5867840591
429041.5867840591
429041.5867840591
429147.0170932232
429147.0170932232
429147.0170932232
429227.542604947
429227.542604947
429227.542604947
429264.42937715584
434197.73768612137
440154.10740193893
440154.10740193893
440154.10740193893
440154.10740193893
440154.10740193893
448617.95669204334
453469.04227345955
453738.4752857678
454361.8515896986
479433.95392484363
479630.1898926749
479735.0252539002
480080.49169039394
480903.89041376684
485592.0801719251
485592.0801719251
485592.0801719251
485592.0801719251
485592.0801719251
489779.53591754765
492566.25361513504
492586.9384330091
498410.8561344398
535050.5174086968
536495.2308722124
537267.6946728203
548977.8335772782
548977.8335772782
548977.8335772782
548977.8335772782
548977.8335772782
548977.8335772782
551284.502080204
590709.9724881417
619259.2549699099
647565.1714606907
647585.6118425899
647585.6118425899
647585.6118425899
647585.6118425899
647585.6118425899
647585.6118425899
647585.6118425899
647585.6118425899
647585.6118425899
647585.6118425899
647585.6118425899
647585.6118425899
647585.6118425899
647585.6118425899
647585.6118425899
647585.6118425899
647585.6118425899
647585.6118425899
647585.6118425899
667920.3789526278
690753.8536138539
693378.0628961435
697145.3285889523
697190.4339443165
697191.4024642169
698763.3102626598
698763.3102626598
699354.107401939
711975.0285847887
714424.0003330888
714577.1371653498
714685.7082461911
716572.7309122471
716572.7309122471
716572.7309122471
717007.3657475762
717056.7141425044
717322.1024312284
723994.6372694401
727578.437621105
727647.6176139949
727647.6176139949
727647.6176139949
727716.7976068847
727716.7976068847
746175.4863257416
761355.4307895807
761416.0324633522
761416.0324633522
761416.0324633522
761416.0324633522
761416.0324633522
761481.8918165833
764023.9106553203
769306.9791723383
770394.4886605664
770539.1716976962
770542.5338453506
771075.2151786028
771090.9928289813
771308.2041706567
771333.6762440389
771430.8971940466
771682.6201281751
771946.2235730826
772131.1832020729
772436.8296346591
772726.6845808686
773049.6167876782
773099.979822502
773191.195949127
774226.7835466916
774352.6911337512
774363.1142526799
774421.7604386524
774480.5357606116
774699.5734540995
777468.0045735661
777468.0045735661
777468.0045735661
777468.0045735661
777468.0045735661
777468.0045735661
777468.0045735661
777471.3943932177
777535.8009665982
785218.1008170285
785256.3896370933
785295.5824090651
785375.5268088486
785392.7111190825
785467.8867113561
785540.4795838952
785581.7662036518
785754.107401939
785840.0289531081
785887.209708259
785915.2045453818
786141.515362122
786482.1576471116
786509.2762043244
786752.1671593606
786770.2231375049
786840.4869502833
786847.981449513
786892.8792648986
787000.7308738137
787098.3807397776
787117.5067018118
787117.5067018118
787220.3542912414
787226.8110905777
787320.895880908
787331.4112398272
787387.3271220803
788331.7539370141
799595.640379337
799595.640379337
799595.640379337
799595.640379337
799595.640379337
799595.640379337
799595.640379337
799726.8056458561
799726.8056458561
799726.8056458561
799726.8056458561
799726.8056458561
799726.8056458561
799726.8056458561
799726.8056458561
799726.8056458561
799726.8056458561
799726.8056458561
799726.8056458561
799726.8056458561
799726.8056458561
799726.8056458561
799726.8056458561
799726.8056458561
799726.8056458561
799726.8056458561
799726.8056458561
801441.3625896377
801623.8501868821
801632.8528099568
801839.7286606946
801874.9827850712
802141.3626536933
809144.0013579776
809148.2905175368
809148.2905175368
815517.8308228896
820470.8415938301
820470.8415938301
820470.8415938301
820470.8415938301
821438.5313343732
823085.7346370772
827361.4456056292
827361.4456056292
828740.5625998866
829008.4828763504
829771.6350499153
829773.3368777403
829954.5884591118
830004.9514939355
830179.5986919857
830378.5234555406
831617.8184601687
844995.979233191
844995.979233191
844995.979233191
845066.2661059671
845066.2661059671
845215.141450666
845215.141450666
845215.141450666
845215.141450666
845215.141450666
845215.141450666
845215.141450666
845300.3712019064
845300.3712019064
845300.3712019064
845300.3712019064
845300.3712019064
845300.3712019064
845300.3712019064
845300.3712019064
845300.3712019064
845300.3712019064
845300.3712019064
845300.3712019064
845300.3712019064
845300.3712019064
845300.3712019064
845300.3712019064
845300.3712019064
845300.3712019064
845401.6507114971
845401.6507114971
845401.6507114971
845401.6507114971
845401.6507114971
845401.6507114971
845401.6507114971
845401.6507114971
845401.6507114971
845401.6507114971
845401.6507114971
845401.6507114971
845518.426539495
879207.2059930372
881958.872494227
884357.7348676772
884522.7153147209
884524.5970105275
884867.8542992483
885469.0422734595
885646.8717511826
897477.5821592485
897574.9875892374
897574.9875892374
897574.9875892374
897574.9875892374
897654.959661018
934798.5280034846
935062.83247232
936014.9889984594
936475.2711631526
936518.6193466975
936704.782707564
936927.6114646621
937179.4174147821
937262.7193502205
937491.5667667001
937499.1212219237
938809.6485592305
951464.8184505603
951795.1021846144
951888.7534469892
951921.6831236047
951921.6831236047
951921.6831236047
951921.6831236047
951921.6831236047
951921.6831236047
951960.7006395947
952004.422395101
952004.422395101
952004.422395101
952004.422395101
973778.410077219
973996.5576547983
974241.3625896377
974402.4689570797
975384.2160721777
975384.2160721777
975384.2160721777
975384.2160721777
975384.2160721777
975384.2160721777
975384.2160721777
975991.6717537448
976212.3005870691
976256.7141425044
976355.2817963738
976670.133780014
976707.7676961462
977018.1368162471
977075.251818377
977425.0258624279
981349.4961710796
981358.8769781154
981358.8769781154
981358.8769781154
981358.8769781154
981358.8769781154
981358.8769781154
981358.8769781154
981453.7919283602
981453.7919283602
981453.7919283602
981453.7919283602
981453.7919283602
981453.7919283602
981453.7919283602
981453.7919283602
981453.7919283602
981453.7919283602
981453.7919283602
981453.7919283602
982127.6050591073
989499.9785413911
1001911.9761457136
1001911.9761457136
1002031.5191734273
1002031.5191734273
1013223.1309711782
1033391.1558503534
1034183.6126689065
1034670.9718828168
1034887.864996525
1035101.5758305602
1035541.7542893197
1036114.5646304475
1036139.8014918538
1036216.9048999293
1040104.0364604185
1040104.0364604185
1040104.0364604185
1040104.0364604185
1040104.0364604185
1040104.0364604185
1040135.0290972331
1040135.0290972331
1040165.7450140762
1040165.7450140762
1040165.7450140762
1040165.7450140762
1040165.7450140762
1041146.9940332256
1041230.8401846081
1041266.2603409677
1041266.2603409677
1041272.611064315
1041307.49161673
1041316.4850158057
1041371.552290146
1041391.3377681125
1041433.9480317332
1041437.8267233345
1041442.7431148292
1041445.021442595
1041482.8767347042
1048273.9169007363
1048273.9169007363
1048273.9169007363
1048273.9169007363
1048273.9169007363
1048273.9169007363
1048273.9169007363
1048273.9169007363
1048326.7704153041
1048326.7704153041
1048326.7704153041
1048326.7704153041
1055207.6892280986
1055469.521665188
1055978.3543488914
1056128.0598535049
1056191.9821669352
1056685.7612841856
1058811.265833731
1068262.5073263533
1068262.5073263533
1068262.5073263533
1068262.5073263533
1069101.757492097
1078874.6721156589
1093974.091067774
1095448.2383122644
1099816.05552335
1099816.05552335
1099816.05552335
1101321.6842766048
1101696.644450067
1104266.266105967
1104266.266105967
1104266.266105967
1104266.266105967
1104266.266105967
1104266.266105967
1104266.266105967
1104266.266105967
1104266.266105967
1104266.266105967
1104266.266105967
1104266.266105967
1104266.266105967
1104266.266105967
1104266.266105967
1104266.266105967
1104266.266105967
1104266.266105967
1104266.266105967
1104266.266105967
1104266.266105967
1104266.266105967
1104266.266105967
1104266.266105967
1104266.266105967
1104266.266105967
1104266.266105967
1104266.266105967
1104266.266105967
1104266.266105967
1104266.266105967
1104266.266105967
1104266.266105967
1104266.266105967
1104266.266105967
1104266.266105967
1104266.266105967
1104266.266105967
1104266.266105967
1104266.266105967
1104277.1135288521
1123749.5658635169
1123749.5658635169
1123749.5658635169
1123749.5658635169
1123749.5658635169
1123800.7590582552
1123800.7590582552
1123800.7590582552
1123800.7590582552
1123800.7590582552
1123845.8644136195
1123845.8644136195
1123845.8644136195
1123845.8644136195
1123845.8644136195
1123845.8644136195
1123845.8644136195
1123845.8644136195
1123845.8644136195
1123845.8644136195
1123845.8644136195
1123895.6740085
1123895.6740085
1123895.6740085
1132898.20484324
1136884.8402935027
1141319.2317177458
1147499.8414625162
1148828.6968859395
1166294.1546108786
1166294.1546108786
1166294.1546108786
1166687.1661504859
1170314.56373367
1177890.7138030098
1181814.8243756986
1181814.8243756986
1188817.7582479527
1201995.458461578
1202065.9943823284
1202097.2914111116
1202330.4187631514
1202394.4886605665
1202541.413129466
1202542.5338453506
1202698.6961493006
1202754.501343565
1203333.6762440389
1203354.1904179305
1203471.4827898755
1203478.511477153
1203554.996877292
1203607.905735854
1203797.3482283836
1203996.9740158666
1204372.759737244
1204456.329168655
1204559.4027460616
1204864.491126705
1205052.0150274318
1205099.979822502
1206141.2770754797
1206255.968279692
1206352.691133751
1206378.748931073
1206457.6786909609
1207078.804339123
1207199.7309666944
1207204.1584862391
1207316.5621386867
1207527.9208529636
1207697.7438995098
