24220.745670645585
24236.11285306618
24421.41377002136
24422.41918591803
52196.41532336842
56292.3136544011
56373.85380602058
56897.91070015918
56897.91070015918
59488.80750987255
59920.98876145393
73810.73558189662
87763.87433582403
87764.78289973065
87764.78289973065
87764.78289973065
87764.78289973065
87764.78289973065
87764.78289973065
87764.78289973065
87764.78289973065
87764.78289973065
87764.78289973065
87764.78289973065
87764.78289973065
87764.78289973065
87764.78289973065
87764.78289973065
87764.78289973065
87764.78289973065
87787.12342543455
87812.65545481042
87812.65545481042
87812.65545481042
89675.42361535924
99800.40444673621
103533.91952701383
104369.77526110644
114517.23036617355
116906.43982461591
116906.43982461591
116942.13670094707
116977.83357727822
116977.83357727822
116977.83357727822
116977.83357727822
116977.83357727822
117069.98132780747
117069.98132780747
117069.98132780747
117069.98132780747
117069.98132780747
117069.98132780747
117069.98132780747
117069.98132780747
117069.98132780747
117069.98132780747
117347.93270324025
117349.49617107956
118295.29736187222
128050.94927120798
128207.87716707929
131010.0266150806
131050.28937094248
131051.63146280455
136738.13002635885
136738.13002635885
136738.13002635885
136738.13002635885
136738.13002635885
136738.13002635885
136738.13002635885
136738.13002635885
136738.13002635885
136741.66281799576
136864.00071742217
137020.845597302
137020.845597302
137145.7108724686
138684.88269827593
147835.85996175883
148720.67207081983
148786.02410410307
148786.02410410307
160584.7502954562
160584.7502954562
160584.7502954562
160584.7502954562
160584.7502954562
160584.7502954562
160584.7502954562
160584.7502954562
160584.7502954562
160629.68961883744
160677.72820590017
160677.72820590017
160677.72820590017
160677.72820590017
160677.72820590017
160677.72820590017
160677.72820590017
160677.72820590017
160677.72820590017
160677.72820590017
160677.72820590017
160709.108250675
162217.67484762787
162285.4158966656
162470.85517360654
162470.85517360654
164173.66996659504
164406.07784670868
164406.07784670868
165594.48866056645
165594.48866056645
165950.6964439562
195663.7939461101
198165.53158098704
213704.19275595798
213704.19275595798
213704.19275595798
213704.19275595798
213704.19275595798
213704.19275595798
213704.19275595798
213704.19275595798
230506.04370510107
256152.7596731886
282281.3650237486
288689.21720916376
288765.03848137107
288954.59166188916
367762.6593301711
372837.2700806139
372837.2700806139
372901.02636206115
428952.75967318856
428952.75967318856
429041.5867840591
429147.0170932232
429227.542604947
429227.542604947
447101.11616794084
471676.8566661008
539706.054210211
583765.6848018601
583765.6848018601
583765.6848018601
583765.6848018601
583765.6848018601
583765.6848018601
583765.6848018601
583765.6848018601
583765.6848018601
583765.6848018601
583765.6848018601
583765.6848018601
583765.6848018601
583765.6848018601
583765.6848018601
583765.6848018601
698895.5824090651
727450.3162742731
727450.3162742731
727450.3162742731
727450.3162742731
727450.3162742731
727450.3162742731
727450.3162742731
727578.437621105
727578.437621105
727578.437621105
727578.437621105
727578.437621105
727578.437621105
727578.437621105
727578.437621105
727578.437621105
763730.3799454888
845518.426539495
1000618.2042026846
1011047.4017467948
1040104.0364604185
1040135.0290972331
1058291.5488311462
1087012.5406672666
1104049.3176482646
1104049.3176482646
1104049.3176482646
1104049.3176482646
1104049.3176482646
1123749.5658635169
1123800.7590582552
1123895.6740085
1123895.6740085
1126135.2794263184
1176362.7214640537
