8497.392362656894
8499.476986442642
21606.387619343495
23335.131073667086
48670.121993793015
91949.26390565898
103528.81404353856
120390.67633051383
131112.74968052295
132168.90679597345
162321.50018095694
163896.92232303854
168959.8739386796
173742.78494310266
173819.15965525302
173819.15965525302
173819.15965525302
173819.15965525302
173827.53043439268
245998.52031681873
245998.52031681873
245998.52031681873
246062.71935022052
246062.71935022052
246062.71935022052
246119.01802843428
249916.32167415583
249916.32167415583
249916.32167415583
249916.32167415583
249975.23074410128
249983.01118730163
249983.01118730163
280631.9617972706
288178.3921416653
288178.3921416653
288178.3921416653
288178.3921416653
288218.1521895788
351051.3834397189
424794.48866056645
424794.48866056645
424794.48866056645
424869.9040768154
424875.2908922618
424875.2908922618
424875.2908922618
424875.2908922618
428880.5357606116
429041.5867840591
429041.5867840591
429041.5867840591
429147.0170932232
468348.54264017753
