1089550.2196144497
1089832.8291094038
1093039.386347841
1093320.8843509092
1094349.1757652236
1094349.1757652236
1094349.1757652236
1094439.589403931
1095904.3420053872
1095904.3420053872
1095904.3420053872
1095904.3420053872
1099582.2271473822
1099582.2271473822
1099582.2271473822
1099582.2271473822
1099665.6674428065
1099737.5731274162
1099738.2972113416
1100438.6754593584
1100527.7792902004
1100679.4126106158
1101360.4296846224
1102453.473572282
1102453.473572282
1102453.473572282
1102760.6327407127
1102760.6327407127
1102760.6327407127
1102760.6327407127
1102760.6327407127
1102760.6327407127
1102760.6327407127
1104049.3176482646
1104049.3176482646
1104049.3176482646
1104049.3176482646
1104049.3176482646
1104049.3176482646
1104049.3176482646
1104049.3176482646
1104075.993453523
1105010.0893895186
1105076.7789026643
1105125.2141216863
1105126.035057602
1105210.9880888707
1105210.9880888707
1105210.9880888707
1105210.9880888707
1105210.9880888707
1105210.9880888707
1105210.9880888707
1105210.9880888707
1105210.9880888707
1105210.9880888707
1105257.7168680679
1105293.4506403953
1106955.4307895808
1106955.4307895808
1106955.4307895808
1112617.6748476278
1113083.3945597622
1122687.5146126722
1122687.5146126722
1122687.5146126722
1122687.5146126722
1122687.5146126722
1122687.5146126722
1123665.7197121345
1123711.9319473847
1123711.9319473847
1123711.9319473847
1123711.9319473847
1123711.9319473847
1123711.9319473847
1123711.9319473847
1123711.9319473847
1123711.9319473847
1123711.9319473847
1123713.1864112557
1124406.7757959703
1124406.7757959703
1124406.7757959703
1124406.7757959703
1124406.7757959703
1124406.7757959703
1124406.7757959703
1124406.7757959703
1124406.7757959703
1124473.8896130724
1128293.5845164927
1128293.5845164927
1132014.3612540795
1132049.7814104392
1132876.89740543
1132876.89740543
1132876.89740543
1132898.20484324
1132898.20484324
1136414.7161218207
1136751.6503591915
1137391.307021449
1137391.307021449
1139864.4640952635
1140875.211463381
1143694.4898776219
1144054.7239365978
1144198.5537538154
1147041.3625896377
1147041.3625896377
1152038.3718360562
1152038.3718360562
1152038.3718360562
1152038.3718360562
1152038.3718360562
1152038.3718360562
1152038.3718360562
1152038.3718360562
1152038.3718360562
1152038.3718360562
1152038.3718360562
1152038.3718360562
1152038.3718360562
1152038.3718360562
1152038.3718360562
1152038.3718360562
1152178.3921416653
1152178.3921416653
1152221.3759772475
1152242.8678950386
1152467.0110720017
1152528.2215297106
1156495.777137934
1164514.457785792
1165260.328797133
1165260.328797133
1165260.328797133
1165260.328797133
1165260.328797133
1165260.328797133
1165260.328797133
1165260.328797133
1166294.1546108786
1166294.1546108786
1166294.1546108786
1166294.1546108786
1166294.1546108786
1166294.1546108786
1166294.1546108786
1166294.1546108786
1168976.6780151748
1170633.9539248436
1172024.1950619577
1186676.5498400214
1187321.2750897577
1194319.799890465
1195026.265977856
1195026.265977856
1195026.265977856
1195026.265977856
1195026.265977856
1195026.265977856
1195026.265977856
1195026.265977856
1195026.265977856
1195026.265977856
1195026.265977856
1195026.265977856
1195026.265977856
1195026.265977856
1195026.265977856
1195026.265977856
1195026.265977856
1195026.265977856
1195095.9994106889
1195095.9994106889
1198670.1145633494
1198670.1145633494
1198818.9899080482
1198818.9899080482
1198818.9899080482
1198818.9899080482
1198818.9899080482
1198818.9899080482
1198818.9899080482
1198818.9899080482
1198818.9899080482
1198818.9899080482
1198818.9899080482
1198818.9899080482
1198818.9899080482
1201469.690515615
1201469.690515615
1201469.690515615
1201509.2061275537
