236176.10510234477
237285.43857232993
303775.82402659586
307359.51369027223
363036.53126391204
366942.58124645695
428952.75967318856
429041.5867840591
429147.0170932232
451817.9833391517
454126.8056458561
484836.6346495681
484861.53944700846
492175.80173526483
492175.80173526483
492175.80173526483
492175.80173526483
492175.80173526483
492175.80173526483
492175.80173526483
492175.80173526483
492175.80173526483
492175.80173526483
492175.80173526483
492175.80173526483
492396.90099254076
492396.90099254076
492454.9522305744
492481.8540238094
492481.8540238094
492481.8540238094
492481.8540238094
492481.8540238094
492481.8540238094
492481.8540238094
492481.8540238094
492481.8540238094
492481.8540238094
492481.8540238094
492481.8540238094
492481.8540238094
492481.8540238094
492481.8540238094
492481.8540238094
492481.8540238094
492481.8540238094
492481.8540238094
492481.8540238094
492481.8540238094
492481.8540238094
492481.8540238094
494938.2972113417
494938.2972113417
494938.2972113417
494938.2972113417
494938.2972113417
494938.2972113417
494938.2972113417
494938.2972113417
494938.2972113417
494938.2972113417
494938.2972113417
494938.2972113417
494938.2972113417
494938.2972113417
494938.2972113417
494938.2972113417
494938.2972113417
494938.2972113417
494938.2972113417
494938.2972113417
495016.05552334985
495072.5894135394
495352.2702887944
495352.2702887944
510032.54149998876
510032.54149998876
510032.54149998876
510032.54149998876
510032.54149998876
510032.54149998876
510032.54149998876
510032.54149998876
510032.54149998876
510032.54149998876
510032.54149998876
510106.97917233827
510106.97917233827
510106.97917233827
510106.97917233827
510106.97917233827
510106.97917233827
510106.97917233827
510106.97917233827
510106.97917233827
510106.97917233827
510106.97917233827
583249.0486149589
583296.6444500671
753184.4895893718
756174.4027620753
756258.2489134577
761355.4307895807
761355.4307895807
764901.5695531165
765567.3854766854
765728.7408921017
845401.6507114971
845401.6507114971
880304.1331842974
880306.2777640771
952004.422395101
1006763.6612870682
1017591.4831742087
1040104.0364604185
1083703.4356193691
1086399.564422267
1104049.3176482646
1104049.3176482646
1104049.3176482646
1104049.3176482646
1104049.3176482646
1104049.3176482646
1104049.3176482646
1123749.5658635169
1123895.6740085
1146479.925439341
1146905.2163636305
1147057.1356280167
1168923.833724606
1170633.9539248436
