809327.6050591073
820385.6118425899
843560.6327407127
845300.3712019064
880632.6966425283
880673.7618863079
880745.8566628981
884014.6021029437
884080.7381761464
884080.7381761464
884096.0269545751
884357.7348676772
884384.4706289293
884468.1461363294
884485.0813985888
884565.1826063562
891706.310432407
891706.310432407
892060.6088479931
892535.3634671988
894066.634937818
897001.0703682234
897093.2181187526
897093.2181187526
897093.2181187526
897093.2181187526
897093.2181187526
897093.2181187526
897093.2181187526
897093.2181187526
897377.9629694872
897382.9439289753
898038.7702615708
898038.7702615708
898126.2137725836
898126.2137725836
898909.3312920965
898984.0456844175
898984.0456844175
898984.0456844175
898984.0456844175
899078.6839146909
899744.195446291
899744.195446291
899744.195446291
899744.195446291
899744.195446291
899744.195446291
899744.195446291
899751.1964615715
899814.2055990956
899814.2055990956
900762.2482216578
900762.2482216578
900762.2482216578
900923.8988050437
901078.1655771886
901191.911321498
905220.4836834503
909691.1946039605
912014.7706971485
918108.9930787979
918283.0499409088
918330.8025840009
918400.7112728158
921980.5822008846
921980.5822008846
921980.5822008846
921980.5822008846
921980.5822008846
921980.5822008846
921980.5822008846
921980.5822008846
921980.5822008846
921980.5822008846
921980.5822008846
921980.5822008846
921980.5822008846
921980.5822008846
921980.5822008846
921980.5822008846
921980.5822008846
921980.5822008846
922252.5979329274
922256.9424364809
923816.3424922093
924160.1947288689
927898.238792681
927898.238792681
927898.238792681
927898.238792681
927898.238792681
927965.7584657415
927965.7584657415
951921.6831236047
951921.6831236047
951921.6831236047
951921.6831236047
951921.6831236047
951960.7006395947
951960.7006395947
951960.7006395947
951960.7006395947
951960.7006395947
951960.7006395947
951960.7006395947
951960.7006395947
952004.422395101
952004.422395101
952004.422395101
952004.422395101
952004.422395101
952004.422395101
959532.8659413443
959532.8659413443
959532.8659413443
959532.8659413443
959532.8659413443
959532.8659413443
959532.8659413443
969031.002245147
969031.002245147
969031.002245147
969031.002245147
969031.002245147
969031.002245147
969031.002245147
969031.002245147
969180.1635338165
973411.2026749597
974674.9827850712
974674.9827850712
974870.679148958
976508.2525966518
976945.193431744
976968.1611893835
977075.251818377
977075.251818377
977075.251818377
977075.251818377
977075.251818377
977075.251818377
977075.251818377
977075.251818377
977075.251818377
977075.251818377
977075.251818377
977075.251818377
977075.251818377
977075.251818377
977180.1286875979
977180.1286875979
977180.1286875979
977180.1286875979
977375.2162675472
979185.79504146
979337.4375858746
979378.3921416652
979692.1510814178
979722.7563102723
980154.5916618892
980462.5256462405
1000014.7840207028
1000235.6065580071
1009110.2927658865
1009110.2927658865
1040135.0290972331
1040135.0290972331
1040135.0290972331
1040165.7450140762
1040165.7450140762
1040165.7450140762
1040165.7450140762
1046853.1627747583
1047857.4533435395
1047857.4533435395
1047857.4533435395
1047857.4533435395
1047857.4533435395
1047857.4533435395
1047931.3375759459
1052481.444068296
1063674.766917871
1063674.766917871
1063674.766917871
1063674.766917871
1063674.766917871
1063674.766917871
1063674.766917871
1063674.766917871
1063674.766917871
1063674.766917871
1063674.766917871
1063768.57498823
1063768.57498823
1063768.57498823
1063768.57498823
1063768.57498823
1063768.57498823
1063768.57498823
1063768.57498823
1063768.57498823
1063768.57498823
1112886.0932200404
1112886.0932200404
1112886.0932200404
1112886.0932200404
1112886.0932200404
1112886.0932200404
1112886.0932200404
1112886.0932200404
1112886.0932200404
1123800.7590582552
1123895.6740085
1123895.6740085
1123895.6740085
1123941.3328038075
1123941.3328038075
1124194.808297756
1124370.9128876561
1138241.3907740794
1138241.3907740794
1138241.3907740794
1138241.3907740794
1138241.3907740794
1138241.3907740794
1138241.3907740794
1138241.3907740794
1138241.3907740794
1138313.0612467132
1138313.0612467132
1138313.0612467132
1138313.0612467132
1138313.0612467132
1138313.0612467132
1138313.0612467132
1138313.0612467132
1138313.0612467132
1138313.0612467132
1138313.0612467132
1138313.0612467132
1138313.0612467132
1138313.0612467132
1138313.0612467132
1138313.0612467132
1138313.0612467132
1138313.0612467132
1138313.0612467132
1138313.0612467132
1138313.0612467132
1138313.0612467132
1142077.283019835
1145896.5720672968
1146923.4429857573
1147165.3331368964
1147289.857124098
1147328.7593400998
1147499.8414625162
1181986.667478037
1181986.667478037
1181986.667478037
1181986.667478037
1181986.667478037
1181986.667478037
1181986.667478037
1181986.667478037
1181986.667478037
1181986.667478037
1181986.667478037
1181986.667478037
1181986.667478037
