15347.719782595466
15435.716733551331
15641.342732417548
15666.086109874479
18297.868295385757
35938.554330315244
36161.07408344516
36161.07408344516
36781.7293076556
44384.21389428913
44411.20331551522
44411.20331551522
71078.84533467423
72396.18459528103
72411.48720970826
72463.04475240929
72464.15624429505
74932.12481864273
74989.95006869957
75980.33084691044
76055.61712717268
76055.61712717268
76141.30807836556
76149.38830153509
76152.08170925827
89895.90486469866
92975.95495613795
97214.3456245256
97226.16156731117
97638.58501292321
97660.41360667972
97687.22777192382
97688.01642384275
110267.09754699275
111402.86699826088
111433.95187506605
111615.6093123957
111617.0113602516
111638.98292599342
112084.47902020632
112190.55500930407
112271.19582101598
112271.19582101598
127203.577374299
130604.68720074047
145535.55601817896
145806.10513437254
145808.0375621739
146056.81342860527
146085.45394566166
158565.30328701047
158574.269014089
158574.269014089
158597.5688356943
163468.06171111585
163553.000906386
173691.59174836418
179304.51047148087
179305.5620073728
179305.5620073728
179306.08777531877
180278.0805114195
180292.24857396333
180294.24095775856
180294.73905370737
180296.2333415538
180298.225725349
192742.9869743041
192744.20454217898
192750.29238155327
192751.50994942815
192763.2982202166
192763.2982202166
202783.32839038016
202786.48299805593
204817.8289652787
205471.59373408617
205479.2312053012
205501.50255101224
205513.65055776367
205531.87256789085
206914.5546377819
206993.364485682
207042.60680462097
207043.8843284897
207046.43937622706
207064.32471038887
207066.87975812625
207066.87975812625
207701.00202095258
207702.19191683028
207817.16906501318
209262.60661245434
212340.2723001387
219526.03505760196
222090.20533006225
224982.95289675205
228285.86864128572
228322.55248551545
236901.9415877449
243131.0372835323
243172.06101931597
243172.9880312207
245123.97451870263
250861.07594105607
252774.7190683761
287388.7993748178
287477.05459774716
287860.46856634074
287876.2416047196
287975.3903705293
288081.3095516432
288086.21671913884
288142.97198530566
288161.7889433717
291721.00733756315
291722.27563743276
291736.2269359989
291737.49523586856
291755.2514340436
291756.51973391324
291954.1439136019
291996.6342652348
292026.5892021561
292108.466029741
300811.10159530345
300827.04066566523
302172.8405753469
302174.630031163
304690.27284461085
305954.54643867165
306175.84401192714
306251.0841721941
306663.39692981757
306924.9203629388
306997.4163834878
308403.99322292296
308503.5985766857
308523.69305862044
308545.5170403774
308607.63144999347
308689.5682335721
308715.02647095564
308730.4121013743
308750.7510192839
308824.4692197073
308882.5804137348
308945.6725672503
309010.88624054776
309043.02265324484
309077.6310976879
310686.1028283728
312875.9678313033
315032.81091762776
315722.68764272373
319469.40226564475
319547.1467416544
319547.1467416544
324000.59955993836
324022.62185767497
327146.83645657514
327199.3948031733
327265.3832923912
330705.6028748131
331597.2776391687
332117.44200570736
332132.292644181
332143.5274750263
332294.934807465
334795.49638246285
336801.2734243136
341640.5984069385
342074.10791438335
343042.31419887324
343099.26778101973
346371.89652466617
346416.25012410764
347842.30343754106
355438.24359684717
357699.76523641305
357912.79349451844
358266.06343421014
358273.80236941477
358283.2661924421
358296.67327506415
358302.9824904157
358306.1370980915
358322.0623324547
361202.3575004244
363489.8631453196
363638.36030605744
363638.36030605744
370353.6437678755
370563.0608303521
382553.3233620195
383171.944694439
383191.0706564733
383201.50299940107
383203.24172322237
383221.2423573723
383221.2423573723
384029.9288022573
384159.21237296984
384159.21237296984
388956.0470039618
389153.763423641
389155.42835546983
393745.67769169423
394876.8120834388
402393.9423948448
418363.1936815607
419688.72846532514
419734.3872606324
419735.22664454614
419746.9780193384
429508.89763603
429772.3119889568
436025.30245428835
444598.4930291549
469404.9257436049
491816.3424922092
493536.30008743587
493642.52827251796
493663.5082583616
493691.2724955081
493846.29102357564
508877.6322506878
508907.4073196276
509377.4346393192
509396.93417331506
509673.3682009038
509674.59499277774
519141.33280380745
540878.0739777535
541400.410596069
547546.5456443828
547635.4649952439
555907.611913051
575376.6421440673
587073.8812858511
587366.5449397718
587380.1733983711
589805.8453250659
599746.9687953393
604310.390130321
604342.4158550295
608948.8855935867
610501.1923940441
619589.9999039166
619602.5353186283
622165.3035432327
633627.856477137
635943.8919511
635958.9086215566
635984.182378959
649528.568838897
649630.6370004067
671728.0826572804
676694.8371868085
676724.5384637559
676725.636119643
681332.4240861676
681499.138645033
681528.775353987
681588.4223438567
681618.3496087808
681654.0603211105
681787.9835633461
681787.9835633461
687212.1884898584
690192.3887915601
691071.3943932177
691440.3174593006
693135.3518090888
693161.5156823997
701333.8035864702
716628.9604104679
726472.3048787909
738202.077065231
738269.2093303312
738270.58370619
743809.7242728894
743822.960711529
744100.0588670494
744101.3871229129
744139.906542954
753110.407040986
753111.9336128291
766377.5708214163
773099.979822502
773348.585044951
773669.0083240186
773813.6636891513
773844.9561059352
773850.3982653758
785227.1910680942
787047.7271489836
787071.2898545619
790625.3105252875
790651.6588785795
793320.3693442954
795552.5125468806
798523.8347494948
798598.5537538154
809595.2486155995
819111.7314535165
820234.6334261071
833745.190869522
848142.1930698301
848834.2789426991
849766.0504309337
849781.2146853751
856424.9844825433
865716.1895916138
865824.5992524717
865973.1425332048
866000.6715583755
866001.2572823152
867148.3353564211
867164.6618347431
867656.4301202003
867759.2223656354
867759.9879575567
867767.5977567746
880553.6654186511
880581.6233597775
880582.5549836818
880710.0352625798
883674.0520579446
885039.6420575924
888148.7661940434
895492.5314432676
895742.0682896208
895742.0682896208
895875.5395559028
919260.9091404066
920021.0358422825
920160.7794279199
920160.7794279199
924517.0205201951
929358.2271986266
929370.6657613482
960188.175729993
974234.5829503345
974267.9277069075
982415.9472694721
996777.8290933897
996791.4344919914
999005.8076604032
999010.3089719405
999015.9356113622
1022812.5802535958
1027823.3978265952
1027925.8118880694
1084036.9846490878
1105509.9747941415
1109174.8909934694
1127618.1387379137
1143688.844790202
1143692.6081818154
1143948.6848434962
1144608.6988716614
1144660.699166317
1145001.2538233155
1145088.5958703388
1145111.4252679923
1145111.4252679923
1145135.9242094744
1145657.9010918268
1145728.8797645317
1146814.6366929403
1148830.394101765
1148871.9758894914
1150387.792549699
1150470.9192291554
1150472.6902369736
1150492.1713229713
1150495.7133386072
1150497.4843464252
1150501.0263620613
1150502.7973698792
1154790.1398012356
1155304.9773083217
1155523.3693218757
1155555.2151786028
1157197.2345938399
1163575.302486316
1163619.2410058002
1166534.9932261258
1166550.305064552
1166591.3703083312
1166591.3703083312
1166597.8086596695
1166599.4182475042
1166599.4182475042
1166601.0278353386
1166602.6374231733
1166604.2470110077
1166604.2470110077
1166607.4661866769
1166609.0757745116
1166609.0757745116
1166610.6853623462
1166612.2949501807
1166613.9045380154
1166615.5141258498
1166615.5141258498
1166617.1237136845
1166618.733301519
1166620.3428893536
1166621.952477188
1166623.5620650228
1173789.447104529
1175898.0809598083
1176127.9522401826
1184604.383064994
1184666.2945466307
1184666.2945466307
1184685.8309766229
1184689.0870482882
1184692.3431199535
1184695.5991916189
1184697.2272274515
1184700.4832991168
1184702.1113349495
1184705.3674066148
1184733.0440157703
1184750.9524099298
1184752.5804457625
1184754.2084815952
1194903.4853264752
1195246.5350752173
1207565.1120171412
1208956.6260661245
