8284.027428586069
8289.986131973646
8379.431250780677
8379.855554737069
150755.5185456828
433399.0915642045
433401.4851919585
433402.2830678765
433403.08094379446
433403.8788197125
433404.6766956305
433405.47457154846
433406.27244746644
433407.0703233845
433407.86819930247
433408.66607522045
433409.46395113843
433410.2618270564
433411.05970297445
433411.85757889244
433412.6554548104
433413.4348827303
433414.2143106502
433414.9937385701
433416.5525944099
433416.5525944099
433418.1114502497
473162.5661934029
473232.5625102088
473232.5625102088
622728.4425213545
622735.0561286748
622736.1583965615
622737.0669604682
622737.9755243747
622738.8840882814
622738.8840882814
622740.7012160947
622741.6097800012
622741.6097800012
622743.4269078145
622743.4269078145
622744.3354717211
622745.2440356277
622745.2440356277
622746.1525995344
622747.9697273476
622748.8782912542
622753.4211107873
622754.3296746939
622756.1468025071
697069.0691767902
697073.3168283536
697142.1186372823
697142.3861332549
697144.5261010348
697144.7935970074
