8015.08328822755
8029.804790714506
8213.0487558811
8213.0487558811
10350.599848188349
10746.364751512512
10755.662542556905
10794.20041059607
10794.638550551039
10797.267390280851
10798.14367019079
10798.581810145759
10799.019950100728
10799.896230010665
10800.334369965634
10801.648789830542
10802.525069740479
10803.839489605387
10805.153909470293
10806.468329335199
10815.470952409929
10830.100214906366
10834.601526443732
10835.164190385902
10836.852182212415
10837.977510096756
10839.665501923268
10844.600341416075
10845.329037341182
10846.786429191394
10848.243821041606
10849.70121289182
10850.429908816925
10851.887300667138
10852.615996592243
10855.530780292669
10898.966591828432
10909.887806705974
10913.300686355205
24198.276008954967
24210.045831745287
24212.18579952535
24215.395751195436
24216.465735085465
24218.605702865523
24219.675686755552
24221.64962255268
24223.457526366867
24230.689141623618
24231.59309353071
24234.304949251993
24235.208901159087
107827.32673774697
177851.5599768119
177852.19643274648
177871.7928187324
177872.41543866842
221109.8740988185
221198.25845773454
221285.97868871884
241899.5227221046
241946.74498525122
241987.14148909933
241999.2710478527
242006.5487831047
242044.1504152401
242050.15985062247
242207.08774649375
242207.08774649375
242310.05063591147
242312.6794756413
242333.71019347978
247619.65198620243
281532.113416755
326272.4935864382
326292.78638435254
349813.7210829231
361464.74337745697
368003.01829746756
387285.0273357055
387300.6758500972
392682.9530889187
395950.49479708803
433278.2802366212
433280.78916436335
433281.41639629885
433282.0436282344
433283.2980921055
433284.55255597655
433285.17978791206
433285.8070198476
433287.0614837187
433287.0614837187
433288.31594758976
433288.94317952526
433290.1976433963
433291.4521072674
433292.07933920296
433292.07933920296
433293.333803074
433293.96103500953
433294.5882669451
433295.2154988806
433295.84273081616
433296.46996275167
450534.15025510127
450591.01620925666
451247.8110617527
542649.6721316726
602149.7421443877
625440.044582662
700128.1485063848
700136.6714815088
700192.5689157638
700192.5689157638
723590.0357750241
991889.0680878458
1063072.4858997723
1063076.0140794097
1063105.4155763877
1063105.4155763877
1108856.1741542264
1108859.6792738663
1139474.8239273098
1145867.516470283
1145890.760947894
1145912.8432016245
1145932.5364396006
1145962.9802484715
1146300.6662417648
1147504.3612220518
1147505.4911619357
1147597.9848124292
1147599.2116043032
1154605.1156042519
1154778.8726863938
1154861.4136419103
1154894.509350509
1155126.2669386892
1161147.4490838456
1183425.722018134
1183448.6021477825
1183463.162230286
1183465.2422420722
