166026.6883601459
166036.40584314716
261255.73883271572
342881.08791944373
342888.22729470994
342891.7969823431
342892.9868782208
342895.3666699762
342897.7464617316
342898.93635760935
342901.75890131923
342903.1701731742
342904.5814450292
342905.9927168841
342908.815260594
342910.22653244896
342915.8716198688
342915.8716198688
342917.28289172373
342922.9279791435
342929.9843384183
342935.6294258381
342942.6857851129
342945.5083288228
342946.91960067773
342948.3308725327
342949.7421443876
342951.15341624257
342952.56468809757
342956.7985036624
342958.20977551735
342959.6210473723
342963.8548629372
342966.67740664707
342970.9112222119
342975.1450377768
342979.3788533416
342980.7901251966
342982.20139705157
342983.61266890645
342985.1991967434
342991.54530809115
342993.13183592807
342994.71836376505
342996.30489160196
342996.30489160196
343004.23753078666
343010.58364213444
343010.58364213444
343013.75669780833
343015.34322564525
343016.9297534822
343018.51628131914
343024.8623926669
343024.8623926669
343028.03544834076
343029.62197617773
813084.2723770053
973646.1102588164
973647.4108426827
989189.4064933109
