69234.44676823741
79688.61828978089
79789.00307146356
79790.45123931472
79796.24391071936
79806.36724967891
97197.26739028085
97200.33436996564
97756.69832078379
97756.69832078379
97832.53342898961
99752.70714763843
102058.4071306637
103701.52420178779
104050.4311899279
104086.6492222055
104639.25900540949
105948.60567083776
105967.34883691136
105977.79962783726
105981.59991544667
105987.3003468608
105987.3003468608
117182.16360427764
121442.4059264194
123443.00830480193
128011.10159530344
128019.07113048436
128031.02543325571
128031.02543325571
128033.68194498269
128036.33845670965
134967.68026032174
145733.34622985052
161528.03333450767
178216.44754330956
190422.89755275776
190435.74658343714
190443.08888668253
192165.34786967258
192165.34786967258
193118.85571167315
193274.73207165254
198590.55500930408
198591.54658920216
220556.36958770646
220564.57894686272
220592.490767994
220594.13263982526
220595.77451165652
220595.77451165652
220597.41638348775
232514.5095426754
232792.24415413046
236211.85732267023
236216.3263502109
257701.83807397776
287390.15530267847
287865.68012580514
287865.68012580514
287908.2027614347
287929.5101992448
292536.87005371053
303154.2510144798
352040.0946741014
352556.25121305196
371629.94084470056
376857.0104634739
384319.1150085354
384357.49606859067
477411.1170967463
801919.050440542
802931.5918764753
805942.2175390498
805967.1592324864
809987.2501273104
816526.751839195
816528.9655989675
835819.7604963024
876865.942881667
916254.1114374385
1002698.4143048852
1018321.267531203
1018802.4927857438
1148894.2103392063
