29646.06208904362
29681.03026944966
31553.119281040515
37312.9209650609
39108.64910049996
39116.24967571878
48554.72054165372
56848.917429194604
61575.06394345175
69309.42404453142
72860.78359153058
79809.23591338408
79825.01356376249
79928.52528112377
79928.52528112377
84813.86879501905
84816.05488279436
85690.9419688754
85710.93037482104
85716.66770223135
96385.32026173097
96390.15363723421
97193.32413068613
97195.51483046098
97782.35026214735
99807.44235801286
103832.57416831877
121442.4059264194
123443.00830480193
123469.79479804887
123505.10426641983
123506.48786627763
124927.32039624761
124937.4483472067
124967.55548011235
125068.91339369501
125068.91339369501
127414.30424464095
127415.35116853335
128052.27752707148
128056.13777067473
128057.341502551
128058.54523442729
128059.74896630357
139711.32008878098
176246.99460972555
176248.49812157103
192018.40495277505
192309.5512588517
192362.71838938727
192363.54854930195
193207.7566145361
193260.32418513336
197228.451681298
197248.55999923134
197382.39100147647
198594.52132889643
198595.5129087945
198596.5044886926
206751.12382257893
206766.398765009
206816.90938381766
206818.0024277053
216901.96874729765
216930.85831232843
216937.2782156686
216946.90807067888
216950.11802234896
216953.32797401905
216959.74787735922
220210.6356552402
220462.84746131848
220468.62168472502
220478.72657568645
220478.72657568645
220480.1701315381
220481.6136873897
220483.05724324135
228374.20688020653
236158.22899218203
242232.9149438393
248290.1075812945
248307.7484794814
252696.76705238782
287974.52331461845
371656.0954940124
398336.8125318276
398351.70929029654
398368.09572461236
398374.05442799994
398382.67425511405
398389.59225440305
398400.6610532654
401779.965345948
418583.7856188887
423586.5783127128
423631.14867613197
477492.5419483776
477499.349259678
477510.69477851194
477554.2643380339
477576.5956397388
741830.4016603199
802010.2527311684
802887.4458170126
802909.712550724
804913.4234167871
805689.447681029
805713.7575305304
810438.5711769246
816511.2555207877
816513.4692805602
929073.4685118935
938137.7447962873
938149.4961710795
938156.2112423893
945170.4260654841
945278.0470744229
945278.0470744229
945699.6022790964
945704.1819946257
945705.7085664688
945711.8148538412
945713.3414256844
948282.0452936788
1000632.3630412293
1027895.3173472035
1027917.7870088941
1029818.1337415806
1030014.19445343
1030014.19445343
1030280.9525060132
1030299.6541640911
1030354.5092864531
1042259.7957268544
1049866.6617130374
1054534.6878092682
1088742.2295814932
1105468.4068424138
1105479.7569732473
1112670.3623302127
1119706.1659230883
1133333.8035864702
1133371.091602638
1139142.1696254993
1163049.8712163188
1166663.8571048814
1166680.5064231702
1166700.485605117
1166703.8154687746
1166708.8102642612
1166715.4699915769
1166720.4647870634
1166723.7946507211
1166738.779037181
1172976.2777961048
1172986.1659230883
1172989.8739707074
