26450.831921442277
36837.765101896366
36845.153525137
36851.310544504195
36889.48406458081
36890.71546845424
49974.79670370144
50061.497682790505
51585.694346136974
58751.02594570011
143997.5002962569
144089.69877878096
156153.71640686804
156159.8503662376
156305.02227531717
156305.02227531717
176237.22178273
178220.93040684884
178234.07921749743
178234.38822146566
178236.24224527512
178236.55124924335
178236.8602532116
178237.78726511632
178238.09626908458
178238.71427702103
178239.64128892578
178239.950292894
178240.87730479875
178241.4953127352
178241.80431670346
178242.1133206717
178242.42232463995
178243.34933654466
178243.96734448115
178244.27634844938
178244.89435638586
178245.20336035412
178245.8213682906
178246.4393762271
178257.69265507048
178257.95553904347
196718.36453372365
196724.54461308848
196725.78062896145
196727.0166448344
196729.48867658034
196730.7246924533
196731.96070832628
196733.19672419922
196734.4327400722
196735.66875594517
196736.90477181814
196738.14078769108
196738.14078769108
196740.61281943702
196741.84883531
196743.08485118294
196743.08485118294
196748.02891467483
196750.50094642074
196751.7369622937
196752.97297816668
196764.09712102337
196793.46633400486
196794.5916618892
196795.71698977353
205421.56276322826
205430.94357026412
205517.6998933475
205519.72456113942
208547.69595393122
208551.19646157147
208572.19950741282
208572.19950741282
209437.71039845757
216325.45958255
216335.44917352326
216337.11410535214
216343.77383266768
216345.43876449656
216347.10369632544
216348.76862815433
216355.42835546986
216357.09328729875
216358.75821912763
216360.4231509565
216366.451034337
216368.63251011277
216370.81398588856
216372.99546166437
216381.72136476752
216383.90284054333
216386.08431631912
216388.2657920949
216394.8102194223
216401.35464674968
216403.53612252546
228365.94217705596
228382.4715833571
249701.20418026514
249728.419589468
249733.71416492385
249750.9215351553
273578.8170861771
393275.8394639832
393283.05724324135
393284.500799093
393285.94435494463
393293.1621342028
393294.6056900544
393296.04924590606
393297.4928017577
393304.71058101585
393306.1541368675
393309.0412485708
393314.8154719773
393316.2590278289
393317.70258368057
393319.1461395322
393326.36391879036
393327.807474642
393329.25103049364
393330.6945863453
393338.30899756274
395337.78604806087
395353.5590864397
450326.2228684715
515759.6210473723
515773.73376592185
515872.4582277751
515936.58346918446
515937.7872010608
712251.2227884021
712255.0830320054
712256.3697798732
712256.3697798732
712258.9432756087
712258.9432756087
712261.5167713441
712261.5167713441
712264.0902670796
712264.0902670796
712265.3770149474
712266.6637628152
712267.9505106829
712269.2372585507
722843.2561997764
722850.3817390441
722855.8976904772
722864.1716176268
811996.200224835
812118.727216242
813491.5903391421
813491.5903391421
830675.6054050073
852406.3140835733
852513.7782845284
852521.9322996903
852729.2001703877
852730.3670062679
852738.5348574284
852740.8685291886
852767.2722264747
889439.5034413844
889445.111632808
889468.1439584407
889468.1439584407
949810.932360543
949862.093271285
949863.0710151844
949950.4222862066
949973.048755881
949992.557513876
950008.1645202719
950053.5189236106
950112.603249538
950199.6178445948
950199.6178445948
951008.2766174828
987697.4246466536
987717.569860583
988492.6532769217
988496.5688645192
988570.6421889062
989897.6712605171
1029629.5029609677
1045559.5706997109
1054158.666875915
1081087.4080242387
1083568.700665217
1083608.017961176
1083885.7018406363
1083885.7018406363
1083994.1299494922
1083995.9931973007
1084022.0786666197
1084198.9765204384
1084207.7208715398
1084213.5504389408
1084430.1898926748
1084816.228088999
1084816.228088999
1084873.5275711098
1085938.977865605
1085953.03524016
1086053.3739018475
1086056.7222135034
1086070.115460127
1086071.789615955
1086098.5761092019
1086379.2255043574
1086391.4288551032
1086394.1407108244
1086395.4966386852
1087484.1083948
1087667.1263719897
1087942.416623696
1087942.416623696
1088261.9543988546
1091036.3995657035
1091092.2923879588
1091104.6156506923
1091120.019729109
1091166.2319643595
1091167.7723722013
1091175.4744114096
1104207.6937119872
1104235.8084610975
1104244.0085962547
1104266.266105967
1104494.6892184902
1104496.1097143441
1111610.7600511163
1111619.6519862025
1111664.8541935566
1111666.892697347
1111760.6638717095
1113693.7604130302
1116087.6187669947
1116129.085254733
1121444.7283244028
1121493.8553433537
1121562.495732299
1121562.495732299
1121634.0601289438
1125129.443837696
1126931.6610564683
1127620.9612816235
1127623.3134013817
1127659.766645635
1127660.3569815743
1127665.6700050284
1127669.9960605837
1127671.1167764685
1127672.611064315
1127673.3582082381
1135523.0782534615
1143751.3835037744
1143769.241165939
1143871.4707474322
1143871.4707474322
1149463.0774207392
1149471.3098398931
1149532.1190536434
1149532.1190536434
1171584.0350511966
1171601.814309369
1171610.1112965164
1171611.2965803947
1175000.1892200918
1175046.567487325
1175375.260081543
1176053.2378478616
1176053.2378478616
1176154.9739454053
1183855.3574459772
1184319.066326318
1184338.925596277
1184363.6228537387
1184366.52841344
1184392.6784507523
1195345.877545007
