5531.143359521377
15270.224354560274
15293.459608172207
15295.57190395511
15297.684199738012
15298.740347629464
15301.461427349797
15302.821967209964
15309.624666510797
15564.253160340644
15564.253160340644
20779.732824305236
20789.73163927758
20792.231343020667
20794.73104676375
20795.980898635295
20798.480602378382
20799.730454249926
20802.23015799301
20802.23015799301
20804.729861736098
21061.51677134411
21141.890087083517
21143.149162954112
59019.34285412309
85229.47913230353
106127.82797241768
106476.3291045995
115059.42625444786
115061.5108782336
115062.55319012648
115063.59550201935
116104.56991503031
127536.41615609056
127537.63372396542
135245.4471557735
160021.98488929603
160618.8421959523
160731.52256837132
160731.52256837132
162201.80956925845
162301.27195103595
162302.46184691365
171490.4319585945
171621.37584913638
171621.37584913638
171626.00629666046
176231.40143932818
176234.21475903905
176234.96651496176
179985.71202546847
183467.59179960864
185105.59416325839
193416.56028107574
193426.44840805946
193428.9204398054
193444.98864615394
193864.09026707962
193864.09026707962
193923.0039490246
194307.02208955606
194307.02208955606
194641.99161512865
194641.99161512865
194695.0987896704
216475.52482312662
216525.61574997837
216525.61574997837
216530.27848149915
216533.38696917967
216534.94121301992
216541.15818838097
216615.2868567622
216831.01313459032
216831.01313459032
217023.946910761
217052.8364757918
217059.25637913198
217062.46633080207
217068.70175416121
217073.37832168056
217076.49603336013
217082.73145671925
217085.84916839882
217095.20230343755
217096.76115927732
217099.8788709569
217102.99658263646
217106.11429431604
217110.79086183538
217113.90857351496
217115.46742935473
217118.5851410343
217124.82056439345
218609.7137677794
219769.433332586
219816.07909579188
220258.74803429536
228353.5451223301
228355.61129811773
242806.35251690267
242909.5690662943
242916.8652495444
242934.58455172327
242942.92304686623
242954.38847768784
243141.27592247998
243300.57438610765
244236.561241909
244236.561241909
253117.16925717983
279502.00807740475
281582.0336996243
281673.84016218863
281700.65432743274
281700.65432743274
284512.05083448364
297468.7993748178
304075.401067806
304081.9501071329
304108.1462644405
305644.495546538
305645.8560863981
326176.0751243478
326438.7146613543
326538.66591508157
326622.92253442184
326624.0939823014
337758.8259898984
337768.7325648803
337770.3836607106
337776.9880440318
337776.9880440318
337793.49900233484
337798.4522898257
337811.66105646815
337831.4742064318
338315.09770072607
338368.02500728634
345484.9536718242
345489.4734313597
345496.2530706629
345497.38301054674
345497.38301054674
345500.77283019834
345501.90277008223
345503.03270996606
345503.03270996606
345505.29258973384
345505.29258973384
345507.55246950156
345508.6824093854
345508.6824093854
345509.8123492693
345510.9422891532
345510.9422891532
345513.2021689209
345514.3321088048
345515.4620486886
345516.5919885725
352030.5939550779
352035.2105666034
372885.08729169937
373158.3851596104
373283.3426747676
373337.2062172316
373541.68844021537
373542.99363608117
373563.8767699349
373582.14951205684
373582.14951205684
374791.19902379345
375791.0897450269
377990.0357750241
377995.6070704515
378234.07050594274
378234.07050594274
382911.37133322016
384203.7089443966
386636.28964638134
406699.5667923223
406710.7093831771
406713.4950308908
406714.88785474765
406717.67350246134
406720.45915017504
406724.6376217456
406727.4232694593
406731.66169702366
406737.4728164264
406740.3783761278
406946.20730297314
406946.20730297314
410490.29833871935
435465.03675187123
435480.2609623065
435480.74983425625
435483.19419400505
435484.17193790455
455813.11409254104
455868.7578668221
455868.7578668221
481958.1935054079
481960.9607051235
504496.3895089822
504540.9644844009
504617.98026448535
504619.00874037965
511827.88222746766
511830.75089117285
511832.1852230254
511835.0538867306
511836.48821858317
511840.7912141409
511842.2255459935
511845.09420969867
511845.09420969867
511847.9628734038
511847.9628734038
511850.831537109
511852.2658689616
511860.8718600771
511862.3061919297
511863.7405237822
511865.1748556348
511866.6091874874
511868.04351934
511869.4778511926
511870.9121830451
532466.5385982725
535975.278657652
535977.234145451
535977.234145451
545030.630722963
596652.9212853386
596809.9875411958
596937.0481281368
596937.0481281368
598280.9525060132
602631.4885548748
602782.3793433666
602782.3793433666
602800.9749254554
603468.7186648261
603482.536215406
617894.5550861708
687253.3828696245
687271.8493157265
687993.3412975733
688034.82162131
688322.4166877517
688322.4166877517
688447.770834868
688746.2133241947
689179.7228316396
689190.3488785474
695528.0848351691
712454.20611154
712455.5989353968
712456.9917592537
712458.3845831105
712459.7774069674
712461.1702308242
712462.563054681
712462.563054681
712463.9558785378
712466.7415262515
712466.7415262515
712469.5271739652
712469.5271739652
712470.74474184
712535.2758392077
712535.2758392077
739397.7748383399
740277.9841718739
740290.1229546263
740303.9958492004
740426.5874086007
740488.5311742343
740977.5138119778
740982.4578754697
798071.9095279427
801504.768359121
801533.1967241992
801540.612819437
801544.3208670559
801549.2649305478
801552.9729781667
801554.2089940397
801559.1530575315
801560.3890734045
801565.3331368964
801566.4584647807
801568.7091205494
801569.8344484337
801572.0851042024
801573.2104320867
801575.4610878554
801576.5864157397
801579.9623993929
801579.9623993929
801583.3383830459
801584.4637109302
801587.8396945832
801587.8396945832
801595.7169897736
801596.8423176579
801599.0929734266
801601.3436291952
801602.4689570797
801604.7196128484
801605.8449407327
801608.0955965014
801609.2209243857
801610.34625227
801612.5969080387
801613.722235923
801614.8475638074
801617.0982195761
801619.3488753447
801620.4742032291
805909.4677304158
806072.2989856804
806072.2989856804
837436.3216741559
837437.9866059847
854877.2620096147
884076.3291045995
915263.3340272685
916600.5556178319
916649.4335888082
916650.7572326722
916653.4045204001
916735.3228559807
916739.7918835215
916741.2815593684
916742.7712352152
916744.2609110621
916745.750586909
916747.2402627559
916750.2196144497
916751.7092902965
916753.1989661435
916754.6886419904
916756.1783178373
916757.6679936842
916759.1576695311
916759.1576695311
916762.1370212248
916766.6060487655
916768.0957246125
916768.0957246125
916771.0750763062
916771.0750763062
916774.054428
916774.054428
916777.0337796938
916778.5234555406
916779.9070553984
916779.9070553984
916782.674255114
916782.674255114
916785.4414548296
916785.4414548296
916788.2086545452
916789.592254403
916792.3594541186
916792.3594541186
916793.7430539764
916795.1266538342
916796.510253692
916797.8938535498
916807.5790525543
916807.5790525543
970371.8488673378
1056427.1572467645
1056485.1577528033
1056485.1577528033
1081273.5898331031
1082695.3908829738
1082703.1390421775
1082704.2459220637
1082704.2459220637
1082705.35280195
1082707.5665617224
1082708.6734416087
1082710.8872013811
1082713.1009611536
1082714.2078410399
1082715.314720926
1082717.5284806986
1082717.5284806986
1082719.742240471
1082720.8491203573
1082723.0628801298
1082727.4903996747
1082727.4903996747
1082728.597279561
1082728.597279561
1082729.7041594472
1082730.8110393335
1082745.2004778543
1082750.0799733528
1082751.412841216
1082752.7457090789
1082754.078576942
1082755.4114448049
1082756.744312668
1082758.0771805309
1082762.07578412
1148859.2467707996
1162950.51952253
1196413.5000912792
1196513.2438050276
1196542.1149220604
1196612.6462308115
1196613.965262676
