100036.32205848912
100084.84029350252
184380.76770575444
184530.09041440737
184566.48370266697
184621.0436570594
184681.59921083564
186333.86187701975
186333.86187701975
193300.13496504168
220618.76071729403
220625.32820461906
220636.85820343404
220650.14076206888
220671.7249198505
220686.6677983147
222817.63756729834
235710.78202216965
235769.40053614494
265888.6768365527
285967.89305285545
304900.5200670021
352670.15837734484
352764.97186360013
352765.27164356934
373907.04181866517
374112.10054158967
397794.49211956613
397850.2650298339
397857.9578450432
397882.95949447365
397911.9735834916
397941.0291805053
397968.1477377181
397991.3922153291
398049.11600139644
398093.2805088573
398124.82658561505
398145.5436874858
402545.51575926645
406817.3757082142
406902.8591194284
407050.96887220594
419285.38143478025
433681.59959516895
434127.17409337376
434127.17409337376
434129.50315313437
434144.4091356024
434145.80657145876
434148.13563121937
434149.06725512363
434765.539395764
434765.539395764
435447.7463656483
435448.498121571
435954.1070176057
438674.9007939685
447946.80929702235
447974.25069420197
447977.54366186354
455778.0859561411
455799.5548139346
455806.3344532378
455814.2440324249
456167.2464761441
456174.73636337434
456180.08628282446
505463.1752976181
505533.5359623866
520322.69187039003
535520.8721803548
548537.2262025629
549525.1211130292
549525.1211130292
549549.5232025211
549711.7687338459
550336.18273767
550337.1743175682
550905.7877391274
559921.6933724927
559988.5212456243
560021.7276422114
560032.3536891192
560063.3601619324
560065.767625685
560334.4581060696
561893.8258778012
561981.7213647675
561981.7213647675
562034.0767833865
562051.5285895929
562071.161871575
562108.5190677355
562117.8445307771
562139.6039445407
562681.1726008795
562916.9380166479
563440.6720708199
563440.6720708199
563669.9760752525
563760.311309968
564781.9107129702
564783.2712528304
568618.2042026846
568621.0359703936
568626.6995058114
597100.9263072937
610158.0088973158
610171.6880879098
610172.0478238729
610172.7672957989
610173.486767725
610173.846503688
610174.565975614
610174.9257115771
610175.2854475401
610176.0049194661
610176.3646554291
610176.7243913922
610177.4438633183
610178.1633352443
610178.5230712073
610178.8828071704
610180.3217510225
610180.6814869855
610181.4009589115
610342.0599623994
610353.6868132044
610353.6868132044
611224.9119716617
622419.461613111
622442.1710987769
646689.8969666495
646715.5120120167
646721.3415794176
646724.2563631181
657843.0954203485
682677.0156519733
682781.0070172854
682781.0070172854
693028.9898760205
695395.3976088064
695398.3954084982
695399.2947484058
695487.7298393167
695487.7298393167
695978.2067649065
697965.7064526357
698061.1010508313
703376.5227445241
712548.4846058502
712550.8459496076
712550.8459496076
712552.0266214862
712553.2072933648
712554.3879652434
712554.3879652434
712556.7493090008
712556.7493090008
712557.9299808794
712559.110652758
712560.2913246368
712562.652668394
712562.652668394
712565.0140121514
712669.0422734595
712669.0422734595
714264.2037735124
715461.4235064648
739611.2965803945
739655.9084518094
740324.9204910499
740326.6776628692
740337.2206937857
740368.8497865349
740372.3641301737
740377.6356456319
747991.1936431273
747991.1936431273
748022.8042878784
748046.1686774772
748053.0405567709
748066.7843153583
748083.2629896646
748097.9107001591
748116.2203382773
752716.7636574438
752823.4622664775
753398.17275141
753399.3810952859
753942.8360594307
753943.8460873269
753985.566235039
754187.5441422802
754188.8401141469
757933.6776532609
762439.0938702042
767807.6181264392
768522.9761489164
774574.9664509062
778633.6182737671
778638.9451332196
781453.9482238998
806244.8338879476
821511.2441188999
826826.5874086007
826848.3514343639
827649.8016519926
827649.8016519926
860328.4701933517
865570.9023825462
865582.5615173479
866162.6219217306
866162.6219217306
866175.918316364
866203.4104455385
866330.2035365069
866378.3712595563
866950.9694487059
866962.0105755711
867231.8402198387
889540.4877830055
899468.5823546179
900795.122554279
901619.8218615183
901619.8218615183
901690.8466542185
910939.9442076168
911027.7474545926
915683.0721041288
915825.3107815097
915825.3107815097
915884.2106274561
915889.3299469299
915892.7428265791
915899.5685858777
915902.9814655269
915906.394345176
915950.7617806161
916003.5783991878
918159.1716336407
918159.1716336407
918223.0708870733
919035.497663574
919037.3885833796
927636.9090635399
930836.2116267227
933177.4378420967
933221.1042536087
933224.7431212348
933233.2338123621
933248.9745667443
933252.5304183788
933257.2715538915
934173.6112917121
934173.6112917121
934709.147452671
937083.8106646084
937134.4873153999
937630.577044413
937631.5317283148
937677.8177555576
953649.0798740668
959456.8832491536
959482.226186549
959509.1372037831
959863.4356193691
959865.8523071208
984541.5625070061
984572.2599758512
984574.1785676539
984599.1202610905
999460.6430536562
1001608.229856932
1019181.5161307886
1020549.1769182234
1020554.3884776878
1038773.7282571446
1043417.6474318529
1046034.1454509351
1066498.685003635
1123961.4918537356
1157684.8705277217
1179895.0703490067
1181796.8652495444
1181796.8652495444
1184302.352440036
1184356.3589544853
1184373.7923126935
1184402.847909707
1184428.255415096
1184464.003023422
1184501.3048755883
1184531.4858004863
1184547.4340948472
1184568.2895567035
1184583.0110591906
1184595.5695338997
1184609.4193684764
1184628.3055065353
1184639.6371893706
1184661.4104391327
1189946.62814793
