7327.982986846194
15754.46124479148
15769.090507287918
15772.46649094094
16504.201723734823
85408.80750987255
85622.67976389124
97005.93858994519
169110.06370324348
202684.62237652493
202698.67513908062
202944.76682178784
202944.76682178784
202950.79931716784
211932.57615404078
228388.67011072004
250012.75858424426
250167.68487232126
250170.47052003496
250177.43463931922
250187.18440631716
250201.11264488564
250209.46958802672
276433.0360088268
276442.10781189444
276444.69975562807
276445.9957274949
276447.29169936164
276448.58767122845
276449.88364309527
276452.4755868289
276453.7715586957
276455.06753056246
276457.6594742961
276458.9554461629
276466.7312773637
276468.02724923054
276469.3232210973
276471.9151648309
276473.21113669773
276474.50710856455
276477.0990522981
276478.3950241649
276479.7555640251
276482.47664374544
276483.8371836056
276489.27934304625
276490.63988290646
276490.63988290646
276493.36096262676
276493.36096262676
276493.36096262676
276494.7215024869
276494.7215024869
276496.0820423471
276497.44258220727
276497.44258220727
276498.8031220674
276498.8031220674
276501.5242017878
276501.5242017878
276501.5242017878
276502.8847416479
276502.8847416479
276504.2452815081
276505.6058213683
276506.96636122843
276512.4085206691
276512.4085206691
276512.4085206691
276515.12960038945
276515.12960038945
276515.12960038945
276517.85068010975
302322.86891992734
302356.80401243956
302390.7391049518
302406.4014553421
302422.06380573235
302456.520054191
302502.45556946984
302521.5953675027
302540.73516553553
302544.56312514213
302550.305064552
302552.21904435527
326241.5286216207
326281.6253454996
326281.6253454996
352031.65932696837
354781.7346883217
354790.36835143436
387192.50601321465
395880.2955523029
430411.6827072437
430536.33583043213
430570.74134689604
430573.37018662586
430574.6846064908
430578.6278660855
430579.9422859504
430581.2567058153
430582.57112568023
430585.19996541
430586.5143852749
430590.45764486963
430591.77206473454
430754.2528080351
430754.2528080351
435453.0086571074
544191.5465892021
544199.4700043878
544200.4569722863
603222.8068501004
619354.5112081197
786164.0219198088
786178.8956182802
786178.8956182802
790860.6700850978
790891.053937975
790891.8979338882
790917.2962152779
819596.7754436648
819602.7710430486
819611.1648821859
894921.353749972
894922.9172178113
894922.9172178113
894924.4806856506
894926.0441534899
894929.1710891685
894933.8614926864
894933.8614926864
894936.9884283651
894938.5518962044
894938.5518962044
894940.1153640437
894941.678831883
894941.678831883
894943.2422997224
894944.8057675617
894947.9327032403
894949.4961710796
894951.0596389188
894951.0596389188
917135.4922188522
924265.2422420724
925054.9964289032
927890.9979534253
954900.905681407
956978.6114678648
961489.469844249
992898.5425440943
993163.893936822
993165.1714606907
993179.2242232463
1034351.9137556088
1034389.1049197864
1034800.9749254554
1034802.3031813188
1049716.4581124752
1053165.5004499902
1053210.4628333692
1053285.0388657043
1054476.3552392635
1054677.7381985658
1055388.6640894983
1055393.3683290149
1055501.9255738575
1058339.375266231
1058353.441864785
1058717.5500033628
1066150.7373113963
1126506.1026362062
1162996.15064584
