371752.998216053
477714.5082615644
766681.8751621406
766872.4614305526
766872.4614305526
802211.8801264457
802937.7627318411
804570.2353080591
805536.467656752
805586.0650996544
810472.5201054355
810486.4990759988
810488.4960717935
810496.4840549725
810498.4810507672
810523.1183522351
812254.153970323
813191.9487299386
813863.1284089563
816412.9461388916
816415.0861066717
836766.7700309708
837348.859715145
837348.859715145
837380.8854398534
839450.8707391049
852477.0852162996
852477.0852162996
852483.200727671
852485.2392314615
852485.2392314615
852487.277735252
852489.3162390426
852489.3162390426
856976.9854818097
856981.5790333376
856982.7274212196
856983.8758091016
856990.7661363934
856991.9145242753
856994.2113000393
883986.099945873
883987.0500177754
883988.9501615801
883989.9002334825
883990.8503053848
883991.8003772872
883992.7504491896
889691.2909435062
916348.777339709
916442.8067860449
916442.8067860449
916447.0129296125
916449.1160013964
916451.2190731802
916453.3221449641
916455.4252167479
916818.6478514167
916821.4150511323
916822.7986509901
916824.1822508479
916825.5658507057
916826.9494505635
916828.3330504213
916829.7166502791
925985.753277242
925990.8080287225
947599.3586758437
947604.727043292
947606.069135154
947610.0954107402
947610.0954107402
947612.7795944643
947658.4798977673
947659.669793645
948274.1357144916
1026369.9815199741
1026376.5674552972
1026376.5674552972
1026377.5083032005
1026378.4491511039
1026379.3899990071
1026384.0942385236
1026385.0350864269
1026385.9759343303
1057781.2264715962
1111788.234404876
1125559.2591335205
1125567.233280701
1126085.5436234302
1163211.051375753
1199785.1115687524
1206390.2143618944
1206408.9759759663
1206410.0182878592
1206410.0182878592
1206413.1452235377
1206414.1875354305
1206415.2298473236
1206417.4067111
1206418.495142988
1206678.4873922665
1206678.4873922665
