528975.135812468
528981.5722919643
533525.0006494548
533830.7169217368
533858.4432949518
559435.2083985972
560014.5300621184
562435.9996638116
567262.2535318882
596844.6103652993
622328.393095913
629525.6534661787
655046.9878284523
655067.3205021432
660926.5303066191
660953.1564269287
661081.3909030479
687432.5140014823
688333.9732118981
688357.6946645376
688531.4300995576
688531.4300995576
688538.9228218431
693236.1720367668
756886.8038417164
756890.5997142398
756891.865005081
798361.9373619909
799527.1381963494
799530.3069247168
799536.6443814517
800166.3081166573
800174.4334843634
800244.5691058153
800246.1314649408
806907.1505741944
806912.3437679077
806922.7301553342
808511.6713911322
809213.445701755
813240.8499453694
817622.8216902635
818043.6354189748
822258.5777703068
822299.9307757546
841830.800663208
841871.3504840349
841872.8523292508
844833.0112546703
844887.7818442989
844888.9811199658
845005.9490063342
845006.9942465943
887926.3747430833
918780.2718541553
918787.6875587375
918791.3954110285
918793.249337174
918795.1032633195
945588.7150727008
945643.6727053233
945732.7271754827
945732.7271754827
978777.4148641111
988427.6230716922
988896.8314244455
988932.1220363848
988953.3349124
988971.8961789133
989103.321388458
989103.321388458
989131.2183008733
1001501.3012018735
1002247.195654001
1008169.8515422642
1008184.9800197129
1008194.0571061821
1008215.5395441592
1008217.0798982267
1009554.3162768665
1040514.1787452532
1058994.4831485571
1069731.603695016
1118898.1211653512
1119030.371564575
1119046.737826542
1119075.206870468
1119139.076551624
1119195.7340749854
1119196.795819039
1150327.9456597315
1150345.3736657521
1205497.4869918015
