7634.632905202515
7636.464826289932
8114.607232634723
8115.278386906989
8130.043780896858
40587.119400362164
250150.9039647308
515841.91199504887
600483.7408598782
606862.1160002751
606870.5659425883
631959.7319661672
632179.7660434446
632185.9879736245
632192.2099038042
632194.2838805309
632196.3578572575
632198.431833984
632200.5058107106
632202.5797874372
632204.6537641638
632208.801717617
632215.0236477968
632217.0976245233
632219.17160125
632221.2455779766
632225.3935314297
632227.4675081563
632229.5414848829
632231.6154616096
632233.0512916511
632234.4871216925
632234.4871216925
632235.922951734
632240.2304418585
632241.6662719
632244.537931983
632247.409592066
632248.8454221074
632251.7170821904
632256.0245723148
632256.0245723148
632257.4604023563
632258.8962323979
632263.2037225224
634377.5047180983
634386.5708020385
634387.704062531
636343.3100803032
636347.056441446
636350.8028025887
636353.3003766838
636354.5491637314
785628.8975313075
864128.6745772813
864156.2084062378
864360.750922608
864361.9171906876
864390.9253585372
864407.8582507507
864463.503541439
864472.6356405534
932505.9708585794
979946.9066848004
979955.9727687405
980065.7339985789
980066.5426844642
988052.8109169538
988056.7883312068
1007273.8770925817
1115061.7593349582
1115067.8437335247
1115068.71293332
1200530.7693365628
1201778.8522222817
