894145.499277959
894766.7185721162
894838.900663972
897344.677144538
897352.9455451219
897354.1888309049
910147.9516194348
974186.191520412
974303.2694320708
974339.027651495
974360.8731729308
974625.0438955065
1057877.3248573109
1057952.2740852237
1058915.9856050245
1059108.8929469204
1064765.6122066947
1065857.9047822799
1066438.728291017
1067771.9652503459
1068591.5601433385
1068685.0651365
1068709.4247358246
1068737.84426837
1068826.299100696
1069306.658516645
1071673.087966748
1071689.9108336708
1071895.5646054754
1071933.1932548385
1072017.8632171701
1072086.2109276508
1072876.4675769222
1072894.5887422734
1072983.247121387
1072997.8804850283
1073018.7852902298
1073045.961536992
1073061.717158597
1073349.191237708
1074026.1988554313
1074097.9133398025
1075921.4835076672
1075954.9642035773
1075976.6281832836
1076025.7874830952
1076054.7516408286
1076097.2324055044
1076148.7572490622
1076249.6614430123
1076263.3595916838
1076279.79737009
1077562.032105991
1078287.0712642977
1078305.3629688493
1078540.052414826
1078541.559761306
1078562.6626120307
1078564.1699585114
1078608.9282467011
1078610.1715324842
1082318.0128210026
1082325.1644648875
1082412.8546214444
1082438.2704635581
1082549.61605758
1082550.9913737117
1082557.86795437
1084152.6845406827
1084207.3120974335
1084859.8720955998
1084895.1131961583
1084927.3286012271
1085604.4022341245
1087151.1927811182
1087497.9814943573
1087517.2799303173
1087548.125520519
1087596.4211217996
1087811.0804636343
1087928.2243904674
1088602.173305114
1088624.552449209
1090617.682592318
1091107.59770475
1091142.1786535655
1091410.711878911
1093946.2777068897
1093997.9895934411
1096340.2959985943
1096967.8582507507
1097067.563169034
1098243.3924464583
1098897.9659074412
1099904.1911995048
1101157.72583837
1101341.3855545963
1103619.0355977658
1103898.8134078041
1104490.2103469616
1104564.1088333498
1105009.5352195539
1105683.929736627
1105942.2471137464
1105943.2263388322
1106423.4702282262
1106438.3346449775
1107744.5438916862
1109622.7471175666
1109777.2006204203
1109856.847928239
1112265.7361379596
1113446.8191230067
1115916.8758930003
1116034.712979164
1116200.5540995882
1119203.166283361
1121353.6215894069
1121609.7769695672
1122774.7027406995
1124318.8581819849
1127125.0147082421
1129623.1389298511
1131955.460539888
1133280.7591745048
1134510.9849555697
1136892.9334729023
1141560.5253707625
1141784.7019002286
1142003.6632309232
1142052.5804750954
1142092.3876252112
1143711.2227324476
1143714.1053950596
1174876.9755270134
1174918.251514758
1182225.179593365
1187149.460494044
