34767.88178393784
34773.42705858083
61723.83040823967
70185.1328326164
79069.43298772148
95678.06966740271
95680.51773011712
95715.67631170776
95715.67631170776
95739.60681239924
95739.60681239924
104073.5604642456
104080.55807272365
125772.27515491407
125786.38589842526
126011.08504802144
126011.08504802144
126013.63763476186
134377.10557079437
167960.3505528007
194587.48309507253
201831.8948035972
201835.14605093256
201841.64854560318
201845.9835420503
276695.66057197866
318354.3162768664
337235.52533255913
340606.55720169016
370040.95202438894
467098.7003262556
467112.81106976676
467114.3789301569
467119.0825113273
474987.574171563
522931.87020071974
559441.6778856807
560082.7732485731
634382.0377600684
634391.1038440085
811596.659509929
811603.3710526517
811628.1817556674
811628.1817556674
826093.2507124902
913504.7462159705
913533.0777282834
932501.4983305191
932517.8976000734
939301.8589689713
939305.6218339077
973630.3547551555
973650.1483049229
1200526.9569602457
1200534.58171288
