21448.555688842363
21452.758654940822
21454.86013799005
46151.34039838323
64340.9634853567
79085.14459920995
90076.97919452318
102238.69069904262
102568.15042902222
108927.40317392402
108934.14222296931
131720.44590805247
131736.96620542638
131745.91126154692
131748.89294692042
131754.85631766747
131756.3471603542
131762.31053110125
131768.27390184827
131771.25558722176
131772.74642990853
131777.2189579688
131778.70980065555
131781.69148602907
131784.6731714026
131787.6548567761
131789.14569946285
131793.6182275231
131799.58159827016
131801.0724409569
131802.56328364366
131805.54496901718
131808.52665439068
134665.92745971467
134721.90282627463
135187.0952559234
136267.8406772668
136308.99013592707
136310.40946217498
136311.8287884229
161938.50136385518
161943.43049687115
161953.28876290313
162032.00085575227
162033.0791035995
162035.235599294
167793.92079707212
168022.9109329992
168043.67270532323
168058.28406390638
168125.99362770194
168127.1158856654
176791.97059879737
176800.55257145915
197280.44010116212
197285.3252240619
197432.90214625723
197432.90214625723
197434.88260148687
197434.88260148687
197436.8630567165
197436.8630567165
197437.85328433133
197438.84351194615
197439.83373956097
197440.8239671758
197443.79465002025
197443.79465002025
197444.78487763507
197445.7751052499
197446.7653328647
197447.75556047953
197448.74578809435
197449.73601570918
197450.726243324
197450.726243324
197451.71647093882
197452.70669855364
197453.69692616846
197454.8962018353
197456.09547750212
197457.29475316897
197458.49402883582
197459.69330450264
197460.8925801695
197462.0918558363
197463.29113150315
197464.49040717
197465.68968283682
197466.88895850367
197470.48678550418
197471.68606117103
197472.88533683785
197474.0846125047
197476.48316383836
197477.6824395052
197478.88171517203
197480.08099083888
197481.28026650572
197482.47954217254
197483.6788178394
197484.87809350624
197486.07736917306
197487.2766448399
197488.47592050675
197490.87447184042
197490.87447184042
197493.2730231741
197494.47229884093
197495.67157450775
197496.8708501746
201207.0996874976
201218.03620137685
201218.03620137685
201228.97271525607
201240.10727465828
201243.6280839554
201243.6280839554
201245.388488604
201252.43010719825
201252.43010719825
201254.19051184683
201254.19051184683
201255.95091649538
201266.5133443868
201266.5133443868
201266.5133443868
201268.27374903538
201270.03415368393
201270.03415368393
201280.59658157534
201291.15900946676
201291.15900946676
201292.9194141153
201294.6798187639
201294.6798187639
201298.20062806102
201299.9610327096
201301.72143735818
201301.72143735818
201301.72143735818
201303.48184200673
201307.00265130386
201307.00265130386
201308.76305595244
201308.76305595244
201310.52346060102
201310.52346060102
201314.04426989815
201317.56507919528
201319.32548384386
201321.0858884924
201328.1275070867
201347.50296075002
201348.68023135874
201348.68023135874
201349.8575019675
201351.0347725762
201351.0347725762
201355.74385501113
201358.0983962286
201358.0983962286
201358.0983962286
201359.27566683732
201359.27566683732
201360.45293744604
201363.98474927223
201365.16201988098
201368.69383170715
201371.04837292462
201372.22564353334
201372.22564353334
201373.4029141421
201374.5801847508
201374.5801847508
201376.93472596828
201379.28926718573
201387.53016144683
201387.53016144683
201388.70743205558
201388.70743205558
201389.8847026643
201714.37128951168
232791.3996897898
271127.401645795
583202.6736145599
693349.7841517738
693381.9995568426
693392.4739645015
693424.6288556606
798282.8511831539
861306.454358606
980073.8208574331
980487.2298840914
991014.9447963386
991198.2469303708
995014.1000466079
995246.9300651747
995257.7400499699
995426.3097975992
995530.3662161233
995569.1336272436
995583.5469403036
995596.5189220578
995680.1491453939
995694.6559799509
995820.1563276002
995895.1055555131
995913.7218346718
996011.6443432483
996145.3580788362
996146.8654253165
996148.2407414482
996156.4926382384
996193.6261737942
996204.6287028476
996314.4449453312
996329.8924961224
996472.0671765524
996473.640538207
996878.775663017
996878.775663017
996919.4410103989
1004353.5638261295
1026829.9757791547
1032353.6139487618
1032368.7974388557
1032396.1277210248
1032441.2821002606
1032548.7327989975
1032548.7327989975
1034146.4155441285
1039642.7454366246
1039644.6598766799
1039646.0957067214
1144382.6410654115
1203034.4993467247
