823833.9913966336
823836.543983374
824405.0611633646
824909.9947279549
824930.4044193492
825133.2030348642
825240.4281817556
834596.4287624446
834596.4287624446
834596.4287624446
834597.9966228348
835935.4310469975
835936.949396007
836309.2749791793
836310.6998066917
885312.7844803216
894663.2397863675
894691.3182405123
894696.5829506643
894710.6221777367
895852.7892175216
897460.4842640912
912292.0364611588
973998.9724860368
974117.0076177233
974128.0981670092
974138.6605949006
974319.4431497796
974630.688192911
1057863.7697415168
1058921.9489757717
1064749.9005952063
1065854.6535349444
1067303.4555581873
1067317.5277928468
1067777.9286210928
1068568.0422374865
1068704.0114915303
1068810.0703703421
1068842.52783105
1068850.0700647163
1068852.7436792764
1069298.5056426164
1069313.4525783355
1069624.0649760466
1071334.298092131
1071360.5281213946
1071889.293163915
1071903.403907426
1071942.6004171793
1072034.1469601693
1072069.9711947676
1072095.948165863
1072882.5079653726
1073004.1519265887
1073078.3144736742
1073120.993283873
1073356.2328563023
1073379.1181167336
1073426.649042245
1073548.7551096813
1074051.5046722544
1074115.0112699517
1075933.300223871
1075962.8420143796
1075964.8114670801
1076035.4422023396
1076064.4063600732
1076106.887124749
1076255.140702481
1076283.9068146914
1078293.8103133428
1078552.1111866685
1078553.618533149
1082339.4677526571
1082359.4923555346
1084145.2578335716
1084146.7431749937
1084167.537954905
1084185.3620519717
1084191.3034176608
1084203.1861490384
1084218.8647529397
1084765.5364114945
1084766.4936315222
1084817.6773966795
1084820.9231427503
1084877.6631850793
1084900.4824303365
1085029.8721720064
1087143.8760992978
1087168.7528174878
1087505.5292292882
1087526.0929560892
1087562.8138968055
1087574.5645978346
1090548.6747300944
1090814.5398421444
1090824.0130196596
1090914.2062515758
1091132.9640354833
1091145.8645007985
1091289.673056793
1091885.7460707983
1091895.6043368303
1094040.7674264014
1094280.297985162
1094280.297985162
1094348.9152576043
1094830.7490124465
1094864.0316628336
1095061.7086010743
1095061.7086010743
1095068.1560830998
1095068.1560830998
1098546.2040510701
1099391.0332444473
1101172.964341109
1101756.4724669352
1101806.5284728643
1101808.2118598095
1106175.6877726757
1110771.9612772102
1112344.6627801252
1112552.4125337144
1113420.1820001681
1113442.792197373
1113442.792197373
1115227.6114579113
1115230.2080547682
1115232.8046516248
1115233.453800839
1115235.4012484814
1115301.5044430352
1115377.8289870797
1115395.7190993207
1115405.6708868498
1115407.8823951895
1115410.0939035292
1115712.68545756
1115712.68545756
1115746.237669909
1122822.7562863408
1122896.0001222503
1122896.7923043421
1139050.9200100855
1142044.8566996998
1142101.2996737445
1142176.2599041862
1142177.6957342278
1143702.5747446115
1152211.3035704733
1152328.1834366093
1174776.2583760573
1182143.6288480198
1182537.1232970913
1182537.1232970913
1187140.4879316008
1187165.271128294
1187213.9903269433
1187213.9903269433
1187218.050260164
1195281.9468363908
1195367.8435807119
1195367.8435807119
