830707.6893924923
830978.4396274422
830981.7403861582
830986.1413977797
899731.7363366162
899930.5190290269
899938.0667639576
901655.4625264558
901666.0689644634
903898.6801549523
904053.6067665553
904066.2596749669
904179.2336432888
904185.521588643
904204.4624424087
904242.751243515
904283.0535074382
1059249.2852176437
1059311.9996332491
1067841.3251934994
1067993.523177897
1068404.0715470014
1068409.9303937224
1070238.2591554031
1070238.2591554031
1070253.8167314848
1070268.2630521322
1071244.0608500983
1071255.8445587147
1071287.647368944
1071631.79547521
1071741.01207986
1071761.1137004409
1072076.4736894383
1072082.96518158
1072099.193911934
1075201.3569785834
1075211.149229441
1078296.6984772196
1078301.5120836804
1078323.6546734006
1078354.2307016405
1078683.970996111
1079248.7363136944
1079248.7363136944
1079461.640752145
1079481.1482361571
1079668.3177591516
1079754.4235515248
1079767.3955332788
1079881.3047165703
1079881.3047165703
1079985.7517248758
1080369.574950909
1080440.486250659
1080497.9194523185
1080521.84995301
1080523.9349322657
1080565.6345173786
1080567.7194966343
1080663.73306642
1080663.73306642
1080667.4629237694
1080814.9573269966
1080871.7248756485
1080873.4137638581
1080873.4137638581
1081155.7826694886
1081653.4160560516
1081666.388037806
1081670.712031724
1081672.874028683
1081675.036025642
1081679.36001956
1081815.747369708
1081817.5077743565
1081824.5493929507
1082070.4779223558
1082148.8929469206
1082159.3288457277
1082162.3105311014
1082165.292216475
1082166.7830591616
1082168.2739018484
1082169.764744535
1082385.0182229388
1082389.8593357224
1082414.0648996402
1082414.0648996402
1082417.695734228
1082477.527487221
1082533.2993069934
1082561.9939027652
1082563.3692188968
1082568.8704834238
1082568.8704834238
1082570.2457995554
1082579.8730124773
1083297.259911827
1083443.945629169
1083533.4402004906
1083608.9450561206
1083620.5967343883
1083622.5386807662
1083628.3645199002
1083628.3645199002
1083632.2484126561
1083634.190359034
1083636.1323054119
1083636.1323054119
1083640.0161981678
1083641.9581445458
1083643.9000909238
1083643.9000909238
1083649.7259300577
1083651.6678764357
1083771.237860925
1083804.7735694803
1083860.2648247618
1083943.0863622124
1084018.4536862292
1084018.4536862292
1084025.4953048236
1084030.7765187693
1084036.057732715
1084037.8181373635
1084050.1409699034
1084053.6617792007
1084058.9429931464
1084157.1405649495
1084157.1405649495
1084179.420686283
1084179.420686283
1084180.906027705
1084182.3913691272
1084183.8767105495
1084186.847393394
1084191.3034176608
1084191.3034176608
1084191.3034176608
1084197.2447833496
1084458.664873662
1084546.4375491866
1084555.8997241727
1084562.9963554123
1084564.1791272855
1084786.8428090068
1084804.6944123963
1084807.940158467
1084811.1859045378
1084814.4316506088
1084817.6773966795
1084819.3002697148
1084822.5460157858
1084825.7917618565
1084829.0375079273
1084829.0375079273
1084832.283253998
1084835.5290000688
1084837.1518731043
1084840.397619175
1084977.1810603687
1084983.617539865
1085060.9543165825
1085062.1976023656
1085073.387174413
1085078.3603175452
1085079.6036033283
1085079.6036033283
1085088.3066038098
1085095.766318508
1085099.4961758573
1085105.4980554557
1085287.3753619757
1085886.2430183606
1086257.9249535832
1086257.9249535832
1086399.577013883
1086416.410883335
1086426.5112050062
1087116.0727083795
1087211.1565644604
1087818.650203623
1087820.37209942
1089676.8618342131
1090288.4649179778
1090293.9661825045
1090296.716814768
1090299.4674470313
1090300.842763163
1090302.2180792948
1090303.5933954264
1090303.5933954264
1090304.968711558
1090313.0005577672
1090316.2132962507
1090317.8196654925
1090317.8196654925
1090319.4260347344
1090321.0324039762
1090322.638773218
1090324.2451424599
1090325.8515117017
1090327.4578809435
1090465.3195699847
1090467.0964784268
1090475.9810206376
1090488.4193797326
1090754.730094209
1090758.2288984482
1090811.8332199971
1090811.8332199971
1090822.6597085858
1090822.6597085858
1090826.7196418066
1090828.0729528803
1090828.0729528803
1090830.7795750273
1090830.7795750273
1090833.4861971745
1090834.8395082483
1092122.9826022508
1092128.538879423
1092132.9839011605
1092134.0951565949
1092136.3176674638
1092137.4289228981
1092139.8494792902
1092141.1587802474
1092143.7773821622
1092145.0866831196
1092147.7052850344
1092149.0145859916
1092151.6331879064
1092152.9424888638
1092154.251789821
1092156.870391736
1092159.4889936508
1092159.4889936508
1092162.1075955655
1092163.4168965227
1092164.7261974802
1093907.3287540402
1095452.0288205137
1096026.5203737805
1096088.789186959
1096088.789186959
1096096.3369218898
1096101.3870827253
1096102.6633760955
1096105.215962836
1099277.1625700074
1105704.4164457247
1105841.6674944032
1105855.2556177843
1105857.9732424605
1105863.408491813
1105866.1261164893
1105876.650035529
1105879.6867335478
1105882.7234315665
1105884.7478969123
1105886.7723622583
1105889.809060277
1105890.8212929498
1105892.8457582959
1105893.8579909687
1105895.8824563145
1105897.9069216605
1105912.0781790814
1106204.2668418922
1106205.2185606551
1108642.7188471793
1109579.4191581537
1109592.644198076
1109593.480390284
1109611.0404266536
1109631.9452318554
1109689.3839347796
1109689.3839347796
1110628.730353991
1110635.1668334876
1110639.4578198183
1110644.4639705378
1110651.6156144226
1110674.4128546214
1110684.3481383568
1110918.9110552494
1111044.04831944
1111044.04831944
1114248.342362029
1114432.8712780506
1114432.8712780506
1114463.3702885872
1115063.4977345485
1115073.0589322962
1115174.7663108674
1115175.5419891656
1115176.3176674638
1115177.0933457622
1115177.8690240604
1115179.420380657
1115180.1960589553
1115180.9717372535
1115181.747415552
1115182.5230938501
1115184.0744504468
1115184.850128745
1115185.6258070432
1115186.4014853414
1115187.1771636398
1115187.952841938
1115188.7285202362
1115189.5041985346
1115190.2798768329
1115191.055555131
1115191.055555131
1115192.6069117277
1115193.382590026
1115194.1582683243
1115194.9339466225
1115195.7096249207
1115196.4853032192
1115197.2609815174
1115307.1157328524
1115423.3629535679
1115434.4204952666
1115453.2183161546
1115454.3240703244
1115840.3643059619
1115840.3643059619
1117719.2221823211
1117791.6188234934
1117792.8511067475
1117796.5479565095
1117799.0125230174
1117800.2448062715
1117803.9416560335
1117808.8707890494
1118142.676518005
1118225.3715263717
1118226.4167666316
1118482.5996531148
1118493.5416682586
1118563.0281404962
1118565.272656423
1118566.3949143866
1121138.3571084742
1121236.4446549867
1121245.4557262815
1121418.4484905906
1121419.15265245
1123840.5122288526
1124437.9825640477
1125558.9422290819
1125559.5143605927
1125560.0864921035
1125560.6586236143
1125561.8028866358
1125564.6635441897
1125565.2356757005
1125568.6684647652
1125570.9569908085
1125572.10125383
1125573.2455168515
1125575.2589796684
1125579.285905302
1125579.9570595743
1125580.6282138466
1125583.3128309355
1125583.3128309355
1125586.6686022968
1125590.6955279305
1125591.3666822028
1125592.7089907473
1125593.3801450196
1125594.051299292
1125594.7224535642
1125596.0647621087
1125596.7359163808
1125602.105150559
1125605.4609219204
1125610.8301560986
1128490.1479992971
1129049.3900472955
1129051.6455657515
1129052.0966694427
1129052.547773134
1129052.9988768252
1129053.4499805162
1129054.1266360532
1129054.3521878987
1129055.0288434355
1129055.4799471267
1129055.931050818
1129056.3821545092
1129057.2843618914
1129057.5099137372
1129058.3571084742
1129058.6981868749
1129059.3803436763
1129059.721422077
1129060.0625004775
1129060.5741180785
1129060.744657279
1129063.1322060835
1129082.1170699655
1129082.2821079013
1138835.9470961727
1138959.076398811
1138959.9676036646
1138962.6412182245
1140937.3476264337
1140942.4748049725
1140945.038394242
1140946.3201888767
1140947.6019835116
1140948.8837781462
1140950.165572781
1140950.165572781
1140951.4473674158
1140952.7291620504
1140954.0109566853
1140955.29275132
1140955.29275132
1140957.8563405895
1140957.8563405895
1140960.419929859
1140960.419929859
1141068.0411677961
1141068.0411677961
1144275.3884121974
1144344.1762238403
1144344.1762238403
1144842.6623064054
1145071.1133184086
1145093.8665484914
1145095.4509126751
1145097.0352768588
1145100.2040052263
1145103.3727335937
1145104.9570977774
1145108.1258261448
1145109.7101903285
1145112.878918696
1145114.4632828797
1145116.0476470634
1145119.2163754308
1145122.3851037982
1145122.3851037982
1145125.5538321657
1145128.722560533
1145133.4756530842
1145135.060017268
1145138.2287456354
1148137.4741555178
1150443.2741692709
1151076.9538275811
1151176.8347863294
1151186.9351080006
1151206.0134933793
1151206.0134933793
1153667.2682401303
1154594.1432926597
1154634.7481261317
1154636.0959359407
1154638.791555559
1154641.487175177
1154644.1827947951
1154645.5306046042
1154649.5740340315
1154652.2696536495
1154654.9652732676
1154657.6608928859
1155889.394020431
1156157.6026711694
1156211.129975015
1156333.8081739622
1156333.8081739622
1166132.8971034314
1179543.3131365613
1179556.5161714256
1179559.079760695
1179561.6433499646
1179562.9251445993
1179564.206939234
1179565.4887338688
1179566.7705285035
1179568.0523231383
1179570.6159124076
1179571.8977070425
1179573.1795016772
1179574.461296312
1179577.0248855813
1179578.3066802162
1179579.5884748509
1179580.8702694857
1179582.1520641204
1179584.71565339
1179585.9974480246
1179587.2792426595
1179592.4064211983
1179593.6882158332
1179594.9700104678
1179596.2518051025
1179597.5335997373
1179598.815394372
1179600.0971890066
1179601.3789836415
1179602.6607782762
1179605.2243675457
1179610.3515460847
1179611.6333407194
1179614.196929989
1181087.9361853313
