284099.31738475995
284120.0021393806
284146.80430015514
284194.6212914219
284812.01720673294
284975.80085422413
284980.8840226469
284985.9671910696
285001.21669633785
285011.38303318335
288061.4986361448
288061.4986361448
288061.4986361448
288063.8861849494
288509.74717105116
288511.04546947946
292346.4830874319
298259.3412235729
299811.8530856745
302294.7718121318
306043.90009092365
306127.70085346006
306133.40016350977
306136.24981853465
306140.49679474934
306147.48340069834
306153.07268545753
306729.93528373534
306928.6959710878
307687.3753619756
307689.33381214715
307718.7105647201
309718.44222526153
309811.0175047181
312953.559852994
312982.8705903926
314407.428540866
317699.9408614063
318800.10574652924
319226.5197625287
319370.58687795594
321023.63985054893
323597.41196066595
323739.7131701801
323920.7927933435
324019.34244607616
324019.34244607616
327012.89954843785
327164.76745696407
327173.7785282589
327175.28037347476
327296.9298359553
327296.9298359553
327301.17681217
327302.42009795306
327345.9351003599
327355.8813866243
332698.45643686154
333102.7993795796
333148.1187967512
333181.6435027774
335155.9208123534
335272.8666936636
335272.8666936636
335278.8905783204
335278.8905783204
335662.51575883065
336576.9579535296
337093.35065212904
337232.1365536106
338425.8009306306
338464.4198076086
338936.20825342496
338936.20825342496
338979.9983190581
342263.6315986522
342380.8360393952
342394.36915013107
342395.7224612046
342398.4290833518
342399.7823944254
342903.9567845109
342940.1716088907
342988.4397038486
345074.1891365307
348381.2412992153
348402.1240993589
348402.75674477953
349555.6732554497
349562.15374506224
355012.7296204892
355015.93135644373
355018.06584708014
355019.1330923983
355022.3348283529
355023.4020736711
360276.79062340024
360342.72878001817
361082.01071218454
361096.26998983795
361896.6709708968
362286.9856890716
362331.2158558669
362331.2158558669
362332.75620993436
362335.0667410356
362335.0667410356
362335.8369180694
362337.37727213686
362337.37727213686
362645.32155655226
362835.5717876818
362839.53269814106
362844.81391208677
362846.1342155732
362848.11467080284
362850.0951260325
363002.2986116948
363003.063287464
363009.945369387
363032.8856424637
363041.0440177568
363048.52573751326
363057.8778872088
363065.3596069652
363337.3476264336
363740.4417821041
363746.0530719214
363747.17532988486
363748.2975878483
363750.54210377525
363751.6643617387
363751.6643617387
363876.3010108574
363887.6611221052
363887.6611221052
364774.76753337047
365338.80118277186
365338.80118277186
365381.94209919084
366473.72305717494
366696.6893084452
366696.6893084452
366874.1215932274
367186.36786650267
367294.56673721527
367294.56673721527
367811.00344593095
368912.57665477274
369010.9062569243
369010.9062569243
369017.3702427433
370859.9142719611
370927.0517042459
370928.4820330229
370931.3426905768
370934.20334813074
370937.0640056847
370939.9246632386
370942.7853207925
371026.92716172955
371089.38301790203
371131.3796712995
371133.28861009027
371137.10648767184
371140.9243652534
371144.742242835
371158.1048143705
371159.64516843803
371161.1855225055
371358.85695948167
374499.4298550569
374511.16955355706
374865.74805736594
374927.9233490476
374927.9233490476
375020.3776006846
375264.11662680795
375264.9253126934
375289.1858892565
375289.1858892565
375290.8032610273
375294.03800456907
375294.8466904545
375301.316177538
375309.9916716968
375311.5210232352
375312.2856990044
375315.34440208133
375316.8737536198
375319.93245669664
375322.99115977355
375326.04986285046
375342.1080540041
379191.49137753196
381053.33934397425
381219.2629833663
381219.2629833663
385519.92053729016
385568.2546474224
385569.305388947
394698.1422535319
394704.941816487
394715.1411609196
394716.8410516584
394720.24083313596
394721.9407238747
394723.6406146135
394725.34050535224
394728.7402868298
394730.4401775686
394733.8399590461
394735.5398497849
394737.2397405237
394738.93963126244
394742.33941274
394744.0393034788
394747.4390849563
394750.8388664339
394754.2386479114
394755.93853865017
396014.87541928043
396150.78966067894
396152.40703244985
396168.5807501586
401323.6947103814
402123.09996256087
402129.3273940052
403492.63976650184
403500.75413167884
403502.3770047143
403503.99987774965
403510.4913698913
403512.11424292665
403518.60573506827
403520.22860810364
403521.8514811391
403525.09722720983
403526.72010024526
403528.34297328064
403531.58871935145
403531.58871935145
403533.2115923868
403534.83446542226
403536.45733845764
403538.08021149307
403539.70308452845
403541.3259575638
403542.94883059926
403544.57170363463
403782.72694626334
403784.3388167697
403794.01003980776
406864.34278990515
407086.4453426447
407325.9483950825
407328.0663819253
408439.497856799
408444.1354227951
408446.8200398841
416085.82645038544
416123.66414780065
416123.66414780065
417198.2316490804
417895.032816571
417955.8492959146
417958.9850166948
417962.1207374751
417966.8243186455
417968.39217903564
417969.96003942576
417973.095760206
417974.66362059617
417976.2314809863
417979.3672017665
417980.9350621567
417984.07078293693
417987.2065037172
417988.77436410735
417990.34222449746
417993.4779452777
417995.0458056679
417996.613666058
417999.74938683823
418001.3172472284
418002.8851076185
418004.45296800864
420233.3783112646
420238.8905783204
424688.88545908814
429701.7642249711
429759.24693801143
429761.57947417075
429763.9120103301
429765.0782784098
429766.2445464895
429767.41081456916
429770.9096188082
429773.2421549675
429774.4084230472
429781.4060315253
429783.7385676846
429787.23737192363
429793.06871232204
429793.06871232204
429796.5675165611
432392.8067910055
432418.2061293256
432439.76008374145
433127.3246280916
435734.5334240023
435788.2752771644
435791.0149068987
435794.2111415888
435802.4300307918
435803.3432407033
435806.5394753933
435812.1617677396
435821.51941869967
435825.6783746819
435826.7181136775
435928.4805048938
435928.7280617975
435930.46096012346
449480.32304647804
449491.54562611267
449550.65121218836
449550.65121218836
460049.69903498655
460072.7218270311
460665.24652541656
460676.8211859809
460682.6085162631
460695.630009398
460703.1502380061
460727.41081456916
460729.1437128951
462010.8283223435
463083.3218468968
463092.4979561274
463094.02730766585
463095.5566592043
463100.14471381967
463103.2034168965
463106.2621199734
463109.3208230503
463110.85017458873
463118.49693228095
463121.55563535786
463123.0849868963
463124.61433843477
463127.6730415116
463129.2023930501
463132.261096127
463136.8491507423
463155.2013692036
463158.04002169945
463160.87867419526
463165.13665293896
463167.9753054348
463703.4793970003
481492.80297068285
481500.2131740004
481562.5425010888
481564.225888034
481569.2760488696
481572.64282276
481574.32620970515
481576.0095966504
481577.69298359554
481581.0597574859
481581.0597574859
481584.4265313763
481587.7933052667
481589.47669221193
481591.1600791571
481592.8434661023
481596.2102399927
481597.8936269379
481599.5770138831
481602.9437877735
481604.62717471865
481607.99394860904
481609.6773355542
491601.48656392546
495600.8343584532
506370.2198213617
506377.7950626151
506379.4784495603
508235.253019965
508410.1712268584
508438.64027078444
508477.7817678925
508479.8172357674
508481.8527036423
508483.8881715172
508485.9236393921
508486.94137332955
508488.97684120445
508491.01230907935
508494.0655108917
508496.1009787666
508498.1364466415
508500.1719145164
508502.2073823914
508504.2428502663
508508.3137860161
508510.349253891
508512.3847217659
508515.43792357825
508517.47339145315
508522.0339397459
508522.8756332185
508525.4007136363
508527.0841005815
508530.45087447186
508533.81764836225
508651.5172029126
508651.5172029126
552161.507957732
552289.7479351156
552291.0022234278
599809.6929224704
599822.2358055915
615965.1464329648
648661.8681377455
648669.3278524438
648671.1927811184
648673.057709793
648674.9226384675
648676.7875671422
648678.6524958167
648680.5174244914
648682.3823531659
648684.2472818404
648686.1122105151
648687.9771391896
648689.8420678641
648691.7069965388
648693.5719252133
648695.4368538879
648697.3017825625
648699.166711237
648701.0316399117
648702.8965685862
648706.6264259354
648708.49135461
648710.3562832845
648712.2212119591
648714.0861406337
648715.9510693082
648719.6809266574
653029.8721720062
653038.5751724875
653041.0617440536
697044.4774180731
697045.5556659204
697072.0497558813
697072.0497558813
698560.0317850839
698565.0599408614
698566.6883151614
698588.418310042
698588.418310042
700421.6321946225
704949.5744924701
710713.5299016649
777986.2217773668
778000.3325208781
778005.0361020485
778009.7396832188
778011.621115687
778013.5025481551
778019.1468455596
778021.0282780278
778022.909710496
778023.85042673
778025.7318591982
778026.6725754322
778028.5540079004
778029.4947241344
778030.4354403686
778032.3168728367
778034.1983053049
778035.1390215389
778036.079737773
778037.0204540071
778038.84687383
778039.7600837414
811336.2901611413
811951.491071906
811952.6463374567
811991.9253661779
812106.3076582187
830602.2081464559
830614.971080158
849996.6136660579
851925.368011675
880773.6416078975
888553.0898005028
888618.048732035
888618.048732035
909947.2709907624
909953.0638223091
909954.994766158
909958.8566538559
909964.6494854025
909966.5804292514
909968.5113731003
909972.3732607982
909974.3042046471
909976.2351484959
909978.1660923448
909980.0970361937
910051.6134750418
910059.4802833152
910061.0536449698
910061.0536449698
910067.3470915884
910068.9204532431
910070.4938148977
910072.0671765524
910075.2138998617
910075.2138998617
922658.685350591
922717.8239442538
922815.1743213197
963175.9441927277
963175.9441927277
963177.0609494266
963179.2944628245
963180.4112195234
963180.4112195234
963181.5279762223
963182.8427784443
963185.4723828881
963186.7871851099
963188.1019873319
963188.1019873319
963189.4167895537
963193.3611962195
963194.6759984413
963194.6759984413
963195.9908006632
963197.3056028851
963199.9352073289
963201.2500095508
977971.9527196876
978012.5410493661
979986.5708020385
986210.2943940586
986233.8618112913
986259.1126154693
986294.6672881058
988693.8072570849
988718.067833648
988726.1546925022
988731.5459317386
988747.7196494472
988750.4152690654
988755.8065083016
988758.5021279197
988766.5889867741
989457.3222594915
989459.3412235728
1009395.4947699783
1009594.4425003248
1009596.3294340575
1009862.1780423139
1009869.989837942
1009873.1145561931
1009874.6769153187
1009876.2392744443
1045452.8894627861
1070232.702878231
1070232.702878231
1071813.6782829943
1071887.7253035246
1076823.734900175
1077435.040915655
1077681.7781309453
1077721.970369578
1077745.999893031
1078239.0122173917
1081307.8156159506
1084417.9830224863
1084440.4281817556
1084447.4422940272
1084451.6507613903
1084468.4846308422
1084471.290275751
1084476.9015655683
1086176.1816639798
1086409.677335554
1125623.1364848448
1125631.8834954423
1125638.0064028606
1138353.0681010704
1138364.3456933503
1146769.199642418
1193197.3416667304
