10541.616607706355
15085.721620733653
20134.028530169086
20146.2963500638
54531.944773416675
54539.40448811499
84374.9405175773
84382.80732585059
84383.59400667791
84384.38068750525
84385.9540491599
84386.74072998723
84387.52741081457
84388.81470671383
84390.1020026131
84391.38929851237
84393.9638903109
84395.25118621017
84397.8257780087
84399.11307390795
84399.11307390795
84401.68766570649
84401.68766570649
84404.26225750502
84404.26225750502
84406.83684930355
84408.12414520282
85681.91994131985
85722.55228111461
85723.97160736252
85819.92466323858
85831.9669312877
85831.9669312877
99504.77127728665
99569.76321640599
102419.30821598576
102533.27241192246
102533.27241192246
105342.88923356688
106622.3348283529
106622.3348283529
106693.4386723615
106824.38527189236
106843.69471038134
106845.62565423024
106847.55659807914
106849.48754192804
106851.41848577694
106853.34942962584
106857.21131732364
106861.07320502143
106861.07320502143
106863.00414887033
106864.93509271923
106866.86603656813
106870.72792426593
106870.72792426593
106874.58981196373
106874.58981196373
106876.52075581263
106878.45169966153
106882.31358735931
106890.03736275491
135896.81339252286
135951.20989616364
135951.20989616364
144260.20981211655
166455.01753528067
166506.64140159995
166510.9433904599
166581.86569273908
166589.12736191443
166590.94277920827
166594.57361379595
166596.38903108978
166600.01986567746
166603.65070026513
168245.0850021776
168547.19244493006
168548.73279899757
174907.33639468518
175264.2474346534
189710.89815784045
212867.52496580812
226229.32632431484
226524.2491155953
226913.03448223168
227040.82335592416
227040.82335592416
227195.62343844314
231979.65510127676
236658.60160911985
236672.51430710807
236938.77551020405
237098.38369791946
237956.80101467768
238177.313701969
242288.6232321457
242350.69950106586
252367.20940716236
252443.02783487036
252443.02783487036
276017.82226331194
292356.3413534639
300731.3564437381
300738.0954927834
300740.1419631874
300741.2257122991
300742.3094614109
300743.39321052266
300744.47695963446
300745.5607087462
300747.7282069698
300748.81195608154
300749.89570519334
300752.0632034169
300753.1469525286
300754.2307016404
300755.3144507522
300756.39819986396
300757.48194897576
302291.7791242293
306923.9648835948
306929.87874296104
312613.6477204135
343999.957212387
344013.98543693026
344018.1939042933
371037.5170959436
378770.0174970774
395286.5189984642
395396.5222839416
395429.94796720636
395453.4053591486
395570.3512404587
395571.5890249773
395581.4913011255
396436.1512542119
397003.87075084617
397005.79619343055
397385.38894704264
397686.97927092965
397767.4957785436
398122.36584937235
398122.36584937235
398514.52899242815
398550.57327760756
398560.8716448017
398574.60280106054
399737.64163846
400461.3164831638
400463.14840425126
400501.618747087
400508.94643143663
400514.4421946989
400516.2741157863
400523.601800136
400527.26564231084
400532.51384866936
400537.76205502794
400551.75727198407
400557.0054783426
400562.25368470117
400565.7524889402
400569.25129317923
400572.7500974182
400586.74531437433
400590.24411861337
400604.2393355695
400607.7381398085
400619.9839546451
401122.21089708817
401147.36267850455
401948.82540361705
401948.82540361705
401984.71565338975
401993.6882158329
402001.37898364133
402009.0697514498
402034.65613276383
402039.76130624465
402066.5634670191
403198.4046332872
403781.115075757
403839.14241398545
403972.94416980573
403972.94416980573
403974.82010100933
403976.696032213
403976.696032213
403978.5719634166
403980.44789462024
403980.44789462024
403986.07568823115
403986.07568823115
403986.07568823115
403987.95161943475
403989.8275506384
403989.8275506384
403989.8275506384
403991.703481842
403993.57941304566
403993.57941304566
403995.45534424926
403995.45534424926
403995.45534424926
403997.3312754529
403999.2072066566
403999.2072066566
404001.0831378602
404001.0831378602
404002.9590690638
404002.9590690638
404004.8350002674
404004.8350002674
404006.7109314711
404006.7109314711
404006.7109314711
404008.5868626747
404010.46279387834
404012.33872508194
404016.09058748925
404017.96651869285
404019.8424498965
404023.59431230376
404025.47024350736
404029.22210591467
404031.09803711827
404092.4151315337
404092.4151315337
406838.002735351
407204.1944085759
407631.3345914929
413560.2619213166
415867.8938561572
418880.9639437954
420674.5687237831
420897.46895987896
423091.472275919
427037.91440949275
429236.68732187746
429537.6339978148
429539.2513695857
429544.1034848983
430051.8922057778
430084.591722125
430096.2544029218
430100.9194752405
430121.9123006747
431472.7037951084
431473.44646581955
431483.84385577514
435277.65340505354
435284.0678794918
435284.2549224857
441577.5144981242
450043.84507827845
450231.4106923188
452105.9720810825
453695.9695596696
453702.98367194127
453702.98367194127
453704.38649439556
453707.30216459476
453707.30216459476
453708.8150123396
453710.3278600845
453711.84070782934
453711.84070782934
453713.3535555742
453714.86640331906
453716.3792510639
453717.89209880884
453719.4049465537
453719.4049465537
456668.0882341705
456820.69331214327
456820.69331214327
456824.742242835
463409.1397397596
463542.0612932556
463543.31008030317
478142.868451012
478180.14501944545
478181.8394089197
478183.53379839397
478185.2281878682
478186.9225773424
478188.6169668167
478188.6169668167
478192.0057457652
478193.7001352394
478195.3945247137
478197.0889141879
478198.78330366215
478198.78330366215
478200.47769313643
478202.17208261066
478203.8664720849
478205.5608615592
478207.2552510334
478208.94964050764
478208.94964050764
478685.9532850954
478685.9532850954
481086.24301836046
481125.34050535224
491631.86454664235
506192.3309316239
506198.4153301905
506292.28890807537
506292.28890807537
506298.8079065396
506314.5360218217
506327.33746437554
506342.1083596299
506354.90980218374
517053.372962813
517060.11201185826
517074.5528312411
517076.4782738254
517078.4037164098
517079.36643770203
517081.29188028636
517083.21732287074
517085.1427654551
517088.03092933167
527061.482437977
527077.6286493632
527077.6286493632
527079.7411349415
527082.3817419143
527085.5504702817
527085.5504702817
527274.9975167904
527274.9975167904
534151.0555551312
534182.0496794749
534187.4959313564
534204.9239373773
534343.3907655162
534344.3369830148
536470.5097074397
536532.5859763599
608272.6237211471
680569.2464031663
683351.2248718282
691255.4032350492
691308.3749111774
691310.6304296334
693129.1614391919
693137.798424499
693196.540927116
693219.5362128378
693224.6193812606
693236.6341429871
693239.4067803086
693240.3309927491
693245.4141611718
693264.756607248
693265.2847286426
693266.8690928263
702366.9948578458
702396.6851824968
702545.0267804613
702545.0267804613
716430.4825067428
716449.3188364825
716507.0271013684
716508.4574301455
716511.3180876994
716518.4697315842
716521.3303891381
716522.760717915
716524.191046692
716531.3426905768
716534.2033481307
716537.0640056847
716539.9246632386
716542.7853207925
716544.2156495695
716548.5066359004
716551.3672934542
716554.310469976
716557.3361654658
716561.8747087003
716566.4132519349
716578.5160338939
716583.0545771285
716852.077415017
716997.8279173893
717654.17278555
717655.6471244432
747844.859450332
747898.6398123457
749405.2931333522
749458.4848600616
749774.9340994353
749776.1718839539
767366.3771880898
767389.2789523146
767395.2533255907
767419.9430007869
767421.3348207122
767422.7266406375
768138.4191505131
769283.5073617616
769328.5627182359
769360.101467768
769572.4392759725
769587.952841938
770087.5776862599
770089.3710984957
771112.0286677007
777197.8685656217
787871.3174764478
787951.6414398032
788173.1553572384
788173.6504710458
788755.9043085598
793444.3349964471
797047.2946767625
797360.7292231756
797385.9195134437
797482.0981211653
797482.0981211653
797648.236309874
797837.7933816732
805321.5706110224
805329.5749509089
805510.621566485
805510.621566485
808440.2429725166
840442.589567463
866148.4638482874
866148.9039494495
906810.5324765623
963114.5225742862
963116.7560876841
963117.872844383
963120.1063577809
963122.3398711787
963123.4566278777
963123.4566278777
963124.5733845766
963126.8068979745
963127.9236546734
963129.0404113723
963129.0404113723
963130.1571680713
963133.5074381682
963133.5074381682
963134.6241948671
963135.740951566
963137.9744649639
963139.0912216628
1003551.2594075444
1084514.5027086088
1125396.7869558905
