1023210.2042344455
1023212.7128110697
1024183.509959581
1024192.4220081144
1024576.6853353097
1024579.2929346954
1024590.5925320334
1026962.4352264305
1032228.6802313587
1036212.2614017527
1036282.3585143529
1036941.0359186729
1036941.0359186729
1036957.2921553496
1038205.5290764752
1045503.3415597613
1045523.3551601098
1045523.9437954142
1046612.2479542173
1046614.4759663506
1046624.1306855951
1046633.0427341285
1049396.4654375415
1054605.2827420747
1054612.3683707851
1055901.9142872423
1055906.4858380642
1055908.009688338
1055909.533538612
1061102.9693075283
1061126.0966235988
1068308.3440429708
1075218.493417584
1079927.69137906
1079995.1918948037
1080216.6948097097
1080216.6948097097
1080230.0628825098
1080466.8098014195
1080466.8098014195
1080471.595901558
1080476.3820016962
1083485.9532850953
1086367.5926619242
1086436.6115266772
1086822.3381902368
1086822.3381902368
1097085.3872661006
1097096.5273267673
1097101.4289534607
1097104.6967045898
1097107.9644557186
1097111.2322068475
1097114.4999579764
1101597.6729651052
1101642.6788101988
1113991.4773187446
1118600.5577670978
1118607.588383163
1118608.7601525073
1118609.9319218516
1118611.1036911956
1118613.447229884
1118614.6189992283
1124364.0125612207
1124407.835634441
1125578.6147510298
1125596.7359163808
1125598.0782249253
1125618.762979546
1125619.6376806058
1125622.261783785
1145013.867159743
1145035.1680559907
1145037.8306680217
1145040.4932800527
1145043.1558920837
1145052.475034192
1147434.687612222
1147457.055753788
1147548.0466690608
1147548.0466690608
1150238.8251743978
1166002.4346151787
1166005.4713131976
1166006.4835458705
1166009.5202438892
1166011.5447092352
1181049.427333644
1181055.588749914
