388881.5287402868
388899.3528373536
388902.32352019806
388911.23556873144
388985.5026398429
388985.5026398429
388994.4146883763
389923.5012492455
389928.8814859527
389953.9892572529
389953.9892572529
390140.2180640133
391382.62364474055
391423.88312869135
391601.3374185316
391603.2683623805
391614.8540254739
391616.7849693228
391618.7159131717
393984.94181648694
394026.6964142452
394502.91887927015
394502.91887927015
395387.89630116365
395390.36086767167
395397.7545671956
395405.1482667196
395410.07739973563
395412.5419662436
395501.8935046875
395501.8935046875
395503.31283093547
396234.43088654405
398303.30243965803
405080.92635182117
405084.05107007234
405088.73814744916
405091.8628657004
405094.9875839516
405098.1123022028
405099.67466132843
405283.10882570926
405283.10882570926
405308.68970575876
408492.45853039826
412349.7966824319
416188.9036438237
416211.2167727443
416212.9331672767
416226.66432353546
416273.6506238587
416273.6506238587
418112.283253998
418126.54803291586
418129.2876626502
418130.20087256166
418131.1140824731
418132.94050229597
418134.7669221189
418135.68013203033
418137.5065518532
421057.7703069247
421247.7784824151
421286.8814706714
421785.29603679734
421785.29603679734
421836.6448398903
421853.34667899355
424333.24521122564
424341.00199420843
424356.5155601739
424359.1011545015
424365.56514032045
424368.15073464805
424378.4931119584
424388.8354892687
424392.71388076013
424394.0066779239
424395.29947508767
424419.58205670887
424423.0313495672
424985.3816120233
425258.3983679582
430297.40263907885
430315.1937285584
430316.4645206641
430319.0061048755
430321.5476890869
430322.8184811926
430324.0892732982
430326.6308575096
430327.9016496153
430470.42841097503
430470.42841097503
430912.0864309782
430955.8159827016
430961.61981677735
431543.6260973877
433481.6280686741
433509.39295074076
433510.0751075421
433511.4394211447
433512.12157794606
433512.8037347474
433513.4858915487
433514.85020515136
433515.53236195265
433516.214518754
433517.5788323566
434075.31903513934
435204.66262731224
435264.5603954798
435266.9589468135
435318.2692410547
435318.2692410547
435644.67576922197
446004.6131159315
446169.4475049473
446187.12306787184
446244.73230999627
446244.73230999627
447863.1493211287
448349.109024366
448369.13912850805
449532.3209987851
449712.047310875
449712.047310875
449717.8786512733
449723.7099916717
449724.8762597514
449726.0425278311
449728.3750639904
449729.6568586252
449730.9386532599
449730.9386532599
449733.50224252936
449736.0658317988
449737.3476264336
449739.91121570306
449741.1930103378
449751.4473674157
450112.14327737835
450114.03571237554
450520.0070293936
452644.5128706668
452651.1804032732
452666.18235163775
452669.516117941
452672.8498842442
452674.51676739583
452684.5180663055
452693.1990617288
452696.0047066374
455557.0198427555
455562.43308704987
455565.13970919704
455569.1996424178
455573.25957563857
455574.61288671213
455580.0261310065
455582.73275315366
455590.8526195952
455594.912552816
455598.9724860367
455598.9724860367
455604.38573033107
456591.9947432361
456596.2637245089
456596.2637245089
456598.24417973857
456598.24417973857
456599.2344073534
456600.2246349682
456601.21486258303
456602.20509019785
456602.20509019785
456604.1855454275
456605.1757730423
456707.66433117614
456707.66433117614
458829.0069453465
458833.5839974327
458855.3249948426
458858.79629275895
458863.52738025197
458864.7101521252
458868.25846774504
458869.4412396183
460023.606537336
460580.46653779445
460620.39471572975
460621.8415483003
461221.9799967909
463368.529405023
463370.1302730003
463376.5337449094
463382.93721681857
463389.34068872774
463390.94155670505
463405.0963103325
463407.7919299506
463410.4875495687
463413.1831691868
463415.8787888049
463421.27002804115
463432.05250651366
463434.7481261318
463437.4437457499
463442.8349849861
463448.2262242224
463450.9218438405
463452.26965364954
463453.6174634586
463453.6174634586
463513.3391911613
463513.3391911613
463517.08555230405
463861.53622811905
463878.29858113214
463951.64694106765
463953.2698141031
468294.91178875143
468554.4724516538
468557.99326095096
470081.6894994613
470231.808005868
470603.71549293626
470603.71549293626
470646.14124496677
475550.0179555162
475558.70995346847
475571.7479503969
475576.09394937305
475578.2669488612
475580.65999893035
475583.05304899946
481098.1422535319
481147.4390849563
481194.8159750609
481199.7506093414
481201.395487435
481206.3301217155
481219.4891464635
481231.0032931181
481232.6481712116
481244.1623178661
481252.3867083337
481626.51120500616
484805.4554206557
484810.3240397619
484818.4384049389
484823.3070240451
484828.17564315133
484831.4213892221
484834.6671352929
484839.5357543991
484842.7815004699
484849.2729926115
484850.8958656469
484852.51873868227
484857.3873577885
484859.0102308239
484868.74746903626
484876.86183421325
484878.4847072487
484880.20110178104
485005.3988798814
485005.3988798814
495099.70216765103
505632.66528625676
505633.82055180735
505634.975817358
506458.03650700266
506458.03650700266
506459.8299192384
506465.21015594556
506465.21015594556
506466.1068620634
506467.1080922073
506469.110552495
506470.1117826389
506473.11547307053
506478.1216237899
506479.1228539338
506480.12408407766
506480.12408407766
506483.12777450925
506484.12900465314
506485.130234797
506486.13146494085
506487.1326950847
506488.1339252286
506488.1339252286
506490.1363855164
506492.1388458041
508062.02370128134
508063.22847821267
508066.8428090068
508069.2523628695
508076.4810244577
508080.0953552518
508080.0953552518
508081.3001321831
508086.1192399086
508088.52879377134
508089.7335707027
508092.1431245654
508093.3479014968
508095.7574553595
508096.9622322909
508099.37178615364
508099.37178615364
508102.9861169477
508102.9861169477
508110.2147785359
508111.0014593632
508112.57482101786
512559.9290948128
512580.18475080037
512597.5467416469
512609.82006280613
512626.81897019385
512632.4852726564
512638.151575119
512641.5513565966
512643.8178775816
512652.88396152173
512677.60664430505
512684.04312380136
512691.76689919695
512693.05419509625
512695.6287868948
512708.50174588745
512714.93822538375
512729.09848027566
512732.9603679735
512736.82225567126
512739.3968474698
512743.2587351676
512744.54603106686
512747.9513138089
512942.6355641471
513065.071707455
513066.0839401279
513095.4386876428
513127.21399154945
513499.4295494312
516284.1971592081
517708.3590186355
517782.26300628827
517782.26300628827
517788.33640232583
517795.84012714034
517813.3561533936
517819.9246632386
517829.777428006
517831.96693128766
517871.2184536862
517871.96112439735
517879.3878315085
517887.5572093307
517889.78522146406
517893.49857501965
517894.9839164419
517906.4870605674
521176.00409538584
523057.3870521627
526836.409202393
526852.6819428633
526859.0414046563
527128.0642425447
527133.361960284
527135.127866197
527137.4383972982
527140.2110346197
527141.5973532805
527142.9836719412
527143.4457781615
527145.7563092627
527148.9910528045
527150.3773714652
527151.763690126
527153.612115007
527154.5363274475
527154.9984336677
527157.308964769
527158.2331772095
527158.6952834297
527452.1657408752
539191.9577625135
539201.1228692151
539227.0778352524
539227.9085261959
540571.6088906548
540574.150474866
540577.9628511831
540579.2336432888
540584.3168117115
540585.5876038172
541151.755743855
548846.8145386197
553596.694351271
553738.1428647835
559114.0335729949
559117.8294455183
559144.4005531827
559144.4005531827
559145.6658440238
573716.3150696445
586822.2526150108
586869.2884267148
586875.4773493074
592487.1577564009
604941.0359186729
609419.950947058
738806.4798783609
764547.2156724914
764628.7554153072
764670.1194232842
764675.120072739
764676.7869558906
764681.7876053455
764686.7882548003
764690.1220211035
764695.1226705583
764696.7895537099
764703.4570863164
764705.123969468
764708.4577357712
764710.1246189228
764715.1252683777
764716.7921515293
764718.459034681
764720.1259178325
764721.7928009841
764725.1265672874
764725.1265672874
764728.4603335906
764730.1272167423
764735.127866197
782338.2556407063
782346.7605956646
782346.7605956646
804837.4648339306
804843.2741692709
804846.178836941
804847.6311707761
804851.9881722813
804863.6068429619
804865.0591767969
804870.8685121372
804875.2255136424
804883.9395166528
804883.9395166528
804888.296518158
804892.6535196633
804897.0105211685
805249.7295975672
805262.7455894375
805367.9957823639
805506.1325346312
805506.1325346312
817808.2913225193
817816.9063027683
818140.2926367102
818140.2926367102
819562.3970232046
819608.4426072937
819629.9910604452
825553.092551135
825791.3413152607
825809.3634578504
825892.0364611588
825892.0364611588
825912.5286715211
825912.5286715211
825914.8722102095
825918.3875182421
826065.8324100886
826065.8324100886
826079.5415612893
826081.500011461
826334.0245570337
826350.9079378663
826361.921469449
826366.6415544129
826380.8018093049
826390.2419792328
826393.388702542
826394.9620641967
826396.5354258514
826399.6821491608
826402.8288724701
826415.4157657073
826416.9891273619
826429.5760205992
826431.1493822539
826434.2961055632
826437.4428288725
826443.3731920323
826447.7301935375
826449.1825273726
826452.0871950428
831245.7735771209
831279.5348375216
863088.3304426225
863089.3591790891
863093.4741249551
863094.5028614216
863094.5028614216
863095.5315978881
863096.5603343546
863097.5890708211
863099.6465437541
863100.6752802206
863102.7327531537
863103.7614896202
863104.7902260866
863105.8189625532
863105.8189625532
863106.8476990197
863107.8764354861
863110.9626448856
863974.9472413451
873252.3017443593
873256.3176674638
873261.0212486342
873264.4705414925
873266.6655460387
873267.6062622727
873268.8605505849
888882.7695810634
903808.9325254625
907303.8088616203
907314.2062515758
907398.8707126429
907421.1508339763
907447.8869795765
907493.5199688262
907521.7689621712
907541.3259575638
907886.1122105151
907887.9771391896
930709.7254716188
930710.7762131435
931166.077369173
931169.1635785726
931171.2210515055
938828.3761336808
939875.9049198114
939885.5871453785
940011.5220929256
952655.4359370106
952781.2993681186
954100.5906218721
954104.8816082029
954109.530176728
961368.5202362487
992023.8161966397
992026.1377302699
1053108.6142161845
1059283.448070355
1059288.0031173832
1059291.4194026543
1059291.4194026543
1059292.5581644115
1059295.9744496825
1059297.1132114397
1075554.0430473948
1201896.0951718763
1201996.5922722514
