609400.2014074068
609410.417255633
609410.6208024205
609411.4349895705
618837.0760779041
618838.621933236
618846.3512098962
618943.9161362785
618943.9161362785
618945.8800877146
621020.1263762712
621038.786665546
621053.9481505819
621053.9481505819
621926.2506590057
624484.9328005257
625994.7878574866
626016.0447436181
626112.7844803216
629806.8781087875
634176.9506185103
634191.077865815
634232.9204838057
634232.9204838057
635555.6720329465
635667.0891434073
636751.6469410677
636923.5944651166
636964.6173946927
636965.893688063
638800.0152812904
638806.726824013
638808.8723171785
638812.0905569267
638813.1633035094
638814.2360500921
638815.3087966748
642401.7481796163
647080.8927329823
647082.5871224566
647084.2815119309
648826.1799066314
662249.7549645093
662253.5728420909
662259.2996584632
662261.208597254
662263.1175360448
662266.9354136264
662268.8443524172
674040.890287976
674052.5749738308
674093.2403212128
674094.3130677955
711443.9768030012
719034.77013119
719058.3375484226
719105.0102766678
719105.0102766678
725425.1270257261
725432.2786696109
725473.7582041428
725473.7582041428
735503.7737146524
735509.1539513596
735510.9473635954
735514.5341880668
735516.3276003025
735519.914424774
735521.7078370097
735523.5012492455
735523.5012492455
735527.0880737168
738560.1112477937
824494.929820674
824522.0015434104
824555.8673278372
824557.2646490269
889157.0626303685
889162.6739201858
889169.6880324575
889178.1049671834
889182.3134345463
889182.3134345463
991005.6696643464
992067.9253356154
