601625.4953048235
601657.9747705896
601718.5436930294
601718.5436930294
605022.5646589597
605140.9243652534
609702.9579993736
618969.4475049473
619002.8346793603
619014.6183879767
619236.2533332314
619236.2533332314
619237.5461303953
621144.7190152737
621450.9964165373
621484.7851832609
621485.3353097135
624501.7666699777
629826.6166459096
636182.9372168186
636412.2739324109
636453.5169125681
636454.83171479
636748.6707569588
638818.527036423
638829.2545022502
638838.9092214947
638838.9092214947
638842.1274612428
638842.1274612428
639844.4853643442
639867.5906753567
639950.4397191298
639952.00757952
640276.2246044056
642634.0115679369
644293.4955187616
644458.3079027194
644557.2426439688
644558.1998639965
647092.7534593021
647097.8366277248
647104.6141856218
647108.0029645703
670827.7172044407
688188.4977727518
688323.8068750526
688333.9732118981
692958.64424392
702429.5992481606
702441.2839340154
702443.6769840845
702450.0584509356
702883.9156778398
