536833.7637054073
536958.515881081
537479.0565331337
537480.5803834077
540501.0771781569
540504.0588635304
540520.4581330847
541192.8997012508
548750.9605055051
553262.3825059788
558458.66792992
559108.9724096302
559108.9724096302
559143.1352623415
565444.0360944079
571670.862399621
571675.896056663
574712.3520198046
574963.5782669489
575089.3646803536
575089.3646803536
577364.0935520596
578351.2624638025
578356.2796170509
579589.7126353349
586393.3025160645
588186.4011797156
588198.5039616745
588213.9075023495
588227.1105372137
588258.5997753651
589830.8611771178
592432.0350858427
593303.6554374652
593311.9733494297
593499.3904293278
593500.166107626
593505.99194676
601483.01255358
601490.4667670138
601491.9576097005
601494.9392950741
601499.2577877275
601591.6625279838
601591.6625279838
601601.135705499
618790.9204685244
618796.8838392714
618809.2506819277
618810.7965372596
644697.370853995
678915.6543066496
678930.5297259301
678936.3830713865
678955.6154921721
714162.3991625853
714201.7001963645
