812876.4736894383
813005.8084184629
813152.4721307467
814690.4056418524
817292.7788262441
817700.4225276782
818452.5994238954
818457.462541737
818906.4097372382
819025.9247090823
824271.3419265123
826161.7964684938
826165.7133688369
826271.9977994942
826271.9977994942
826273.510647239
826361.921469449
826481.1338717442
826482.5862055792
826733.8399590461
829836.1405573087
829867.0741677427
829900.5768687108
829900.5768687108
830447.650119576
830462.2559768946
830465.5017229654
830470.3703420716
830475.2389611779
835404.7570656866
847675.140549668
847705.529534914
851969.3781278891
852301.7810343906
852304.1905882532
853408.8555077591
854193.0057534059
854746.5870002063
857537.3784946401
857558.503350423
857565.897049947
857566.9532927361
862559.7414405673
862569.9187799419
862586.0649913279
862586.0649913279
868790.5396587688
868796.8936192973
868797.4382444854
868797.8013279442
877055.3259117199
877276.3117077606
877277.1699050268
879331.5291223192
879338.2681713644
879339.2308926566
879340.1936139488
879342.1190565332
879347.8953842863
879556.475828819
879664.5041603313
879680.259781936
879710.2086660197
879710.8523139694
887498.0352844994
887503.6245692587
887507.816532828
887509.2138540178
887756.616722316
887865.1456689002
887873.2325277546
888016.4084383285
890706.042680644
890729.7421282253
890765.0437426936
895217.6517241116
897341.0463099504
900130.9851083825
900149.7994330642
900218.78529023
900220.8757707501
901390.2190572972
904090.300200949
904114.3847370473
904116.2331619282
904119.0057992497
904121.7784365712
904125.4752863332
904126.3994987737
925923.8178775816
931081.2533714346
931083.7619480588
931091.2876779315
931097.141023388
932335.9652809083
932338.1987943061
932344.1566637887
952675.2294867779
952745.2110728229
952749.7881249093
952792.7089907471
955698.762979546
963238.064471764
967985.7327760756
990951.9993276233
992773.4900174971
992780.2015602197
996085.0642196228
1003355.7224612046
1008935.0609341454
1023436.2731989089
1024532.2021103462
1024538.0554558027
1048272.0674821782
1056902.885871683
1061021.2810305704
1061254.7932059383
1091412.7858556376
1118909.0136691143
1159264.3868000214
