475336.48637290933
475340.94239717606
475508.7309652427
475510.9039647308
475513.07696421887
476792.6160805019
481513.8122999106
484813.5697858327
484844.4043735053
484938.5585158811
484940.2749104134
485843.7145760588
487509.6350063799
490592.26308269467
510715.81170394033
512382.76087072794
512438.7912499331
512574.3974205182
512574.3974205182
512581.6315833709
512583.07841594145
518370.59023983986
521146.8253883358
533554.1958602985
533618.4781362938
533660.83787315
533660.83787315
535655.7834335532
535662.1869054623
535669.6576226897
535670.7248680079
535674.9938492806
535688.8680384172
536461.9937499523
537794.8456207643
537803.5871300973
537804.8359171449
537809.8310653352
537812.3286394303
537878.0632492608
537879.7521374705
538554.8838239901
538974.6413099122
538996.17325927
539029.5109223023
539031.1778054539
540539.8390880126
540542.380672224
540543.6514643297
540558.9009695979
541277.8337242798
545910.5861138914
545963.2827267934
545964.3664759052
545965.450225017
545966.5339741288
545968.7014723523
545969.7852214641
547419.9735633676
547428.6435562618
547469.7655085996
547471.190336112
548577.6266627953
548827.9341987638
552827.2269806463
552924.9679474935
571684.2854850664
571687.6412564277
573663.3543960452
577360.6827680529
586944.732768435
586956.659509929
586962.6228806761
586965.6045660496
586968.5862514231
586986.1462877926
586999.4043353021
587002.055944804
592470.3678970652
598687.6770146472
598697.3812452724
673416.6397970645
778073.5488504649
