5985.645367094798
12102.869979141036
12219.078691004666
12219.936888270844
12225.086071867907
12237.959030860564
12239.675425392918
20905.27280923601
20943.325055967725
25769.023296327145
25859.926191367602
25951.67628114518
48612.716172953646
48620.06036109689
48624.46687398284
48682.587733708235
48684.1005814531
48688.63912468769
51266.62520343217
51280.141810374465
51286.1491912377
51292.15657210095
51299.665798179994
51301.167643395805
51305.67317904324
51309.52406421198
51319.15127713384
51321.076719718214
51326.853047471326
51334.554817808814
51340.33114556193
51346.107473315045
51348.03291589942
51353.80924365253
51359.58557140565
51361.51101399002
51369.21278432751
51371.138226911884
51373.06366949625
52375.31704857158
52381.638001512845
52488.81363702351
64233.80435363963
64251.82649622935
64275.85601968231
64281.86340054555
64286.36893619298
64289.3726266246
64293.878162272034
64296.88185270365
64298.38369791946
64302.88923356689
64305.9149290566
64308.96262960444
64310.48647987835
64312.01033015227
64318.10573124794
64319.629581521855
64322.677282069686
64325.724982617525
64330.29653343927
64330.29653343927
64337.91578480886
64339.439635082774
64777.65386349224
64779.32624790838
65181.61721895797
113177.57012202109
113188.95773959153
113262.34460837873
113262.34460837873
117876.53023021265
117902.1001077331
117953.30037668381
117954.54916373138
257723.10301881892
257740.40449575562
280569.0844214886
303643.6598690394
303650.8335179823
303687.350911911
303689.0563039143
303692.4670879209
304357.60297679534
304563.801373788
304563.801373788
304601.0724409569
304605.54496901715
304856.4246364963
304856.4246364963
304857.9319829766
310551.8838010681
316980.44147647824
391056.1896102507
391073.48558592284
393899.4961758571
429350.1619052713
429355.1570534616
429356.4058405092
429358.90341460437
434092.923081625
543301.385860222
543389.9562191031
544228.3269279258
545216.4200521092
551911.6790317774
551929.3380909085
551952.883503083
551957.5925855179
551969.0462182626
553825.1728695971
553835.7352974885
555128.4224359904
555732.1092001009
555734.5517615507
592780.3201430329
592792.9455451218
593455.9524446244
593458.2794795192
593459.0551578174
593459.8308361158
593461.3821927123
593462.1578710106
593462.9335493089
593464.4849059054
593465.2605842036
593466.036262502
593466.8119408003
593467.5876190985
593468.3632973968
863789.8241887544
863815.2675371908
863816.2852711283
873276.600829774
873279.0488924885
873280.5177301172
873282.9657928316
873293.2476562321
873293.2476562321
873294.2268813179
873295.2061064036
874033.4262945164
874035.3627396298
874043.3285706645
874043.834687001
877331.9294921263
888860.1703863874
888865.2315497521
905621.4946630094
912238.5751724875
912608.3096600678
912609.7784976964
912620.060361097
912621.5291987256
912625.9357116115
912678.0491904737
912681.0748859635
912682.5877337083
912690.1519724326
912691.6648201775
912694.6905156672
912696.2033634121
912700.7419066466
912700.7419066466
912703.7676021364
912705.2804498812
931176.3647338381
931177.3934703047
931182.5371526371
931184.5946255701
931188.8361005203
952646.7714453809
952761.8028866358
952784.65513948
975335.1416193583
977249.6036797346
979095.630009398
979099.9705071095
979101.4173396801
979104.883136332
979110.0818313098
979113.5476279617
979118.7463229395
979122.2121195913
979129.1437128951
984045.6238204754
984048.7925488428
992011.047761673
992013.3692953034
1022174.1400835887
1023753.091023006
1023759.67053538
1023846.8490743359
1023846.8490743359
1039118.3373956097
1060932.2870743207
1071628.8798050107
1071634.8541782869
1104886.4169194445
1107532.2775999205
1192089.2329556309
1192103.4042130518
1192132.7589605667
1192135.7956585854
1192139.8445892772
1193284.113112111
1193287.9584960153
1193289.2402906502
1193289.2402906502
1193291.8038799197
1193293.0856745543
1193294.367469189
1193296.9310584585
1193298.2128530934
1193299.2580933536
1193299.2580933536
1193300.3033336136
1193301.3485738738
1193301.3485738738
1193302.3938141337
1193303.439054394
1193304.4842946539
1193304.4842946539
1193305.529534914
1193306.574775174
1193307.6200154342
1193307.6200154342
1193308.6652556942
1193308.6652556942
1208393.710220891
