5982.410623553053
20407.00677725227
32971.36683501556
67648.23569862239
67679.41686596016
67680.616141627
95596.8544991939
95606.06911727626
95608.07707882854
95609.77146830279
95612.31305251416
95615.70183146266
132801.66993940968
132842.86340818618
132842.86340818618
139152.68179005035
161111.41924984148
161139.54171410235
161162.3169492432
161163.83529825258
161185.09218438406
161245.47406382996
161397.00089395547
169804.07735389177
169940.750769795
169942.44515926926
179714.731927964
179715.64513787543
179715.64513787543
249097.88491660234
249122.9376752573
265069.3266299406
265070.05279685813
265070.4158803169
265070.5974220463
265070.77896377567
265242.02232596517
265242.88052323135
265243.30962186446
265243.7387204975
265913.3031273161
265913.8752588269
265914.0182917046
266304.88313633204
266307.8208115893
266309.3886719795
270837.2924609754
275792.14388863
275857.7739744344
275975.1379518486
298720.53423391073
298839.1635021661
305718.2087271449
306330.9395701373
306881.11003293114
306892.3326125658
310209.0174894368
310218.6502036232
310220.3720994201
310223.81589101383
313980.2718541554
313989.541484883
313996.9571894651
313998.81111561065
340850.98938714387
345415.26753719087
345420.35620687815
345421.37394081557
345422.39167475305
405209.7714683028
405212.53310309525
405395.77472321765
405398.8994414689
405733.7504106847
405735.1147242873
475532.6339596115
482796.4211217995
482860.3348130716
482879.3361807471
502487.81790814415
512001.6332643128
520367.14216948475
520369.3426752955
520370.6629787819
522363.6170814264
522515.782058237
522516.0351164052
547267.4675081563
547272.2426057656
547274.6301545702
547275.8239289726
547277.0177033748
553949.0833517982
553960.944078118
554037.252118369
554053.4423398712
554332.4059627595
554349.3883663537
555174.8311035384
555185.2615010812
555729.6666386509
555754.0922531498
555853.8356802849
555865.1957915326
555869.7398360318
556177.0844826136
556490.0734266002
556534.7877046738
556562.7341284698
557388.6774807265
557437.1326186783
557473.4739721422
559402.684922715
559414.8317147901
559570.176422497
560087.2952880141
560115.9348711405
560255.2048839004
560510.7661274917
560551.381963493
560551.381963493
561331.2412228088
561427.9314481315
561529.1877230114
561529.1877230114
561532.2574286172
561533.8307902719
561541.6975985452
561544.8443218545
561546.4176835092
561546.4176835092
561549.5644068185
561549.5644068185
561551.1377684731
561552.7111301278
561554.2844917824
561555.8578534371
561557.4312150917
561559.0045767464
561560.577938401
561562.1513000557
561563.7246617104
561565.2980233651
561566.8713850197
561566.8713850197
561570.018108329
561571.5914699837
561573.1648316383
561574.738193293
561576.3115549476
561576.3115549476
561579.4582782569
561579.4582782569
561581.0316399116
561582.6050015662
561585.7517248756
561587.3250865303
561588.898448185
561590.4718098396
561592.0451714942
561593.6185331489
561595.1918948035
561596.7652564582
561598.3386181128
561598.3386181128
561601.4853414221
561601.4853414221
562205.2491232359
562588.3571848806
562611.2424453121
563331.2479465766
563783.1823287158
566668.4140312808
566688.3066038096
566692.0364611588
566692.0364611588
566724.2463649631
566753.5405985682
566757.0559066008
566758.227675945
566760.5712146334
566764.086522666
566769.945369387
566774.8194897578
566783.6765256459
566787.4723981693
566792.533561534
566796.3294340575
566798.8600157398
566817.8393783572
566820.3699600395
566825.4311234041
566833.0228684511
566839.3493226569
566843.1451951803
566848.2063585449
566859.9570595741
566871.7077606033
566877.5831111178
567198.1087875061
567202.8288724701
569046.137577457
569054.4994995377
569082.9300346121
569084.6024190283
569086.2748034444
569109.9357421742
569158.4073839196
569158.4073839196
569181.908785978
569183.3776236066
569184.8464612352
569312.0577021524
569312.0577021524
569332.6874441277
570030.434829117
570235.8740516049
570237.7609853375
570468.1594449836
571454.8552479772
571525.1173985131
571538.1884030288
571561.4257443899
571657.4393141757
571660.795085537
571662.4729712177
571664.1508568984
571667.5066282597
571669.1845139404
571672.5402853017
571677.5739423437
571679.2518280244
571682.6075993858
571684.2854850664
571685.963370747
571685.963370747
571689.3191421084
571690.997027789
571694.3527991504
571697.7085705118
571699.3864561924
571701.064341873
571702.7422275537
571830.7016404464
571830.7016404464
571833.4522727099
577169.1177347015
577267.6563849051
577269.1142200048
578042.17941763
578081.4034337059
578081.4034337059
578249.5385814378
578256.0740836957
578257.7079592601
578259.3418348245
578260.975710389
578262.6095859534
578264.2434615178
578265.8773370823
578267.5112126467
578269.1450882112
578275.680590469
578277.3144660335
578278.9483415979
578280.5822171624
578282.2160927268
578282.2160927268
578283.8499682912
578285.4838438558
578288.7515949847
578290.3854705491
579917.6595175696
580079.3526845407
583593.543960452
583933.2085361289
583933.2085361289
585380.4041901298
586176.6352126774
586176.6352126774
586538.4753856616
587358.7689392493
587499.9313870063
587499.9313870063
587616.547192445
587618.4946400875
587620.4420877299
587622.3895353724
587623.3632591936
587626.2844306574
587627.2581544786
587629.2056021211
587631.1530497635
587633.1004974061
587635.0479450485
587639.9165641547
589508.762139075
589629.6964371671
589629.6964371671
589923.8105425623
589970.4612657493
589971.0003896728
593327.4209002209
593328.6091733587
593333.3622659098
593710.0118430001
598064.1416881242
598363.7845643687
598364.8408071578
598920.8646154081
599205.6760824884
599207.1284163235
599208.5807501585
599210.0330839936
599210.0330839936
599211.4854178287
599212.9377516637
599212.9377516637
599215.8424193339
599215.8424193339
599217.294753169
599218.747087004
599220.1994208391
599221.6517546742
599223.1040885092
599227.4610900144
599228.9134238495
599228.9134238495
599230.3657576846
599230.3657576846
600268.3058397451
600275.4299773073
600276.4477112447
601625.4953048235
602905.5845475593
603430.0476012195
608428.1279655254
620367.4233452273
628201.8566767778
628210.9062569244
628212.1990540881
628213.4918512519
628214.7846484157
628216.0774455795
628217.3702427433
628217.3702427433
628219.955837071
628219.955837071
628221.2486342347
628226.4198228898
628226.4198228898
628227.7126200537
628229.0054172174
652738.7342507201
656447.499751679
658309.7878192834
658319.4260347344
658419.1199504886
658420.8968589307
658433.3352180258
658433.3352180258
658436.8890349101
658438.6659433523
658438.6659433523
658442.2197602366
658443.9966686787
658445.7735771209
658447.550485563
658449.3273940051
658454.6581193316
658456.4350277737
658459.988844658
658461.7657531002
658472.427203753
658474.2041121952
658477.7579290795
659653.9887988141
659661.3164831639
659666.8122464261
660542.4375186241
666613.5395288778
666888.4927299261
666888.4927299261
666912.8523292507
682146.018841831
684885.1314573003
684932.4533347596
684932.4533347596
684938.9063180495
684943.2083069094
684951.8122846293
684956.1142734893
684974.6040235637
685128.6504328426
685128.6504328426
687863.6315986521
687878.5400255197
687878.5400255197
690350.8963240855
690355.9464849212
690363.5217261745
690364.3634196471
690365.2051131197
690367.7301935375
690368.5718870101
694053.7534669427
702483.5611519037
702491.961582836
702493.9640431238
702495.9665034115
702500.9726541309
702504.9775747064
702508.9824952818
702510.9849555696
702514.9898761451
702518.9947967207
702520.9972570083
702522.9997172961
702527.0046378716
702529.0070981594
702532.010788591
702534.0132488788
702537.0169393104
702538.0181694542
702542.0230900297
711538.6370617135
711578.6202522941
711578.6202522941
716135.1416193583
718964.7940464093
726646.2977253799
726725.3618991588
726759.2496886437
733803.1072975802
736478.5372748874
738613.0884251866
738656.9885161103
740409.6198779024
740421.1340245571
740422.7789026506
740424.4237807441
740426.0686588376
740427.7135369311
740431.0032931181
740442.5174397726
740445.8071959596
740454.0315864271
740455.6764645206
740455.6764645206
740458.9662207076
740460.6110988011
740462.2559768946
740465.5457330818
740467.1906111753
740470.4803673623
740472.1252454558
740475.4150016428
740477.0598797363
740486.9291482973
740488.6455428296
740490.361937362
740492.0783318944
740493.7947264267
740497.2275154914
742744.1199886918
742753.9012370204
742808.3967634226
742808.3967634226
743853.2079248772
743948.1927581965
743948.1927581965
749883.980164885
749890.6366949625
749891.968000978
749893.2993069935
749894.630613009
749895.9619190244
749897.2932250398
749899.9558370708
749902.6184491018
749903.9497551173
749903.9497551173
749905.2810611328
749907.9436731638
749907.9436731638
749909.2749791793
749910.6998066917
749912.1246342041
749913.5494617166
749913.5494617166
749914.974289229
749916.3991167415
750041.4153531124
750041.4153531124
758182.6267009986
758365.0486327065
758366.077369173
758369.1635785726
759402.8676869475
776433.7869329687
777892.6782753536
779918.3373956097
784982.2293874494
784983.8797668074
785006.9025588521
785006.9025588521
788442.8053392828
792191.0809220731
792490.7127957884
792491.8845651327
792529.3811841472
823926.1155723989
823964.7344493768
824084.9370792869
824086.1693625409
825241.8310042099
825248.8451164817
827467.8406772668
827476.8627510908
827483.4422634647
827490.5388947042
827494.796873448
827501.8935046875
827516.0867671666
827520.3447459103
827523.1833984061
827527.4413771498
827530.2800296457
827533.1186821414
827537.3766608852
827540.215313381
827541.6346396289
827544.4732921247
827547.3119446206
827548.7312708684
827551.5699233643
827554.4085758601
859949.771009864
859994.6723309316
859994.6723309316
874062.0548751137
888898.283147029
888906.5570488772
888909.6597620704
888915.8651884566
888917.9336639186
888921.0363771117
888923.1048525738
888926.2075657669
888927.2418034979
888929.3102789599
888939.806691677
888994.6212914218
888996.9538275811
888998.1200956608
889009.1556323016
889014.4698538345
889015.2290283391
889022.8207733862
889027.3758204143
889029.6533439284
889041.8001360035
893674.6295433186
924928.4410791646
925000.3316040006
925000.3316040006
935136.4334996446
949725.3909336104
949762.5244691662
949763.2836436708
949773.9120867365
949776.1896102506
949777.7079592601
949779.2263082694
949779.9854827741
949780.7446572789
949781.5038317835
949783.0221807929
949783.7813552977
949784.5405298023
949785.299704307
949786.0588788117
949789.0955768304
949790.6139258399
949792.1322748492
949792.8914493539
949793.6506238587
952567.8282994216
952618.8525279075
952804.1186133757
953166.2778597025
953170.0187195806
957751.7138731194
957752.1759793396
961804.1378678015
963523.3545488581
963539.6602969154
963539.6602969154
978938.689934978
978982.821079012
979247.1733433171
979248.3671177194
979254.335989731
979255.5297641333
979257.9173129379
979260.3048617425
979262.6924105472
979381.6517546742
979384.6224375187
990452.3414757142
990566.6577525806
991914.0274604788
991914.0274604788
991917.8783456476
991918.8410669398
991922.6919521085
992210.1715324841
992448.4753092551
992448.4753092551
993331.2412228088
999310.1805484456
999370.3258735167
999397.78268477
999397.78268477
1032396.1277210248
1063183.063440277
1063224.6860076864
1063224.6860076864
1085399.4966342957
1085935.539849785
1090783.886796201
1104772.2766830432
1104803.815432575
1104805.317277791
1104808.3209682226
1177694.646199925
1177776.7030616065
1177776.7030616065
