1401.5681660159387
1943.596757310187
2361.230755124963
8406.922424529528
8433.042428502662
8436.40920239305
47397.2447833495
84957.70597269235
84960.75917450471
85032.30311967543
85033.43087890343
91719.17267094034
91738.53712207459
91748.21934764172
91757.46147204669
132871.381963493
134675.8737459791
137118.74876794594
137836.4712444319
145417.36779773684
145428.30431161608
145622.746506315
145624.63344004768
145649.16357857257
147378.3650547452
151468.81378983642
151477.01067398133
151574.16300552417
151575.65384821093
151761.38203989944
151775.32224421029
151789.26244852116
154354.2545404534
154366.26930217986
161210.9041175437
161228.37613368072
163420.3989944911
164598.5167979584
164607.36283131747
164608.83717021064
164610.3115091038
164611.785847997
164614.73452578334
164614.73452578334
164616.2088646765
164619.15754246287
164619.15754246287
164622.10622024923
164623.5805591424
164625.05489803557
164628.00357582193
164629.4779147151
164630.95225360827
164632.42659250146
164633.90093139463
164635.3752702878
164638.32394807416
164639.79828696733
164641.27262586053
164850.28767029088
164850.28767029088
164856.91119278112
164966.57339985788
165175.9075176308
165221.88158528108
168296.8023899938
169337.96621306703
169357.55071478235
169536.68839156782
169539.36200612783
169572.78218812798
169984.80489612542
170103.9567845109
170111.44950679637
170117.69344203427
170145.166757081
170160.15220165192
170179.5276553152
170183.9836795819
170192.89572811525
170206.26380091533
170222.60255655987
170235.97062935992
170287.49547291774
170375.064601655
170417.3583233368
170457.8476302539
183304.89566699014
183307.96537259608
183313.08154860596
183318.19772461586
183329.55233459914
183334.5199764668
183460.22937216816
183460.22937216816
250872.80190099252
250882.0055165458
260893.75132756212
282975.62909252057
289508.204677603
310282.3603481078
332567.8949258476
332585.9885848761
332595.8578534372
332599.1476096242
332600.7924877177
332604.0822439047
332607.3720000917
332609.0168781852
332623.8207810268
332948.5219171907
332948.5219171907
332954.62832081545
332956.66378869035
362129.5284957862
374515.4385348299
374531.4472146028
408775.9386914631
409249.43252928276
409250.82985047257
409255.02181404195
409262.00841999095
409264.80306237057
409287.1602014074
409289.954843787
442809.6822255671
442916.8303547551
449277.128339917
452256.3436456574
452288.2234735901
456108.23004454497
456137.1721972203
456144.49988157
461696.4640622254
463266.1728772378
463390.94155670505
463395.7441606369
463467.09556154924
463800.30715393607
463800.30715393607
463851.3313824219
469789.9464390773
484727.24394287856
513409.6929224704
535345.3910864233
544344.2165664469
544366.5957105418
544483.1069919544
544484.2567562405
551507.0500233041
551514.0916418983
551515.4999656171
551519.7249367737
552851.6360913516
553277.6760213632
553277.6760213632
559173.2711894192
559179.5151246572
559218.2275231321
559218.2275231321
571469.213548392
571539.6407368638
571645.0944765776
571645.0944765776
571727.9105127638
571759.7353280511
571760.8355809565
578274.0467149046
586527.2858136141
586558.3679581904
586562.0978155396
586591.1995048862
586596.200154341
586602.8676869475
586609.5352195539
586621.2034016151
586666.2092467088
586674.5436624668
586679.0106892625
586684.5944727572
586686.827986155
586693.5285263488
586699.1123098434
586710.2798768327
586711.3966335317
587017.9656018155
590455.4637489589
592006.7873379228
592040.7521451111
593315.538168843
593325.0443539453
618510.0314030517
619881.4086293447
620728.2512855385
628681.319386609
628697.4931043177
628734.4285943506
634441.715477655
639272.485883908
652632.5268377662
656810.423673775
660347.3626785047
660347.3626785047
660355.7466056434
660357.8425874282
660366.2265145669
678529.1849723791
678534.2736420664
678600.343829033
678648.7549568686
678648.7549568686
687460.5484455108
687518.6197938554
687518.6197938554
761165.3903223588
763985.1954859068
764031.1090396473
786371.8323031197
786388.10504359
817178.9576631851
817561.9501982747
817561.9501982747
827457.0141886781
829366.7396602969
829390.9837330664
829398.4434477647
829402.1733051138
829405.903162463
829411.4979484867
829415.2278058359
829422.6875205341
829426.4393829415
829430.2132504069
829435.8740516049
829450.9695214664
829456.6303226644
829462.2911238625
829464.1780575952
829469.8388587933
829477.386593724
829481.1604611893
829484.9343286547
829488.7081961201
829490.5951298528
829496.2559310507
829630.5197930913
829632.2306863592
829642.4960459662
830517.9617814928
830543.7076994781
830567.737222931
830572.8864065281
830578.0355901251
830581.46837919
830581.46837919
830586.2544793283
830587.8498460411
830602.2081464559
857922.180945759
868721.3777611381
868729.8167009222
868729.8167009222
868731.1149993505
868731.1149993505
868731.4395739576
868732.0887231719
868734.0361708143
871626.2654818572
871630.3089112844
871632.2343538688
871692.5722231986
871692.9408079219
874068.6343874877
874070.7248680078
874086.1944238571
874086.6125199612
887646.3163685541
887666.7150574195
887674.0977544144
887676.6723462129
887735.4918665332
887790.796078821
887794.3443944406
887800.258253807
887814.451516286
887816.8170600325
887819.182603779
887822.7309193988
887827.4620068918
887831.0103225117
887846.386356864
887847.5691287372
887849.9346724837
887852.3002162302
887857.0313037233
887858.2140755965
887859.3693411471
887861.6798722484
887865.1456689002
887866.3009344509
887867.4562000015
887869.7667311027
887870.9219966534
887873.2325277546
887874.3877933052
887877.8535899571
887879.0088555077
887882.4746521596
887883.6299177102
887884.7851832609
887900.9589009696
887903.2694320708
887906.7352287227
887909.045759824
887913.6668220265
887915.9773531277
887921.7536808808
887928.6797729201
887929.8295372062
887933.2788300645
887936.7281229227
887939.027651495
887941.3271800671
887945.9262372116
887948.2257657837
887951.6750586419
887955.1243515003
887959.7234086447
887979.2694015083
887982.7186943666
887985.0182229388
887987.317751511
887988.4675157971
888007.7054378472
888013.9218667625
888032.5711535083
888040.0308682065
888045.0040113387
888059.9234407353
888061.1667265184
888063.6532980845
888073.0164503091
888078.7267628878
888093.0025443349
888101.568013203
888102.5197319661
888105.3748882555
888107.2783257818
888109.181763308
888111.0852008343
888112.0369195974
888112.0369195974
888113.9403571237
888114.8920758868
888122.5058259919
888130.6587000205
888132.2870743205
888133.1012614705
888142.05732012
890035.9666562245
890055.512649088
899029.0818236691
899117.514650937
899286.2109276508
899286.2109276508
907075.3193407651
909766.1198511602
909775.7470640821
909781.2483286088
909782.6236447406
909786.7495931357
909788.1249092673
909789.500225399
909793.6261737942
909795.0014899258
909797.7521221892
909799.1274383209
909803.253386716
909804.6287028476
909806.0040189794
909807.379335111
909812.8805996379
909814.2559157695
909815.6312319012
909819.7571802962
909822.5078125597
909822.5078125597
909825.2584448231
909830.7377042918
909832.0910153653
909833.4443264389
909834.7976375126
909840.2108818069
909841.5641928805
909841.5641928805
909844.2708150276
909849.684059322
909851.0373703956
909852.3906814692
909857.8039257636
909859.1572368371
909860.5105479107
909865.923792205
910101.961047991
914472.5176689919
938040.1439497551
938045.3041358812
938092.8570664506
938093.6712536006
938096.1138150505
938097.7421893504
938098.5563765004
938099.3705636504
938100.1847508003
938100.9989379502
938101.8131251002
943144.9323420869
947226.8486158971
947410.5688460333
947410.5688460333
947414.4637413183
947421.175284041
947422.5175925855
947425.2022096746
947425.2022096746
947427.8868267636
947430.5714438527
947433.2560609418
947434.5983694863
947435.9406780308
947439.9676036645
947441.309912209
947443.994529298
947445.3368378426
947448.0214549317
947452.0483805652
947453.3906891098
947456.0753061989
952593.0901061286
952685.0932540743
952724.0807157756
952760.0864921034
952766.379938722
952769.8127277867
959640.2539750456
965101.2492454863
981141.8638589843
991999.748164335
992000.8319134468
