682222.5524339275
689188.8147067138
690388.7725303525
690399.7145454962
690492.8124450829
690493.7201537298
690873.8190236783
690881.7408445969
690883.3252087806
691000.001528129
691001.0192620665
692718.9431459593
693008.1116145448
695415.9765890632
698782.5029225467
700328.3802596291
702338.3442721904
702343.8895468334
702346.6621841548
704196.9024824456
704296.5303830255
704384.8916938546
704386.2229998701
706011.1315031442
706031.1836123442
706033.8572269042
706040.5412633043
706041.8780705843
706049.8989142643
706088.3692571
706088.3692571
706095.3998731653
711379.4194637795
711440.8850923372
719385.3767220104
720035.235599294
720315.3599889976
720318.2096440224
722037.5583554276
722041.5852810611
723585.0640668098
725390.193995981
725426.5573545031
731592.1435830041
731602.8875526249
731605.9572582309
734406.2054263862
734499.3528373536
735370.753138395
736198.1433232222
739588.7376890104
747351.8251209132
760733.4255304518
761107.7590751763
761136.475676006
761148.0833441577
761373.0300506575
761440.9046523889
761440.9046523889
761516.5690446902
761536.5826450386
761597.0965548331
761598.5818962553
761701.758112455
761715.698316766
763391.884106694
763395.0198274743
763821.6703978485
763840.589246556
763858.5123663843
763859.5080952636
763860.503824143
763861.4995530223
763862.4952819017
763866.4781974191
763869.465384057
763995.9889669083
764808.0966388802
764821.189648454
764853.460066168
767339.3219691471
767364.3857303311
769201.6375430742
769206.7207114969
770716.6417836322
770719.678481651
770720.690714324
770736.3473131671
770740.0881730453
770743.8290329236
772014.3900854988
775832.7847859473
777925.7628802176
778254.3754154601
798119.8707202836
798122.7533828956
798124.1947142016
798125.6360455076
798128.5187081196
798129.9600394258
798132.8427020378
798134.2840333438
798135.7253646498
805895.6880783013
807659.9161057159
813818.78529023
818689.1207909596
818692.3555345013
818695.5902780431
818695.5902780431
818699.7272289672
818706.6588222709
824339.0349865142
824356.5125039158
826769.5376645604
863011.8848707584
992476.20168247
992584.9341758417
1061269.4485746375
