5980.254127858556
32356.54551150299
32376.152018276425
41127.45360218217
111413.71067932976
111434.20839095653
112050.52605842038
161439.31111943093
280573.62296472315
391136.6070951031
391156.63169798057
393950.02529053553
439639.9251216773
543441.0409614989
545135.4359370105
551995.4522879912
552013.9365368012
553523.7860924976
553534.7611152285
555193.9534990335
555685.700532553
555688.1430940029
608127.97347168
608129.7063700058
680813.7225987363
804083.6595634135
817739.3384729407
851028.7554153072
894195.2967244554
911935.862590637
912239.8184582706
912886.9432070844
912886.9432070844
912900.0142116001
912900.0142116001
912901.4665454351
912902.9188792702
912904.3712131053
912907.2758807754
912908.7282146105
912910.1805484456
912913.0852161157
912914.5375499508
913176.3372275155
913957.247228356
913957.247228356
914984.2617990663
939844.7512587963
943953.2221364772
947715.1958679392
952644.8460027965
977838.794611817
1208196.21482438
