170269.70438343816
170832.58276728887
172095.53557102362
183518.93886719795
183530.23846453597
183667.3409790723
183667.3409790723
186637.35817052392
186647.75556047953
186667.89018864752
186667.89018864752
186695.77059726923
186875.72246120463
186883.45173786476
186926.24057335404
186926.24057335404
186930.16847622613
186932.1324276622
190375.75898348857
190491.05448544075
190494.55328967978
190495.71955775944
190638.68642028133
190639.69865295428
190686.26135590888
190686.26135590888
190751.8034214809
190751.8034214809
191037.4620832983
191064.94089960956
191113.62709067154
191115.24996370694
191126.61007495472
191166.8518249681
191174.44357001505
191198.48409599706
191242.2741616302
191243.48994109064
191286.04222220523
191363.1369432835
191400.15495228415
196096.55697247077
197906.5610220127
197909.92779590306
197911.05005386652
197912.17231183
197913.57513428433
197914.97795673867
197916.380779193
197917.78360164733
197955.65980791417
197955.65980791417
199022.44852115313
199033.308017329
199110.87584715654
199110.87584715654
199152.94951825732
199163.57796132306
199191.92047616502
199193.69188334263
199461.15236210547
201012.96006234767
201715.43853482988
201761.84720237777
201761.84720237777
201773.7299337556
201785.61266513343
201828.6435562619
202105.85227576617
202208.73692494596
202218.1550898158
202235.01096432583
202242.32764614644
202272.63961368898
202273.68485394906
202587.6640255503
205031.29272075734
205336.55238808366
205337.91120042177
205341.9876374361
205346.06407445043
205350.47608860093
205355.55925702368
205357.2536464979
205358.94803597216
205360.6424254464
205362.33681492065
205364.0312043949
205367.4199833434
205372.50315176614
205377.5863201889
205379.28070966311
205382.66948861163
205384.36387808586
205386.05826756012
205591.87157603586
205593.56596551012
205595.26035498438
205600.3435234071
206121.98442836513
206253.81673148478
206350.52896186555
206544.69609333813
206562.55869925657
206563.60944078118
206595.57728894625
206611.58596871918
206612.6532140374
206617.98944062836
206621.19117658294
206622.25842190112
206624.39291253753
206625.4601578557
206627.59464849212
206629.7291391285
206630.7963844467
206633.3049610709
206634.55924938302
206635.81353769512
206638.32211431934
206639.57640263144
206642.08497925565
206643.33926756776
206647.10213250408
206648.35642081618
206650.8649974404
206652.1192857525
206653.37357406458
206663.40788056143
206664.66216887353
206688.49364680354
206732.8998540637
207792.11332604926
207796.73438825173
207801.35545045423
209311.78263892603
209474.499041099
209509.82816188998
216893.68042237486
216902.12486342347
216903.8137516332
216905.5026398429
216913.9470808915
216917.32485731094
216922.3915219401
216922.3915219401
216924.08041014982
216929.14707477897
216929.14707477897
216930.8359629887
216934.21373940815
216935.90262761788
216940.96929224703
216942.65818045675
216944.34706866648
216946.10747331506
216949.6282826122
216951.38868726077
216953.14909190932
216953.14909190932
220644.21152362105
222100.66030455614
222918.45628404862
222922.81328555383
222940.24129157464
222941.6936254097
223055.45977582346
223062.23733372046
223077.48683898867
223350.78966067894
223360.49389130418
223422.72419563108
223424.3965800472
223904.74499346723
223924.9896469258
223929.84176223841
232493.34117772905
244354.28754804056
244485.34967412645
244586.15484531512
257921.6491568548
260944.20342453718
271999.93520732893
272006.5092184384
272019.6572406574
272048.5828895392
272048.5828895392
272052.52729620493
272276.51678267715
272305.9485478954
280514.16529771773
284072.4272037531
284234.20839095657
284240.28178699414
284271.77102514537
284272.89328310883
288644.4181266666
288873.8208574332
290307.7914715119
300969.14310164354
309794.4586984925
309804.3279670535
309945.18784526165
310124.43554733763
310124.43554733763
313841.82152980997
313850.11743671633
313858.41334362276
313860.4873203493
313862.56129707594
313870.8572039823
313883.30106434185
321066.02159246325
322166.153469999
327057.08020385244
361268.4430657324
385341.92712352634
391160.92268431146
405378.588772836
405414.5230327249
405754.2151147243
444289.43436303764
536362.0522772943
543428.8941694237
544158.8569594816
551990.1710740455
553741.3886108543
553751.1258490668
555052.1859121784
592056.9258628199
593472.2416888882
609251.3591943703
646562.662612031
692106.0582675601
699366.0000458439
707004.9239373773
778344.7061789897
778348.1884794352
778350.5100130655
778351.6707798806
778355.153080326
778356.3138471412
778359.7961475867
794486.351515522
796480.5048938332
796764.5241788217
905277.2970453625
942089.5147426248
947622.2795100819
982340.5508905172
982388.9730208819
1003847.2054340268
1021825.0518417775
1022474.6411570993
1022651.9304090037
1022651.9304090037
1023647.9233490477
1024479.0158849013
1024507.51243515
1024766.0113539988
1037479.9783005677
1058380.492515988
1058382.4509661596
1058383.4301912454
1058383.4301912454
1058385.3886414168
1058385.3886414168
1058387.3470915884
1058388.3263166742
1058389.3055417598
1058390.2847668456
1058391.2639919315
1058392.2432170173
1058393.2224421029
1058394.2016671887
1058395.1808922745
1059140.4702053042
1059147.2367606722
1059148.3645199002
1059149.4922791282
1059150.6200383562
1059154.619457667
1059154.619457667
1059156.0552877083
1059157.4911177498
1059158.9269477914
1059160.362777833
1059161.7986078744
1059163.2344379157
1059164.6702679573
1059164.6702679573
1059167.5419280403
1059176.1569082893
1059177.5927383308
1059181.9002284552
1059181.9002284552
1059183.3360584967
1059184.7718885383
1061112.5085002177
1071558.1775533126
1071577.586014563
1071578.9723332238
1071609.4713437604
1071610.857662421
1104865.3910864233
1118780.9442309309
1141918.3056105257
1141921.5733616545
1141924.8411127834
1141926.4749883479
1141928.1088639123
1141931.3766150414
1141933.0104906058
1141934.6443661703
1141936.2782417347
1141937.9121172992
1165099.0389596499
1178806.050168476
1178814.434095615
1178818.6260591843
1178838.5131304488
1178845.4667288107
1178848.9435279917
1185066.0215924634
1185134.0172220143
1185134.0172220143
1188664.9378433514
1188773.3677671743
1193130.5343103171
1193132.514765547
1193132.514765547
1193134.4952207764
1193134.4952207764
1193135.4854483912
1193136.4756760062
1193137.465903621
1193137.465903621
1193138.4561312357
1193138.4561312357
1193139.4463588505
1193139.4463588505
1193140.4365864655
1193140.4365864655
1193141.4268140802
1193141.4268140802
1193142.7581200956
1193144.0894261112
1193145.4207321266
1193146.7520381422
1193146.7520381422
1193146.7520381422
1193149.4146501732
1193149.4146501732
1193150.7459561885
1193152.0772622041
1193153.4085682195
1193154.7398742351
1193154.7398742351
1193156.0711802505
1193157.4024862659
1193158.7337922815
1193158.7337922815
1193693.7922814202
1193780.321671162
