801014.7846484157
801522.9089464315
802353.957472169
803324.9911750549
804085.1339023067
804092.5055967725
804163.2463573224
804163.2463573224
804164.275093789
804520.3004301683
804541.5518150353
804545.8758089533
805441.7017244936
805454.1785924404
805503.8880187043
805505.0102766678
806429.2667272824
806465.0799593518
806472.2426057656
806561.8472023777
806562.8374299926
806658.9885313915
807073.6848539491
807122.7286272052
807123.5263105617
807124.323993918
807270.5861138914
807610.8283223435
812135.4643602106
812145.2291047457
812204.7252806027
812315.5977658754
812427.49348635
812442.500935979
812445.5596390559
812450.1476936712
812451.6770452097
813154.1665202209
813167.7216360149
813239.0510318691
813240.8499453694
813432.1784243461
813449.012293798
814893.0282169026
817687.7696192666
819035.9920231664
819442.8765500959
824229.3342705858
826520.346885291
826579.8760687351
829693.822844001
829709.2208834114
829714.3535632149
829719.4862430184
829722.9080295541
829724.6189228218
829889.4093017215
829889.4093017215
830492.2158635075
830507.6634142987
830511.0962033634
832882.9774066122
832901.8687489972
835886.843878697
851941.1236332796
852844.4752786926
852908.7575546879
852910.6389871561
852921.300437809
853429.8978445741
853437.3245516852
853441.0379052408
854685.0388526808
855792.6194423857
855810.3115091039
855825.0548980356
857497.0047142782
857517.3098816464
859681.2432857831
859822.6697942374
859916.3508278639
859924.3716715439
860563.426065297
861110.2517592586
861110.2517592586
861125.5012645269
862540.4044957557
862541.4222296932
862541.4222296932
862543.457697568
862546.5108993804
862546.5108993804
862548.5463672553
862597.3425836078
862602.9813797477
862669.7392247801
862669.7392247801
862822.1517584944
863783.7177851298
863805.0901978163
863814.2498032533
863826.4901168254
868452.2614017527
868464.8923051063
868528.9545305206
868532.7449017795
868546.3990403349
871229.7178309737
871448.8221945461
873239.8523827352
873244.6714904606
873247.4826366338
873249.8921904966
873250.6953751175
874713.7401722202
879354.9645092032
879358.0177110155
879359.035444953
879361.0709128279
882033.0075871607
882038.4263327195
885520.9468287502
885529.3307558891
885529.3307558891
885532.1253982687
885533.5227194584
885533.5227194584
885536.3173618381
885536.3173618381
885537.7146830278
885606.9315933037
885607.9108183895
887023.584226652
887028.7334102491
887335.4619152041
887353.7701235492
887368.2439505192
887870.9219966534
888045.0040113387
888047.4905829049
888052.4637260371
888054.9502976032
888056.1935833863
888057.4368691692
888770.1311898776
888780.9136683502
890293.8109245944
890393.6918833427
890707.1649386075
893174.0859878209
893191.4149710803
893234.6053988799
893426.6490422452
893426.6490422452
893430.8300032855
893430.8300032855
893431.8752435456
893432.9204838057
893435.0109643259
893436.0562045859
893437.101444846
893438.1466851061
893440.2371656264
893441.2824058864
893443.3728864066
893707.697644389
893722.9911597734
894462.5481551662
894467.2682401303
897951.356596551
904644.316047647
931072.7649202698
931078.7447948104
941669.7242491156
942352.4531819467
949007.4924166597
952712.5940754437
952735.0887460937
952778.6147510295
952790.6955279304
952792.037836475
952802.7763048311
967990.0072586129
968024.2031189114
970740.375461304
970759.497856799
970999.5070255733
971370.9083963049
977442.7860848571
990954.9260003516
992043.5492324972
992051.6746002033
1048266.0270937278
1091552.4629619727
1177335.2980997716
