159979.29201781796
160086.96276713605
160089.2732982373
160123.07856875434
160123.07856875434
161188.12888240285
161189.64723141224
161376.5802000321
162023.37487297427
162054.46802007963
162384.01577029165
162656.1303188441
162672.8321579474
162686.75035720016
163682.47923654676
170642.27202224958
170682.22770650755
170726.54039227075
170840.30654268447
170846.7430221808
172516.5968566386
172531.15320257642
172532.192941572
172538.43137554536
172756.42998494793
172756.42998494793
173685.75860145633
176602.88663574753
176604.2564506147
176686.82492989706
176686.82492989706
176687.1385019751
183189.1215550241
183208.06791005432
183208.7445655911
185697.10954392987
185729.01687818518
185736.993711749
185738.58907846178
186715.34959772005
186723.30442622575
186740.53988798815
186740.53988798815
186743.19149749004
186743.19149749004
187052.5881157405
187068.29972722896
187156.1164128699
187157.70627831813
188810.33015227807
188815.56735610755
188821.5527319127
188822.30090388833
188823.04907586396
188890.42856378795
188890.42856378795
188897.4701823822
188898.3503847065
188898.3503847065
190939.3195241406
190947.17532988483
190993.89206824623
190995.10234644215
192129.32556025032
192131.99917481033
192133.33598209033
192133.33598209033
192136.00959665034
192310.15212524545
192310.15212524545
192355.33401080387
192355.33401080387
193025.42653901695
197976.7021447291
205602.03791288135
205610.50986025258
205613.89863920107
205622.37058657233
205625.75936552082
205629.1481444693
205630.84253394356
205632.5369234178
205635.9257023663
205637.62009184054
205639.3144813148
205702.97511441866
205704.19089387907
206672.18789874617
206706.05368317303
206707.7315688537
206709.40945453435
206712.7652258957
206716.12099725704
206719.47676861836
206722.8325399797
206724.51042566035
206727.8661970217
206731.22196838303
207075.1885329197
207087.68740592455
207091.30173671863
207093.71129058136
207103.34950603227
207125.0354907968
207131.05937545365
207196.54642838042
207197.70169393104
207203.47802168416
210210.66725754322
210226.57141329013
218760.78759770474
218766.58042925142
221771.51964791908
221777.48851993063
221777.48851993063
221782.26361753987
221783.45739194218
221784.65116634447
221787.0387151491
221788.23248955142
221791.81381275834
221791.81381275834
221793.00758716065
221796.5889103676
222174.46526944736
222202.12012622345
222299.0799135079
222300.2131740004
222862.82749715386
222867.9546756928
222883.33621130968
222883.33621130968
223084.26439688567
223091.04195478265
223097.81951267965
223381.5197243255
223651.69782776458
223691.42796017695
223718.246624745
223720.30959894252
229860.7110384401
244168.41082220984
244272.49474705645
244283.1451951803
244365.60915043665
244366.14827436028
253317.97095026704
257861.07473315048
262571.9230739844
262572.35217261745
262573.2103698836
262573.63946851675
262574.0685671498
262574.926764416
262574.926764416
262575.3558630491
262576.0160147923
262577.00624240714
262577.99647002196
262578.32654589356
262578.32654589356
280516.9269325102
284234.20839095657
284389.327546818
284442.25521283015
284442.25521283015
285522.83559623774
286103.74162394274
286114.386570802
286206.41172380594
286206.41172380594
289670.41496343946
289679.8551333674
289686.14857998607
289687.7219416407
289690.86866495
289694.0153882594
289695.588749914
289698.7354732233
289701.8821965326
289703.4555581873
289705.028919842
289708.42320005497
289710.24411861337
289712.0650371717
289713.8859557301
289781.2599423895
289783.0808609479
289799.46912797313
300575.4506070493
304253.87113287847
304323.56665316824
311319.48624301836
311791.4837368867
311791.4837368867
313907.96873448
313928.36192208074
313930.2158482263
313932.0697743718
313939.48547895387
313941.3394050994
313946.901183536
313956.1708142636
313958.0247404091
315021.419173435
315059.75198465755
315702.86081036687
315702.86081036687
322169.3442034245
322190.08397069044
322253.31550516124
322254.8118491125
323078.69772843615
327085.5492477785
335981.88616966817
335990.65518532385
336021.65481093223
336072.8000672377
336075.0555856937
336076.1833449217
336079.5666226056
336081.8221410616
336085.2054187456
336087.46093720157
336088.58869642956
336089.7164556575
336093.0997333415
336095.3552517975
336096.48301102547
336098.73852948146
336099.86628870945
336102.1218071654
336104.3773256214
336105.5931050818
344674.6983091252
344676.64575676766
344722.27874601725
385661.1985116023
389621.9714392683
389623.37426172267
389635.9996638116
389637.4024862659
389648.0804407124
389648.0804407124
389654.8359935513
389656.524881761
389658.21376997075
389661.59154639015
389663.2804345999
389666.65821101936
389668.34709922905
389670.03598743875
389675.10265206796
393655.0034764935
403236.3908648446
431990.1967466133
543187.6527173955
545152.5173633661
551916.3881142124
551938.7562557783
551955.2380443005
553359.9969437419
553674.8508164029
553682.9651815799
555147.016710091
555646.6195493548
555651.5046722546
555754.0922531498
555756.5348145998
592824.8583806417
673457.739744344
685155.8266796048
685173.7828070201
685187.2499025817
685191.7389344355
685214.1840937048
685224.7795291834
685224.7795291834
685226.3363870445
685243.4618235164
685245.0186813774
685259.0304021272
685271.4852650157
685666.6741035613
685668.1264373964
685681.197441912
731306.9910375233
731310.6878872853
731313.4605246068
731321.7784365712
731322.7026490117
731389.0148916175
731389.7135522123
758716.1613398636
776948.8593280816
777134.1254135498
819117.8783456476
831109.7878192834
831133.8833579108
831190.1062813745
831190.1062813745
831191.7126506162
831193.319019858
831196.5317583417
831199.7444968254
831204.9046829514
831208.4584998357
831212.01231672
831220.8968589307
831222.6737673728
831226.2275842571
831228.0044926993
831229.7814011415
831245.7735771209
831251.1043024473
831254.6581193316
831259.988844658
831261.7657531002
831288.4193797325
831711.8627128875
832632.2297694817
832633.6380932005
835615.620534998
889079.6268308896
889086.3603786704
889089.7271525608
889095.3384423781
889099.827474232
889103.1942481224
889108.8055379397
889114.9779567387
889116.380779193
889121.9920690103
889123.3948914646
889126.2005363733
889129.0061812819
889130.4090037362
889131.8118261906
889134.6174710992
889136.0202935536
889140.2287609165
889141.6315833709
889145.8400507339
889145.8400507339
890119.7289099093
898114.1445151629
898143.378234858
898143.378234858
898158.6442439199
898193.6597926329
898207.9630804026
898236.5696559418
898717.347167995
898719.0965701145
911916.7181900839
912074.9785679902
912116.5901328708
912226.0983045409
912390.0029798517
912391.2682706928
912430.4922867687
912435.5534501333
912440.614613498
912443.1451951803
912443.1451951803
912467.7908602603
912467.7908602603
912467.7908602603
912467.7908602603
912469.7493104318
912469.7493104318
912475.6246609463
912477.5831111178
912481.500011461
912487.3753619755
912489.333812147
912489.333812147
912495.2091626617
912497.1676128332
913286.9291482973
913288.6455428296
919918.1093987577
926852.1892740623
947849.33870216
947853.7947264267
947895.5823317721
947898.8170753138
947910.1386777099
947914.9907930226
947918.2255365642
947921.460280106
947927.9297671895
947932.7818825021
947940.8687413565
947944.1034848982
947947.3382284399
947952.1903437526
947956.580352845
947958.428777726
947960.277202607
947961.2014150475
947962.125627488
947963.974052369
947965.82247725
947966.7466896905
947967.670902131
948828.0136614735
948859.0407934046
948963.8123763171
948963.8123763171
952570.9090075566
952641.95783892
952650.6223305496
952688.6800785458
953587.36665164
960241.696223229
960241.696223229
960243.3025924709
960243.3025924709
960245.7121463337
960248.9248848173
960249.7280694381
960249.7280694381
960250.531254059
960250.531254059
960251.33443868
960252.1376233009
960252.9408079218
960253.7439925427
960253.7439925427
960254.5471771637
960255.3503617846
960256.1535464055
960256.1535464055
960256.1535464055
960256.9567310264
960257.7599156473
960258.5631002681
960258.5631002681
960259.366284889
960260.9726541309
961400.8511678727
973194.4235515248
979372.7397061408
979529.6082641219
979531.0330916343
979542.4317117338
979562.5333323146
991474.025321098
991477.2600646398
991479.4165603344
991481.5730560288
991490.1990388068
991491.2772866541
991493.4337823485
991495.5902780431
991496.6685258903
991497.7467737376
991498.7370013524
991500.717456582
991502.6979118116
991506.6588222709
991507.6490498858
991509.6295051154
991510.6197327302
991511.6099603451
991512.6001879598
991512.6001879598
991513.5904155747
991823.9112462656
991824.9179776739
991827.9381718992
991848.0728000671
991858.1401141512
992867.8146990732
993442.399773837
993442.399773837
993455.8668693985
993464.8449331062
1022105.0221960741
1024771.0615148343
1029247.1763995751
1029333.1996729805
1032426.2966556896
1032641.786688468
1032706.1514834312
1032707.3892679499
1032716.3508278639
1054853.5988202845
1054863.8861849494
1054864.832402448
1054866.7248374452
1054867.6710549437
1054872.4021424367
1054921.3633967252
1054921.3633967252
1055303.0631346512
1058298.5896897134
1058320.9468287502
1058320.9468287502
1058322.34414994
1058323.74147113
1058329.330755889
1058330.728077079
1058332.1253982687
1058332.1253982687
1058334.9200406482
1058336.317361838
1058339.1120042177
1058339.1120042177
1058341.9066465972
1058343.303967787
1058344.701288977
1058346.0986101667
1058353.0852161157
1058357.277179685
1058358.674500875
1058358.674500875
1061171.1354762795
1065482.6085162633
1071487.6073319633
1071496.3543425607
1071496.3543425607
1071505.1013531582
1071505.1013531582
1071510.3495595169
1085422.998036354
1089941.093070699
1104841.3615629703
1141885.7821346433
1141888.8958503655
1141892.1636014944
1141893.7974770588
1141897.0652281877
1193210.6547268853
1193218.642562978
1193222.5869696436
1193223.8687642785
1193223.8687642785
1193225.1505589131
1193227.7141481827
1193228.9959428173
1193231.5595320868
1193248.2228623384
1193248.2228623384
1193250.786451608
1193252.0682462426
1193252.0682462426
1193253.3500408775
1193255.913630147
1193268.7315764944
1193272.5769603986
1193273.8587550332
1193275.1405496679
1193276.4223443028
1193276.4223443028
