44003.73474736207
44024.77708417699
52302.17223542357
52303.76760213633
52381.638001512845
52381.638001512845
52385.85197014036
59014.243079485634
59015.805438611234
70262.98672819934
70344.82353929967
71461.8442989326
71463.78074404603
71953.30526669671
72137.09151200728
72138.23577502884
74022.3088501593
74051.20149145395
74204.4997287571
74204.4997287571
85105.2113784488
85109.32082305031
85109.32082305031
85110.69063791748
86635.56414703657
91343.87640492363
97403.82185071708
101376.70856287106
101394.87373833847
101498.06645833174
101498.06645833174
103746.96689308445
106259.45491637314
106270.23739484562
106275.62863408186
106277.78512977636
106282.09812116536
106288.69963859748
106599.14699837254
106599.14699837254
114049.72959756722
114060.88616202751
114126.37321495428
114127.97408293156
114355.51188502356
114400.40220356206
114458.90815180434
114458.90815180434
118316.19129119263
136626.65515476125
140608.69046982328
140622.94974747667
140625.32629375224
140639.23349047592
140640.82335592416
140661.49160675128
140680.56999213013
140690.10918481956
140693.28891571602
158176.91272091013
158181.53378311262
158210.39891808463
158210.39891808463
161191.1655804216
161927.4108145692
185824.0787292079
185838.84412319775
185841.19866441522
280566.05872599885
284072.4272037531
338039.1280495725
338049.4759281474
