317327.6592883503
317331.0040571826
319423.0029263671
324029.3437449858
326140.04691356135
326230.40518341365
326289.6152935154
326362.9911597735
326362.9911597735
327474.54366246687
327537.08203760727
327539.31555100513
351598.7988905783
351599.15097150806
364819.9549201934
366856.1709670765
366858.93260186893
366860.31341926515
366861.69423666137
377081.9214694489
377093.3585984
377142.0612932556
377382.8131327409
377802.9061957991
377812.8084719474
377935.1565950229
378001.5018452158
378001.5018452158
379594.9816242484
380977.6419440858
381137.22262547846
381138.91701495275
381674.4541141054
381704.6560563574
381745.6184720238
381747.70895254397
385291.9701403586
385648.5456031907
385712.5363121662
385713.4605246067
386701.7076841969
388835.4831561977
388844.3952047311
388848.8512289978
388850.33657042
388851.8219118423
388856.27793610893
388865.1899846423
388866.6753260646
389937.84854713135
390665.7703680499
390667.4702587887
390893.0441094446
391711.40121791884
394578.68229433295
395186.10991832154
395322.41474950145
395325.2864095844
397490.59512985277
398011.13578190544
398053.27546818054
424062.58849777275
425497.89041786693
446411.6901871194
446434.96053606767
446491.8161049519
446491.8161049519
451057.7226292988
452382.097051475
452486.17547505716
452490.0373627549
452509.7814011415
452514.1053950595
458877.72064273106
459072.49291330157
459072.49291330157
463074.1457376661
463089.43925305054
463155.2013692036
463156.6206954515
463189.26519915345
463210.55509287206
463328.5077055907
463331.70944154524
464178.6566217651
464264.56436861533
464265.7966518693
464283.4667135293
464383.28165710316
464386.43388167693
464460.403884504
464529.7583263931
464532.4759510693
479954.0497711627
479956.9214312457
479965.5364114946
479965.5364114946
481047.9102071379
481183.13679047057
481186.53657194815
481753.3923700517
527063.8259766654
527064.9977460096
527065.3883357911
527070.7630712338
527070.7630712338
533674.1509333048
536443.8450782784
536446.0125765019
573862.3186301851
587434.8734327126
1061310.9721192857
1061357.6668525892
