2139.2217238823646
34200.811436517695
34871.55861520947
56204.98934129998
100090.49091145257
100218.64286860383
100478.81417186868
100484.99759319676
100664.37182435684
100866.84036400034
101046.89675196173
101248.56210698432
101529.4896813087
101713.23741776755
101852.89802030883
111498.70521626846
111665.80062500478
111929.47073250865
112126.54253165137
112361.62256740959
112502.03684319103
112620.89716455658
112930.32679039417
113043.63083458768
113049.15410417256
113085.84203730163
113086.96429526509
113171.87631323589
113421.00107733098
113636.0125000955
114171.19751831844
114180.8027261822
114219.52062592165
114290.42092314274
114290.42092314274
115758.11428877054
115890.0236095936
116047.68985093101
116148.22546015786
116234.30374620833
116313.12586434798
116404.05076444654
116412.52271181779
116419.30026971477
116424.3834381375
116429.46660656025
116432.85538550875
116438.06508301561
116443.52783869069
116448.99059436578
116454.45335004087
116459.91610571597
116465.37886139104
116474.48345418286
116529.11101093376
116530.93192949212
116653.94020431086
116981.25994238953
117273.80068612994
117546.02525997294
117765.32766906837
118108.73860588788
118410.07037034207
118577.38032839494
119123.47435417448
119406.54192039976
119420.65816517547
119485.92516752116
119487.33349124002
119588.81531796546
119750.45897355572
125230.12553580024
150553.87648133005
150748.58273672627
150994.58278257016
151219.34244607616
151450.29653343928
157813.433171097
157927.1113012783
158013.09606583178
158168.59480894567
158264.39933067947
158314.15276705968
158317.94863958313
165276.81721284546
165283.0941556705
165283.99086178836
165284.88756790623
165285.7842740241
165285.7842740241
165287.57768625984
165288.47439237768
165289.37109849555
165290.26780461342
165291.1645107313
165292.06121684916
165292.957922967
165294.75133520275
165295.64804132062
165296.5447474385
165297.44145355633
165298.3381596742
165299.23486579207
165300.13157190994
165301.0282780278
165982.17284667518
183491.57007617725
183499.2443401921
185537.97446496383
185830.87279089846
186014.1804261952
186178.39317231948
186417.8852222282
186631.11973655058
186780.31403051675
187044.73230999627
187246.5957105418
187514.12220447895
187790.68177476907
188019.6884144897
189684.92118674502
190744.97085093867
191019.30791035996
191270.23708921982
191506.86848157458
198587.66158054385
198829.06807050787
199008.43129913887
199220.26299100695
199451.915738965
199664.71015212525
199850.70790577555
200277.56202293723
200513.56627113593
200519.96974304508
200527.97408293156
200607.04375797493
200608.43007663568
200736.4334996447
200996.51128141262
201222.72327875366
201252.43010719825
201305.2422466553
201305.2422466553
201402.83467936033
201705.83332696612
201905.3861964104
202085.07950091307
202219.3323604245
205392.8358254571
205586.78840761312
206170.35154608454
206336.40171456078
206518.42755522276
206687.23935849144
206894.11991228542
220955.29703008122
221756.00058068903
221796.5889103676
222078.70475782975
222769.1134559402
223632.6964600891
223939.54599286366
224276.55895903852
250886.51105219324
250895.5221234881
260881.07641409241
261478.8163112493
272776.8567913874
273019.6826075994
273258.7180525523
273664.3427899052
273964.1837116726
274194.8737383384
274388.02863713814
274650.1253829874
274819.971423987
274980.96042909863
275177.22354235593
275358.99632484966
278280.58038340753
278960.7292231756
279124.1717922662
282954.5042367378
282978.797820888
283136.7281229227
283286.34051299293
283735.9258551792
283870.48678550415
284295.33844237804
284464.623354396
284626.92716172955
284838.2032258804
284918.7857486686
284943.60745421343
284994.4391384408
285011.38303318335
285014.7718121318
285019.85498055455
285159.1359958435
285568.8921828559
285789.77895613504
285967.3212662077
286244.76654008665
286527.9166252799
286643.1021019415
286738.3564972226
286738.3564972226
286886.9181457682
287126.3331779735
289532.32222128834
289632.6542837277
289687.7219416407
289687.7219416407
289817.61229838245
290150.86239962105
290441.4832020416
290625.31345746835
290632.05250651366
290648.2262242224
290685.8658761146
290687.11466316215
290866.6649347871
291354.4070477311
291497.7259911827
293111.08734021505
293134.5777397444
293211.01781034394
293212.0905569267
293304.13221372414
294762.6384675922
295111.64969169995
319884.94410868053
320290.7613902918
320616.89835649723
321617.67739667936
321993.12219683826
322003.94318416243
322283.2423841869
322595.2796094102
350359.09993199824
350385.43998655246
350407.335019369
350407.335019369
350410.1406642777
350410.1406642777
350411.0758792473
350411.543486732
350412.0110942168
350412.47870170156
350412.94630918634
350412.94630918634
350413.4139166711
350413.8815241559
350414.3491316407
350414.81673912547
350415.28434661025
350415.75195409503
350416.2195615798
350416.68716906453
350416.68716906453
350417.6223840341
350417.6223840341
350418.0899915189
355658.5120607584
355660.53652610426
355670.7248680078
355684.522039441
355684.94013554504
358275.44159108796
358362.5431123404
366802.8857188701
366805.9224168889
366806.93464956176
366807.9468822347
366808.95911490766
366809.97134758055
366810.9835802535
366813.00804559933
366813.00804559933
366814.0202782723
366815.0325109452
366817.05697629106
376785.0072204097
376933.31030952255
377109.59283001855
377295.59058366885
377544.6108237379
377795.2484355779
377954.7631017963
378084.91751923534
378118.8878276882
378175.89193071466
378194.53021493135
378255.3136866877
378256.9365597231
378286.1482743603
378323.47435417445
378378.3164602419
378381.70523919037
378546.89721040044
378764.488726228
378900.1994208391
379130.51536151714
379349.9498009612
379359.40647468274
379392.3755529917
379394.51004362805
379403.04800617363
379559.74602495437
379799.38110774074
379984.9937728742
381662.37333720457
382010.28430840705
382306.1093070699
386585.47696727514
387040.01894880005
387309.9054852192
387311.41283169953
413752.1515292751
413963.7136591814
414152.1869818688
414436.26678076695
414568.40715470014
414712.0781790815
414862.13067031384
415048.6455428296
415217.09976390406
415480.5498208269
415492.905660954
415507.7590751763
415552.077262204
415554.73987423495
415712.8462167345
415946.0008099084
424259.1266742564
424281.3077728284
424287.46918909834
424312.11485417833
424312.11485417833
424319.5085537023
444265.4213433782
444375.73269966914
444518.2099496481
444740.2079783617
445038.8441231978
445279.7444968253
445486.14093934087
445757.5458247695
445963.0785687543
446270.9183291437
446526.7821422841
446747.01976634905
446777.0566706653
446813.80511770415
446815.1419249841
446964.13267216284
447147.4458087241
447412.69477914716
447457.05697629106
457372.4646429145
457619.7189770704
457801.21669633785
457996.4345693351
458151.79578083573
458358.2637397902
458536.4992091932
458570.44751258794
458610.49121707835
458747.96231633803
458747.96231633803
458773.01507499296
458955.9651280954
459311.3248114671
459581.7064616936
459599.52505749586
459688.7775731783
459690.63700058835
459865.2691417263
460009.7928621093
460289.251598805
460565.16201988095
462311.21937056363
462561.2298382475
462606.7528022066
462952.3697461014
462973.4725968261
462986.7746544518
463033.95349903347
463036.9021768198
463180.749241666
463481.9214694489
463716.0002750632
463980.8586557049
463997.0873860589
464079.4798248764
464080.8166321564
464239.91870353534
464540.62882509804
464934.6623980929
465194.34408881486
465392.73069017945
465570.3665217491
465793.4427983099
466076.0977696957
466280.4587443363
466510.97273053735
466923.14397267706
467300.81678496936
467655.2412533714
472039.6885673026
472062.46380244347
472064.9943841258
472068.79025664926
472072.58612917276
472075.11671085504
472077.6472925374
472081.44316506083
472086.5043284255
472089.0349101078
472091.5654917901
473367.66081647936
481666.41737788334
484487.0477311104
484787.60381726635
485133.8314015235
485408.1464558867
485651.1043024473
505077.2136095172
517463.98734709155
517486.3829949801
517560.1549522842
517568.5718870101
528434.8786283515
528437.2991847432
528441.3041053186
528454.9692464031
528454.9692464031
530969.7072868833
531273.1790432384
531534.643143667
531770.4603488719
532135.9093513855
532348.4947164939
532694.1116603886
532893.0648919995
533105.5402318172
533430.730980524
533695.9084345083
533821.0126911117
537964.2130517501
538371.1305862666
538382.3751709594
538404.8643403449
538482.3111423529
538483.3398788194
538702.1306703138
539064.5154684862
539252.8292545023
540687.4655215887
546908.7630559524
547167.2674760657
547392.5442584372
547576.3965189221
547756.9370181619
547772.2415360754
547866.3681721285
547867.4134123886
547933.3075588902
547941.2403823378
548373.5517539101
550674.4226346473
550944.7052621123
550962.3368149207
550967.4199833435
550974.1975412404
550979.2807096632
550989.4470465087
551065.0509249001
551066.6737979355
551290.8173198146
552874.8184200674
552902.8088539796
553220.5618930463
553925.3618991588
565898.3470228226
565904.8825250803
565910.3287769619
565927.7567829827
565927.7567829827
566162.9963554122
566214.3506597697
566218.2455550546
566220.8421519112
566235.1234346228
566250.2079019552
566254.7409439253
566277.4061537756
566283.0724562382
566286.4722377157
566295.538321656
566298.9381031335
566303.4711451036
566306.8709265811
566313.6704895361
566319.5898501669
566327.2476103882
566330.1192704712
566335.862590637
566337.7770306924
566337.7770306924
566358.8358713009
566361.7075313838
566365.5364114945
566373.8598247236
566388.4656820422
566404.6944123962
566416.0545236439
566433.9061270334
566445.2662382812
566446.8891113165
566484.374727802
566525.9862926826
566566.8826931746
566591.3413152607
566608.0761619512
566626.0983045409
571472.4042818176
573928.4988424423
574265.7373604628
574566.4694870835
575134.1944849823
576450.4160331298
576473.1087493028
576557.7622078408
576557.7622078408
576888.6522665974
577149.1701495275
577509.0683761337
577782.3877016176
583403.1616989739
583516.0916571795
584252.3588963853
584252.3588963853
586034.9226384675
591624.0313572078
591652.6434340116
591684.1106671047
591684.1106671047
593319.1029882564
606948.0237471252
619903.677748149
619905.922264076
619907.0445220394
619909.2890379663
619910.4112959298
619910.4112959298
619911.5335538932
619911.5335538932
620206.8689400133
620208.9044078882
620437.9165488734
620629.9766960322
620662.2086048946
620686.6672269807
620745.2832005135
620746.2294180121
620748.1218530092
620823.049075864
621009.6299635541
621136.670665271
621326.7888660518
621442.5244691662
621569.1525760436
622719.6650341154
628640.4724974977
630757.8927100605
630762.8658531926
630762.8658531926
630764.1091389757
630766.5957105418
630766.5957105418
630769.0822821079
630769.0822821079
630770.325567891
630771.568853674
630772.8121394571
630774.0554252401
630775.2987110232
630776.5419968063
633818.8898142559
633885.4386112364
634026.1884641539
634261.1419708281
634436.7368332582
634440.7197487756
634448.6855798104
634488.377203371
634488.377203371
634574.8790867901
634854.4533500408
635172.2614017527
635394.006372298
635426.3868153027
635515.8868878888
635519.3966946569
635659.0352921401
635921.5556353577
636176.5337449095
636400.5562389689
636644.042206924
637057.1706690913
637426.723614942
637719.9960268646
637972.2290054172
638143.7694358911
638369.0462182626
638542.594610289
638950.5023724203
639175.7516484691
639420.0242972517
639724.260729376
639980.4106082717
640342.3057939012
641237.3505298787
670399.6748141414
670599.6017695734
671100.9210033695
671369.7843045867
671628.195203203
671814.8531085965
671973.2785244386
673106.9296067359
673340.2602403747
673605.0195982548
673629.9953392064
673702.3919803789
673704.4164457247
673828.0793710221
674010.7048495176
678554.6283208154
678558.6992565653
678559.7169905027
678559.7169905027
678561.7249520549
678561.7249520549
678562.7151796698
678563.7054072845
694946.7572337808
702295.4179050879
702494.9652732677
702497.9689636993
702752.9965846315
702863.3189434515
703108.4772958228
703303.8547054913
703547.6982556407
703909.6374513864
703916.7560876841
704160.2145493166
704192.8260454312
704499.4830339474
704668.5533966487
704891.7121921775
705073.8645619237
705411.9997860619
705443.4230090388
705517.9596421121
705519.5495075604
705809.169079837
705846.8967519618
706138.9808907463
706442.6837002117
708320.6393691883
709369.6204891541
710047.4312914982
710053.8677709947
710289.7234850511
710306.4858380642
710329.343592173
710483.0324192574
710484.3197151567
710691.5743549386
711900.2131740005
711904.4216413634
711905.8244638178
711905.8244638178
711907.2272862721
711908.6301087264
714084.2151911308
715825.9705529535
715901.6679528418
718081.2689583509
718094.2794489567
718135.7864898111
718137.2278211172
718364.0394562917
718819.9787590064
719231.2808013508
720345.2813667586
720720.3355771361
720726.7170439871
720955.7016786498
721098.10741219
721123.8533301752
721449.4181648699
723452.2415360754
723858.5594327585
723974.9276812935
724212.6593265536
724231.4406436479
724236.8318828841
724238.9883785787
724295.7834335532
724297.191757272
724639.3704108375
724891.0422604085
725062.1535922493
725256.0731668182
725405.1024228486
725497.3256213755
735702.6994399407
736001.5281290353
736005.8521229533
760954.7689086866
761100.8274818725
761294.3674691891
761482.6152400309
761760.0990227615
761777.7030692472
761834.2395647889
761836.4290680705
761989.6117788187
762155.601433385
762342.6389260308
777980.5774799624
800333.4695405681
804242.2500171915
804448.4594167131
804710.1215626647
805023.3195547032
805295.9567233857
805521.8441461197
805765.6381848883
805999.2878918697
806018.0362013768
806094.6798187639
806096.4402234125
806242.0972042879
806523.9764973754
806750.9806768084
807009.9141955547
807204.8735091191
807227.7752733441
812816.23484287
813127.056288633
813379.4157962698
813590.9009084727
813620.0906180518
813634.1848577694
813636.1983205862
813644.2521718534
813658.346411571
813753.9803941045
813753.9803941045
813973.1562741158
814324.7035811703
814324.7035811703
814339.5790004508
828259.5166527862
828493.4909343745
828812.3277225529
829169.2717701083
829415.2278058359
829781.6285271129
830094.1113547628
830555.7224612046
833853.5765096005
833871.0705307956
833878.4422252616
833882.8652419411
846179.0221502304
858065.2578335715
858083.9401279044
858094.838132932
858128.0987782609
871599.0617287724
871606.6259674967
871609.0465238885
871617.2159017108
877258.113524706
877468.5533966487
877825.9210415727
878026.2550905799
878287.7521985957
878475.5818733334
879515.2823600424
879721.6457949709
888641.8141947907
890037.1164205105
890102.0368431911
890584.2556865502
890584.2556865502
893724.520511312
895233.2643128386
896014.9389894482
896118.2472359965
896560.6424254464
897016.3451737865
897218.6706805523
898248.0122861575
898885.3227790555
899093.9967450851
899362.4859603145
899631.8553778682
899880.9966457568
900110.6964448078
900423.8174191429
900689.3744603794
903139.2085819726
903250.8897531307
903304.9561808999
909962.7185415536
909972.3732607982
909974.3042046471
909980.0970361937
909982.0279800426
909983.9589238915
909989.7517554382
909991.6826992871
909993.613643136
909997.4755308338
909999.4064746827
910001.3374185316
910007.1302500783
910007.1302500783
910009.0611939272
910010.9921377761
910016.7849693228
910018.7159131716
910020.6468570206
910020.6468570206
910026.4396885673
914523.2943405742
914550.789660679
914667.8785748668
914733.4371442324
914736.3748194898
931117.2096363816
931251.8035742939
931615.0520709968
931823.395961155
931826.894765394
932035.3541821071
932345.4604634816
932665.4855247977
952721.6876657065
953822.2486418753
955350.951031105
955355.6271059528
955355.6271059528
955356.1552273474
955356.1552273474
955356.4192880447
955356.9474094392
955357.2114701365
955358.0036522284
955358.531773623
957715.2789981585
959618.6670130426
963195.9908006632
963343.3751786001
963608.8552021332
963608.8552021332
963671.1625241635
965124.1345059178
965162.7533828957
965208.4578885841
965217.8155395441
965228.5099977842
965231.1836123442
969460.7703298467
969466.8657309423
973047.6938240664
973052.3809014433
973057.0679788201
973057.0679788201
973060.1926970714
973060.1926970714
981136.3405893993
982337.8442683701
1071683.7934275172
1071700.6162944399
1071705.2043490552
1071712.8511067475
1071717.4391613628
1071722.0272159781
1071724.260729376
1071729.8445128708
1071732.0780262686
1071735.4282963653
1071739.895323161
1071742.128836559
1071745.4791066558
1071747.7126200537
1071749.9461334515
1071752.1796468494
1071754.4131602473
1071756.6466736451
1071761.1137004409
1071762.23045714
1071765.5807272366
1104949.6649577091
1125210.6241643045
1194705.4143139848
