4012.072219378203
4018.0135850671218
36839.15188838545
36839.15188838545
36873.732837200776
36873.732837200776
36878.53544113265
36883.33804506453
36884.93891304182
36888.14064899641
36888.14064899641
36889.74151697369
36988.45070637764
36990.612703336665
37003.584685090806
37007.90867900885
115228.07295288015
115232.84805048938
115236.42937369632
115238.81692250093
363648.18007472553
363652.5150711726
453631.4397267705
454053.3702121807
454059.3335829277
454136.85740263906
494421.41825655755
494449.139128508
494722.7500210118
494724.6589598026
494728.47683738417
494732.29471496574
494734.2036537565
494741.8394089197
494741.8394089197
494745.65728650126
494745.65728650126
494749.4751640829
494749.4751640829
494754.47581353766
494756.0216688697
494759.11337953375
494759.11337953375
494762.2050901978
494763.75094552984
494765.29680086183
494766.8426561939
494768.3885115259
494769.9343668579
494771.4802221899
713979.1850487855
964032.8046516248
964041.5076521061
973174.6134979638
973176.1373482377
983881.598117345
983883.8206282138
984189.1738170371
984190.2410623553
