562543.6981190088
562954.9685647393
563484.2554663405
563492.9721454446
799037.523868699
799038.4508806037
799039.3778925084
799040.3049044132
799353.4642842272
799354.6172841088
799489.6796902274
799490.763510116
973995.2662949311
974025.2996358442
976349.5398569639
977968.1164786103
978533.4369325078
978558.9689618837
978573.8841683508
978579.3078797933
978756.7730095539
981634.5177417856
982049.0027511858
984308.6934269398
984322.2711535443
985731.421488715
985733.1602125363
987412.8734998992
987417.8959673829
994603.0822249055
994611.1071040807
994659.256379132
995600.1042824337
1001095.3109416486
1001256.5279970791
1001261.8271845345
1001275.9583510822
1001328.9502256358
1001332.4830172727
1001404.4440458766
1001535.0005284583
1001921.9380646897
1002005.6181840893
1002007.6105678845
1002389.3365446515
1002394.6772401026
1002690.6661456815
1002764.2736581163
1002764.2736581163
1002768.1477377182
1002770.084777519
1003334.5935195001
1003350.3942298761
1003353.4473735624
1003374.8193793658
1003411.4571036003
1003416.0368191296
1003419.0899628157
1003420.6165346588
1003814.8871501366
1003833.7732881956
1004054.5497055047
1004054.5497055047
1004072.3981436702
1004208.2169177111
1004302.2279160488
1004755.4491094678
1004761.6107408345
1004980.5054623369
1005078.4274362727
1005078.4274362727
1005127.5729032217
1005129.6206310112
1005133.7160865903
1005135.7638143798
1005137.8115421694
1005139.8592699589
1005141.9069977484
1005146.0024533275
1005494.1161775491
1005717.8903945502
1005717.8903945502
1005726.5148336638
1005825.2669675142
1005879.8084739086
1005959.7436496931
1005984.5377591448
1006162.2703848777
1006232.8109176278
1006232.8109176278
1006246.9190241777
1006361.0106684517
1006433.4052250112
1006454.4082708524
1006469.1205493404
1006472.063005038
1006477.9479164331
1006479.4191442819
1006482.3615999795
1006483.8328278282
1006485.304055677
1006498.5451063161
1006637.9935239841
1006644.9576432683
1006650.5289386957
1006887.2352023675
1006903.1742727293
1006998.4258989396
1007000.2291907542
1007007.4423580129
1007072.1763833597
1007082.9500142524
1007415.1615641083
1007487.9204686304
1007692.2135996337
1007692.2135996337
1007746.9534220076
1007746.9534220076
1007798.7231166868
1007798.7231166868
1007890.7002232336
1007894.4728388458
1007913.3359169071
1007939.7442261929
1007941.6305339991
1007956.9700444225
1008024.0008455332
1008025.559701373
1008227.6021766075
1008261.4265811312
1008273.9158758475
1008275.7237796617
1008302.8423368745
1008898.7680196266
1008900.2761434716
1008912.3411342317
1009107.1104862136
1009107.1104862136
1009131.9322676625
1009272.4506692203
1009280.5908483837
1009887.041114054
1009899.4058847832
1009908.2378638756
1009910.004259694
1009911.7706555125
1009915.3034471493
1009917.0698429678
1009922.3690304231
1009925.9018220601
1009929.434613697
1009934.7338011523
1009936.5001969708
1009955.9305509737
1009957.6969467922
1009959.4633426106
1009961.2297384292
1009962.9961342476
1010366.1171768158
1010430.2470302247
1010432.6222099805
1010437.3725694923
1010442.122929004
1010446.8732885158
1010449.2484682717
1010453.9988277835
1010456.3740075394
1010460.7000630947
1010468.5035662927
1010558.2438530694
1010560.1947288689
1010562.1456046683
1010564.0964804678
1010611.1619356306
1011182.2658369339
1011224.8392045583
1011528.8160933162
1011623.5926835751
1011625.1469274154
1012690.3297259383
1012962.6221779527
1013135.7658641574
1013361.6247049441
1013613.8549590204
1013678.1462324128
1013678.1462324128
1014602.3171454285
1014925.4338322193
1014926.6836840909
1014990.7581935053
1015003.3950722065
1015810.5134372527
1015842.4376979717
1016278.7605251274
1016423.046930298
1016423.046930298
1016432.6491133111
1016435.8498409821
1016437.4502048176
1016439.0505686532
1016442.2512963242
1016448.6527516663
1016455.0542070083
1016460.4041264585
1016462.9038302015
1016465.4035339446
1016469.1530895592
1016471.6527933023
1016474.1524970453
1016476.6522007885
1016480.4017564032
1016480.4017564032
1016482.9014601462
1016487.9008676324
1016489.1507195039
1016489.1507195039
1016490.4005713755
1016496.6498307332
1016497.8996826047
1016504.1489419624
1016507.898497577
1016515.3976088063
1016521.6468681641
1016550.554881193
1016560.0094802212
1016580.8095980835
1016586.4823575005
1016592.1551169174
1016605.391555557
1016647.4345432359
1016660.2697379168
1016667.2707531971
1016678.939111998
1016704.6095013596
1016711.61051664
1016718.3025279522
1016732.6642944763
1019916.6227352361
1019996.8991989853
1020237.7931582269
1020237.7931582269
1020259.5617959895
1020341.8952115274
1020993.6629845402
1021230.0740802423
1021230.0740802423
1021236.6461795669
1021466.2637999672
1021531.7172972402
1021545.0367518712
1021571.7540651252
1021579.8481242934
1021582.5461440161
1021727.3721531312
1021727.3721531312
1021778.6345278625
1021814.036236224
1023462.6969307783
1023535.723331273
1023558.303680952
1024147.4312764029
1024147.4312764029
1024188.5657001752
1024206.0682383764
1024210.7355818966
1024211.9024177768
1024214.2360895369
1024216.5697612971
1024218.9034330571
1024221.2371048173
1024226.9052522347
1024227.9890721233
1024230.1567119005
1024233.4081715663
1024244.2463704525
1024245.330190341
1024246.4140102296
1024248.5816500068
1024249.6654698955
1024251.8331096726
1024254.0007494498
1024256.1683892271
1024259.419848893
1024262.6713085588
1024767.3854766854
1024809.7236323339
1024919.7198210289
1024919.7198210289
1024927.2373802562
1027031.8311239507
1027959.2212126356
1028051.0830191943
1028052.3282590663
1028052.3282590663
1028052.3282590663
1028053.5734989383
1028053.5734989383
1028053.5734989383
1028054.8187388104
1028054.8187388104
1028054.8187388104
1028054.8187388104
1028056.0639786824
1028056.0639786824
1028056.0639786824
1028057.3092185544
1028057.3092185544
1028058.5544584264
1028061.0449381705
1028063.5354179145
1028066.0074496603
1028068.4610334082
1028442.4665229687
1028728.9639335232
1028728.9639335232
1029056.5680958527
1030464.5377591447
1030473.028450272
1030474.2414061474
1030479.0932296488
1030482.7320972747
1030483.9450531501
1030486.3709649007
1030488.7968766515
1030492.4357442774
1030496.0746119034
1030498.500523654
1030500.9264354048
1030502.1393912801
1030504.5653030308
1030506.9912147814
1030509.4171265321
1030511.8430382828
1030514.2689500335
1030516.6948617841
1030519.1207735348
1030521.5466852855
1030538.8047875117
1030605.4758526594
1030606.7579885277
1032981.8178324242
1033004.1399101302
1033008.2215297106
1033044.9561059352
1033074.8879828588
1033074.8879828588
1033081.7460261539
1033129.8860772061
1034412.1280214202
1034438.6931386899
1034439.5786425988
1035704.9498925469
1037188.9068600291
1037203.014966579
1037203.7574985027
1038042.933872254
1038050.0363515241
1038060.4317984557
1038579.1157131464
1038582.8237607654
1038585.2957925113
1038585.9138004477
1038587.1498163207
1038587.7678242573
1038589.0038401302
1038589.0038401302
1038590.2398560031
1038591.4758718761
1038592.711887749
1038593.3298956855
1038594.5659115586
1038595.183919495
1038595.8019274315
1038597.0379433044
1038597.6559512409
1038598.2739591774
1038598.891967114
1038599.5099750503
1038600.1372069858
1038600.7644389215
1038601.391670857
1038604.5278305346
1038605.1550624701
1038605.7822944057
1038606.4095263412
1038607.0367582768
1038607.6639902123
1038608.2912221479
1038610.1729179544
1038616.4452373098
1038617.0724692453
1038617.6997011808
1038618.3269331164
1038618.9541650519
1038669.4094398662
1038683.743534393
1038683.743534393
1038683.743534393
1038714.3072552518
1038714.957547185
1039606.5631315478
1040647.1455245989
1040648.9903244093
1040649.451524362
1040649.9127243145
1040650.3739242671
1040650.8351242198
1040651.2963241723
1040651.7575241249
1040651.7575241249
1040652.2187240776
1040653.1411239827
1040653.6023239354
1040653.9482238998
1040654.2941238643
1040654.6400238287
1040655.3318237576
1040655.6777237221
1040656.0236236865
1040656.369523651
1040656.7154236154
1040657.0613235799
1040659.8285232955
1040791.5011097624
1040825.7913262381
1040825.7913262381
1040827.5023780622
1040828.7245579365
1040829.946737811
1046766.3464956811
1050006.230042693
1052623.1062457361
1052652.364770729
1052652.364770729
1053332.8422407913
1053351.304074894
1053359.5687780443
1053364.8818014984
1053372.307120735
1053380.6917358732
1053388.1447271074
1053400.2558378626
1053414.2301964264
1053425.4096832774
1053446.643329095
1053999.7327602496
1056800.3510244084
1056918.3720922784
1056919.5481521576
1057321.7744668177
1060527.9996412888
1060547.3654272985
1060548.5045911814
1060741.84883531
1060804.7196128482
1060805.8449407327
1070549.4503073066
1070555.6488346695
1070557.7150104572
1070559.7811862447
1070559.7811862447
1070561.8473620324
1070563.91353782
1070565.9797136076
1070568.0458893953
1070570.112065183
1070570.112065183
1070572.1782409707
1070574.2444167582
1070576.310592546
1070576.310592546
1070580.442944121
1070580.442944121
1070582.5091199088
1070584.5752956965
1070586.6414714842
1070588.7076472717
1070596.9723504223
1070746.0321751023
1070747.7293909278
1070752.8210384045
1082202.5618376257
1086630.662494515
1087086.8676516276
1093610.4349051497
1093672.277206794
1093672.277206794
1093677.7700982292
1094090.5855638008
1099918.303552841
1100767.1420655993
1102183.6162560172
1102192.5819830957
1102202.543902072
1102206.5286696623
1102216.4905886385
1102219.4791643315
1102222.4677400242
1102224.4601238195
1102227.8822274676
1102231.5210950936
1102233.9470068442
1102236.3729185949
1102241.2247420964
1102244.8636097223
1102247.289521473
1102249.7154332236
1102255.7802126002
1102261.844991977
1102269.122727229
1102276.400462481
1102282.4652418578
1102284.8911536084
1102287.317065359
1102290.955932985
1102292.1688888604
1102301.1761239346
1102304.1185796321
1102305.589807481
1102308.5322631786
1102310.0034910273
1102318.83085812
1102320.302085969
1102321.7733138176
1102324.7157695151
1102326.186997364
1102330.6006809103
1102332.0719087592
1102340.899275852
1102342.3705037008
1102346.784187247
1102348.255415096
1102373.2662885252
1102374.737516374
1102376.208744223
1102394.3200663617
1102395.436170247
1102397.6683780176
1102680.222528977
1102690.4565559253
1102699.2285790239
1104019.4365033358
1108271.5109743169
1108282.8749411488
1108450.2444039471
1108466.6262262636
1108498.3660070014
1108498.3660070014
1108519.5627568227
1108525.7612841856
1108525.7612841856
1108527.5322920035
1108529.3032998217
1108531.0743076396
1108531.0743076396
1108531.0743076396
1108531.9598115485
1108533.7308193666
1108536.3873310934
1108539.0438428205
1108544.3568662745
1108551.4408975462
1108554.9829131823
1120778.4788728785
1122840.6237729357
1123566.7462023068
1123591.1344558
1123591.1344558
1123788.813979483
1123824.8152477827
1123869.1088912305
1123869.1088912305
1124133.5701680498
1124190.4730182013
1124191.3400741122
1127923.9788744801
1128241.6718498282
1128241.8240458127
1129698.6486200832
1129701.0007398415
1129708.4537310756
1129708.7166150487
1129709.7681509405
1129710.0310349136
1129710.0310349136
1129712.6598746434
1129712.9227586163
1129713.1856425893
1129713.7114105353
1129713.7114105353
1129714.2371784812
1129714.5000624543
1129714.762946427
1129715.0258304002
1129715.288714373
1129715.8144823192
1129716.077366292
1129716.340250265
1129716.603134238
1129717.128902184
1129717.391786157
1129717.65467013
1139784.4182314903
1149760.5052701703
1150269.637733843
1150269.637733843
1150275.4119572495
1156916.5759746854
1156922.737606052
1156928.8992374188
1156930.4396452603
1156933.5204609437
1156936.601276627
1156938.1416844688
1157005.237053573
1157007.3032293606
1157036.2296903876
1157038.295866175
1157042.4282177505
1157042.4282177505
1157044.4943935382
1157048.6267451134
1157050.692920901
1157065.1561514146
1157074.7491104286
1167587.8942699109
1173439.4424605016
1173453.6012990465
1173984.5346844783
1173984.5346844783
1177345.0589150912
1183833.0814882666
1191537.3621284377
1191617.8599681645
1191628.8549750342
1191690.701888678
1191696.042584129
1191699.9304997292
1191703.8184153298
1191705.1143871965
1191746.5854869343
1191754.361318135
