380984.9668032117
381233.811849636
382039.5466148243
382140.5401804445
382619.57012321084
382730.00906386017
392349.8283631565
393259.9603496152
394494.5926227224
402677.2206297301
414728.9472790804
414734.18189854245
415031.88185594545
435413.0641292128
435980.4000269034
435989.58712995914
447008.94535741396
451058.2901652313
452733.63127704343
482774.40673351934
500008.0653622822
511951.6221747499
544394.520688341
561480.6276162688
571879.5796674876
572043.8406426053
572045.6254864219
572379.5111921058
587140.3401990206
587260.8794186318
587278.3127768401
626022.1711628324
651132.0688340929
651134.753017817
656792.8970082855
657624.1822508479
657632.4838499947
657680.1350290972
672775.2463736552
672803.6562907354
691636.3412751538
692202.9254169215
716694.3170557508
736751.7830822889
742661.9543988548
755196.197662613
755232.1712589158
796872.9925791647
861926.3389371263
871003.478088198
884324.0395991404
885243.0635206852
885252.8132876831
899067.6427878255
918303.0752428506
918946.1632327554
919031.7158239626
920633.1219713737
922918.0356725352
931433.4655653383
932977.4477066512
966619.7335929718
986476.757508111
1032134.7134314878
