23231.80383628683
23242.20850721746
93798.02542364738
93799.55660749003
119807.84872641556
119812.82968590362
119834.41384368525
119834.41384368525
193508.1176956657
193513.17244714618
193516.96351075653
203501.91942452494
203508.30704386844
203510.86209160584
217434.18426859772
217440.89472790805
217443.57891163215
239434.00311950524
239459.68273286594
239460.56823677494
266717.2640593923
266718.81369123305
266723.89611471066
266724.1128786884
266724.3296426661
266724.5464066438
266724.76317062153
266724.97993459925
272760.8282382482
272763.58160196524
272764.4993898709
272765.4171777766
276259.67555864446
276263.80791021977
276264.84099811356
278646.9940972812
278650.9235208773
278650.9235208773
278651.9704447697
278653.0173686621
278654.0642925545
278654.0642925545
278736.15327211755
278736.15327211755
278738.6437518616
279761.9357586899
279773.299725522
279943.03975607647
279943.03975607647
279946.8031476897
279948.6848434963
279950.5665393029
279951.5073872062
279952.4482351095
286127.92482440773
286135.7421636043
286137.3056314436
286138.8690992829
286140.4325671222
286141.99603496154
286143.55950280087
286143.55950280087
286145.12297064014
286146.68643847946
286148.2499063188
286148.2499063188
286149.8133741581
286149.8133741581
286152.9403098367
286154.50377767603
286154.50377767603
286156.06724551535
286157.6307133546
286159.19418119395
286159.19418119395
286372.67441525287
286374.0487911116
286378.1719186879
287233.04753882566
287238.7894782355
287239.93786611746
320851.0143516457
320856.567199075
320859.34362278966
323066.3790999555
323072.1717713601
323073.6199392113
352317.6817015716
352318.94077744224
352319.48038138676
352319.84011734976
359342.34270359256
359351.10089069244
359461.68741532654
359461.68741532654
359471.85687428137
359472.9868141652
374726.6587024267
374731.1784619622
375430.9663740396
375432.2438979083
378434.5771853351
378444.56216430885
378633.3220809085
378633.3220809085
414222.05624717753
414264.6987947948
414420.2015828126
414420.2015828126
414521.2135964308
414530.66819545906
414616.5759106297
414616.5759106297
414622.67758600257
414643.5976158524
414796.84513610206
414835.6597241128
414836.8726799881
421588.79847804015
425836.985033421
425846.11679248244
425915.9978093002
425915.9978093002
448522.8803218151
448527.86128130317
448627.27293108584
448627.27293108584
448635.0210902895
460332.5138920472
460337.36571554857
460339.7916272992
460341.00458317454
511719.49101460783
511735.4208609706
511804.93291782634
511806.36724967894
511813.53890894185
511820.71056820475
645903.5418234693
645916.9350700928
645920.5877737174
645997.8203177797
645997.8203177797
646005.3747730032
646011.6701523561
686303.2463992775
686309.9430225892
686366.8182007438
686367.8743486352
686644.8203081712
686683.1921442274
686685.590383981
805839.3422776231
805843.419285204
805844.4385370993
805845.4577889945
805845.4577889945
805847.496292785
848895.1019924477
848906.5166912746
848907.5543911679
848907.5543911679
848907.5543911679
848908.5920910613
848909.6297909546
848910.667490848
848913.780590528
848913.780590528
848914.8182904214
848914.8182904214
848916.8936902081
848917.9313901014
848918.9690899948
848921.0444897815
848922.0821896748
848923.1198895682
848924.1575894615
848924.1575894615
848925.1952893549
848926.2329892482
849209.6219121221
849210.479744034
849215.626735505
