20081.914236025485
37066.446486393
37130.009063860176
39412.948829224704
39496.130852675444
39496.130852675444
39496.130852675444
39503.832891883845
45728.496456126755
45740.93040684882
66676.11528717705
90368.99455207556
90381.5484147853
90381.93121074596
110137.11295235228
110142.80877176688
110175.82607637343
110175.82607637343
110178.08595614116
110655.09584311515
110660.51955455772
110664.13536218609
110704.36122205177
110704.36122205177
110706.6211018195
117935.4230388593
117941.14191827153
117942.57163812459
117953.11928104052
117975.6535107245
117975.6535107245
117978.87268639365
177828.9704031336
177851.9842807683
177862.4535196923
177862.4535196923
178083.7464809483
178877.4762113705
208115.77297432334
208126.20531725112
208127.94404107242
208129.68276489372
208134.8989363576
208160.97979367708
208160.97979367708
208166.19596514097
211581.91660608078
294465.3499835057
294474.04360261216
294477.52105025476
294480.99849789735
294486.21466936124
294486.21466936124
294489.69211700384
294979.2005226933
295040.549340388
295042.1958242188
295045.4887918803
295047.13527571113
301111.1398364662
307960.78006847535
308050.7601792274
308190.4484208706
308192.2517126853
345326.5545481041
348904.5530043654
538673.4459643402
552879.3730242866
552888.9936552979
561925.45958255
576259.6463493141
576266.7672765822
626725.205922576
626769.6102540123
636665.1902289665
636670.8353163863
636857.9533611548
636857.9533611548
638563.91353782
673761.093556332
696983.4474055901
696990.0425649122
697007.5220431158
697007.6834630992
737513.2795480241
737522.6741910585
737529.3846503688
737532.0688340929
737544.1476608515
801217.2194126748
865397.4958123685
865419.6703060893
865419.6703060893
900923.8988050437
948446.4031207864
948496.3326276547
948496.3326276547
975415.300948983
975423.0721681842
975430.8433873855
975438.6146065868
975494.0001088944
975494.0001088944
975499.9034682878
975505.806827681
975508.1681714383
975509.348843317
975518.7942183462
975521.1555621035
975522.3362339821
975524.6975777395
975525.8782496181
1011510.7093831771
1011519.0663263182
1057700.1751919265
1057719.1074499805
1084929.9968933058
