288785.29438328923
430264.87353833247
430271.5886096423
466254.1045194393
468477.5956109138
476692.1847746366
553936.57245163
814965.6084476458
815872.2491504633
817065.3226958418
817065.3226958418
817068.4035115251
817069.9439193668
818090.8100144445
818500.466260341
818623.7265596725
818701.1066877196
819164.0315281412
819288.6385313343
819383.876321546
820291.4717082654
820329.400792367
820335.7884117106
820423.965230648
820423.965230648
820438.1701891881
823103.8874672116
823646.0556834887
824069.9168879252
825309.0412485707
825916.9027860961
825979.2939156836
825992.3320383437
826876.8120834387
827323.3274295469
827462.7989072123
827658.573675091
827962.8595678172
829931.3439815007
829977.8329367227
830728.6480115555
832453.1853223116
832456.8749219324
832460.5645215531
832654.4068616305
832656.2977814361
834285.6434219755
834835.23234549
834846.6285963188
834848.2566321514
834851.5127038168
834859.6528829802
837931.096983304
838124.0538194722
839319.0367326546
839325.9777919411
839328.7542156558
839330.3315194937
850945.0020337637
850951.9707650474
850954.6088287763
850955.9278606407
850957.2468925051
854320.3077228572
854591.5301909816
854593.7531747532
854594.8646666389
854595.9761585246
854597.0876504105
854718.5446579272
854718.5446579272
856453.9570635655
856457.9695031531
856459.5744789882
856460.3769669057
856461.1794548233
856461.9819427407
859987.1268844341
865152.9076415066
865176.8900390419
865811.4273818255
865816.4452373098
867606.5559573262
871176.3635024292
871179.3613021212
871187.0126093348
871187.0126093348
871187.4461372902
871187.662901268
871187.8796652457
871188.0964292234
871188.3131932011
875863.5386206919
876203.3046257715
885026.0735549869
887444.407790436
887450.274253833
887451.7408696823
887454.6741013807
890372.2987935138
890378.3866328881
890379.6042007629
890380.8217686377
890387.1863279836
891325.8204715129
900406.1096182609
900558.8867145589
900565.3619618934
900568.5995855606
900569.6787934498
900571.8372092278
900575.0748328952
900576.1540407842
900581.5500802295
901928.0832978359
903006.9545109519
913903.5874310201
913930.521508252
964838.1043400838
967473.1057012642
970367.098507826
970379.4494425566
970379.4494425566
970381.3495863613
970381.3495863613
970382.2996582637
970416.8066387171
970416.8066387171
974735.9995388001
974866.6574853713
975314.9807352937
975314.9807352937
975326.5199581077
975355.3680151427
975722.3355934266
981667.6088383846
981676.4408174768
981679.9736091137
984775.5384669586
984785.8693458968
984810.6542313494
1007674.3052054743
1008709.0764791227
1023065.0733916452
1052845.192470911
1052848.305570591
1052852.6869701406
1058800.104794878
1060767.583792665
1061283.0485316867
1063053.6689417062
1063060.725300981
1066240.5836741624
1073208.4156180238
1116865.75071502
1118948.5850449512
1135311.6457471917
1138167.0268937224
1138230.2666312226
1138230.2666312226
1140908.380963972
1142831.2849863402
1143658.3686973343
1175873.2591783595
1176022.7986509902
1176026.9494505636
1182918.6603422486
1182982.0292157358
1182982.0292157358
1190294.815664144
1190306.9913428926
1190428.1116744443
