189562.7181331651
189610.40620826383
189614.02662789173
189616.92296359406
189632.85280995682
189633.5768938824
189640.4856691723
189648.51054834752
189680.96980101144
365572.7989392401
365663.101889959
367002.79551226826
367179.2690621307
367255.985062246
367258.26339001185
367263.9592094264
367408.2825105932
367958.4202620512
368062.74369132915
368874.7231038757
368877.3242716083
368879.925439341
368886.42835867265
381399.03673265455
384086.1075684834
384102.84451476316
384194.4388253494
384195.3658372541
384310.8825893815
384588.2113448783
386483.6970300644
386920.0613652159
394205.8076604031
394737.2206937857
394791.69302018714
395000.9163786836
395007.63144999347
395068.8834156981
395320.6985898171
395339.1004679258
395649.80165199254
395662.95968664024
395896.0685906818
396658.98555227095
396701.6280998883
397227.5344058368
397269.7065295024
397311.7126211851
397798.33852717077
398414.4970518434
398421.4150511323
398502.7153787765
399671.1470106877
399785.8289909009
399787.39707073977
400331.66835880076
400534.0890179964
400535.81390581914
402792.26234590635
402814.06787966524
402973.8736632408
402973.8736632408
402978.0152388151
402980.0860266023
402982.15681438945
402988.36917775095
403033.9265090687
403041.6562202742
403533.5767017157
403766.39966178674
403772.5566811539
403774.609020943
403776.66136073205
403778.7137005211
403780.76604031015
404190.3346582156
404351.0259457001
404351.0259457001
405250.50421325373
405253.65882092953
405256.8134286053
405278.53594637266
405282.68674594606
405285.45394566166
405290.98834509286
406737.4728164264
406969.51634857745
407003.1239891233
407005.6421408645
407011.9375202175
407011.9375202175
407019.49197544105
407019.49197544105
407022.0101271823
407028.3055065352
407195.59656534146
407259.34362278966
407339.795342521
407339.795342521
408707.9265539075
408707.9265539075
409260.9514170689
410341.7781179839
410393.3310486854
410397.0759923005
410398.8377761195
410399.7186680289
410401.48045184783
412335.67003705614
412953.3274615747
413070.333889549
413070.333889549
413701.19085671095
414169.9129805367
414908.23876065324
415002.95539491845
415002.95539491845
423517.9563717656
423546.49081283284
423654.8728016936
423656.1134295661
423657.35405743856
423659.83531318355
423659.83531318355
423662.31656892854
423662.31656892854
423663.55719680106
423664.79782467353
423666.038452546
423667.2790804185
423913.85502307606
423933.6128290454
423935.93727680645
423940.8075483059
423946.3419477371
423950.4927473105
423954.64354688383
423957.41074659943
423961.56154617283
423964.32874588843
423968.4795454618
423972.6303450352
423975.3975447508
424003.06954190676
424646.6648517594
424663.3233940473
424663.3233940473
424664.513289925
424675.22235282435
424859.1304459227
424949.4241726425
424975.83709392784
424975.83709392784
424991.91452427546
425044.9202348276
425179.48915699695
425836.985033421
426762.25821432343
426768.09239372384
426774.15256110096
426778.3310326715
426783.9023280989
426790.86644738313
426792.25927124
426796.4377428105
426797.83056666737
426799.2233905242
426803.40186209476
426804.7946859516
426806.18750980846
426807.5803336653
426939.197576138
426939.197576138
428914.2402531475
428961.6423842756
429040.1063322113
429041.5867840591
429094.3019386412
429097.81628227996
429103.0877977382
429104.8449695576
429106.602141377
429110.1164850158
429118.9023441128
429118.9023441128
429122.4166877516
429124.173859571
429125.9310313904
429129.44537502923
429131.2025468486
429132.959718668
429897.86445205286
430151.3722299979
430152.7835018528
430172.54130782216
436917.3138946094
436925.57859775994
436950.15133123443
436950.15133123443
436951.5902750866
436951.5902750866
436952.549570988
436953.02921893867
436954.46816279076
436959.2277463016
436961.36771408166
436964.0426738067
436968.32260936685
436968.32260936685
436969.3925932569
436970.9975690919
436973.672528817
436979.02244826715
436981.1624160472
436982.23239993723
436987.0473274424
440592.6532128662
440599.894052122
440599.894052122
440915.3640436987
440922.06066701043
440922.06066701043
442613.2532211934
442664.0405599736
442664.0405599736
443904.90825643996
455103.2397375004
459276.23225260945
460227.1112548802
508857.782204728
509149.66643072874
509149.66643072874
510431.07360302855
510438.6280582521
510591.8479065045
510591.8479065045
510598.4522898257
512847.59532266384
513439.62847781595
513439.62847781595
538778.4335215498
538848.5912583392
538939.2078250259
538939.2078250259
538944.8898084419
539528.040252507
539575.8851355895
541100.0587389384
556298.0545689223
556374.7890170355
556391.364543332
557154.4659849021
557154.4659849021
557174.6665428259
557192.6164449811
557200.1063322113
557203.3162838813
557206.5262355515
557210.8061711115
557226.855929462
557230.0658811321
557235.4158005823
574444.4002318811
574454.4082708524
574457.35072655
574458.8219543988
574461.7644100963
580390.8080287225
589927.8142645302
598416.4761120845
598474.2414061474
598475.4543620227
611836.4354368108
612034.3593964686
619478.2649914005
643632.2058489121
671956.7409817794
686649.6167876782
686848.8413312024
687171.1785900733
687171.1785900733
687180.2919011366
693368.1978291575
720466.1347920917
720519.4771786093
720520.570222497
720528.2215297106
720542.9614801956
720552.0332832633
741890.509850142
742151.9225952746
742153.942651067
742160.0028184442
742162.0228742366
742164.042930029
742166.0629858214
742168.0830416137
742172.1231531985
742174.1432089909
742174.1432089909
742178.1833205756
742182.2234321604
742182.2234321604
742182.2234321604
742184.2434879529
742188.2835995376
742190.30365533
742192.3237111224
742196.3638227071
742196.3638227071
742200.4039342919
742200.4039342919
742206.464101669
742208.4841574614
742210.5042132537
742212.5242690461
742214.5443248386
742218.5844364233
742218.5844364233
742220.6044922157
757518.3025279522
763613.6732974835
767865.2681205141
768214.8715205827
768214.8715205827
838209.2143907197
846202.0171092371
847302.9936360812
847367.2111174811
847402.7880818245
847410.1488330681
847579.5152916609
847579.5152916609
854328.775353987
854345.7106162464
854345.7106162464
854415.4993930737
854415.4993930737
861795.0722066176
862524.1601516835
862524.1601516835
881747.2877919731
881770.5737775798
881770.5737775798
883381.3284480302
889635.4857492417
889662.6412024507
889678.7647527936
889708.8073177058
896081.0871507771
908043.4470853123
908052.7725483539
910841.9115456925
913196.9645356453
914215.3724349756
916069.4469764179
916072.92903606
936217.5572416399
942659.7365395271
942767.1776804845
942768.5243843461
946079.6541000356
946598.6977506895
946598.6977506895
968884.9678921561
969017.673566517
969017.673566517
990726.7842513027
990730.4231189287
990731.6360748041
990735.2749424301
990735.2749424301
990736.4878983054
990738.913810056
990740.1267659314
990741.3397218067
990742.5526776821
990743.7656335575
990744.9785894328
990746.1915453081
990747.4045011834
990748.6174570587
990749.8304129341
990752.2563246847
990753.4692805602
990753.4692805602
990754.6822364355
990755.8951923108
990757.1081481861
990869.3826646468
990869.3826646468
1000182.4578754697
1035443.0574994636
1035805.5237662101
1035805.5237662101
1041358.5187794856
1041367.3461465783
1041397.8729714409
1041397.8729714409
1079717.3674450484
1079724.5252683125
1079726.3147241287
1079729.893635761
1079729.893635761
1079731.683091577
1079735.2620032092
1079735.2620032092
1079737.0514590254
1079740.6303706574
1079740.6303706574
1079742.4198264736
1079745.9987381056
1079747.7881939218
1079749.577649738
1079751.3671055539
1079751.3671055539
1079754.9460171862
1079754.9460171862
1079758.5249288182
1079760.3143846344
1079760.3143846344
1079762.1038404505
1079765.6827520826
1079767.4722078987
1079771.0511195308
1079772.840575347
1079774.630031163
1079776.419486979
1079778.2089427952
1079780.1413705966
1079782.073798398
1079782.073798398
1079784.0062261994
1079785.9386540006
1079787.871081802
1079789.8035096035
1079789.8035096035
1079791.735937405
1079793.6683652063
1079795.6007930078
1079795.6007930078
1079799.4656486104
1079799.4656486104
1094256.7466827233
1094269.950837366
1094608.0196266202
1094608.0196266202
1104403.8881718225
1106681.3304337522
1106685.6841613047
1106686.7725931928
1106687.861025081
1106689.8949168718
1106690.8403767748
1106691.7858366775
1106692.7312965803
1106693.6767564833
1106694.622216386
1106696.5131361918
1106696.5131361918
1106697.4585960945
1106699.3495159002
1106700.294975803
1106701.2404357058
1106702.1858956087
1106703.1313555115
1106704.0768154142
1106705.0222753172
1106705.96773522
1106706.9131951227
1129107.0951128819
1129175.1958978826
1129175.1958978826
1129176.556437743
1138477.6173898005
1147607.7991474206
1149389.5160282997
1149402.521866963
1152062.9076735345
1152064.1344654085
1156120.231240532
1156182.3041421522
1156185.1912538554
1156208.7493474341
1156210.2851432762
1166299.375394342
1166781.7213647675
1166799.173170974
1166803.5361225256
1166812.2620256287
1166836.2582591625
1166838.4397349383
1166842.80268649
1166847.1656380414
1166853.7100653688
1166855.8915411446
1166860.2544926961
1166864.6174442477
1166868.9803957993
1166875.5248231266
1166884.25072623
1166888.6136777815
1166892.9766293329
1166896.0851170134
1166897.6393608537
1166903.8563362146
1166906.9648238951
1166911.627555416
1171050.1407620688
1171252.635213257
1171273.5275711098
1171302.7768721036
1171316.160894728
