8868.552248509908
14799.749670914616
14852.354137508044
14853.424121398073
14883.383670318897
14883.383670318897
14911.203251459663
14911.203251459663
14987.624083605302
14988.551095510025
15016.361452651738
15016.361452651738
20840.975566010842
27222.151946167716
27306.339385515123
31393.29966146643
31496.82060282677
51503.35170659997
51527.91521607539
52601.865425697164
52665.31731517573
52890.76107600511
53147.594105608376
53320.94994379126
53532.23947807538
53577.71840540116
53847.99080162317
54313.85809774236
54377.051715247464
54449.60769179032
54610.62643124117
54927.189466705524
55449.50763702283
56562.36006264633
56602.03248256889
56605.63906619821
56607.44235801287
56611.04894164219
56612.852233456855
56616.458817086175
56620.0654007155
56625.47527615949
56627.27856797415
56631.775267511985
56631.775267511985
56633.12197137357
56682.950014252354
56686.990125837125
56689.6835335603
56692.37694128348
56693.723645145066
56696.417052868244
56697.76375672984
56700.45716445301
56770.674857236205
57429.78493349433
57458.63299052938
57535.97161058069
57564.76432362144
57589.706017057986
57619.32427801389
57642.707115610654
57675.39696825086
65612.17772852618
66199.71879614003
66329.4727908042
66372.55809037598
66426.99813278075
66553.7819997502
66634.88862341423
66670.16580778852
66766.55198588216
66790.16542345523
66820.86289230021
66865.11963975159
66928.08265728038
69393.65760387407
72475.27116315268
75122.1991551073
75144.36903682874
75200.97671901072
75348.90660380683
75351.49854754044
75364.45826620846
76145.34818995032
76205.72848774458
76367.8633310807
76406.9223550663
76481.45687940583
76498.79799762354
76546.69361270094
76613.38312584674
76683.6146546285
76731.59789769689
76808.37385380603
76877.63225068779
76893.76041303018
76916.50679469237
77010.42555303959
77060.01838394256
77085.1537813592
77435.93324130688
77437.53821714192
77838.46394793566
77841.74307959863
77930.36265049051
78074.72284765348
78131.95314977146
78372.63034503523
78374.01394489303
79094.26068686764
79524.0621466936
79597.53591114214
79643.14397445464
82036.26440849506
94421.21724759712
94484.00500914392
94484.00500914392
94548.23171454284
94549.07109845658
94572.53695204481
94572.53695204481
94638.23027329301
94639.12961320057
94707.04130622075
94725.2771523465
94752.93070150433
94767.4400520131
94808.72667176976
94808.72667176976
94902.60392212127
94902.60392212127
94960.64593615584
94961.208600098
95020.21452203351
95020.71261798231
95028.68215316323
111563.73354172739
112032.09131759062
126880.52525550158
143695.46967129895
145735.4585256334
146146.33233940473
150568.88476086463
150594.61971821965
151381.38994135713
157183.4790490313
158444.78251539735
166100.65560854372
172309.24635443854
178494.9984786807
181639.15536353126
181659.92780939632
181660.43512934417
181694.74840581752
181694.74840581752
181702.9808249714
181703.46508492163
181712.92890794898
181713.5376918864
181725.1045866976
181725.713370635
181750.19386411895
181778.419301218
181785.09747653166
181790.07843601974
181796.71971533715
181811.66259380136
181814.1530735454
181824.11499252153
181837.85875110896
182131.2280409571
182239.637701815
182240.32027774485
182244.10211735617
182326.0804089306
182326.0804089306
182340.11011148867
182430.87887415965
182439.46641727706
182439.46641727706
182447.6019844409
182532.75794368875
182532.75794368875
182610.23953572538
182705.28362195694
187920.97082590024
189643.82936882865
190536.97536103308
192976.6493182888
192996.7161282264
199536.42999208914
213228.9907727982
213305.25940895945
214504.28704572606
214511.50943698376
217410.0266150806
217411.36870694265
220924.4624938747
221031.69148285393
221435.06618539596
222354.81880286583
222820.56157499782
223942.41662369607
226109.71511294594
226908.99307879794
227673.47812022586
229517.32785871907
229544.6216719139
229771.14925263188
229776.64214406733
232578.59788808855
232706.24881096886
234039.13512197777
234939.54501343565
242563.53074185934
245092.70516191644
245847.98465229044
245873.9225376246
245881.3386328624
246088.70335554995
246088.70335554995
246093.03402310485
253316.07557273668
254871.20030490443
254885.5205634326
254888.45379513115
254892.85364267894
254894.3202585282
254895.78687437746
254900.18672192525
254903.1199536238
254906.05318532232
254907.51980117158
254910.4530328701
254913.38626456863
254916.31949626716
254919.2527279657
254922.18595966423
254923.6525755135
254926.58580721202
254929.51903891054
254932.45227060906
254933.91888645833
254936.85211815688
254938.31873400614
254948.58504495097
254954.45150834805
254957.38474004657
254960.3179717451
254963.25120344362
254967.60954299566
254970.45975870272
254973.30997440979
254974.73508226333
254977.5852979704
254980.43551367745
254984.71083723803
254986.13594509158
254990.41126865215
254993.26148435922
254996.11170006628
254998.96191577334
255001.8121314804
255004.66234718746
255006.087455041
255288.89526597466
255290.31576182865
255762.6536932828
258277.66466279558
258436.8201544379
258483.67345762247
266552.6710203088
266576.13687389705
266576.54272985534
266578.12003369327
266612.6177901476
266612.6177901476
266628.5845325066
266628.9903884649
266680.5986631607
266697.72762940027
266697.9766773746
266730.61579802004
268051.8106902306
268075.6547277799
278982.36486681254
284886.4252840063
285929.4382008077
288615.609696729
301757.7237220118
317915.3844133633
317939.56973887753
317942.1155626159
317944.66138635424
317951.0259457001
318042.42655230616
318043.8562721592
330280.8930624638
351342.4006098088
351375.791486377
351383.44740559015
351508.8200007046
351509.13361667236
351509.29042465624
352924.3856272159
353039.54264338035
353039.54264338035
353055.5739537327
353055.8276137066
353082.0376070128
353082.0376070128
353098.72382129787
353098.72382129787
353108.35367630806
353108.74108426826
353138.01805725927
353138.01805725927
353160.4738829513
353160.6629749319
356310.35425921355
365894.23224620393
367404.7681669544
368883.82719094
369865.9432660003
391272.4237658898
399799.94170945045
402994.5815411125
403707.1262438787
403709.6074996237
403784.8707198883
403801.2894382008
403805.3941177789
403807.44645756803
403811.55113714613
403815.6558167243
403819.7604963024
403821.8128360915
403823.86517588055
403825.9175156696
403830.02219524776
403832.0745350368
403840.28389419307
403844.38857377117
403848.4932533493
403850.5455931384
403854.04610077856
403856.9424364809
403859.8387721832
403864.1832757367
403867.079611439
403867.079611439
403867.079611439
404056.5405519667
404086.7030288667
409302.5332047952
409344.4931764826
416143.92718165193
416265.5640571504
425710.63008240744
425756.7546896669
425770.85818421736
425781.1152711632
430216.18927133613
431241.8702939189
431249.9505170884
431253.9906286732
431266.4107433967
432411.92534966324
432723.06928568456
432723.06928568456
435931.83105989516
439413.80768602533
439424.12011696544
439424.52597292373
439440.35435529693
439440.35435529693
439450.754414228
439450.754414228
439486.5204705521
439486.5204705521
439491.99952598894
439491.99952598894
441196.8435987688
441204.0383180294
441221.4624522386
441274.2006668183
441297.8602243866
441297.8602243866
448502.3338639268
448664.4640952634
450967.35537057737
450981.36662513734
518763.8637026029
525695.1317142226
527270.0742083535
527270.0742083535
527595.4046549168
527595.4046549168
528461.6765258833
528462.1469498349
528524.2152394557
528525.2806113461
528616.3906619821
528616.3906619821
544465.7991410152
544526.3639187904
544544.4752409289
544555.128959834
544704.2395165088
544833.3293832411
545064.5427554776
545066.3275992941
546995.3194610367
547035.4530809118
553387.2002920932
574443.0258560224
574445.7746077399
574447.1489835986
574449.994587306
574451.4658151548
574451.4658151548
574460.2931822476
574463.2356379451
598318.4203901623
611699.8095628528
611703.9695864253
611703.9695864253
611707.7744860343
611707.9266820187
611715.9008291991
611716.0622491825
611722.5421085166
611722.5421085166
611724.0133363653
611731.6139115841
611731.7568835694
616211.3643511654
624581.0965669428
624625.5470183743
637773.6428070422
651087.7798026449
651122.6741910585
651149.5160282997
657102.288384487
668696.7906248299
669611.170262852
669611.170262852
669641.1205877737
672319.1472925321
672552.6989485283
672609.4357666969
672864.2810245045
672864.2810245045
672897.0954011319
672902.5560085707
693394.822902421
693460.6684196535
699556.8370651028
699640.34654052
699641.250492427
699662.0413862902
699662.9453381973
699697.9135186033
699697.9135186033
699731.9961951004
699732.3928270596
699757.8326164449
699757.8326164449
710352.7854235193
720447.732913983
742234.7448827624
742270.1096951276
742271.963718937
742281.2338379843
742284.9418856031
742292.357980841
742296.0660284598
742299.7740760788
742303.4821236976
742310.8982189355
742316.4602903638
742322.0223617922
742325.730409411
742342.416623696
742346.124671315
742349.8327189338
742353.5407665527
742357.2488141716
742359.1028379811
742362.8108855999
742362.8108855999
742372.1271246425
742375.9274122518
742381.627843666
742383.5279874707
742389.2284188848
742393.0287064943
742396.8289941037
742408.229856932
742412.0301445413
742421.5308635648
742425.3311511743
742429.1314387837
742432.931726393
742436.7320140025
742440.532301612
742440.532301612
742446.232733026
742450.0330206355
742451.9331644402
742455.7334520495
742457.6335958543
742463.3340272685
742467.1343148778
742470.9346024873
742472.834746292
742476.6350339014
742480.4353215108
742488.3771846945
742494.589548056
742498.7311236304
742502.8726992047
742504.9434869919
742509.0850625662
742511.1558503534
742517.3682137149
742536.0053037994
742540.1468793738
742556.7131816711
742560.8547572455
742577.4210595428
742589.8457862658
742589.8457862658
742596.0581496273
742600.1997252017
742604.341300776
742627.4566424004
742658.5046232092
742661.9543988548
742663.6792866774
742667.1290623229
742672.303725791
742675.7535014364
742680.9281649046
742684.3779405501
742687.8277161955
742689.5526040182
742693.0023796636
742696.4521553091
742699.9019309545
742705.0765944227
742708.5263700682
742711.9761457136
742711.9761457136
742717.9532970992
742723.930448485
742727.9152160754
742731.8999836659
742735.8847512563
742739.8695188467
742747.8390540277
742763.7781243895
742767.76289198
742769.7552757752
742773.7400433656
742777.724810956
742783.7019623418
742799.6410327036
742803.625800294
742807.6105678845
742811.5953354749
742815.5801030654
742819.5648706559
742823.5496382463
742825.5420220415
742833.428541231
742856.3409548762
742862.0690582874
742865.887793895
742871.6158973062
742873.52526511
742886.8908397363
742892.6189431476
742896.437678755
742900.2564143626
742904.0751499701
742917.4407245964
742921.2594602039
742928.896931419
742938.4437704377
742942.2625060453
742963.4730918652
742967.337947468
742971.2028030708
742977.0000864749
742977.0000864749
742982.7973698791
742986.6622254819
742990.5270810847
742994.3919366874
742998.2567922903
743002.121647893
743009.8513590986
784670.2782893325
784684.6815638521
784684.8614318337
784688.5925394503
784688.5925394503
784691.4012471616
784691.4012471616
784693.5412149417
784693.6749629279
784696.6589266212
784700.339302243
784700.339302243
799704.3359841654
862883.8868907116
863029.65374773
863029.65374773
879744.3332938324
880026.5138728305
880026.5138728305
880095.1865457725
880095.1865457725
880162.0605388993
880163.2135387808
880206.8430542967
880207.8346341947
889733.1356152055
910782.8548917621
913205.7503947424
916175.2600815427
916177.183285345
928384.1037187448
928447.4172482376
928464.3156145009
928484.3824244385
938501.6776788832
942605.056673147
948823.9321779847
948985.1999654099
948986.5143852748
948987.8288051398
948989.1432250047
948991.7720647345
948993.0864845994
948994.4009044643
948995.7153243292
948998.344164059
949010.1739428432
949020.6893017625
949023.3181414923
949027.2660130865
949033.1878204779
949052.9271784491
949070.6926006232
949072.6665364204
949076.6144080147
949080.5622796089
949082.536215406
949092.4058943916
949100.3016375802
949102.2755733773
949118.0670597543
949122.0149313485
949123.9888671456
957639.755435914
957652.802782573
957652.802782573
957668.8340929253
957669.0231849059
957680.8760236878
957680.8760236878
957707.9438489057
960589.0876247883
962594.7263066531
962664.9255514381
962697.366356104
962748.7763148202
962755.8280620954
962976.6598233988
963029.9791499189
963058.5458749828
963089.5754077936
963144.1860941809
963171.9733913249
963201.8683722524
963231.8371451723
963272.7225209703
963326.2171034721
964806.9641192843
964884.0767513587
964884.0767513587
964888.8501708681
964890.7595386719
964891.7142225738
964896.4876420832
964900.3063776906
964902.2157454945
964903.1704293963
964905.4026371669
964908.7509488228
964910.9831565934
964913.215364364
964916.5636760198
964918.7958837904
964921.0280915609
964923.2602993315
964926.6086109874
964928.840818758
964931.0730265286
964933.3052342992
964936.653545955
964937.7696498403
968955.9419528615
969044.9120357174
977413.4036236224
981665.8424425662
999683.5087067505
1000079.8132140192
1000091.7813527891
1000098.3534521137
1000474.6557174381
1000577.1435709047
1001368.0830416137
1001370.1030974061
1006938.9172690557
1013978.618001531
1017155.5938750084
1044510.1932235635
1044600.7821182531
1044601.58921817
1044651.8369530056
1044651.8369530056
1044714.7031185444
1044714.7031185444
1044773.7321004776
1044774.350108414
1054972.3112202901
1077388.3538044193
1077424.2536087295
1077812.2103968563
1077813.2573207486
1077822.6796357802
1089380.908499851
1103375.9657174703
1106724.8769332764
1106734.3315323049
1106736.2224521104
1106738.113371916
1106739.0588318189
1106744.7315912358
1106746.843887019
1106749.177558779
1106750.3443946592
1106751.5112305393
1106763.17958934
1106797.0178298622
1106801.6851733825
1106802.8520092624
1106804.0188451426
1106806.3525169028
1106807.5193527828
1106809.853024543
1106812.186696303
1106813.3535321832
1106815.6872039433
1106816.973951811
1106819.5474475466
1106823.4076911497
1106825.9811868854
1106828.5546826208
1106829.8414304885
1106831.1281783562
1106834.9884219596
1106836.2751698273
1106837.561917695
1106838.8486655627
1106841.4221612983
1106842.708909166
1106847.855900637
1106850.4293963725
1106851.7161442402
1106854.2896399759
1106855.5763878436
1106856.8631357113
1106858.149883579
1106859.4366314467
1115334.8804883594
1115385.2435231833
1115388.545714844
1115390.1968106744
1115391.8479065045
1115395.1500981653
1115396.8011939954
1115400.1033856561
1115401.7544814865
1115403.4055773166
1115406.7077689774
1115408.3588648075
1115410.009960638
1115413.3121522986
1115414.9632481288
1115416.6143439591
1115419.9165356196
1115423.2187272804
1115426.520918941
1115428.1720147713
1115431.4742064318
1115446.3340689046
1130468.4559089644
1130480.115043766
1130480.2672397504
1130489.1730108352
1130495.1317142227
1130502.2249694935
1130502.510913464
1130513.0908403767
1130513.0908403767
1130527.9829868462
1130527.9829868462
1130550.0145085817
1130569.2373226061
1130569.2373226061
1136061.1971341546
1136103.1755538404
1136148.0410852293
1136148.820513149
1138474.448946126
1139691.8185050075
1141231.2578267874
1149407.9409664061
1156836.2995109358
1156878.0657786434
1156925.8184217354
1165015.7636862688
1165131.5433223692
1166309.816961269
1166346.3624455128
1167309.993626473
1171522.760025494
1175546.840299908
1200537.669979406
1200549.0985142316
1200552.363809896
1200555.1494576097
1200559.32792918
1200562.113576894
1200564.8992246075
1200567.6848723213
1200570.470520035
1200573.2561677487
1200574.6489916055
1200577.4346393193
1200580.220287033
1200581.6131108897
1200585.7915824603
1200588.577230174
1200591.3628778877
1200592.7557017445
1200595.5413494583
1200598.3269971719
1200602.5054687425
1200602.5054687425
1200606.683940313
1200609.4695880266
1200613.6480595972
1200616.433707311
1200619.2193550246
1200622.0050027384
1200624.790650452
1200628.9691220226
1200631.7547697362
1200634.54041745
1200637.5382171418
1200640.748168812
1200645.563096317
1200648.7730479871
1200651.9829996573
1200655.1929513274
1200661.6128546675
1200664.8228063376
1200668.0327580078
1200674.4526613478
1200674.4526613478
1200679.267588853
1200684.0825163582
1200687.2924680281
1200688.8974438633
1200692.1073955332
1200693.7123713684
1200698.5272988735
1200700.1322747085
1200703.3422263786
1200706.5521780488
1200709.762129719
1200712.9720813888
1200720.996960564
