6461.319095919982
6462.14925583466
6462.3337358157
6462.679635780148
6463.648155680606
6463.809575664015
6464.778095564473
6464.939515547882
6465.90803544834
6465.90803544834
6466.553715381979
6466.553715381979
6466.876555348798
6467.845075249255
6468.975015133123
6470.10495501699
6470.10495501699
6471.234894900857
6471.880574834496
6472.872154732584
11540.366589906766
11589.226112885093
11589.226112885093
11590.434456760902
11622.88448542576
11628.142164885388
76043.6443764032
76160.1619324278
198821.08580561064
199317.63212257667
199334.4751448456
202304.38146360524
202519.28219351821
202526.63833276214
212276.1055507336
213721.67223416147
214972.53874560018
221009.02811718322
221093.4738285041
223093.439750952
223102.64069000637
223103.95510987128
223106.58394960107
223107.89836946598
223109.2127893309
223111.8416290607
223111.8416290607
223115.78488865544
223117.09930852035
223119.72814825014
223121.04256811505
223122.35698797996
223123.67140784487
223124.98582770978
223126.3002475747
223127.6146674396
223130.24350716942
223130.24350716942
223131.55792703433
223136.81560649394
223138.13002635885
223141.66281799576
223143.4292138142
223145.19560963268
223146.96200545112
223148.72840126956
223152.26119290647
223154.02758872494
223155.7939845434
223159.3267761803
223161.09317199874
223162.8595678172
223164.62596363566
223166.3923594541
223169.925151091
223171.69154690948
223173.45794272792
223176.99073436484
223178.75713018328
223180.52352600175
223185.8227134571
223189.35550509402
223191.12190091246
223194.65469254937
223196.42108836782
223198.1874841863
223201.72027582317
224708.10078500077
224723.4587434223
230805.3947583344
239595.92119886365
240070.4359940941
247987.8694163579
248019.79828907628
249869.06712701253
254860.02081805342
397340.3531382415
435917.4416213741
553191.1534162426
863055.2595690982
1040366.8097454112
