912789.9509654773
913165.3354428961
913182.9071610902
915032.72482697
915034.7448827624
915947.3489009669
915949.0553407915
916745.750586909
916747.2402627559
917227.8613453588
917229.4663211938
1147619.402938228
1148741.5070349006
1149291.2712143972
1149294.9100820231
1149365.7826787392
1149429.6173641782
1151860.4685663406
1151861.5108782335
1151937.2399104503
1151938.974022272
1152331.1784619624
1152332.9863657765
1152354.2338475927
1152355.289995484
1155537.1223044624
1155616.4994283041
1156090.4930675882
1156176.5299187456
1156177.9734745973
1156199.6268123717
1156201.0703682234
1162531.5931575864
1163714.1513440458
1163720.8202953602
1163723.0432791319
1163725.2662629033
1163730.823722332
1163740.827149304
1163744.1616249613
1163802.4572989696
1163910.004515916
1163910.004515916
1164074.380791022
1164202.0778338977
1164218.4919402106
1164511.0956381375
1164512.2163540223
1164551.441409991
1164570.751852006
1164582.0005188498
1165569.0791054
1165582.0296000692
1165593.3612829044
1165594.980094738
1165596.5989065717
1166214.9250710215
1166280.6276162688
1166372.4663628298
1169460.6612454322
1169478.740283574
1169486.4884427777
1169556.22648761
1169602.3188108727
1169602.3188108727
1169615.9242094744
1169656.597433294
1169659.9272969519
1169706.5453881605
1169706.5453881605
1169767.8434738605
1169767.8434738605
1169769.4807336924
1169771.117993524
1169785.8533320096
1169795.676891
1169797.3141508317
1169798.9514106635
1169802.2259303269
1169803.8631901585
1171217.6854808491
1171231.7428554043
1173279.0417289874
1173453.6012990465
1173453.6012990465
1173816.7501417228
1173845.6996627476
1173847.300026583
1173850.5007542542
1173852.1011180896
1173855.3018457606
1173866.5043926092
1175619.6729964225
1175809.7242728896
1178603.046353798
1178621.2268559292
1178631.3271348912
1179139.126730701
1179157.6439087978
1179254.4082708524
1179313.257384804
1179403.9477434831
1179405.1468633597
1180066.7843153584
1180217.3015318883
1180236.561241909
1180707.6769934888
1180707.6769934888
1181756.0490537393
1181769.110236397
1181782.1714190545
1181902.3370667042
1181931.9322676624
1181947.2072100926
1181959.9363287843
1181968.8467118684
1181968.8467118684
1181977.7570949527
1182055.2940309837
1182055.2940309837
1182074.078705053
1182095.243170878
1191346.2408680806
1192325.806507403
1192343.604213574
1192346.744985251
1192356.1673002827
1192362.448843637
1192364.542691422
1192364.542691422
1192366.6365392066
1192367.6834630992
1192368.7303869915
1192370.8242347762
1192371.8711586688
1192372.918082561
1192373.9650064535
1192375.011930346
1192381.0767097226
1192393.206268476
1192900.641516323
1192904.1696959604
1192933.5711929384
1192934.7472528175
1193423.7160545625
1193526.9418279533
1195968.7511409896
1196180.0406752736
1196185.1230987513
1196607.3701033536
1196607.3701033536
1196699.1212219235
1200400.8596254673
1200405.619208978
1200416.3282718775
1200418.708063633
1200421.0878553882
1200422.277751266
1200423.4676471436
1200425.847438899
1200427.0373347767
1200430.60702241
1200435.3666059207
1200435.3666059207
1200437.7463976762
1200438.9362935538
1200440.1261894316
1200508.2823184265
1200508.2823184265
1200511.5476140908
1208237.135692072
1208270.6926006232
1208322.0149313484
1208322.0149313484
1208339.7803535226
