29172.930722270183
89493.25101811597
89500.73273787239
89500.73273787239
89502.05304135881
89506.0139518181
93646.17761443777
93648.95025175926
93649.25832257276
93651.10674745376
93651.41481826727
93657.94481926055
93657.94481926055
93658.62697606186
98847.16111828483
107779.67435570259
128907.56133527914
129674.10203317569
130345.78992810153
130345.78992810153
147869.88653641913
148039.11093452733
148041.22892137014
148363.03089112844
148439.87255403848
148442.00704467486
148615.34088738452
149199.3056181664
149200.85147349842
149272.32390223027
149385.29787055217
149493.7167918459
149495.21313579718
149699.59611549598
149775.06796353884
149777.7965907441
150009.58136905078
150119.8487152255
150122.40130196593
150294.34332475037
150736.39193453494
150739.43963508276
150904.59309744113
152389.4284033344
152434.3187218729
152529.80967152867
152531.82313434547
152732.59728451472
152829.0784617853
152832.03814210073
167648.48936804224
167750.6478503045
183329.55233459914
183370.1846743939
183845.9065243469
183847.14430886545
184142.02309002972
184199.48929927644
184267.0338251362
184268.0405565446
184440.17512358743
184577.83326584098
184579.4176300247
184824.17989135004
184828.88897378495
184916.65614804515
184917.64087439544
185097.11962958152
185101.31159315092
185407.66051085354
185409.69597872844
185752.94737887668
186008.85520213327
186010.18650814876
186192.267361456
186266.99653878773
186268.55339664881
186455.07377042918
187103.65085307803
187106.83058397452
187261.84521581003
187383.54418967137
187385.0515361517
187434.6674409187
187671.9644862812
187810.2442714263
187811.6415926161
207068.0368890349
207109.37339068908
207112.9877214832
207133.46892931638
207139.4928139732
207141.90236783592
207146.72147556138
207147.92625249273
207149.1310294241
207151.49107190612
207151.49107190612
207158.42266520986
207161.88846186173
207166.50952406423
207168.82005516547
207176.9069140198
207179.21744512106
207190.7701006273
207209.25434943728
207209.25434943728
207228.06867411884
207240.6940762078
207492.85553832166
207555.40491599112
207562.33650929487
207912.81106976673
214817.66822790517
215171.8121318164
215181.8794459004
262310.85506460164
265974.47718885384
265981.3537695123
265981.3537695123
265981.90389596496
265984.92959145474
265984.92959145474
285145.4598522299
286019.85284117394
289884.29862697603
290028.1621956158
290029.5045041603
290359.4593479473
290460.56158742047
290461.68384538393
290640.139365368
290733.3197839226
290734.56857097015
290886.3869681156
290988.64447313925
290990.10230823886
291132.43102407566
291813.1684991481
291814.86288862233
291974.9276812934
292061.6386127645
292064.0701716853
292191.2484050153
292272.41406184336
292274.5705575379
292497.47629489837
292611.37997692527
292612.6232627083
292844.5675776863
292960.45721620735
292961.50795773196
293218.527036423
293323.15558645775
293325.15804674546
293458.0245875962
294212.13792892674
294213.6782829942
294370.8219042016
294559.2402142437
294560.8630872791
294876.8282153745
294981.1817021829
294982.94760809606
295254.31948593736
295575.5273191268
295580.2694091489
295870.7801862789
295962.66230640514
295964.40070599556
296220.880660763
296907.1689117429
296908.4947164939
297306.84128087776
298080.95722002763
298159.74633058015
298335.2696765715
298337.23912927206
298573.8430153042
300829.6200307154
300834.263097976
300835.42386479117
300837.7453984215
300837.7453984215
300838.9061652366
300841.2276988669
300842.38846568204
300843.54923249723
300844.70999931236
300845.87076612754
300847.03153294267
300848.1922997578
300849.353066573
300850.5138333881
300852.8353670184
300853.99613383354
300855.1569006487
300856.31766746385
311807.82249253127
311820.5304135881
311851.3925075833
311851.3925075833
317886.6427769161
318212.68072036
318223.61723423924
318283.72955172334
318327.16753642674
318547.3336440529
318671.55219706753
318673.1145561931
318791.82084215194
318895.04656973237
318896.75196173566
319123.0629818382
319273.8911513688
319275.29397382314
319489.99182450963
319643.3285706645
319645.22650692624
320050.0370571291
320273.2838728902
320277.1677656461
320613.5865952521
321467.5753940662
321468.97821652057
321604.5843871056
321686.5037171739
321752.8544686313
321756.6723462129
321976.117788186
322077.6931364084
322079.03544495296
322352.99841838644
322463.441805026
322464.872133803
322637.73836902785
324801.259178325
324804.42790669244
325009.7681064189
325162.9288121089
325165.16232550674
325384.17316758225
325577.4876030532
325579.35803299234
338623.7309270395
340517.8218048732
340522.2778291399
340568.8680384172
340568.8680384172
346051.63181259023
359000.0516507614
359351.85201598424
359352.9907777413
359471.8731041649
359598.4296946034
359601.5214052674
359852.5881157405
359952.9366819734
359956.1164128699
360166.9633783877
360374.19601311133
360377.0566706653
360532.8964921798
360650.3814974136
360652.4499728757
360797.05071096204
360959.035444953
360960.05317889043
361891.158703841
361897.58968207275
361964.4740561893
362030.59375453665
362069.6857402639
362069.6857402639
362072.7719496634
362090.26046959404
362160.6106403625
362161.1662680797
362254.3851954859
366437.0461265749
366455.3213273329
366517.4856164855
366807.9468822347
366808.95911490766
373129.6865043284
373225.5570412366
373227.4164686466
373503.8880187043
373509.4993085216
373592.5463978178
373593.66865578125
373823.0823890769
373924.0085880852
373925.2958839845
374068.2737490354
376852.7057816762
376853.8280396397
377036.09593594086
377246.9429014586
377248.2577036805
377490.47838079446
377571.12141749245
377572.7442905279
377687.50066855643
377991.9131411456
377993.28295601276
378172.50315176614
378684.5168438023
378687.33349124
378844.9007098159
378996.46054752864
378997.7038333117
379154.06077369174
380175.82713804353
380179.22691952105
380632.1625318042
380635.24323993915
380730.05753405817
380731.6253944483
381012.8500370572
382111.78263892606
382309.82816189
382791.5848990289
382796.91012309084
382828.8614674623
382875.93028675346
382895.4707783525
382897.9133398024
383115.1802810229
383540.10895560024
393783.6175398651
394007.7170516278
395785.2636404618
395850.3766074007
413824.53716791846
413831.2047005249
413900.2290665424
413901.34582324134
413905.81285003707
425213.4860443616
425244.0125612207
426741.95738048124
429741.7529168163
436939.03529214003
436945.63680957217
436945.63680957217
436946.07691073435
436949.8067680835
446263.0625233995
446376.784663697
446379.3702580246
446569.97807134833
446709.83121814806
446711.261546925
446828.5099977842
446961.3380297832
446964.13267216284
447113.77806982026
447219.68841448973
447220.8986926856
447522.6760595665
447573.9918550722
447575.08660671307
449047.1589789042
450012.41635403695
450013.50010314875
450149.4198458118
450273.0552647866
450501.8473551907
450503.0631346511
450726.474988348
450812.6743022181
450813.9615981173
451176.2308697346
451301.25260737014
451302.58941465017
451454.4188143247
451607.12841632345
451608.6082564812
461869.15975824994
465325.6152629528
465345.584853185
465346.49256183195
465551.7062324743
465631.1004821247
465632.42078561115
465873.4421870583
465968.1354533577
465969.81333903834
466312.98772148316
466433.11883495445
466433.96052842704
466630.2236416843
469838.4015770292
469839.8649133933
470062.1270028041
470396.4608531545
470450.3182328716
470521.51559837715
470526.81881738093
471176.6281832838
471386.38589842524
471387.95375881536
471667.24195631075
471898.6801549523
471899.98945590964
472037.1579856203
485700.8577388275
486201.56083099655
486226.51456689
486380.8800495114
486382.72297312785
486439.9416254709
488626.69427486457
488628.0915960543
488825.53197992034
488979.649905638
488981.4378166092
489128.1015288931
489212.6944735214
489272.5537328372
489273.7310034459
489510.84100581455
489663.3470610258
489666.0426806439
490184.3388167697
490346.05949006334
490347.57783907274
490717.82394425385
499840.8899823501
499841.7646834098
500106.14995530224
500239.53911628295
500242.8728825862
500383.2706545741
500484.141840937
500485.37962545553
500592.7753115473
500667.9280862476
500669.1493669725
500948.3275391774
500998.18549958355
501000.9031242598
501129.28613452124
503711.72273626784
504117.63904064056
504118.78330366215
504315.0849257711
504423.26729269023
504559.4235897279
504560.33679963934
507288.4138784679
507301.2318248153
507329.4533118377
507330.0804559937
517757.969422138
517828.6826763652
517895.726587153
517895.726587153
522083.7842587428
529970.0174970774
530169.9114449224
530173.0801732899
530438.3071386548
530503.8547054913
530505.8241581919
530676.8584723294
530745.9378509921
530746.8180533164
530863.6649118651
530962.2255671269
530962.9737391025
531134.6241948671
531248.5828895392
531251.212493983
531433.5904155746
531510.8116657371
531512.0659540491
531631.4874043964
531747.7951390216
531748.928399514
532074.6142620284
532146.158207199
532147.296968956
532282.8261218378
532432.4385119079
532433.98436724
532632.9486013799
532812.9829842832
532815.5685786108
532947.3678741433
533069.9965617097
533071.3553740479
533310.6328746399
533462.792350186
533464.8608256482
533609.4560624699
533780.4078576395
533933.2384874579
534026.0998326698
534067.4583393822
534132.340253211
534133.2314580644
534278.200780874
534317.8428930539
534318.7891105525
535437.0531559684
536733.1015670963
536734.7244401318
536940.031632271
538033.7655391622
538041.1647399507
538064.7321571833
538066.4155441286
542134.435623744
545217.5643151307
545219.8528411739
545468.5320028424
546515.5326675784
546517.0510165878
546612.9600623477
546783.6643006136
546786.7890188647
547210.1663368455
547216.135208857
547371.749478526
547372.7397061408
547966.1721131732
549456.0685824311
549457.5429213243
549643.7277179684
549836.0959359409
549837.4437457499
549980.6361601173
550100.8497925565
550102.1645947783
550379.2357826695
551574.4405137569
551576.6520220967
551726.5229715997
551836.0366445342
551837.1478999687
552017.8974472604
552194.5100436282
552195.5772889464
552433.5454885811
552860.0530260776
552860.8947195502
553061.3663001704
553283.7934275169
553285.3227790555
553566.1183230311
553673.2279433676
553674.8508164029
553848.0581300285
554049.8445128708
554051.6434263709
554330.5190290269
554654.6040235638
554656.9750685748
554943.9100237624
555468.4445938615
555470.6065908205
556911.519800732
559010.3072303425
559047.4077583111
560480.8227446725
565129.7873608448
566698.252890074
566700.7394616401
566709.0133634885
566713.7004408652
566796.3294340575
566871.7077606033
566873.6662107748
566922.6274650631
567256.444196548
567596.4608531544
567598.1057312479
567750.4357459944
567803.8640270784
567805.6079279335
568090.8264885887
568169.4120523537
568233.556796736
568234.4590041183
568337.3766608852
568453.8549347107
568456.4185239802
568811.1565644603
568918.4422252615
568920.0595970324
569168.68924732
569256.8800189488
569260.3348130716
581033.0298978447
581650.5688460333
581654.8598323643
581720.3138777039
581720.3138777039
581723.2735580193
581724.753398177
581726.2332383347
581819.0065633142
581820.2553503618
581828.9968596948
581831.4944337901
581832.7432208377
581833.9920078852
581836.4895819804
581838.9871560755
581840.2359431231
581845.2310913134
581847.7286654086
581850.2262395037
581852.9438641799
581860.2880523232
581861.7568899519
581866.1634028378
581869.101078095
581870.5699157238
581873.507590981
581876.4452662383
581879.3829414956
581882.320616753
581886.7271296389
581889.6648048962
581892.6024801534
581895.5401554108
581899.9466682967
581902.884343554
581904.3531811826
581907.29085644
581911.6973693259
581913.1662069545
581914.6350445832
581917.5727198404
581919.0415574692
581921.9792327265
581923.4480703551
581926.3857456124
581927.854583241
581929.3234208697
581932.261096127
581933.7299337557
581938.1364466416
581939.6052842702
581942.5209544695
581943.978789569
581945.4366246687
581948.3522948679
581949.8101299674
581952.7258001666
581957.0993054654
581960.0149756646
581961.4728107642
581962.9306458638
581965.846316063
581967.3041511626
582739.4396350828
582747.0588864525
582822.8498078379
582822.8498078379
585068.9666027399
585247.1140519106
585247.1140519106
585369.2916357857
585609.7189006639
585631.4048854285
585632.2080700494
585994.2352860275
586144.6233543961
586146.0151743214
586157.1497337236
589395.3040594748
591390.271624936
591395.3547933587
591409.1519647919
591409.1519647919
591419.439329457
591426.9210492134
591598.4504771583
591598.4504771583
591605.8771842694
592220.1483813294
592226.5848608257
592233.7365047105
597313.582163678
609925.5061545396
617025.9442691341
617141.5368393707
617142.417041695
617510.8587321113
617584.1575806661
617586.7871851099
617947.1860267881
618077.1699050268
618078.0281022929
618358.0314641768
618497.8185958023
618499.0398765272
618796.8838392714
618939.9882334064
618941.9521848426
619493.0963714577
619564.1837116727
619571.3353555575
619600.4370449041
619601.7738521841
619674.3080249697
619675.4797943138
619678.9951023464
619801.8603442875
619862.792350186
619863.8265879172
620059.6275949541
620149.8758395159
620151.9113073908
620423.145653619
620493.4738193293
620494.1174672788
621491.9368271456
621527.3649706981
621528.1351477319
622407.1051887622
622550.1655727809
622551.4473674156
622822.1700960429
624347.3076658593
624551.4485899189
624552.7743946699
624804.8643403449
624945.0695680743
624945.0695680743
625919.9266498063
626006.9346495618
626007.9468822348
626256.9616210393
626341.9066465972
626343.3039677871
626717.6320112471
626804.3704490407
626805.6852512626
627026.2859587864
627139.3424460762
627140.4702053042
627432.4718251209
627542.6126422115
627693.7873914074
627695.3827581202
628047.078599317
628129.7406000962
628132.0291261394
628392.2059306689
629927.6033588276
629930.4090037362
630229.9528572193
630438.2032258804
630439.7435799479
630811.3539987317
630946.2670099863
630947.3727641563
631206.091733586
631312.8382704636
631313.8670069302
631595.8233177209
631682.4517302241
631683.6345020974
631894.2779208277
632001.3710373704
632044.726503106
632097.0105211685
632144.5084390925
632309.1502838499
632310.5861138914
632390.2279204456
632392.0873478557
632455.3078797973
632477.6210087179
632555.1888385456
632674.7093116542
632930.7161576723
634188.7233245976
634189.9005952063
634421.800900068
634500.5074916526
634501.316177538
634753.2190802192
634984.0521397627
634985.6585090045
635127.8001818474
635152.2918115206
635246.8145386197
635248.3879002744
635326.6323856387
635328.4533041969
635587.4308330596
635632.1891212494
635633.5314297939
635972.2332841785
636088.6180365069
636089.7402944705
636359.5443119217
637481.2796552541
640134.8971187128
640136.5199917482
640439.0510318691
640606.9276201682
640608.6110071134
641173.1562741158
641524.7035811703
641526.5630085804
642068.6026024037
652029.0161141207
652043.0993513092
652044.8597559577
652048.380565255
652050.1409699034
652051.901374552
652053.6617792007
652057.1825884978
652058.9429931464
652062.4638024435
652062.4638024435
652065.9846117406
652067.7450163892
652069.5054210378
652071.2658256863
652073.0262303349
652074.7866349835
652076.547039632
652078.3074442806
652080.0678489292
652081.8282535777
652085.3490628749
652275.4727649202
652275.4727649202
652279.8297664254
652745.4347909137
654334.2109887758
654335.3442492684
656083.145500806
657140.46103653
657200.6008603367
657572.1342614171
657572.1342614171
660756.7062706775
660768.721032404
660772.1538214687
660773.870216001
660775.5866105334
660779.0193995981
660782.4521886628
660784.1685831952
660785.8849777275
660785.8849777275
660789.3177667923
660791.0341613246
660791.0341613246
660792.750555857
660794.4669503893
660796.1833449217
660797.899739454
660797.899739454
660801.3325285187
660803.0489230511
660806.4817121158
661060.7501585435
661062.2244974365
665170.0517271679
665455.050237242
665457.3497658143
666363.2870055547
666852.6794978568
666887.1394188525
666888.4927299261
667291.1742907572
667440.6656530077
667440.6656530077
667473.1176124512
667496.0248779407
667515.1142658485
667791.6793374033
667862.2935688689
667862.2935688689
668062.0114762491
668070.5934489109
668123.2735580193
668124.753398177
668373.1354915609
668450.8298504726
668452.2271716624
668674.0601624402
668686.652556942
668757.1512618526
668757.1512618526
669026.2951275606
669532.4994842565
669534.1718686726
669943.7740202784
669945.4023945782
670126.4270050963
670126.4270050963
670373.3677671743
670381.3996133833
670681.9336944812
672278.0925893382
672460.2284552908
672532.0969750686
672576.6352126774
672593.3370517807
672606.7766410196
672626.894765394
672717.4345769756
672742.239778727
672841.3615629703
672842.8634081862
672921.0693846989
672921.0693846989
673781.2581086347
673860.6908671368
673862.0496794749
695051.985421649
695072.3676067208
695073.7979354977
696086.3111729155
696163.8129875687
696177.4231160079
696177.4231160079
696179.7226445801
696179.9316926321
701089.6232397864
701120.958442531
701122.0146853201
701122.5428067147
701123.0709281092
703638.0840318156
703847.3521344143
703849.7946958641
704176.5202973739
704332.1345670428
704334.643143667
704607.8359400667
704804.2090786146
704805.4523643976
705026.9607805683
705188.2688590225
705189.5946637734
705422.4741937208
705511.6001803193
705513.1900457675
705821.0793175376
705912.691875702
705914.122204479
706240.0391201033
706320.5116176009
706322.7561335278
706543.0817778254
706677.8517562023
706680.6243935238
706892.8301713796
706959.0763988112
706959.9676036645
708146.1942710442
708322.8838851153
708324.0061430788
708518.7509073266
708522.431253295
708584.997134758
708622.9448574637
708623.709533233
709390.2612336585
709391.4715118544
710358.6708333652
710681.4410256803
710683.1299138899
714271.4452280351
715549.0919093208
715565.8157534823
715751.9455374812
715754.2340635243
716194.6212914218
716327.6033588276
716329.0061812819
716700.8366506468
716788.9118957204
716791.9926038554
717079.4666829667
717835.3459302104
717836.7267476066
718016.4200521092
718979.2018582049
718980.8027261823
719326.1611106441
719418.0212257124
719420.5518073946
719645.388488604
719786.3528908382
719787.5301614469
720066.2737337541
720084.4884206022
720339.5820567089
720341.0068842213
720601.6733012935
721526.292835367
721527.8001818474
722065.7468348627
722217.7357712085
722219.2101101017
722518.902497727
722699.6025336379
722700.8513206855
722799.3844696246
722943.8366735687
722945.0469517646
723687.6351439116
724325.3582316492
724326.766555368
724630.4803673621
724709.32449056
724854.0737627886
724856.1862483668
724929.9857119935
724929.9857119935
724936.2901611413
725233.5454885811
725277.0989998395
725279.1014601273
725669.3116542761
725792.8260454313
725794.5259361701
725861.3663001704
726028.8798050107
726028.8798050107
726125.3774860749
726207.5168667242
726207.5168667242
726250.6467806142
726754.1665202209
727601.2622345831
728231.6906455581
728233.8526425171
728840.8786741953
729002.8083955408
729006.4832402448
729053.0349406704
729628.2856684419
738811.3429962026
756775.3757287265
758022.2208299269
758113.475805897
758114.6310714476
758416.9475622522
758447.0064716265
758448.2057472933
758730.420617517
758847.0364229556
758848.2356986224
759154.2545404534
759373.287387587
759374.53067337
759639.5815982702
759668.0506421963
759911.8941923457
759913.1154730705
760256.6144301224
760538.4772194164
760539.4564445022
776820.7568823112
785924.9535830806
785964.6727129639
785964.6727129639
785968.3035475516
785969.5138257475
785970.1189648454
785970.7241039433
785971.3292430413
785972.5395212373
785973.1446603352
785973.749799433
785974.3549385311
785974.960077629
785976.1703558249
785976.1703558249
785977.3806340208
785977.9857731187
785978.5909122167
785979.1960513146
785979.8011904126
785980.4063295105
785981.0114686084
785981.6166077064
785984.1471893888
785984.7798348094
785985.4124802299
785986.0451256505
785987.3104164916
785987.9430619122
785989.2083527533
785989.8409981739
785989.8409981739
785991.1062890152
785992.3715798563
785993.0042252769
785993.6368706974
785994.269516118
785995.5348069592
785996.1674523797
785996.8000978003
785998.0653886414
785998.698034062
785999.9633249032
785999.9633249032
786001.861261165
786001.861261165
786003.1265520061
786003.7591974267
786004.3918428472
786005.6571336885
786006.289779109
786007.5550699502
786008.8203607913
786009.4530062119
786010.0856516325
786010.718297053
786011.9835878942
786012.6162333149
786013.2488787354
786013.881524156
786015.7794604177
786016.4121058383
786017.6773966794
786018.3100421
786018.9426875206
786021.2587198863
786021.8198488681
786022.9421068315
786023.5032358132
786024.064364795
786024.6254937768
786025.1866227584
786026.3088807219
786026.8700097037
786027.9922676671
786028.5533966488
786029.1145256306
786029.6756546122
786030.236783594
786031.3590415575
786031.9201705392
786033.0424285027
786033.6035574845
786034.1646864661
786034.7258154479
786035.2869444296
786036.9703313748
786037.5314603565
786038.0925893383
786038.65371832
786039.7759762835
786040.3371052652
786040.8982342469
786042.0204922104
786042.5816211922
786043.1427501738
786043.7038791556
786044.2650081373
786045.3872661007
786045.9483950825
786047.070653046
786047.6317820277
786048.1929110094
786048.7540399912
786049.315168973
786049.8762979546
790010.5006914784
790066.9656705812
790066.9656705812
790242.4670115145
790345.7917618564
790345.7917618564
790606.4141688123
790743.4231618518
790744.6774501639
790992.267361456
791159.6653397413
791161.2992153057
791397.8480886925
791454.9457132161
791454.9457132161
791663.3556185485
791849.9695138257
791851.2788147831
792145.8605276629
792256.4084383285
792257.7672506667
792512.9764133283
792632.7994559861
792632.7994559861
792843.8939784075
793178.3708616355
793179.4656132763
793319.2197373146
793332.340253211
793429.9766960322
793431.0659464084
795595.0763682486
795596.1601173603
795657.9338167316
795659.0175658433
795982.035315062
796043.4899410906
796044.705720551
796285.7821346435
796295.4313526234
796484.9609180999
796484.9609180999
796892.0434905523
796998.591981907
796998.591981907
798558.9156396366
798682.1659700945
798683.1341926513
799032.7945659732
801526.3747430833
801526.3747430833
801790.2373948456
801794.940976016
801900.6147663108
801901.7920369195
802909.8877589224
805547.6560792794
806117.5650791953
806400.1925442584
806401.9254425843
806422.1040808685
806622.1410615912
807549.8303012706
807551.5246907449
807803.3285706645
808170.3344310393
808173.9762681561
809363.2011247029
812612.1379289267
812615.2186370618
813088.0853307253
813240.8499453694
813242.6488588697
814599.2606911728
814783.597062936
814794.2475110599
815444.2549224857
815584.9332589643
815584.9332589643
816496.2067252959
822376.5743931418
822584.0600860337
822585.8204906821
836083.635113349
836172.4585303983
836188.5497291391
836494.1724799243
836528.2803199902
836529.9857119935
836540.2180640133
836864.2590484341
837013.7339068911
837015.1587344036
841213.9548743496
841224.1597200468
841931.8203837132
841933.3442339872
842151.4198610932
842233.9168239366
842235.4296716815
842500.0459966839
842683.524171181
842685.152545481
842869.3568868955
843097.0652281878
843099.0731897402
843394.5186011507
843504.4668739829
843505.8751977017
843805.7931371725
843840.3850885169
844030.558301943
844033.5179822583
844052.7559043085
844306.573247045
844449.1055096693
844450.1012385486
875551.9953544877
875913.2083833158
875987.6845024794
876265.4213433783
876284.5437388733
876284.5437388733
876494.2959527503
876589.3412999794
876589.3412999794
876745.7917618564
876780.4112195234
876780.4112195234
877144.6774501639
877298.6248366812
877299.4830339474
877540.0588329679
877740.4643984138
877740.4643984138
877982.9656400187
878364.065740111
878364.065740111
878664.5613123573
878747.0197663491
878748.450095126
879015.8335561855
879063.8265879172
879064.8608256482
879433.4895590583
879507.8886605185
879508.9449033076
879736.7962774778
879814.7271907639
879814.7271907639
881431.3562909252
881773.2378762062
881773.2378762062
882553.8948188785
882721.5733616546
882723.2072372191
883161.5975060934
883294.6180823508
883295.9053782502
883456.1077025344
883917.3062141368
884086.4260882189
884086.4260882189
884480.3826435104
884602.8407918765
884602.8407918765
884954.1185369692
885820.5236898203
888499.9805927613
888499.9805927613
888674.0846125046
888789.0005272045
888789.0005272045
888998.1200956608
889016.7473773486
889049.3258658762
889050.4481238396
889533.2886100902
889565.806584708
889593.5329579229
889752.0794015847
889752.0794015847
890094.2965640019
890118.6231557393
890118.6231557393
890340.549668014
890513.8670069302
890513.8670069302
890766.1825044507
894206.5413091481
894208.1476783899
894438.9477303463
894568.513512481
894570.3344310393
895197.7811566408
895339.7137814317
895394.1432926597
895395.7441606369
895813.4276698325
895992.2187669526
896193.9721422077
896195.2484355778
896249.7769695673
896636.8899517875
896766.4557339222
896766.4557339222
898137.2718312334
898155.5910421076
898155.5910421076
898826.1071676892
899119.0825113272
899120.6503717173
899510.1123938905
899768.8203607912
900587.9201399767
900696.8121700196
901640.8786741953
902598.4122739324
902601.0638834343
908443.6598690393
909606.8032304648
910713.3495824387
917532.276988669
919543.1707149352
919898.656927391
919934.3931417569
919934.3931417569
919939.542325354
919941.2587198863
920105.8015418821
920107.2593769818
920369.3341177729
920375.7430909466
920870.1582377616
920872.0176651716
920996.4287624446
921066.9824800006
921373.6174634587
921451.6639033001
921453.5728420909
921824.7816685642
921858.6694580491
922050.4160331298
922051.9288808746
922338.4677450163
922339.9860940258
922693.2993069935
922722.0984267911
936611.6085850289
936616.6917534517
936690.6287486915
936690.6287486915
946411.6602357903
948231.1374628474
948252.0147617265
948296.0138754117
948296.0138754117
948312.7542233666
952259.31738476
952261.5178905707
952268.1194080028
952270.3199138136
952271.9702931716
952275.8211783404
952279.6720635091
952280.2221899617
952285.5914241398
952303.0194301606
952304.6037943444
952307.7725227118
952312.5256152629
952320.4474361815
952324.4083466408
961125.0232657646
961480.5644908656
961480.5644908656
961724.00094744
961788.3327348161
961788.3327348161
962043.0577861995
962120.5320945301
962121.6763575516
962467.9919620412
962568.191994132
962569.2097280695
962877.2145263946
963251.212493983
963349.7566454512
963351.352012164
963528.3717021066
963588.8856119011
963655.450912675
963752.3281809917
963752.3281809917
964273.8645619237
964320.6528167239
964321.9786214748
964363.0785687544
964384.2914447696
964409.2506819277
964410.7965372596
964444.8053545642
964714.7799112156
964714.7799112156
964976.0074572697
965083.5846850908
965263.2669870644
965263.2669870644
965442.1075955654
965448.3130219516
965459.689636993
965473.1347274964
965556.4513787545
965556.4513787545
965560.9624156664
965593.667433278
965593.667433278
965719.9764668129
966351.9067230037
966357.7490659312
966543.8568448719
966569.5587527411
970236.811711581
972169.3289221341
972178.4060086034
972330.3069247168
972330.3069247168
972363.5785725747
973408.1366758608
973462.2031036301
973508.2816953064
978437.4202125627
978582.3400239917
978583.858373001
978991.061973273
979283.421175284
979886.0351928116
979886.0351928116
980049.6813086898
980123.7558355427
980124.520511312
980368.4685854873
980510.9018253501
980510.9018253501
980538.2156037255
980963.0507568059
981774.9328769321
981774.9328769321
983379.0135927078
983515.4999656171
983523.9499079302
983530.9915265245
983536.6248213999
983545.074763713
983556.3413534639
983570.0174970775
985332.0780262685
985333.1947829674
985570.8219042015
985752.7487221021
985754.3715951375
985807.5688231115
986144.0976780079
986643.8710564721
986645.9615369922
986780.269409149
986968.5556888423
987141.4384278608
987141.4384278608
987851.5636580352
988027.1365154074
988034.9483110354
988239.8649133933
988335.8399743274
988337.9744649638
996146.8654253165
996356.925710007
996366.5804292514
996368.5113731003
996370.4423169493
996372.3732607982
996374.3042046471
996376.2351484959
996380.0970361937
996382.0279800426
996387.8208115894
996387.8208115894
996393.613643136
996395.5445869849
996399.4064746827
996401.3374185316
996407.1302500783
996431.1597735313
996439.0265818046
996442.1733051139
996443.7466667686
1001002.6555826374
1002153.6851595748
1004642.4132213723
1005934.7867877964
1005941.0747331505
1005943.1707149352
1005957.8425874282
1005957.8425874282
1026607.202072143
1026672.8321579474
1026672.8321579474
1027149.0601242369
1027161.6855263258
1027335.9875915922
1027337.2033710527
1028855.0187577839
1031976.5022654514
1032085.0312120356
1032198.2142284095
1032199.3859977537
1042116.9941701876
1042137.8769703313
1042226.2657874831
1042226.2657874831
1042721.2310607508
1042724.8618953384
1042725.588062256
1042725.588062256
1042728.1296464674
1042731.3973975963
1042735.0282321839
1042736.480566019
1042738.1144415835
1042738.6590667716
1042740.1114006067
1042741.200650983
1050642.5568655017
1051066.9904262715
1051875.2032029585
1051876.2374406895
1052023.3192490775
1052097.8338770927
1052097.8338770927
1052227.9442844153
1052302.6074465727
1052302.6074465727
1052466.473613032
1052506.9904262715
1052507.6340742211
1053957.6738819827
1054048.774822546
1054048.774822546
1054087.800793099
1054091.0025290535
1054092.0697743718
1054093.13701969
1054095.2715103263
1054095.2715103263
1054096.3387556446
1054097.4060009627
1054098.473246281
1054099.5404915991
1054176.4096608318
1054180.0900068001
1054183.7703527685
1054184.997134758
1054507.3822385562
1054577.0832601106
1054578.3650547452
1055307.6841968535
1055667.1368210332
1056227.3140840014
1056228.562871049
1056488.299574416
1056664.8461556095
1056755.0668938486
1056755.0668938486
1057261.0732050214
1058985.5876038175
1061333.6373291363
1061334.7815921577
1061948.6456956426
1062122.7607179151
1062122.7607179151
1062718.5476661648
1062728.3179119644
1062827.9183062217
1062829.0680705078
1063677.7206427313
1065741.0524224665
1065742.0426500812
1066679.8707202836
1066814.217101292
1066814.217101292
1068805.2017512359
1070625.4601578556
1070626.5274031737
1071104.5542829637
1071306.3076582188
1071307.4739262986
1071870.6713834917
1072021.1199657698
1072022.7483400698
1074467.3947692143
1074623.0200414122
1074629.6215588443
1082909.827856264
1083171.1709288734
1083184.2419333889
1083239.6946798188
1083239.6946798188
1083724.8511984353
1084037.8181373635
1084124.4630536602
1084125.9483950825
1084301.6147739515
1084521.5993398482
1084522.7821117216
1084760.7503113563
1084760.7503113563
1085517.38323184
1085576.0817243408
1085577.6550859953
1085875.9226461083
1087447.809961873
1087449.4823462893
1088563.0098029478
1088703.8036659816
1088705.6905997144
1088971.5337067063
1089310.0045079808
1089549.689102148
1089610.324039762
1089610.324039762
1089644.4043735052
1089676.8618342131
1089685.350285378
1089695.6486525722
1089714.528992428
1089723.1109650899
1089738.558515881
1089856.4506146898
1089858.0459814027
1090191.6426623065
1090325.8515117017
1090325.8515117017
1090388.4999121325
1090408.4584998358
1090417.3430420465
1090426.2275842573
1090706.5390169546
1100019.1016129402
1100129.19291865
1100129.19291865
1100615.3176598232
1100623.0469364834
1100624.5927918153
1100681.5253784028
1100703.3158871934
1100736.6425476966
1110680.090159613
1110719.7982869674
1110719.7982869674
1110920.5394295494
1117061.7440536679
1117297.9518486543
1121255.7540934756
1121336.9197503037
1121336.9197503037
1121847.5966350597
1128412.866235225
1128417.3332620207
1128424.991022242
1128427.5436089823
1128434.5632225184
1128435.8395158888
1128438.3921026292
1128444.135422795
1128446.0498628505
1134410.4878551946
1134766.012576502
1134767.013806646
1134919.3878315084
1135063.7520152202
1135063.7520152202
1135181.7981494358
1135287.5324536404
1135288.3466407903
1135422.5114800695
1135490.8316842273
1135491.5303448222
1135763.721911078
1135840.227996852
1135841.2457307896
1136071.5836765256
1136221.3611045317
1136221.3611045317
1136462.1074427525
1136557.9944834542
1136559.1277439466
1136815.398650662
1136959.8233482835
1136959.8233482835
1137119.327011973
1137128.6076452297
1137288.925496069
1137288.925496069
1137645.302913378
1138009.7946958642
1138009.7946958642
1138314.9003277838
1138355.3236195263
1138355.3236195263
1138362.0901748943
1138507.4610900145
1138587.5319952017
1138587.5319952017
1140435.5717876817
1140543.286547116
1140543.286547116
1140689.6751961736
1140809.954843787
1141171.1623713507
1141171.1623713507
1141957.5186240724
1142292.771185599
1142292.771185599
1142566.7561640905
1143243.4172021486
1143245.0235713904
1144490.691401982
1145827.8287578602
1145922.6870620954
1145922.6870620954
1146308.2816953063
1149181.5151399383
1149184.0017115045
1149195.191283552
1149846.39246938
1149913.8984863881
1149913.8984863881
1151513.710220891
1152218.8898142558
1152251.4022876092
1152252.486036721
1152870.5861138916
1152872.2034856624
1152936.7553236196
1152936.7553236196
1153104.5438916862
1153148.1359117965
1153149.8303012706
1153467.5063226337
1153476.5504015158
1153532.3222212885
1153532.3222212885
1153822.8770085345
1154488.618036507
1154495.3515842878
1154498.7183581782
1154507.6964218859
1154523.7051016588
1154533.3103095226
1155076.9452700585
1155078.2985811322
1155579.7168376897
1155786.05826756
1155787.7526570342
1156304.2333758662
1156486.0831760634
1158998.5106854422
1159003.560846278
1159358.1613551448
1159605.773271495
1159608.028789951
1160002.6454969856
1160013.0758945285
1160261.9586029844
1160264.1205999434
1160750.9715080343
1161011.9955073006
1161015.6703520045
1161206.2781653283
1162386.4754467867
1162419.9561426966
1162425.7874830952
1162429.649370793
1162433.5112584908
1162435.4422023396
1162439.3040900375
1162443.1659777353
1162447.0278654331
1162448.958809282
1162452.8206969798
1162454.7516408286
1162462.4754162242
1162468.2682477708
1162474.0610793177
1162477.9229670155
1162481.7848547131
1162485.646742411
1162489.5086301088
1162493.3705178066
1162495.3014616554
1166030.7771300208
1166167.3955332788
1166167.3955332788
1166736.9799585878
1175130.2207382394
1175153.22702649
1175184.1441331306
1175211.969529107
1175836.8691692327
1178728.4988424422
1178766.226514567
1178780.8983870598
1178814.434095615
1178906.3107144767
1178923.6947103813
1178923.6947103813
1179263.5243239938
1179603.942572911
1179743.339114755
1179744.895972616
1180012.51598805
1180547.574477189
1180645.9370869277
1180645.9370869277
1182668.4274788164
1182677.80163357
1182691.8628657004
1182712.1735343335
1182716.8606117102
1185348.1154348673
1185457.755636886
1185457.755636886
1191349.6649577091
1194298.7113287847
1194304.2951122795
1194306.5286256773
1194365.3921561136
1194366.426393845
1194372.631820231
1194392.2823371207
1194709.2872042116
1194753.748424117
1194753.748424117
1199903.0310439414
1199977.6777023051
1199978.5193957777
