463287.4957785435
464111.56319959654
464195.2484355779
464209.1116221854
464212.8084719474
481371.03248038265
481531.94446779083
481667.85320792487
481673.5965280908
481682.21150833974
481686.5189984642
481843.48107794224
481845.28549270704
481867.8406772668
481995.10693082924
482012.43591408856
482023.57597475534
482103.8449254655
541128.8979897463
542097.2690806012
542476.8233253616
543243.9746636206
543541.6315833709
543564.0767426401
544919.0106892626
545654.8928399514
546283.6873753619
547794.6096776412
547901.9888599393
555912.9082587734
555978.3127927323
556811.149229441
556896.8314244455
558823.7483477105
558937.3659639821
559144.4005531827
559150.7270073885
563823.0389902124
564204.6287028476
564249.684059322
564253.7439925427
564432.7331351859
564935.4606927008
564940.3898257168
565096.9118040327
565118.8288419074
568039.9783005677
568165.7152025917
568168.1797690997
568937.850686512
569345.065289313
569769.2127843275
569801.9453082618
569867.0142650845
569924.2824288083
570476.7139113226
571307.6634142987
571314.5289924281
571514.9510616676
571590.2358667166
571591.7597169905
571993.319019858
572028.0044926993
572319.0048823722
572362.8939707669
572371.0578473246
572389.7181365995
572389.7181365995
572424.0130196593
572467.3189740141
572488.4273260034
572717.1368974396
572718.7267628878
572732.9640354832
572734.8069590997
572992.0460883718
572994.1200650984
573107.9687344799
573107.9687344799
573150.609035827
573150.609035827
573183.9797064464
573185.8336325919
573208.0807463382
573209.9346724837
573224.6780614154
573242.9972722897
573244.829193377
573252.1568777268
573255.8207199016
573257.652640989
573270.4760886009
573676.3098740057
573814.4796338603
573824.6349681767
574298.656927391
574415.0636847775
574798.8153943719
574825.7220791724
574837.2087195043
574837.2087195043
574866.5634670191
574874.2212272404
575072.805874128
575072.805874128
575171.6085850289
575245.9856814309
575247.845108841
575268.2988103515
575538.4879163196
575538.4879163196
576291.0168934665
576525.9869039342
576572.8136675861
576643.9780255044
576918.7551860879
577036.0531483279
577143.4708394777
577189.0653198756
577417.3677977368
577417.3677977368
577445.4902619977
577447.0526211233
577937.171280343
578287.1177194202
578287.1177194202
578674.9898761451
579082.6445801083
579082.6445801083
579580.9326171501
579596.2976489735
579923.9529641883
579925.526325843
579927.0996874976
579930.2464108069
579930.2464108069
579931.8197724615
579933.3931341162
579934.9664957708
579936.5398574255
579938.1132190801
579939.6865807348
580667.5753940663
580817.6773966793
580832.0136920362
580867.8214228409
580881.8331435907
580935.6740195142
581227.1310141428
581227.1310141428
581261.585433874
581280.3777534975
581331.0554023182
581353.3905362969
581354.9859030097
581364.5581032863
581423.3886261355
581423.3886261355
581525.4700906945
581525.4700906945
581528.5287937714
581531.5874968483
581848.9774524561
582302.0340925588
582378.80423903
582390.9840386923
582399.1039051338
582399.1039051338
582401.8105272809
582405.8704605018
582408.5770826489
582411.2837047961
582413.9903269432
582419.4035712376
582419.4035712376
582419.4035712376
582423.4635044583
582424.8168155319
582428.8767487527
582431.5833708999
582496.0471886246
582537.0976245234
582537.0976245234
582542.1312815654
582579.04476654
582599.1793947081
582690.8744718404
582690.8744718404
582830.799135079
582851.4673859061
582857.8268476991
585139.146234308
585320.4073992008
585394.8505107772
585407.0743205557
585420.7779704918
585434.2560685824
585437.1442324589
585441.9578389198
585445.8087240886
585447.734166673
585453.5104944261
585456.3986583027
585459.2868221792
585461.2122647637
585464.1004286401
585465.0631499323
585465.0631499323
585467.9513138089
585471.8021989777
585493.7962545557
585504.6667532605
585731.8469731584
585731.8469731584
585824.7633310157
586751.9794619458
586753.2832616387
586814.5618472025
586853.197227974
586910.4433866396
586916.4067573866
586917.8976000734
586920.879285447
586922.3701281337
586923.8609708204
586925.3518135071
586926.8426561939
586929.8243415675
586931.3151842542
586932.8060269409
586935.7877123145
586937.2785550012
586938.769397688
586940.2602403747
586941.7510830614
586944.732768435
586946.2236111218
586949.2052964952
586950.6961391821
586962.6228806761
587171.8964845391
587418.5676846553
587436.2322450507
587529.2861345211
587529.2861345211
587541.2678886605
587907.1019796912
587917.4718633242
587979.9277194967
587979.9277194967
587986.1276446183
587986.1276446183
587987.0133482071
587988.7847553848
587988.7847553848
587989.6704589735
587990.5561625623
587991.617906616
587991.617906616
587993.7413947233
587994.803138777
587995.8648828306
587999.0501149917
587999.0501149917
588001.1736030991
588001.1736030991
588002.2353471527
588004.35883526
588062.2486418752
588066.6056433804
588104.0197434272
588113.9220195754
588284.9838400354
588284.9838400354
588295.8763437985
588295.8763437985
589579.8714843481
589611.9053476875
589628.4256450615
589643.6751503297
589647.4875266468
589653.8414871752
589664.0078240207
589669.0909924434
589674.7132847898
589703.9800120723
589705.5203661397
589705.5203661397
591229.436655231
591235.2900006876
591274.3159712406
591274.3159712406
591332.1617677397
591500.1153737421
591526.2188739218
591527.4291521177
591813.9515124657
591880.1207221939
591886.7882548003
591926.793450439
592146.4864493158
592146.4864493158
592148.5219171908
592149.5396511282
592290.7351064724
592294.993085216
592406.8172892518
592413.5948471489
592451.9386609006
592451.9386609006
592454.1501692403
592456.36167758
592500.1847508003
592500.1847508003
592615.7993260951
594094.2531651373
594249.7023968705
594249.7023968705
594341.6120233192
595185.340963791
595218.111996577
595997.6356787567
595998.9724860367
596580.8247312403
598643.5898807294
598677.9727840219
599141.9714392684
599141.9714392684
599149.6126956961
599151.2740775831
600397.6460700341
600510.9941243439
600883.2206847547
600884.6400110025
604006.448093277
604074.6582721445
604075.5659807915
604079.1968153791
604081.9199413199
604082.8276499668
604084.6430672606
604085.5507759076
604086.4584845544
604088.2739018482
604088.2739018482
604090.997027789
604091.904736436
604093.7201537298
604093.7201537298
604099.1664056113
604108.3590186355
604123.9716073625
604123.9716073625
604127.5199229823
604128.2295861063
604128.9392492302
604129.6489123541
604897.0973188976
604906.1193927216
605485.0394639324
605485.0394639324
606248.8680384172
606314.8502051514
606499.0325415079
606614.1354992015
606882.0085728038
606882.0085728038
606883.064815593
606909.7129409607
606910.3070775296
606924.566355183
608431.2306787184
608434.3333919116
608581.5692357064
608581.9543242232
609412.2491767205
609415.7699860177
609888.779712559
609890.8921981372
609898.8140190558
609898.8140190558
609899.3421404504
609899.6062011477
609899.6062011477
609899.870261845
609900.1343225422
609900.3983832395
609900.3983832395
609901.6086614354
609911.3073907961
609911.3073907961
616843.0162210896
617335.2913760038
617451.015976589
617465.6713452884
617475.441591088
617476.6628718129
617513.3012935612
617722.6354113341
617913.3202423613
617914.5745306733
617950.9488917245
618317.1845750655
618318.81845063
618361.2992153057
618759.1011545015
618761.7527640035
618799.9755499355
619219.4469701021
619255.6012805721
619283.0745956189
619450.9731889762
619453.6908136524
619495.8139961339
619757.1460662138
619758.5433874036
619803.2576654772
619994.795192506
620003.81726633
620028.160361861
620030.5809182527
620062.0481513459
620063.2584295418
620063.2584295418
620366.3285935865
620367.4233452273
620426.0998326698
620734.8748080288
620735.8210255274
620884.267147518
620945.4852191719
621154.2307016405
621154.9623698225
621194.3074137181
621363.9444066657
621406.5847080128
621412.7736306053
621413.4612886712
621434.899716532
621436.5941060063
621438.2884954805
621439.9828849548
621444.2188586404
621446.7604428518
621447.6076375889
621449.3020270631
621450.9964165373
621452.6908060117
621455.232390223
621456.9267796972
621459.4683639086
621466.2459218056
621471.5821483966
621473.7826542073
621475.4330335653
621475.983160018
621477.0834129234
621478.1836658288
621478.7337922814
621486.4355626189
621488.085941977
621489.736321335
621493.037080051
621500.1887239359
621501.2889768411
621504.2596596857
621510.4210759556
621511.9614300232
621514.2719611244
621525.054439597
622104.8767181901
622181.3167887896
622257.8778872088
622359.81631889
622411.3796712995
622791.6600829774
622793.9376064915
622826.50509249
623188.3617692678
623307.6841968535
623309.224550921
623315.3859671911
623324.6280915961
623336.950924136
623338.4912782034
623349.273756676
623372.3790676885
623373.9194217559
623386.242254296
623387.7826083634
623393.9440246334
623397.0412365621
623398.5980944231
623403.2686680063
623407.9392415896
623411.0529573117
623415.723530895
623418.8372466171
623421.9509623393
623423.5078202004
623425.0646780614
623428.1783937836
623428.1783937836
623432.8489673669
623434.4058252278
623435.962683089
623437.5195409501
623845.5318271075
624019.9549201934
624021.2422160927
625734.9301262998
625922.919337709
626164.545878254
626166.0587259989
626234.8960490224
626235.946790547
626260.1138456131
626546.6362059612
626632.5054439597
626675.1072364551
626676.4385424706
627029.6857402639
627396.4880538513
627397.6488206664
627438.3196693128
627547.1841930333
627620.4005226202
628048.101834519
628355.666531682
628357.0198427556
628397.6191749632
630193.6445113425
630196.6702068322
630456.7314848066
630728.3179119645
630728.3179119645
630817.5704276469
631163.5779613231
631165.3493685008
631216.7201766517
631368.390039655
631392.5405909276
631398.0638605125
631402.2063127011
631404.9679474935
631537.7134605246
631537.7134605246
631539.9909840387
631545.6847928239
631562.7662191795
631563.9049809366
631599.2561067856
631625.5741562817
631626.7184193033
632008.5501875778
632047.6311707761
632099.9151888386
632601.498483332
632602.8848019927
632682.5651173985
633577.6648660213
634392.2371045011
634393.3703649936
634423.7923578267
634584.924395816
634707.7621314344
634708.8348780171
634710.9803711826
634712.0531177652
634758.3022486418
634819.3002697148
634822.6890486632
635096.1459057603
635133.6535273038
635186.905767923
635189.568379954
635224.7874754545
635256.2547085476
635315.7068742884
635359.4089196891
635390.3645351813
635410.3946393233
635426.3868153027
635475.5241100559
635601.2390070218
635622.7929614377
635638.900663972
635649.6391323283
635668.4314519519
635675.1429946745
635702.6273122502
635761.4138249833
635770.4579038654
635777.9286210928
635785.3003155587
635805.9410600631
635807.4153989563
635828.0561434608
635929.2023930501
635930.7317445885
635979.329915418
636021.9097028553
636023.3290291033
636360.716081266
637484.5254013248
637713.9171295625
638119.2613024244
638246.037943444
638247.1491988783
639926.9218132779
640394.0781943628
640397.6760213634
640448.0455993705
641094.9117887515
641097.2828337625
641182.6404541599
641917.031762162
641919.694374193
642073.4877253035
644444.268675647
644591.7025649645
644746.1890754055
644747.2398169301
647896.2681560831
647957.4312150917
648026.5711076644
648026.5711076644
649743.5707791166
650408.0135086607
651696.3546481865
651857.019078691
652723.4187302776
652760.7503113563
652956.5843259805
653273.6662107748
653312.8352142054
653312.8352142054
653314.793664377
653316.7521145485
653318.7105647201
653320.6690148916
653322.6274650631
653547.761214557
653549.3345762116
653552.4812995209
653557.201384485
653558.7747461397
653561.921469449
653561.921469449
653563.4948311036
653566.6415544129
653566.6415544129
653568.2149160675
653571.3616393768
653572.9350010315
653585.5218942688
653588.6686175781
653590.2419792328
654851.2913454412
655899.5793060766
657582.73519816
657649.2729926114
657660.6331038593
658151.4009122931
658404.9046829514
658406.6815913935
658463.5426615423
658465.3195699845
658467.0964784266
658468.8733868687
658474.2041121952
658475.9810206373
658477.7579290795
658479.5348375216
658483.0886544059
658500.8577388275
658504.4115557118
658504.4115557118
658506.1884641539
658836.1928193216
659007.5021966855
659674.1399307757
659701.618747087
659703.4506681744
659705.2825892618
659707.1145103492
659708.9464314367
659710.778352524
659710.778352524
659712.6102736115
659714.442194699
659716.2741157863
659716.2741157863
659718.1060368738
659719.9379579611
659721.7698790486
659723.601800136
659725.4337212234
659727.2656423108
659727.2656423108
659729.0150444304
659730.7644465498
659887.1543945171
659888.5627182359
660032.9599095348
660046.3334835994
660082.9774066122
660084.0886620466
660088.5336837843
660445.4667288106
660469.804323077
660641.7958572422
660643.2922011935
662516.901871194
662536.5688918773
662580.4414764784
662598.5956494167
662716.9828620328
662716.9828620328
662786.766402555
662788.3892755904
665173.3194782968
665748.4106693969
665750.40762842
666368.0070905187
666856.9484791296
667165.3053583844
667167.1757883235
667302.0722957847
667534.2036537565
667759.772003148
667759.772003148
667804.4422711054
668033.4049007097
668034.8352294868
668064.872133803
668073.4541064647
668341.0631193698
668341.0631193698
668376.0511617601
668635.4137791395
668636.9596344716
668677.1518731042
668689.2161462114
668980.7226522207
668980.7226522207
669029.2988179922
669891.6660426807
669893.2944169806
669951.915891778
670126.4270050963
670161.3820398995
670229.0916036951
670229.0916036951
670291.0413435311
670323.1687283674
670325.1766899197
670343.2483438902
670386.9999006717
672134.4545725442
672225.8085712758
672462.6270066245
673574.350048518
673735.7956585854
673735.7956585854
673735.7956585854
673735.7956585854
673783.6676624975
674085.7310951337
674085.7310951337
676760.8419990984
676779.3152453793
676885.5996760366
676885.5996760366
678632.3061759336
680306.4619992512
680339.7336471091
680339.7336471091
680342.1982136171
682086.2916128638
682124.4153760343
682165.5593334301
682165.5593334301
682217.6673110278
682263.745902704
682283.7705055814
682404.3197151568
682643.8007625364
682645.3136102812
682677.0834129234
682680.1091084131
682683.1348039028
683859.2446458179
684010.6614506529
684021.7960100551
684027.7813858602
684029.7618410898
684031.7422963195
684033.7227515491
684034.7129791639
684036.6934343935
684038.6738896231
684039.664117238
684040.6543448528
684041.6445724677
684044.6152553121
684045.6054829269
684046.5957105417
684047.5859381566
684049.5663933862
684050.556621001
684051.5468486159
684052.5370762306
684053.5273038455
684055.5077590751
684122.2656041076
684123.1733127545
684185.3816120233
689267.0977009299
689310.2496198779
689378.3112646032
689379.0154264626
690199.4080028117
690345.9396847469
690355.9464849212
690452.8732646185
690452.8732646185
691243.4214809099
691248.8677327913
691264.6618632477
691400.6421198206
691400.6421198206
691852.3949602304
694493.0349406704
694851.3983144737
694856.0303792052
694898.8027109009
694899.1602930952
694907.3846835627
694908.8150123396
695237.0259552717
695237.6200918405
695237.8181373635
696083.3734976582
696097.5722614018
696109.7135522123
696109.9060964708
696110.0986407292
696110.8688177629
696112.0240833136
696121.7283139388
696133.9741287754
696133.9741287754
701957.1836581881
701971.6519838936
702063.6606331039
702063.6606331039
702074.7016710092
702075.9284529986
702077.1552349881
702077.1552349881
702079.608798967
702079.608798967
702082.062362946
702083.2891449354
702085.7427089143
702085.7427089143
702086.9694909039
702089.4230548828
702090.6498368722
702091.8766188617
702093.1034008513
702094.3301828407
702095.5569648301
702096.7837468196
702098.010528809
702099.2373107986
703644.6855492478
704119.4446779087
704124.2307780469
704179.2379220501
704568.1938278868
704570.4603488719
704617.1770872332
704995.7686107014
704997.8480886925
705030.079997555
705377.3033106916
705379.2672621276
705426.4020965929
705751.8899135843
705753.3972600646
705825.155754552
706199.0657019078
706201.8603442875
706242.1075955654
706502.6474835535
706503.6102048458
706545.0072204097
706871.3972447834
706873.3666974839
706894.1174672788
707119.7353280511
707120.6815455497
708148.6038249069
708573.9560968528
708575.1828788422
708625.2388847714
709257.9338167316
710207.848165099
710210.7198251821
710886.6161874708
711278.1961964868
711279.2249329534
714275.538168843
716161.9657851908
716163.1320532706
716198.1200956608
716642.0556391781
716643.568486923
716706.5634670191
717021.5493700288
717023.243759503
717082.7234315665
717979.8476455351
717980.9864072922
718018.7085781522
718264.5710923831
719162.2454328043
719171.223496512
719285.0006494548
719286.5355022578
719295.7446190756
719295.7446190756
719303.3858755033
719327.6794596536
719607.0996874976
719608.6620466232
719650.6697025497
720030.4605016847
720031.6542760871
720071.0488313633
720087.6901565568
720568.7097242491
720569.8869948578
720604.0278425111
722020.1083443486
722021.4506528932
722068.4314519519
722489.7402944705
722490.8625524339
722523.7051016588
722626.6612672774
722628.0090770865
722800.5562389689
723652.1849953011
723654.9246250354
723688.9939562497
724441.6494624806
724448.1519571512
724507.4610900144
724508.3687986613
724644.9266880095
724677.1530956074
724678.2643510418
724712.8563023861
725200.0152812904
725201.6931669711
725234.6182351639
725521.4211600027
725526.2402677282
725561.8884618616
725573.4411173679
725578.0621795704
725580.3727106716
725581.5279762223
725600.0122250322
725601.1674905829
725671.3196158283
725809.824952819
725811.5248435579
725816.6245157742
726020.5618930463
726024.7208490286
726028.8798050107
726034.8541782867
726039.442232902
726044.0302875175
726050.1476936712
726089.9108336708
726091.4401852092
726127.6109994728
726292.4288846949
726674.4641997571
726676.2246044056
726760.944078118
727605.7732714951
728776.3598438252
728778.3127927323
728843.5302836972
729054.4982770345
729331.9930622942
729569.2846063921
729571.9802260103
729635.6298565852
729650.3182328716
730429.6493707928
730481.7848547131
730481.7848547131
730581.6823172548
730884.6919673897
730884.6919673897
730900.8656850985
746539.8494792901
746607.9331290735
746609.2424300308
752204.325522047
752630.1454014777
752661.6071333064
754462.0114762491
754463.441805026
756781.3996133833
757837.0592684846
757849.8222021867
757852.3747889271
757853.6510822973
757856.2036690378
757857.479962408
757860.0325491484
757861.3088425186
757862.5851358889
757863.8614292591
757866.4140159995
757867.6903093697
757879.1769497016
758024.2122876856
758379.4509432376
758380.4796797042
758424.9794084613
758671.9531781264
758675.363962133
758678.0925893382
758680.8212165434
758683.5498437488
758686.9606277554
758690.0193308323
758709.0317010368
758709.8238831287
758732.0049817007
759115.1570534616
759116.2958152186
759158.7600761008
759611.9542478167
759613.2580475096
759643.2949518258
759674.2395647889
760225.3617463459
760226.720558684
760259.3320547987
760736.6162638774
760737.4139472337
763762.1632194623
763786.1927429152
763786.1927429152
764925.1140366293
764953.610586878
765180.6752802207
765181.6435027773
765263.7333720459
765268.1563887255
765272.579405405
766194.8884083772
766195.5925702367
766267.5876190985
766272.2416888882
766276.1200803795
766317.6546275568
766325.8185041145
766357.3077422659
766577.5453663308
766594.8083344157
766660.7574935628
766661.7532224421
766755.7533294111
773049.7720795544
775719.5797645154
775787.4653687758
775822.7834870376
776385.9534379083
776385.9534379083
776402.7598010376
776406.638192529
776407.9309896928
776410.5165840203
776413.1021783479
776415.6877726755
776416.9805698394
776418.2733670031
776420.8589613307
776422.1517584944
776423.4445556583
776815.7067214756
777335.3121585586
777339.4711145409
777375.5759136301
777376.5936475676
780411.6137806677
780477.5189296985
780477.5189296985
781115.9736856179
781161.5846698096
781161.5846698096
785394.6976978736
785409.0890058756
785431.4241398544
785450.0954316583
785450.0954316583
785451.4982541127
785451.7788186035
785452.0593830943
785452.3399475852
785452.6205120761
785453.1816410578
785453.4622055487
785454.0233345304
785454.3038990212
785454.5844635122
785454.865028003
785455.1455924938
785455.7177240046
785456.2898555154
785456.8619870262
785457.434118537
785458.0062500477
785459.1505130694
785459.7226445801
785460.2947760909
785460.8669076017
785462.0111706232
785462.5833021341
785463.1554336448
785463.7275651556
785464.2996966664
785465.443959688
785466.0160911988
785466.5882227095
785467.1603542203
785467.7324857311
785468.3046172418
785469.4488802635
785470.0210117742
785470.593143285
785471.7374063066
785471.7374063066
785472.8816693282
785473.4538008389
785474.0259323497
785474.5980638606
785475.7423268821
785476.8865899036
785477.4587214144
785478.0308529253
785478.602984436
785479.1751159468
785479.7472474576
785480.8915104792
785481.46364199
785482.6079050115
785483.1800365223
785483.752168033
785483.752168033
785484.3242995439
785484.8964310546
785486.0406940762
785486.6128255869
785486.6128255869
785487.1849570978
785488.3292201193
785488.3292201193
785489.4734831409
785490.0566171808
785490.3481842007
785492.0975863202
785492.68072036
785493.5554214198
785493.8469884397
785494.1385554597
785494.4301224796
785495.0132565195
785495.5963905592
785495.8879575791
785496.1795245991
785496.471091619
785496.7626586389
785497.0542256589
785497.3457926788
785497.6373596987
785497.9289267185
785498.5120607584
785498.5120607584
790012.2390910689
790216.8201162906
790216.8201162906
790244.9095729643
790569.7262356833
790571.0850480214
790613.2082305029
790953.4614414842
790954.5947019766
790996.9379350392
791372.3497276109
791372.3497276109
791403.0467836703
791445.6760824884
791446.7158214839
791464.9030020095
791467.8901886476
791467.8901886476
791473.8645619237
791474.860290803
791476.8517485617
791477.8474774411
791479.8389351998
791481.8303929585
791630.892656576
791632.4385119079
791666.4473292126
792033.6677389039
792053.0596963607
792054.3524935246
792151.8899135843
792297.172808472
792473.1362556254
792473.1362556254
792515.3199520167
792639.0048823723
792813.9670993818
792815.0948586098
792847.5248129952
793301.8412426745
793301.8412426745
793335.9050726243
793567.4863041436
793568.4600279648
795371.9560815715
795404.0009474399
795413.3806034582
795418.4417668227
795419.4539994957
795421.4784648415
795422.4906975145
795425.5273955333
795426.5396282062
795427.5518608791
795428.5640935521
795430.5885588978
795432.6130242437
795432.6130242437
795433.6252569166
795433.6252569166
795435.6497222625
795437.6741876083
795438.6864202813
795439.6986529542
795441.7231183001
795442.735350973
795443.7475836459
795446.7842816646
795447.7965143376
795491.3225192735
795515.6161034238
795516.6283360966
795518.6528014425
795520.6772667884
795598.3276155839
795950.9531704858
795950.9531704858
795983.3006059031
796232.8489673669
796232.8489673669
796300.3329793168
796832.8278791861
796832.8278791861
796895.9053782502
798518.503350423
798519.5210843603
798562.5134666371
798991.7771376615
798993.2899854063
799036.9975320717
799484.3603633891
799625.4072845911
801732.2870743205
801733.1012614705
801800.5852734204
802838.723401004
802839.9006716127
802914.1787452532
803663.5609990907
805551.0228531697
805553.2673690966
806634.0623018207
806796.0360332826
806797.1912988333
807756.7438626518
807758.3502318936
807809.7540476318
809309.9488840838
809312.3694404755
809365.6216810948
811767.803849357
813033.97489284
813035.7352974885
813093.1684991481
814532.9649523606
814547.3727641562
814547.3727641562
814605.7466820498
815397.296128485
815399.1335508369
815447.181595214
816412.3729551723
816412.3729551723
816503.83147793
822034.6928078607
823300.1376844262
823353.742005975
823361.9939027651
823488.9300804561
823490.2833915296
827773.6449697813
827792.5253096372
828482.79097487
828484.5183719314
835800.4575218331
836191.0252981761
836500.9940479374
836509.5210079539
836523.1641439804
836524.8695359837
836526.574927987
836529.9857119935
836531.6911039968
836535.1018880034
836536.8072800067
836538.51267201
836541.9234560167
836543.62884802
836545.3342400233
836548.7450240299
836550.4504160332
836557.2719840463
836560.6827680529
836562.3881600562
836564.0935520596
836565.7989440629
836567.5043360662
836768.7956051009
836770.6055211303
836871.8067833649
837370.776977208
837372.3393363336
841216.8705445488
841236.8566385746
841260.6110988013
842096.2311753605
842097.9035597766
842156.4370143416
842451.0132259567
842452.6801091083
842504.3864943956
842821.8699715004
842823.3608141871
842873.7468959879
843343.7419295685
843345.0072204097
843398.3309774678
843733.8365971623
843735.8500599791
843820.9271158857
843844.7090824349
844345.4506834558
844346.5014249803
845245.8371472887
845393.3370517807
845393.3370517807
846498.3430496871
846563.5880469747
846571.6198931838
846636.2322450507
846799.993887484
846806.8099542325
846847.7063547246
846847.7063547246
848162.7396297343
848168.9010460044
848264.892610732
848264.892610732
849985.638643327
850007.5886887889
850039.1219370564
857158.7924724363
857189.8526119546
857241.0583821698
857241.0583821698
864874.2554573308
864990.4641691945
865272.4424850434
865274.3569250987
872012.6247908373
872044.631147854
872044.631147854
872050.4844933106
872050.4844933106
872052.1568777267
872052.9930699348
872053.8292621429
872054.6654543509
872056.3378387671
872057.1740309751
872058.0102231832
872058.8464153913
872060.5187998074
872061.3549920155
872062.1911842235
872063.0273764316
872063.8635686397
872064.6997608477
872065.5359530558
872066.372145264
872067.2083374719
872068.04452968
872068.8807218882
872070.5531063043
872071.3892985124
872072.2254907204
872073.0616829285
872073.8978751365
872074.7340673446
872075.5702595527
872076.4064517607
872077.2426439688
872078.0788361769
872078.9150283849
872079.751220593
872080.5874128011
872082.2597972172
872083.0959894253
872083.9321816333
872084.7683738414
872085.6045660495
872086.4407582575
872087.2769504656
872088.1131426737
872088.9493348817
872089.7855270898
872090.621719298
872342.4586068047
872593.8553931494
872593.8553931494
872596.8260759938
872598.4764553519
875558.0027353509
876017.1162676975
876267.9959351767
876396.5934947548
876397.4626945499
876499.9897615354
876717.872844383
876717.872844383
876749.1420319532
877107.1258185041
877107.1258185041
877148.4403151002
877494.3103171631
877494.3103171631
877548.2282107901
877945.843106992
877945.843106992
877985.6172495206
878623.7969422139
878625.155754552
878667.2789370335
878980.9005264405
878980.9005264405
879018.6281985651
879404.8334721384
879404.8334721384
879440.4211523621
879714.7142016671
879715.3578496168
879738.5786871844
879985.9870567471
879985.9870567471
880134.0865990724
880138.1575348222
880161.108810428
880161.8129722874
880935.7308659144
880943.7847171815
880951.8165633905
880953.4229326324
880955.0293018742
880957.438855737
880959.8484095996
880961.4547788415
880963.0611480833
880963.8643327042
880965.4707019461
880966.273886567
880967.8802558087
880976.7152866387
880979.1248405015
880981.5343943642
880988.7630559524
880993.4171257421
880993.4171257421
881007.1097731492
881012.8750983733
881015.0370953323
881016.4784266383
881018.6404235973
881021.5230862094
881024.4057488214
881025.8470801275
881028.7297427395
881030.1710740455
881032.3330710045
881033.0537366575
881037.0531559684
881050.833823608
881058.1835130157
881063.6957800717
881064.6144912476
881070.1267583034
881071.0454694794
881074.7203141833
881082.070003591
881085.7448482949
881087.5822706469
881091.4606621383
881092.5829201018
881113.9058214076
881120.6393691883
881128.4951749326
881135.2287227134
881139.7177545673
881144.2067864211
881150.9403342019
881168.2033022868
881172.0321823974
881174.9038424804
881178.732722591
881183.5188227294
881187.34770284
881190.219362923
881190.219362923
881207.4493234209
881217.747690615
881224.3492080471
881236.231939425
881239.5326981411
881251.4154295189
881252.7357330053
881254.716188235
881256.8506788714
881262.1869054623
881268.5903773715
881273.9266039624
881288.8680384172
881297.4060009627
881300.6077369173
881302.7422275537
881305.9439635084
881311.2801900993
881332.2455092107
881338.3794191581
881345.7401110949
881356.7811490002
881366.595404916
881376.4096608317
881384.997134758
881392.3578266948
881428.2975878483
881434.4149940021
881435.9443455405
881444.7848776351
881451.331382422
881457.8778872088
881464.4243919958
881469.1004668435
881471.9061117521
881474.7117566608
881480.3230464781
881481.2582614477
881494.3512710213
881498.2791738934
881504.8256786803
881507.444280595
881516.6093872966
881519.2279892113
881529.7023968704
881545.4140083588
881587.1576035881
882478.7475454427
882479.9633249032
882564.677297351
883120.2004905294
883120.2004905294
883167.45085155
883827.1074809557
883827.1074809557
883923.0275292445
884414.7305526478
884416.6614964968
884488.106418906
885038.194362732
885039.3661320762
885823.1863018513
888641.8141947907
888642.8044224054
888676.4831638383
888971.2959298283
888972.462197908
889000.8047127499
889019.7840753674
889054.9371556934
889460.7489360401
889462.6578748309
890102.0368431911
890284.5027850152
890284.5027850152
890351.1781110797
890706.042680644
890706.042680644
891230.2031647553
891272.3208459723
893542.3736428304
894442.0944536556
895202.0391353846
895290.8625524339
895290.8625524339
895349.3189892955
895554.5491637314
895555.797950779
895597.0409309362
895936.4909572965
895936.4909572965
895998.7102590943
896055.4172938362
896056.7541011163
896239.9187035353
896587.7526570344
896589.4470465087
896647.056288633
897069.1793183016
897069.1793183016
898141.3427669832
898687.6073319631
898774.8133772416
898796.9944758136
898798.3807944743
898831.7954752098
898847.0889905943
898925.3774860749
898930.9612695696
899386.4439673286
899453.3393439743
899455.0997486229
899516.8899517875
899586.8825403617
899586.8825403617
899747.6294898341
899749.3953957472
900235.5091343913
900580.8785213823
900598.4825678681
901451.5636580352
901453.8356802849
901570.5009971042
901642.2044789463
903041.170546841
903043.1895109223
905848.3558095646
908227.0860871492
908454.4203424538
909420.1563276002
910740.9769328922
913033.1668182062
914907.9317537573
916587.8529022991
916724.2512549759
916789.2266903017
916813.5697858327
917059.6413481154
917196.3312678123
917280.9297137051
917380.640133253
918239.2334904759
918245.5929522688
918507.0790577556
919495.4802527525
919496.9875992328
919551.554642074
920332.992764309
920335.9414420954
920379.5884748508
920967.1345288396
921171.2534478412
921340.3403143362
921341.7871469067
921379.4047937408
921789.5185629475
921791.0314106924
921829.4027307666
921864.8308743191
922677.3236348077
922678.6549408232
922897.5832639309
922899.2886559342
936586.1927429152
946439.2655811857
946612.7754643603
946612.7754643603
947760.152201652
947825.5732394044
948155.7481337724
948156.9144018521
952259.8675112127
952260.967764118
952265.3687757395
952266.4690286448
952270.8700402662
952272.5204196243
952276.371304793
952280.7723164144
952282.4226957724
952287.1757883235
952294.3054271502
952295.8897913339
952296.6819734258
952303.0194301606
952305.3959764362
952309.3568868955
952313.3177973548
952314.1099794466
952316.4865257222
952321.2396182733
957660.1618288648
957664.9369264741
957665.1074656744
957665.7896224757
957665.960161676
957667.0494120524
957667.4124955111
957668.1386624286
957668.8648293462
957669.2279128049
957670.3171631813
957670.68024664
957672.1325804751
957674.6741646865
957675.0372481452
957675.7634150628
957676.4895819803
957677.2157488979
957677.5788323566
957678.3049992741
957679.0311661917
957679.7573331092
957797.0828016717
957797.4953965113
961129.3692647407
961680.3704184782
961680.3704184782
961730.0083283032
962020.7171509562
962020.7171509562
962045.2197831585
962437.129868046
962438.3071386548
962476.133833541
962854.587825396
962855.4130150749
962885.1858586939
963217.0276362136
963217.0276362136
963256.4717028706
963624.830874319
963626.1621803344
963667.7297350988
964045.2375094553
964045.2375094553
964084.3845078279
964158.6845865265
964159.8233482835
964449.4429205603
964810.3973899556
964873.0842992383
964873.0842992383
965041.4615026093
965042.8203149474
965086.3023097671
965549.690324651
965550.8125826145
966136.7962774778
966198.3884351194
966198.3884351194
966211.459439635
966583.6419899296
966604.9648912355
966704.0206603045
966704.9393714805
966708.6142161844
966709.5329273604
966710.4516385363
967205.9230281404
967232.3235966045
967246.1977857411
967441.6467118483
968042.725876573
968067.7291238472
968070.0616600066
968074.7267323253
968075.8930004049
968077.0592684847
968079.391804644
968080.5580727237
968081.7243408033
968082.890608883
968084.0568769628
968087.5556812017
968170.6742869368
968178.3650547452
968178.3650547452
968188.6194118231
968222.4906975145
968223.5029301874
968231.6007915708
968233.6252569166
968234.6374895895
968235.6497222625
968236.6619549354
968237.6741876083
968238.6864202813
968239.6986529542
968240.7108856271
973119.5623438443
973217.2813056335
973217.2813056335
976256.6694427677
976261.5545656675
976360.3792816265
976360.3792816265
978993.4165144905
979118.7463229395
979212.5538856501
979212.5538856501
979240.0106969032
979248.3671177194
979255.5297641333
980028.7710022235
980029.7667311027
980051.6727664483
980332.4353028369
980333.5080494197
980373.5517539101
980919.3487114052
980921.1696299636
980968.513512481
981158.4336677389
981159.8144851351
983383.6016473231
983516.908289336
983519.7249367737
983525.3582316492
983532.3998502434
983536.6248213999
983546.483087432
983549.2997348696
983559.1580009017
983564.488726228
983565.5944803979
985531.6253944483
985533.1932548383
985573.9576249818
986098.1841242674
986099.9500301805
986147.6294898341
986347.501432621
986349.3883663537
987578.2718388741
987739.4368844505
987783.4029905485
987785.675012798
987824.2993910406
987824.2993910406
987862.9237692831
988204.6458178927
988206.4832402448
988244.2549224857
988715.3722140298
988715.3722140298
988929.4704268829
991359.7310492898
1002157.415016924
1003331.6929377516
1004628.1044323382
1006274.7154241705
1007022.5023112952
1007030.886238434
1007157.3823149627
1007158.9281702946
1022067.6741112019
1027016.0010391277
1027054.872974274
1027054.872974274
1027072.322985353
1027085.0089013517
1027087.0113616395
1032026.574775174
1032796.795819039
1033336.0077628955
1033336.0077628955
1042722.6833945859
1042727.0403960911
1042729.9450637612
1042732.8497314313
1042733.5758983488
1042735.3913156427
1042736.6621077484
1042736.8436494778
1042738.840608501
1042739.2036919597
1042740.2929423361
1047615.8161355145
1047630.5375193881
1047641.5785572934
1047641.5785572934
1047646.4856852513
1047646.4856852513
1047650.1660312198
1047650.1660312198
1047653.8463771881
1047655.0731591776
1047661.2070691249
1047662.4338511145
1047667.3409790723
1047668.5677610618
1047671.0213250407
1047672.2481070302
1047674.7016710092
1047678.3820169775
1047683.2891449354
1048472.4730476241
1048473.6173106456
1048481.6271517967
1050646.715821484
1051069.6090281862
1051991.411914822
1051992.53967405
1052025.739805469
1052194.656132764
1052194.656132764
1052232.1032403975
1052445.7943596756
1052446.779086026
1052469.4277920828
1052657.5050237242
1052657.5050237242
1053961.5027620932
1054105.9439635084
1054111.2801900993
1054149.4204570635
1054149.4204570635
1054150.647239053
1054151.8740210424
1054153.1008030318
1054154.3275850213
1054154.3275850213
1054156.7811490002
1054156.7811490002
1054156.7811490002
1054159.234712979
1054159.234712979
1054160.4614949685
1054161.6882769582
1054164.141840937
1054167.8221869054
1054167.8221869054
1054472.394196166
1054472.394196166
1054510.8810427953
1055183.3006059031
1055183.3006059031
1055230.116367026
1055633.2710366063
1055633.2710366063
1055673.078186722
1056627.1074809558
1056627.1074809558
1056688.6996385974
1056870.9950412211
1056872.0237776877
1056924.2142742532
1057128.2066641708
1057128.2066641708
1057189.6282826122
1057324.1947142018
1057324.1947142018
1057367.4346533823
1057560.5345395366
1057622.9243805348
1057623.7550714782
1058988.1291880286
1061514.8599851772
1061514.8599851772
1061544.5228035054
1061690.0092451808
1061691.0434829118
1061722.0706148427
1061905.4387640492
1061905.4387640492
1061952.8541630057
1062459.8341979997
1062461.385554596
1062509.4776090893
1062681.0950572665
1062682.7234315665
1062739.716532064
1062995.9654337212
1062997.0986942137
1063033.308017329
1063292.5055967725
1063293.9799356658
1063332.3842633273
1063638.1610495192
1063639.3053125406
1066064.0646704207
1066221.4228409447
1066221.4228409447
1066265.3229318685
1067645.6122066947
1068574.093628466
1068575.303906662
1068626.5481857287
1068766.2527983864
1068767.8756714219
1068803.5788782006
1070882.105150559
1070883.1063807027
1070910.1395945875
1071062.315573927
1071063.745902704
1071654.7357482866
1071671.5586152095
1071830.6221777366
1071830.6221777366
1072325.361899159
1074425.1835665004
1074427.1365154074
1074472.6979882182
1075139.632790593
1075139.632790593
1075213.5972921555
1075363.9413504077
1075366.5929599095
1084043.0993513092
1084268.5411716166
1084269.6964371672
1084303.7932747041
1084476.9015655683
1084478.3043880225
1085039.8184582707
1085039.8184582707
1085524.9474705644
1085747.6441598728
1085782.2636175398
1085783.4573919422
1085795.3951359652
1085803.6800403427
1085805.1543792358
1085811.0517348086
1085821.3721070609
1085824.320784847
1085831.692479313
1085833.1668182062
1085837.5898348857
1085846.4358682449
1085850.8588849243
1085883.2943405742
1085883.2943405742
1085908.3415979645
1085918.5409423972
1085921.9407238748
1085925.3405053525
1085932.1400683075
1085937.2397405237
1085942.3394127402
1085947.4390849564
1085952.5387571726
1085955.9385386503
1085959.338320128
1085962.7381016053
1085966.137883083
1085981.4368997319
1085981.4368997319
1086012.9096340896
1086016.1993902766
1086031.003293118
1086037.582805492
1086042.5174397726
1086047.4520740532
1086054.0315864272
1086060.6110988013
1086063.9008549883
1086070.4803673623
1086083.6393921103
1086086.9291482973
1086095.511120959
1086122.9734334766
1086129.839011606
1086131.5554061385
1086136.7045897355
1086140.1373788002
1086147.0029569296
1086152.1521405268
1086160.7341131885
1086162.450507721
1086167.5996913179
1086171.0324803826
1086177.898058512
1086191.6567210937
1086196.8884236587
1086203.8640270785
1086205.6079279336
1086235.2542424684
1086247.4615484532
1086256.181052728
1086268.3883587131
1086275.363962133
1086280.595664698
1086284.083466408
1086287.571268118
1087842.7567447796
1088274.6500202476
1088276.5589590385
1088498.6945193652
1088500.2458759616
1088566.739660297
1088589.118804392
1088922.908029554
1088924.618922822
1090193.843168117
1090707.6722774473
1102717.1417874526
1103398.005791609
1103398.005791609
1111588.1288824028
1111604.8307215062
1111606.3490705155
1121664.7346021899
1121671.567172732
1121748.5463672553
1121749.5641011926
1122153.4944490714
1123983.0114838898
1124013.2739400517
1124015.6669901207
1124280.7784289306
1124280.7784289306
1125508.4076131387
1128410.5777091817
1128410.9903040214
1128413.50438191
1128420.5239954463
1128436.4776625738
1128439.6683959994
1128440.9446893695
1128444.7735694803
1128447.9643029058
1134413.6730873554
1135606.1546925022
1135676.0757646374
1135677.2145263946
1136593.8242193172
1136614.0633715112
1136820.3717937942
1137092.7834106311
1137092.7834106311
1137578.0774608608
1137578.0774608608
1141335.9527502502
1141870.2135560326
1141871.7704138937
1142119.1237708111
1142581.1089632409
1143303.9146081493
1143304.9433446159
1143368.3784258743
1143732.842702038
1143734.284033344
1149522.8355962378
1149813.2528518708
1149813.2528518708
1151910.08183131
1152188.5833479778
1152189.5735755926
1153481.0724409567
1153766.6925939226
1153766.6925939226
1154486.3735205801
1154507.6964218859
1154525.3059696362
1155268.7853666365
1155540.503824143
1155540.503824143
1156066.5017306062
1156278.8835489268
1156278.8835489268
1156465.4919429398
1159345.6184720239
1159551.8168690165
1159554.1879140276
1160756.8303547553
1161131.5709930547
1161133.705483691
1161267.7162875633
1161290.0734266
1161295.6627113593
1161298.4573537388
1161301.2519961186
1161306.8412808776
1161309.6359232573
1161312.4305656368
1161315.2252080166
1161320.8144927756
1161323.6091351553
1161331.993062294
1161334.7877046736
1161337.5823470533
1161345.966274192
1161357.1448437106
1165165.4667288105
1165183.884962446
1165185.419815249
1165186.954668052
1165188.489520855
1165190.024373658
1165193.094079264
1165194.628932067
1165197.698637673
1165199.233490476
1165202.3031960817
1165205.3729016876
1165206.9077544906
1165211.5123128996
1165214.58751977
1165216.1278738375
1165217.668227905
1165220.74893604
1165223.829644175
1165226.91035231
1165228.4507063776
1165231.5314145125
1165233.07176858
1165234.6121226475
1165236.152476715
1165239.23318485
1165240.7735389175
1165242.313892985
1165245.39460112
1165246.9349551876
1165250.0156633225
1165251.55601739
1165277.7420365375
1165279.282390605
1165280.8227446724
1165283.9034528073
1165285.443806875
1165286.9841609425
1165288.52451501
1165290.0648690774
1165291.6052231449
1165293.1455772123
1175143.951894498
1175159.410447818
1175210.4236737748
1175283.557484394
1175290.4010574652
1175292.1119507332
1175297.2446305365
1176884.8655628483
1177205.0666646292
1177601.1522092926
1177601.1522092926
1177610.366827375
1177621.4243690737
1177652.3744833015
1178793.474277768
1178841.9899296297
1179273.729169691
1179571.8977070425
1179573.1795016772
1179609.0697514499
1179973.468012439
1179973.468012439
1180016.2348428702
1181044.8062714415
1181044.8062714415
1182659.3283872888
1182659.3283872888
1182669.989837942
1182679.3639926957
1182693.4252248262
1182698.112302203
1182713.735893459
1185098.3195165
1185303.3791517355
1185303.3791517355
1185310.1457071034
1189244.8811497644
1189321.7558202613
1189331.8231343455
1191340.9619572277
1191350.908243492
1194609.0761695916
1194626.5041756125
1194675.3994147265
1194676.3676372834
1199132.3533951207
1199143.2954102645
1199144.9787972097
1199158.4458927712
1207851.6761283323
1208078.3997432743
1208534.9221800289
1208536.082946844
