458139.632484967
462255.44755079114
462269.0136691142
464494.42920560215
475418.9228218431
476041.6109536289
476048.0804407124
476425.7257466821
476449.04010574654
476494.17247992416
476528.2803199902
477701.64503090637
477927.9615522735
477954.99476615805
478295.2534784037
541082.0657248298
542091.261699738
542472.0647315459
542722.9609028186
543221.7055448162
543554.2569854598
545170.7375514788
545662.1545091268
545670.8685121372
548383.7180907556
549148.7679459654
549541.4372053576
552871.3196158283
563123.1021019415
563313.9519709045
563467.4702587887
563518.466980952
563561.9269707134
564607.2552510333
564679.9379579612
567647.4520740531
567658.9662207076
567692.0783318944
567791.6567210935
567954.6096776412
568024.827818061
568070.7248680078
568148.2596902482
568208.8451164817
568303.3128309353
569980.4503396266
571340.2749104134
571372.8864065281
571602.426668908
571603.9505191819
575005.7344570176
577297.5832639309
578623.0029263671
587857.94267988
606437.4458851306
609947.2471519496
609950.0307918001
631714.3865708021
631754.5237967893
654152.1521405268
654172.748874915
654193.4006219485
654193.4006219485
654203.8640270784
654217.8152339184
659077.3902612336
659160.6078897303
681990.3550607814
731940.6046806592
752580.2269271618
777419.3384729406
777425.7199397916
777438.8129493654
777438.8129493654
791407.2057396526
791408.2454786482
791419.6826075993
791419.6826075993
792058.0988546673
806025.8479970049
816969.1394341338
816984.8180380351
816986.3858984252
816987.9537588154
852807.1271938202
856636.9315168973
856648.0880813577
856759.7857563093
856760.6109459882
864294.6697331123
900881.7371770872
900953.8587550332
901358.9773760496
901358.9773760496
914463.2205319416
919332.9839011607
952289.5523345991
957505.2682248489
967815.2980997715
967835.1796697712
967835.1796697712
967839.1735878178
967840.1088027874
967869.1004668435
967869.1004668435
967877.5174015694
983563.3829720581
1001552.4849670307
1002002.8074786635
1005697.4237272595
1035703.6199848715
1207316.205044354
1207397.7337846407
1207475.6757004561
1207477.0675203814
