6482.343538688407
6486.744550309828
6486.744550309828
8245.196249971348
8248.79407697186
8249.39371480528
11395.77044445633
32059.427715676313
32067.44855935635
32070.122173916367
32110.226392316566
67473.99964853031
67528.04407124137
68943.89351996883
71788.92748263663
94762.85729567005
94767.69840845361
112461.26147051858
112478.50793481003
137924.2824288083
193138.6370617135
193154.28265802766
193171.66665393228
193183.83545106548
193214.73055264784
193255.28037347473
193261.0732050214
193331.40137073176
193331.40137073176
213872.94707325086
213879.41656033436
286286.35609990906
300819.17312937905
338748.50510777126
338752.2459676495
338783.1080616447
338783.1080616447
340010.0330839936
340015.8424193339
340829.0173366239
340849.7736076835
340849.7736076835
345382.7000511923
369872.36027170136
394338.5631002682
394350.9079378663
394354.0546611756
430022.2844000947
430062.19057297194
430063.47786887124
449483.12869138666
449519.2279892114
449519.2279892114
456698.0701258414
456706.4650555093
456707.66433117614
457023.57994789083
457023.57994789083
516560.15709166485
516562.33559241745
516614.9276812934
516614.9276812934
522066.68082732905
522071.4339198802
522071.4339198802
522074.8667089449
522086.2873341025
522089.14799165644
527440.9706675631
527443.9963630529
527444.2989326018
543864.5668136217
555671.0451638537
563071.2856913637
563081.8756255778
563124.8845116481
563139.1437893015
563140.9261990082
563142.7086087149
563148.055837835
563160.5327057816
563165.8799349017
563165.8799349017
563169.4447543151
563174.791983435
590147.1398772912
590153.8074098977
648447.6654008664
711143.6242636328
747094.1678955371
747100.1532713423
791486.8090373551
791506.723614942
791506.723614942
792027.2037530849
809036.0959359409
809042.8349849861
811559.7460249544
811568.1354533577
811569.8133390384
811571.491224719
811576.524881761
811588.2700815257
811593.3037385677
811593.3037385677
811596.659509929
822568.2164441965
822703.1679643029
822800.8429159758
822992.1273848363
823522.1687207267
823531.8234399713
827196.2102399927
828592.5136958564
845136.0319073342
845146.3302745284
855893.9197273818
855919.2145416759
855946.3302745284
855946.3302745284
872610.3041740844
872610.8543005371
872611.6794902162
872630.1637390262
872636.7652564583
872637.2053576205
872641.6063692418
873292.2684311464
873299.1230067468
873299.1230067468
959321.7307589452
960914.6164014089
964270.8773752856
964281.8303929585
964286.8090373551
964288.8004951138
966543.8568448719
966546.2994063218
966547.1135934718
1036498.3766685259
1036510.3584226652
1036617.3030050657
1036617.3030050657
1042721.5941442095
1045894.4154524407
1131989.0402585594
1131992.3135109528
1151932.609509547
1152262.2397787268
1152263.3235278386
1152333.8827466592
1152349.555849296
1154505.4519059588
1206928.9325254622
1207496.0138754116
1207533.4334767228
1207533.4334767228
