2287.7833724279676
2289.576784663697
8255.390093139466
8258.987920139976
8258.987920139976
8259.587557973397
8260.187195806815
8260.786833640233
8261.386471473652
8261.386471473652
8261.98610930707
8262.585747140489
8263.185384973907
8263.785022807326
8264.384660640744
8264.384660640744
32120.92085055662
32124.93127239664
32126.268079676647
32126.268079676647
32128.881180326865
32130.15747369708
32131.43376706729
32132.710060437505
32133.986353807715
32135.26264717793
63440.235943123036
63446.47987836093
63447.728665408504
63448.977452456085
63458.81921469448
63460.28805232313
63855.50989845582
63863.239175115945
63872.51430710809
63872.51430710809
64215.78221104991
64221.78959191315
64223.29143712896
64233.80435363963
64235.30619885544
94776.7754949228
94778.59091221663
94779.19605131458
94780.40632951047
169438.28727297735
169474.0674974595
169480.03086820652
169511.2890532477
169512.62586052768
238999.30714629544
239010.11713109055
239010.11713109055
239012.2791280496
239025.25110980374
239027.41310676275
241251.9594434554
241284.14184093702
241402.05594480396
241423.2688208192
241436.52686832874
241494.79626219635
241500.90266582108
241511.8941923456
241513.11547307053
242729.54408270234
242736.47567600608
242737.4659036209
242738.45613123573
242757.40248626593
243889.7772751931
319542.27584257215
319545.54359370103
319545.54359370103
319547.1774692655
319548.81134482997
319548.81134482997
319586.39048281236
319586.39048281236
319597.77810038277
319603.471909168
346470.19552411005
346472.2254907204
346473.57880179404
346474.9321128676
346475.6087684044
346476.2854239412
346476.962079478
346477.63873501477
346478.3153905516
346478.9920460884
420400.2756744779
453904.95709777734
453933.4756530841
453935.0600172678
453938.22874563525
453938.22874563525
453939.81310981896
453939.81310981896
453941.3974740027
453942.9818381864
453942.9818381864
453944.5662023701
453946.1505665538
453947.7349307375
453947.7349307375
453949.31929492124
453952.48802328866
453952.48802328866
453954.0723874724
453954.0723874724
453955.6567516561
453957.2411158398
453958.8254800235
453958.8254800235
453960.4098442072
490226.24744993466
490247.2017665172
490358.2062821385
490359.72463114787
490374.82010100933
490374.82010100933
490376.696032213
490382.32382582384
507536.03679734713
507559.4501791731
507560.6824624271
532019.1285080112
532021.6150795773
532024.1016511434
532026.5882227095
532053.8524897043
532053.8524897043
777191.0690026666
777203.6118857877
777275.403387862
777276.1955699539
827990.7028629497
827996.2811451799
828011.1565644603
830820.7128721949
918958.7548804621
932520.879285447
932535.7877123145
932537.2785550012
932556.659509929
932556.659509929
948056.8353975809
948070.9571436212
948138.2541125772
948139.420380657
948160.413206091
948161.5794741708
952259.8675112127
952262.6181434761
968248.8087470105
968253.8699103752
968253.8699103752
968254.8821430481
968255.894375721
968255.894375721
968256.906608394
968276.1390291796
968276.1390291796
979306.9005722842
979312.2367988753
979314.3712895117
979316.5057801481
979318.6402707845
979322.9092520572
979325.0437426936
979330.3799692846
979331.4472146027
979333.5817052391
979334.6489505573
979335.7161958755
979337.850686512
979338.9179318302
979339.9851771484
983557.7496771828
1017047.2696154463
1017075.348069591
1017084.2821231824
1017092.913607225
1017093.9643487496
1042728.4927299261
1107987.1111484654
1107992.2823371207
1108005.551387159
1108005.551387159
1109640.307153936
1109644.0920239305
1109912.0641202943
1109912.0641202943
1109926.2188739215
1109926.2188739215
1109928.6394303134
1109932.270264901
1109933.480543097
1128417.3332620207
1128417.9714087057
1142458.5737971715
1142462.4356848693
1142465.0102766678
1142466.2975725671
1142467.5848684665
1142470.159460265
1142471.446756164
1142488.1816028547
1142488.1816028547
1142493.3307864517
1157672.485883908
1157707.4739262986
1193499.7901878834
1193529.5190213863
1193530.696291995
1193531.8735626037
1193597.096554833
1193600.0672376775
1194963.0495343027
1195751.2047005247
1195763.989639285
1195764.9028491965
1206986.9543624262
1207007.7491423376
1207009.2344837596
1207123.077651877
