6477.491423375789
6480.957220027659
6481.303799692845
11376.284965502486
14276.155532973204
15197.050710962032
15198.178470190021
15202.689507101979
15202.689507101979
32072.79578847638
32079.479824876413
32080.81663215642
32083.490246716432
32084.82705399644
93539.1670168629
94873.36669748394
97631.72273626785
132517.69466453747
132551.34039838324
132626.33363641228
132626.33363641228
137909.01091848197
137920.4645512267
152228.82998800417
152248.13392522864
152248.13392522864
152829.0784617853
152837.95750273153
152852.75590430855
152852.75590430855
153258.06706958337
153263.0457139801
153264.04144285945
153272.0072738942
153272.0072738942
186065.1551433003
186591.60965471924
186592.64939371482
186594.72887170594
186595.7686107015
189338.66059490063
189342.3134345464
189343.22664445784
189344.13985436928
189345.05306428074
189345.60869199794
189346.16431971514
189347.27557514957
189347.83120286677
189348.94245830117
189349.49808601837
189400.3957854201
189401.08344348596
213851.3821163059
213863.24284262565
213864.3210904729
213866.4775861674
213867.55583401464
245218.5637115198
286068.25846774504
286076.5378708578
286078.9034146043
286083.6345020974
286087.18281771714
286088.3655895904
286089.54836146365
286091.91390521015
286093.0966770834
286095.4622208299
286104.924395816
286272.49291330157
286272.49291330157
286282.3951894498
312119.6781760252
312128.26014868694
312178.03559012525
312178.03559012525
327490.17825625197
327514.7469036286
327515.8636603275
327887.4685778467
327896.0175429213
327908.23035017075
327908.23035017075
328274.27899051795
328280.6989662207
328281.71119889367
328301.9558523522
328302.96808502515
340814.36196792463
340826.574775174
340826.574775174
345283.32520878065
372401.5446328288
372915.47276492027
372917.5467416469
372919.62071837345
372923.76867182663
372925.84264855325
372929.99060200644
372932.06457873306
392790.1551815035
392806.8570206068
392809.8937186256
392811.412067635
392814.93287693214
392816.6932815807
392820.21409087785
394380.80180930474
408574.1303035628
408585.29787055217
408586.89323726494
408591.6793374032
408607.63300453086
408607.63300453086
409083.7894543815
409092.60248015344
409113.1662069545
409114.6350445832
409618.05026016396
409627.52343767905
409627.52343767905
409639.60421457986
409639.60421457986
415338.6777099458
415383.1004209995
415383.1004209995
415385.30092681025
415421.60927268694
415422.70952559233
445240.8065465048
445659.9588933289
445661.1801740539
445663.62273550377
445664.8440162287
499290.18039563263
499300.97387663415
499300.97387663415
499302.173152301
499309.68237838004
499310.98617807287
499621.6755934871
499629.245333476
499636.8150734648
499637.7612909634
500054.87816991267
500066.89293163916
500068.39477685496
500077.4058481498
500078.90769336565
522076.4510731286
522089.8631560449
522092.3662314046
522092.3662314046
522097.0147999297
527447.3246280915
527453.073449522
527453.67858862
527456.0991450117
531781.792953797
531790.7105035948
531792.267361456
531793.8242193171
531795.3810771782
531796.9379350392
531798.4947929003
531837.4162394272
531837.4162394272
531846.7573865937
531848.3142444547
531851.427960177
531852.984818038
531854.5416758991
531856.0985337602
531881.2393126475
532863.0940028576
533293.0563344769
533293.0563344769
533296.5716425094
533297.7434118537
533298.9151811979
538302.4307948564
538317.3062141368
538318.4504771583
538319.5947401798
538319.5947401798
538320.7390032015
538321.883266223
538323.0275292445
538324.1717922662
538326.4603183093
538327.6045813309
538328.7488443524
538329.893107374
538331.0373703956
538332.1816334171
538333.3258964387
538334.4701594603
538335.6144224819
538336.7586855034
538336.7586855034
538337.902948525
538339.0472115466
538355.0668938485
538355.0668938485
538369.5242170248
547795.7869482499
555620.8736313694
555641.734426455
555646.6195493548
582567.2995667754
582585.7563092628
582585.7563092628
582589.1120806241
582605.8909374308
582605.8909374308
583105.7413335983
583120.7927933434
583134.1718686726
583135.8442530887
583653.1776679222
583667.8935505314
583667.8935505314
583686.916923265
583688.3802596291
648363.0559524447
648385.4460990686
648387.8391491377
648435.7001505208
648466.8098014196
648478.7750517654
667081.6036186095
667090.0205533355
667091.4233757898
667091.4233757898
667101.2431329701
667102.6459554244
667637.952001467
667648.1623484286
667656.2161996958
667657.5585082404
668054.8598323643
668067.7327913569
668067.7327913569
668079.1754215726
668080.6057503496
698710.1612940197
708961.7017244935
709435.0415269065
709436.2518051025
709437.4620832982
709439.8826396901
709441.092917886
709442.3031960819
709445.9340306695
709447.1443088654
711169.5242170248
711193.6197556522
711193.6197556522
711203.2579711031
711204.8643403449
711208.0770788285
711209.6834480703
711212.896186554
732144.8556300094
732289.1207909596
732289.1207909596
747141.2587198863
747151.5570870804
760944.8666325384
760964.6711848348
760965.9089693533
761318.0724180349
761329.5700608959
761335.8415024565
761336.8867427165
761663.9369188334
761672.881974954
761672.881974954
761682.8392637474
761683.8349926268
786484.6522360349
786722.7524660182
786722.7524660182
786723.7757012201
786724.2873188212
788217.0884557492
788219.8170829546
788220.4992397558
788221.8635533585
788222.5457101598
788223.9100237625
788225.2743373651
788225.2743373651
788226.6386509677
788239.4180884634
788239.4180884634
791374.627251125
791391.6096547192
791392.6493937147
791478.8432063204
791482.8261218378
792018.1541729383
792020.739767266
792041.4245218866
792060.5964287624
792078.0794474286
792078.0794474286
794081.0018413955
794084.088050795
808971.7311409776
809003.7485005234
809006.4441201416
809007.7919299506
809010.4875495686
809011.8353593778
809014.5309789958
834274.2031953179
834335.7403403143
834335.7403403143
834338.8320509783
834349.6530383026
834351.1988936346
834352.7447489665
834438.5479717908
834438.5479717908
839364.7213074672
839386.6053377547
839386.6053377547
840036.6842656194
840049.139128508
840063.1508492577
840063.1508492577
840574.1303035629
840586.893237265
840586.893237265
840604.4422711054
840604.4422711054
872623.1221204319
872627.0830308911
872627.0830308911
872690.3035628329
872812.4206327982
872812.888240283
872813.3558477678
872813.9059742205
872816.1064800312
872817.2067329366
872817.7568593893
873288.3515308033
873289.820368432
873299.6126192895
931016.927085323
931024.6288556606
931024.6288556606
931025.5915769527
931034.2560685824
931034.2560685824
931442.5324154372
931448.0776900802
931452.8527876893
931453.5349444906
931888.9655330497
931896.936865349
931898.075627106
931904.9081976482
931904.9081976482
952263.7183963815
952264.268522834
952264.8186492868
959291.6663483065
959298.8950098946
959300.099786826
959300.9029714469
959301.3045637574
959301.7061560678
959302.5093406887
959304.1157099305
959308.5332253455
965935.3509730361
966190.7636824853
966191.8529328617
966191.8529328617
1014751.6304372741
1014762.2973891916
1014763.8212394655
1014763.8212394655
1014783.6312930264
1014783.6312930264
1015428.4125031517
1015445.2463726037
1015445.2463726037
1015446.9297595489
1015448.613146494
1015480.2674225812
1015481.8957968812
1016426.3969009543
1016434.3187218729
1016435.6390253593
1016436.9593288457
1016447.5217567371
1016448.8420602236
1016455.4435776557
1016458.0841846286
1016459.404488115
1016460.7247916014
1016463.3653985743
1016467.3923242078
1016469.4057870246
1042728.8558133849
1042729.2188968436
1042729.5819803025
1045692.4695329274
1045696.0838637215
1045697.6902329633
1045698.0918252737
1045698.4934175842
1045698.8950098946
1045699.6981945155
1045700.099786826
1045700.5013791365
1045701.7061560678
1045702.1077483783
1045702.1077483783
1045702.9109329992
1045703.3125253096
1045715.7343806111
1045716.3340184445
1057496.0047066375
1058988.1291880286
1058989.3999801343
1058991.9415643457
1058993.2123564514
1085721.7992191259
1085730.9313182405
1085732.1250926428
1085734.5126414474
1085735.7064158497
1101654.34699226
1106950.4748660978
1106957.7915479185
1106958.8367881784
1106958.8367881784
1106966.978659678
1106968.1889378738
1107360.0990227615
1107365.3802367072
1107372.4218553016
1107373.3020576257
1107725.7460707983
1107732.3805958175
1107733.4863499873
1107757.8129417247
1107758.9186958945
1128418.609555391
1128419.2477020759
1128419.885848761
1131978.1917649126
1131981.9326247908
1131982.3067107785
1131983.054882754
1135193.570855523
1135199.4572085668
1135199.4572085668
1135200.6344791756
1135200.6344791756
1135201.8117497843
1135202.989020393
1135204.1662910017
1135204.1662910017
1135205.3435616104
1135205.3435616104
1135206.5208322192
1135206.5208322192
1135207.6981028279
1135208.8753734366
1135210.0526440453
1135210.0526440453
1135211.229914654
1135211.229914654
1135212.4071852628
1135213.5844558715
1139820.497406001
1139822.1917954753
1139823.0389902124
1139823.8861849494
1139824.7333796867
1139825.5805744238
1139826.4277691608
1139828.1221586352
1139828.1221586352
1139829.8165481093
1139830.6637428466
1139831.5109375836
1139837.4413007435
1139838.2884954805
1140040.327936491
1140341.962270494
1140343.0845284576
1140344.2067864211
1140346.451302348
1157715.6378028563
1194904.0649760466
1194911.7227362678
1194912.6799562955
1194912.6799562955
1194925.123816655
1194925.123816655
1195174.3641073052
1195180.305472994
1195182.2859282237
1195183.2761558385
1195183.2761558385
1195198.1295700609
1195198.1295700609
1195477.8688712476
1195483.5076673876
1195484.6354266154
1195489.8341215933
1195490.5767923042
1207467.3247809045
1207493.0596963607
1207493.0596963607
