70874.853872661
70984.34554053744
70987.99838018323
104058.3989792098
105262.87884228944
105267.13682103317
105274.56352814432
105280.50489383323
105281.99023525546
105284.96091809993
105287.93160094439
105290.90228378885
105292.38762521108
105295.35830805554
105298.32899089999
105298.32899089999
105301.29967374445
105304.27035658891
105307.24103943337
105308.7263808556
105311.69706370006
105313.1824051223
105316.15308796676
105319.1237708112
105322.09445365566
105663.72298076849
105706.59983649019
118005.24331634563
118252.78921752152
158029.0222266368
200910.9776205503
202410.8478823952
202443.70693541362
213387.11940036216
213808.75831875243
214061.43139846728
214091.00619656325
214355.31445075222
214356.398199864
244732.95608921215
245832.5323390307
284847.4453502854
376990.94155670505
377621.4304815898
447118.2671016741
487060.39624385885
532971.4854178287
532974.5001107893
532977.51480375
532979.0221502304
532985.0515361517
532986.5588826321
532989.5735755927
532991.0809220731
532994.0956150338
532995.602961514
532997.1103079944
532998.6176544747
533000.1250009551
533001.6323474355
533003.1396939157
533006.1543868764
533009.169079837
533012.1837727978
533013.6911192781
533015.1984657585
533016.7058122387
533019.7205051995
533106.9705605942
533106.9705605942
548981.2599423896
549248.2968237838
553410.5975748593
553413.6782829942
553413.6782829942
553416.7589911292
553418.2993451967
553419.8396992642
553424.4607614666
553426.0011155342
553429.0818236691
553430.6221777367
553432.1625318042
553433.7028858716
553435.2432399392
553436.7835940067
553439.8643021417
553439.8643021417
553441.4046562092
553442.9450102766
553444.4853643442
553446.0257184117
553447.5660724791
553449.1064265467
553450.6467806142
553453.7274887492
553455.2678428167
553456.8081968841
553458.3485509517
553461.4292590866
553464.5099672216
568242.5788705598
590200.0180319226
590263.1120347802
590266.3302745284
590289.479595657
669641.011927047
775520.6320341689
810747.8914111508
810750.7080585886
810750.7080585886
810753.5247060262
810753.5247060262
810756.3413534639
810757.7496771828
810759.1580009017
810760.5663246205
810761.9746483393
810764.488726228
810764.488726228
810766.7002345677
810767.8059887376
810767.8059887376
810770.0174970775
810770.0174970775
810772.2290054172
810772.2290054172
810773.3347595871
810774.4405137569
843923.2451348192
844014.8962018352
844014.8962018352
856017.225070485
856063.5347152714
883383.606537336
1038130.502830859
1038135.6245081335
1062782.7584257214
1131997.9248007701
1132004.0036980722
1132008.67977292
1132034.2606529696
1135123.8533301752
1135128.5844176684
1135130.9499614148
1135134.4982770346
1135135.6810489078
1135140.4121364008
1135140.4121364008
1135143.9604520206
1135145.1432238938
1135145.1432238938
1135146.3259957673
1135148.6915395136
1135149.8743113868
1135151.0570832603
