22282.446793859635
61515.13562161106
61521.64776494175
61523.27580077443
61531.415979937796
77191.34045844557
77194.91014607868
97578.98875504837
97987.41359707138
105506.57318826887
162592.1369251415
172311.53390620343
172313.82145796833
203119.44630383467
203629.53806340857
211893.47562205946
212624.6896989069
212629.72600238927
222756.80990555006
222759.57710526566
222760.96070512346
222762.34430498126
222763.72790483906
222766.49510455466
225189.4551755282
246195.49881657373
356745.28426251246
369168.1477377181
370033.47876078135
370034.484176678
370040.516672058
370050.57083102467
372523.2344208898
372540.4325671222
385552.8571657341
385589.13515400555
385592.7878576302
385595.22299337987
385598.87569700443
385601.3108327542
385603.7459685039
385607.3986721285
385609.8338078782
385611.0513757531
385613.48651150276
385615.9216472525
385618.3567830022
385620.79191875196
385626.8797581263
385629.31489387597
385630.53246175084
385632.96759750054
385640.27300474973
385648.79597987374
385658.53652287263
385672.27566946053
407650.4688545907
442920.1264456537
457772.70657113846
478787.57296727726
686195.1503543872
686251.3475686116
686264.7408152351
695062.9416229755
701950.7922710574
703464.9255514381
917837.1433787381
957019.7136076406
