566593.2735268024
569501.6280998882
571057.3754519919
575584.9938346534
575677.5612771396
575682.4453846376
577869.3771558695
577968.295321703
577968.295321703
580010.2627238341
580011.7293396834
580014.6625713819
580059.3436227896
580059.3436227896
580062.1200465043
583995.4361702468
584012.1777285262
584100.9679434005
584100.9679434005
584107.2172027582
584117.2160177305
584118.4658696022
585437.8897539946
585453.6581803741
585597.2666216142
585597.2666216142
585603.0500690199
586505.2863122901
591183.126743512
591195.2516902658
591205.1721012462
591211.7857085664
591213.9902443399
591219.5015837734
592259.419848893
604270.8929663805
605322.5948902888
607534.9433909087
619036.4677208074
619039.2902645173
619039.2902645173
619040.2311124207
619041.1719603239
619043.9945040338
619097.8257625012
619097.8257625012
619101.0910581656
619103.2679219419
629940.046312162
629952.5171588801
629955.3212545919
629956.7233024478
629958.1253503037
629959.5273981596
630325.1990045768
630325.1990045768
630463.4898103635
630464.3384182763
630600.4569722863
630600.4569722863
631011.1924260719
631011.1924260719
631048.9647021898
631048.9647021898
632679.5371346031
632681.7508943756
632690.6059334654
632691.7128133517
632741.6884402153
632759.9611823373
632763.8767699349
632765.1819658007
632769.0975533983
632770.4027492641
632773.0131409959
632775.6235327276
632775.6235327276
632935.7521562699
632935.7521562699
632938.0673800319
642959.601062041
642962.7556697167
642965.9102773926
642969.0648850683
642970.6421889062
642975.3741004199
642976.9514042578
642980.1060119335
642983.2606196093
642986.4152272851
642989.5698349609
642991.1471387987
643625.785945572
659588.6173289478
659595.9965281893
659595.9965281893
659597.8413279997
659599.68612781
659601.5309276205
659603.3757274309
659605.2205272412
659608.9101268621
659610.7549266724
667849.5570879066
669867.9341124623
669869.3177123201
669870.7013121779
669873.4685118935
669876.2357116091
669877.6193114669
669879.0029113247
670225.456315717
670231.5210950937
677856.0095314657
680328.9175573057
680335.9739165804
680366.7820734141
680375.918444475
680383.7496196702
680395.4963824629
681987.7707708124
682638.4639479357
682639.5569918234
682639.5569918234
682640.650035711
682642.8361234864
682649.3943868123
682650.4874307
682650.4874307
682652.6735184753
682653.7665623629
682653.7665623629
685832.1352596972
685840.7366388132
685845.3301903411
685847.6269661051
685849.9237418689
685857.9624570428
685862.5560085706
685867.1495600985
685869.4463358625
685871.7431116264
685876.3366631543
685880.9302146822
685882.0786025642
686111.2626950091
686111.2626950091
686139.197576138
686156.2942583809
688774.0513533336
688783.7918963325
688784.6774002415
689632.9348010595
689641.9374241342
689653.1907029777
689657.692014515
690187.4631760663
693065.742900243
703564.161945239
706852.4345912775
706869.4989895237
707027.6075572737
707027.6075572737
707096.1234222318
707096.1234222318
714009.9534636437
715583.2633099423
715594.3044368075
741031.8985103882
741035.6065580071
741039.3146056259
741040.550621499
752314.8878547477
807926.525723107
807945.0844091997
837740.6859708739
837760.1947288689
837771.8999836658
837775.8017352648
837798.6818649133
837829.8820417066
837838.2020888515
838323.0154790235
838325.0585948135
838349.5759842936
853797.9618805428
853803.786835944
853811.5534431458
853815.4367467468
853819.3200503476
863512.6776820859
863548.1347344418
863695.4281633032
863695.4281633032
863976.4603544193
864006.6136073202
864007.715875207
864306.6749084806
864310.456748092
864348.8331961477
866497.3055033324
866506.4003663977
866532.347475731
866532.347475731
869621.8429421994
869624.3334219435
869624.4994539265
869624.6654859093
869625.1635818582
869625.329613841
869625.495645824
878648.6697904423
878652.5300340456
878656.3902776488
878656.3902776488
890369.863657764
890380.8217686377
890382.4129084742
890568.1611893835
890568.1611893835
890868.4577025197
890868.4577025197
891299.2553542432
891299.2553542432
909021.7859327609
909555.5049659064
909668.7572262667
909684.9776285995
909698.9658231618
909711.3997738839
914941.8223163128
914947.8824836899
914951.9225952746
914966.0629858214
914968.0830416137
924353.5666449945
924436.5457404662
925036.9220027608
925036.9220027608
946411.0493259755
956927.0262531667
963652.2301259652
973100.0587389384
973356.0431606289
973356.0431606289
973695.5324457369
973702.0353650686
973721.1290431062
973728.7665143212
984118.1163825269
984196.9723504223
984196.9723504223
987353.3233620195
987372.048080095
995387.0483523312
995389.1145281187
995391.1807039065
995391.1807039065
996167.3525521331
996500.3665899067
996513.9443165113
996641.2908474228
997076.7097226714
997078.3008625079
998285.0074784853
1023569.3632558155
1042103.0615349631
1062157.3037738327
1087770.103097406
