192407.2518568102
192437.0638217462
194809.03362596044
211389.80376582575
211396.2928491588
211397.21986106352
211398.14687296827
211399.07388487298
211400.0008967777
211401.85492058715
211401.85492058715
211403.70894439658
211403.70894439658
211405.56296820604
211406.48998011075
211407.41699201547
211408.45930390834
211409.50161580121
211410.5439276941
211411.58623958696
211414.71317526558
214494.65719071578
219763.02265324487
233311.3938807734
235514.7166983208
235522.6355015069
237154.69760976717
254374.21123598382
256234.18452481992
256266.18718953076
256267.94436135015
256273.21587680836
256274.97304862775
256278.48739226657
256280.24456408597
256287.27325136357
256289.03042318297
256290.7875950024
256290.7875950024
256294.30193864118
256296.05911046057
256301.33062591878
256304.8449695576
256306.602141377
256311.8736568352
256315.388000474
256320.6595159322
256341.74557776502
256343.50274958444
256345.25992140383
266459.6792738663
266461.2934737004
266464.68329335196
266464.8447133354
266465.81323323585
269606.8108984111
274978.0931303626
274989.34640920605
274992.72239285905
274994.9730486277
274997.22370439646
274999.4743601651
275000.59968804946
275006.22632747114
275007.35165535554
275009.6023111242
275011.8529668929
275014.1036226616
275018.60493419896
275020.8555899676
275024.23157362064
275026.48222938937
275028.73288515804
275030.9835409267
275035.48485246405
275043.36214765446
275054.6154264979
275057.9914101509
279021.0088108408
279051.26352773124
284870.2786736658
284881.5596245064
284889.34467970626
284947.91707368626
284965.7655118519
284981.6307902213
287360.3248897444
287893.2875549677
287898.61441442015
288590.9124392673
289065.4595184945
289098.6751390806
289105.06275842414
289153.3596174603
289153.3596174603
293225.6537349189
293234.3980860202
293235.49112990784
293236.58417379553
293237.6772176832
293240.227653421
293241.68504527124
293243.1424371214
293244.59982897167
293246.05722082185
293247.5146126721
293250.4293963725
293251.8867882227
293253.34418007295
293254.80157192313
293256.2589637734
293259.1737474738
293260.631139324
293265.00331487466
293281.034625227
293283.9494089274
293289.77897632826
293291.23636817845
293294.1511518789
293295.6085437291
293298.52332742955
293299.98071927973
293302.89550298016
293304.3528948304
293307.26767853077
293307.26767853077
293310.1824622312
293311.63985408144
293313.0972459316
293314.55463778187
293317.4694214823
293320.3842051827
293321.8415970329
293324.75638073334
293326.2137725836
293330.0509561892
293331.969547992
293335.80673159764
293337.72532340046
293339.6439152033
293343.4810988089
293345.3996906117
293347.3182824145
293349.23687421734
293353.07405782293
293354.99264962575
293356.9112414286
293360.74842503417
293362.667016837
293364.5856086398
293376.0971594567
293378.01575125946
293379.9343430623
293381.8529348651
293385.69011847075
293389.52730207634
293391.44589387916
295971.9887646567
299704.1479170737
299911.54031175835
299925.1549343591
299926.4001742311
299936.3620932072
299937.6073330792
299940.09781282325
299942.5882925673
299943.8335324393
299945.07877231133
299947.5692520554
299948.8144919274
299952.55021154345
299955.0406912875
299958.7764109035
299960.0216507755
299962.51213051955
299962.51213051955
299967.4930900076
299968.73832987965
299969.98356975167
299971.2288096237
299976.20976911177
299983.6812083439
299984.92644821585
299989.9074077039
299991.15264757595
299994.26113525644
299996.124383065
300001.71412649046
300003.57737429894
300005.4406221075
300007.30386991595
300014.75686115
300016.62010895845
300016.62010895845
300018.483356767
300018.483356767
300027.7995958095
300029.66284361796
300031.52609142644
300037.115834852
300040.84233046893
300044.56882608595
300048.29532170296
300050.15856951143
300055.7483129369
300057.61156074546
300059.47480855393
300066.92779978795
300072.51754321344
300074.3807910219
300081.83378225594
300083.6970300644
300085.56027787295
300087.4235256814
300093.0132691069
300094.87651691545
300098.60301253246
300100.46626034094
300105.9407037783
300107.68865159864
300118.1763385208
300119.9242863411
300121.67223416147
300128.66402544285
300130.4119732632
300132.15992108354
300133.9078689039
300135.65581672423
300144.395555826
300146.14350364637
300147.8914514667
300149.63939928706
300154.8832427481
300156.63119056844
300160.12708620913
300165.37092967017
300167.1188774905
300168.8668253109
300170.61477313127
300177.60656441265
300179.354512233
300181.10246005334
300182.8504078737
300188.0942513347
300191.5901469754
300193.33809479576
300193.33809479576
300198.58193825686
300200.3298860772
300207.3216773586
300210.11654907133
300211.16347296373
300212.2103968561
300215.3511685333
300216.3980924257
300217.4450163181
300218.4919402105
300221.6327118877
300224.7734835649
300225.8204074573
300227.9142552421
300231.05502691935
300232.10195081175
300233.14887470414
300234.19579859654
300238.38349416613
300240.47734195093
300241.5242658433
300242.5711897357
300243.6181136281
300266.65043926093
300268.74428704573
300270.8381348305
300273.1026265978
300274.3201944727
300276.75533022237
300277.97289809724
300280.40803384694
300281.6256017218
300284.06073747156
300285.2783053464
312042.1690489993
313062.45403213665
313271.1470106877
313385.8289909009
313409.7422084431
313441.7310371554
313443.0639050184
313448.39537647046
313452.3939800595
313819.23242235667
313819.23242235667
326413.6530559301
326419.43650333566
326421.36431913753
326422.3282270385
326423.2921349394
326425.2199507413
326425.2199507413
326427.14776654314
326428.11167444405
326429.075582345
326430.0394902459
326431.0033981469
326432.93121394876
326432.93121394876
326433.89512184967
326494.88881558087
326494.88881558087
326497.1117993524
326498.2232912382
326500.4462750097
326506.0037344385
326511.56119386735
326539.9987829446
326541.33165080764
326541.33165080764
326542.66451867064
326543.99738653365
326545.33025439666
326546.66312225966
326546.66312225966
326549.3288579857
326549.3288579857
326551.9945937117
326553.3274615747
326555.9931973007
326557.32606516377
326558.6589330268
326561.3246687528
326562.6575366158
326566.6561402048
326567.9890080678
326569.3218759308
326571.98761165683
326571.98761165683
326573.3204795199
326575.9862152459
326577.3190831089
326577.3190831089
326579.9848188349
326581.31768669793
326581.31768669793
326582.65055456094
326583.98342242395
326585.31629028695
326595.979233191
326595.979233191
326597.1506810706
326598.3221289502
326600.6650247094
326606.5222641074
326607.693711987
326608.86515986663
326611.2080556258
326612.3795035054
326612.3795035054
326615.8938471442
326615.8938471442
326618.2367429034
326619.408190783
326621.7510865422
326636.97990897705
326638.15135685663
326638.15135685663
326640.49425261584
326640.49425261584
326644.0085962546
326644.0085962546
326646.35149201384
326647.5229398935
326655.7230750507
326660.40886656905
326662.75176232826
326662.75176232826
326665.0946580875
326666.2661059671
326667.62203382776
326668.97796168836
326670.333889549
326671.6898174097
326674.4016731309
326675.7576009916
326677.11352885223
326678.4694567129
326679.8253845735
326681.18131243414
326683.89316815545
326685.24909601605
326686.6050238767
326687.96095173736
326690.6728074586
326698.8083746225
326700.16430248314
326700.16430248314
326701.52023034374
326702.8761582044
326704.23208606505
326706.9439417863
326708.29986964696
326709.6557975076
326711.01172536827
326712.36765322887
326713.7235810895
326716.43543681083
326719.1472925321
326732.7065711385
326732.7065711385
326732.7065711385
326735.4184268598
326735.4184268598
326736.77435472043
326738.1302825811
326740.84213830234
326743.55399402365
344903.6618635681
344910.02181091445
344911.8389387277
344912.7475026343
344914.56463044754
348369.2289953848
348374.3944348539
348374.3944348539
348375.13235477806
348375.87027470226
348376.6081946264
348377.34611455054
348377.34611455054
348378.08403447474
348378.8219543989
348379.559874323
348379.559874323
348380.29779424716
348380.29779424716
348381.7736340955
348381.7736340955
348382.51155401964
348382.51155401964
348383.987393868
348383.987393868
348384.7253137921
348384.7253137921
348386.20115364046
348386.9390735646
348389.1528333371
348389.8907532612
348390.6286731854
348390.6286731854
348392.1045130337
348392.1045130337
348392.8654929555
348392.8654929555
348394.38745279907
348395.14843272086
348395.14843272086
348395.90941264265
348397.43137248623
348397.43137248623
348398.192352408
348398.192352408
348398.9533323298
348399.7143122516
348402.75823193876
348403.51921186055
348404.28019178234
348404.28019178234
348405.80215162586
348405.80215162586
348406.56313154765
348406.56313154765
348408.0850913912
348408.846071313
348409.6070512348
348409.6070512348
348411.1290110784
348411.8899910002
348411.8899910002
348412.65097092197
348415.6948906091
348415.6948906091
348416.4558705309
348416.4558705309
348417.2168504527
348419.4997902181
348420.26077013987
348421.78272998345
348421.78272998345
348422.54370990524
348423.304689827
348424.0656697488
348424.0656697488
348424.8266496706
348425.5876295924
348426.3486095142
348427.87056935776
348427.87056935776
348427.87056935776
348428.63154927955
348429.39252920134
348430.15350912313
348430.9144890449
348430.9144890449
348431.6754689667
348433.958408732
348434.7193886538
348436.2413484974
348437.0023284192
348437.0023284192
348437.763308341
348438.4966162656
348439.22992419027
348439.22992419027
348440.6965400395
348440.6965400395
348441.42984796414
348441.42984796414
348442.8964638134
348443.629771738
348443.629771738
348444.36307966267
348444.36307966267
348446.56300343655
348446.56300343655
348447.2963113612
348447.2963113612
348448.7629272105
348450.2295430597
348450.96285098436
348450.96285098436
348451.696158909
348451.696158909
348453.16277475824
348453.16277475824
348453.8960826829
348453.8960826829
348456.09600645676
348456.09600645676
348456.8293143814
348456.8293143814
348457.56262230605
348459.0292381553
348459.0292381553
348459.76254607993
348461.2291619292
348461.9624698538
348462.69577777846
348463.4290857031
348464.8957015524
348591.8963324996
348592.6111924261
354398.23770373664
354407.3510148
372819.4031944502
372829.02382546145
372833.14695303765
372837.2700806139
372839.0410884319
372840.81209624984
372842.58310406783
372849.66713533975
372858.5221744297
372870.9192291555
372872.6902369735
372874.46124479146
372878.00326042745
372886.85829951736
372888.6293073353
372890.4003151533
372899.2553542432
372901.02636206115
372904.56837769714
372906.33938551514
372913.42341678706
372915.194424605
372916.965432423
372918.736440241
372924.0494636949
372939.98853405676
372941.7595418747
372943.5305496927
372943.5305496927
372954.4609885693
372956.6470763446
372958.8331641199
372961.01925189525
372969.76360299654
372974.13577854715
372976.3218663225
372978.50795409776
372987.25230519904
372989.4383929744
372993.81056852505
372998.18274407566
373015.6714462782
373017.8575340535
373026.6018851548
373028.7879729301
373033.16014848073
373052.83493845863
373055.02102623397
373057.20711400924
373059.3932017846
373072.5097284365
373074.6958162118
373076.6420800118
373078.58834381175
373086.3733990116
373101.94350941136
373105.8360370113
373107.78230081126
373117.5136198111
373119.45988361107
373121.40614741103
373123.352411211
373133.08373021084
373135.0299940108
373136.9762578108
373138.92252161074
373144.76131301065
373154.4926320105
373156.43889581045
373158.3851596104
373160.3314234104
373170.0627424102
373172.0090062102
373173.95527001016
373175.90153381013
373185.63285280997
373187.57911660994
373189.5253804099
373189.5253804099
373202.9555230296
373204.8695028329
373206.78348263615
373208.6974624394
373218.2673614559
373220.18134125916
373222.0953210624
373225.923280669
373233.57919988217
373237.4071594887
373239.32113929203
373241.2351190953
373248.89103830844
373250.8050181117
373252.718997915
373254.6329777183
373266.116856538
373269.9448161446
373271.85879594786
373271.85879594786
373281.42869496427
373283.3426747676
373287.17063437414
373289.0846141774
373298.6545131939
373300.56849299715
373302.4824728004
373306.31043240696
373313.6665716509
373315.1377994997
373318.0802551973
374322.05259601126
374331.64094302576
374332.70631491626
374336.3728545395
374337.23991045036
374347.644581381
374359.7833641334
374376.2574264402
374389.3001610997
374398.0629601991
374408.57831911836
380959.24106985575
386338.85257295123
388423.96523064806
388448.1136601661
388453.7956435821
388456.63663529017
388458.05713114416
388459.47762699815
388462.3186187062
388463.7391145602
388465.1596104142
388466.5801062682
388469.4210979762
388470.84159383015
388472.63104964624
388474.42050546233
388477.99941709446
388479.78887291055
388481.57832872664
388483.36778454273
388485.1572403588
388486.9466961749
388488.736151991
388490.5256078071
388492.31506362313
388495.8939752553
388499.4728868875
388528.10417994484
388538.84091484133
388542.4198264735
388545.99873810564
388547.78819392173
388549.5776497378
388553.15656137
388556.7354730022
388560.3143846343
388562.1038404504
388563.8932962665
388567.4722078987
388569.2616637148
388571.0511195308
388572.8405753469
388576.4194869791
388580.14137059654
388584.00622619933
388585.93865400075
388587.8710818021
388589.8035096035
388591.7359374049
388595.6007930077
388597.53322080907
388601.39807641186
388603.3305042132
388605.26293201465
388607.195359816
388609.1277876174
388612.9926432202
388622.6547822271
388643.9114880424
441692.1677358605
441945.50025782356
462330.77337467053
464624.68969890685
464634.07050594274
464663.77639488963
464665.33986272896
464896.4840549725
465316.32359582226
465323.1724151184
465330.0212344145
465347.8281645843
465349.19792844355
465574.9875892374
465586.9834000045
465600.3120786346
465600.3120786346
467287.95339318254
467294.90828846773
467308.8180790381
467310.5568028594
474991.7359374049
475216.8430222689
475216.8430222689
505621.984889296
505661.93402919016
507125.6996627475
507144.3690368287
507153.70372386934
507174.76211370504
507175.6983496088
507342.42674447276
507361.86632247485
507369.64215367567
507385.19381607726
507386.48978794407
507797.0499857476
507814.501791954
507821.4382392411
507823.9471669832
507835.2373418228
507835.2373418228
530462.9153602003
530467.0846077718
530476.4654148077
530489.5819414597
530490.4305493725
530608.3086452571
530899.8561952926
530905.6673146953
530922.132153003
530923.1006729035
531024.7168584596
531028.4756380734
531039.7519769145
531040.5037328372
532787.5014812846
532793.3402726845
532801.1253278843
532817.6685701841
532818.6417020841
537190.5866527453
537196.8405241024
537201.0097716739
537207.2636430312
537231.9562884934
537231.9562884934
537981.5999154466
537988.2504187631
537993.0007782748
537996.8010658843
538004.4016411031
538028.8083425947
538029.6338905098
543142.0860970634
543155.2948637059
543163.5503428574
543196.7659634436
543196.7659634436
543451.0485573089
543458.8197765101
543490.4580932586
543491.6387651372
544020.469078785
544023.554506468
544025.6114582565
544054.155123323
544054.155123323
544235.000848736
544235.000848736
544238.9487203303
544257.43822643
544257.43822643
544313.9398326229
544323.1269356787
544357.5785721377
544357.5785721377
544651.316821948
544653.6689417063
544658.3731812228
544685.4225584427
544685.4225584427
544946.7246155866
544952.8493509571
544957.442902485
544968.1611893835
545002.073221898
545002.073221898
546331.2468732885
546337.7728526178
546341.6884402153
546359.9611823373
546361.2663782032
546637.3037738326
546642.4000333088
546644.4385370993
546650.5540484708
546673.9968420614
546673.9968420614
548829.9774844745
548836.4573438085
548867.5606686118
548868.8566404786
549625.6350306986
549633.0372899378
549641.9200010248
549667.6088383846
549667.6088383846
550267.0719247732
550270.8353163863
550293.4156660655
550294.3565139689
577051.4205919373
577056.1940114467
577064.149710629
577114.1115014941
577114.1115014941
578257.9657879313
579203.0152228012
579207.6917903207
579213.9272136798
579248.222042155
579249.7808979948
579738.8465517297
579742.5269273515
579781.7842673167
579781.7842673167
597594.4886605664
597741.4131294659
607785.9191811138
607813.3421302955
607846.4101668968
607846.4101668968
614761.9650961313
614764.5939358611
614768.9753354109
614787.1327775447
614787.7369494826
615140.6379292122
616259.6796581995
616263.7474417815
616288.8920631972
616289.7729551067
616347.7826851446
616350.8727248269
616365.059235369
616365.059235369
618029.5667602945
618040.1743592042
618055.6061096182
618055.6061096182
619338.8857537255
619344.466273152
619346.6984809226
619350.0467925785
619382.7550932168
619382.7550932168
631594.324422139
631602.2109413283
631608.5201566799
631649.530056465
631649.530056465
654838.1056211947
654851.2636558423
654868.8077020391
654944.6059142489
654947.7328499275
654950.8597856062
659205.4431843294
660979.965345948
661050.5289386957
661096.3906619821
661296.0902414575
661296.0902414575
685743.1605648418
686308.2688667614
686337.246059783
686339.358355566
686391.2940822281
686392.5347101005
686406.1816166979
688898.2156045723
712506.054210211
712547.3039339716
712549.6652777288
712562.652668394
712578.0014028165
712582.7240903311
712587.4467778457
713062.5841930122
713063.6680129009
731731.9352142178
785272.757623411
785311.9642313814
785324.305942113
785324.305942113
811692.6937600287
811717.4694214823
811718.9268133325
811720.3842051827
811721.841597033
811723.2989888832
811724.7563807333
811726.2137725836
811730.0509561893
811730.0509561893
811733.8881397949
811733.8881397949
811735.8067315976
811737.7253234005
811739.6439152033
811741.5625070061
811743.4810988089
811745.3996906118
811747.3182824146
811749.2368742174
811753.074057823
811753.074057823
811781.8529348652
811868.1572819949
811868.1572819949
819842.4105384189
819990.1236592373
820001.4553420726
820016.9654964786
869719.4789721647
869720.867184022
869734.906110579
869735.159770553
880961.3569527494
880970.945299764
881051.410855494
881051.410855494
881058.6424707507
881066.9071739012
881078.2711407333
884787.2319355344
911210.8991797687
911231.3949056622
911235.1214012792
911238.8478968962
950068.5632660644
995574.6275970521
995590.3222314392
995593.1171031519
995594.5145390083
995595.9119748647
995598.7068465773
995600.1042824337
995601.5017182902
995601.5017182902
995602.8991541466
995604.296590003
995605.6940258592
995614.0786409975
995625.2581278485
995625.2581278485
995629.4504354176
995629.4504354176
995630.847871274
995632.2453071304
995632.2453071304
995633.6427429868
995636.4376146995
995636.4376146995
995643.4247939814
995643.4247939814
995644.8222298378
995646.2196656942
995647.6171015505
995649.0145374069
995650.4119732633
995651.8094091197
995653.206844976
995654.6042808323
995656.0017166887
995657.3991525451
995657.3991525451
995658.7965884015
995660.1940242578
995661.5914601142
995664.386331827
995665.7837676834
995667.1812035397
995668.5786393961
995669.9760752525
995677.3783344916
995678.9141303338
995680.449926176
995680.449926176
995681.9857220182
995683.5215178602
995685.0573137024
995688.1289053868
995688.1289053868
995689.6647012288
995691.200497071
995692.7362929132
995694.2720887554
995694.2720887554
995697.3436804396
995698.8794762818
995700.415272124
995701.9510679662
995701.9510679662
995703.4868638082
995705.0226596504
995709.630047177
995711.165843019
995712.7016388612
995714.2374347034
995715.7732305456
1035840.8562945786
1035853.6592052628
1035858.4602967693
1035860.0606606049
1035861.6610244403
1035864.8617521113
1035866.4621159469
1035868.0624797824
1035869.662843618
1035872.863571289
1035874.4639351245
1035877.6646627955
1035879.2650266311
1035882.4657543021
1035888.8672096442
1035890.4675734796
1035896.8690288217
1042109.5183342994
1056218.5057762093
1056227.3469793005
1056268.721227048
1056269.7681509405
1083080.0316434412
1083124.0162829205
1083124.0162829205
1083129.3846503687
1083133.410925955
1083134.7530178172
1083136.095109679
1083136.095109679
1083137.4372015411
1083138.7792934033
1083140.1213852654
1083140.1213852654
1083141.4634771273
1083142.8055689894
1083144.1476608515
1083145.4897527136
1083146.8318445757
1083148.1739364376
1083148.1739364376
1083150.8581201618
1083150.8581201618
1083152.200212024
1117135.9124232535
1117141.7696626515
1117226.5843339344
1117227.8295738064
1120082.9432243642
1120262.672845892
1120262.672845892
1120276.7302204473
1120278.4873922665
1127973.7930813602
1127977.0030330303
1140024.8878867754
1140875.211463381
1145158.8919671138
1145171.1414378549
1145213.4980415015
1145214.6141453867
1147904.1108929664
1147910.7152762876
1147920.6218512694
1147965.2014386877
1147966.8525345179
1152495.4302130807
1155153.0395959376
