16489.106649286263
16490.462577146904
16491.140541077224
16493.174432868185
18282.2243929936
66849.79857732625
66971.61070880666
66973.84291657724
66974.95902046254
66980.53953988898
66989.4683709713
66995.43629835793
67005.13994536061
67012.41768061262
67277.10494540866
67277.10494540866
67293.77732369512
67296.00030746665
67301.55776689545
67307.11522632427
67308.22671821003
67312.67268575309
67316.00716141038
67320.00576499941
77049.32776904131
292153.4330251194
389288.61367778137
389297.63936085376
417067.3786227417
417077.70950167987
417279.93645689543
417279.93645689543
417281.984184685
417286.07964026404
455776.9560162573
455825.5434312636
456379.5829343207
456379.5829343207
511914.0897226074
551747.8281645844
551760.1560393173
552036.2995109359
552038.9652466619
564630.9599684846
587949.4832318587
588530.4153041517
604247.4271127923
668647.5529178905
678088.70335555
680482.810757489
714892.5979329274
715018.7637919603
715129.4886765804
715130.7246924533
763530.3390780485
763633.3480874614
763635.5341752367
787637.7586963415
797596.550736799
835058.6329905293
835515.4976635738
835515.4976635738
835553.4636436717
835571.5426818136
835588.0259681195
835595.4697353545
835610.3572698244
835622.7635485493
835630.2073157842
835640.1323387641
836029.3943227567
836156.0490537394
836159.3143494038
874109.6597689516
915086.7959094126
915099.7740760788
915101.6280998882
915103.4821236976
915105.3361475071
915107.1901713165
915109.0441951259
915110.8982189355
915112.7522427449
1117216.6224149582
