25448.252404485167
25496.410903535543
25496.410903535543
166482.73209727474
166492.4357442774
166493.64870015276
166494.86165602808
166496.07461190343
166497.28756777875
166500.92643540478
166503.35234715542
166505.7782589061
166505.7782589061
166506.99121478145
166508.20417065677
166508.20417065677
166509.41712653212
166510.63008240744
166510.63008240744
166514.26895003344
166515.4819059088
166516.6948617841
166517.90781765946
166520.33372941014
166520.33372941014
166521.54668528546
166522.7596411608
166523.97259703613
166523.97259703613
166526.3985087868
166527.61146466213
166530.0373764128
166530.0373764128
166531.25033228815
166534.95837990704
166536.24051577528
166538.80478751173
166540.08692337995
166541.3690592482
166546.49760272107
166547.7797385893
166550.34401032576
166551.62614619397
166551.62614619397
166555.47255379864
166555.47255379864
166558.0368255351
166558.0368255351
166560.60109727154
166561.8832331398
166561.8832331398
166564.4475048762
166567.01177661266
166568.2939124809
166569.57604834912
166570.85818421736
185869.27671676877
349490.3968561536
349505.9392945563
349546.4972183878
349546.4972183878
349616.00005124445
349616.3828472051
