496216.7065839496
496237.81109378056
496237.81109378056
501127.900355188
507027.6946728203
507031.1260004676
507034.5573281149
507329.46702580474
507332.05896953837
507333.3549414052
556243.6698705117
556246.1419022577
556248.6139340036
563636.4376146995
566633.5547306624
577475.2633483758
577490.9210867665
577493.1579065366
577865.8443642326
577874.676343325
577876.4427391434
577901.1722806017
577901.1722806017
578344.7405590127
578361.3668173039
578363.7419970599
578363.7419970599
578439.7477492482
578439.7477492482
578642.3621124239
578726.2820557988
578726.2820557988
578943.7470574483
578953.5936764362
578955.0003362916
578956.406996147
578957.8136560025
578980.5738736633
578982.1650134998
579468.9246674717
579477.2816106128
579480.0672583265
579484.245729897
579484.245729897
579485.6385537538
579487.0313776108
579541.8311559785
579581.056211947
579581.056211947
585370.4946049214
585389.4683709713
647479.8125734638
665523.0154790235
665537.3172895536
665539.3604053436
665543.4466369236
665543.4466369236
665545.4897527136
665551.6191000836
665584.3089527239
665585.8678085636
666018.9299520544
666028.255415096
666029.8096589362
666032.9181466167
666034.4723904569
666037.5808781375
666039.1351219778
666040.689365818
666082.653949505
666084.2081933452
666595.0009768471
666602.8874960366
666606.0421037123
666607.6194075503
666610.774015226
666612.3513190639
666615.5059267397
666615.5059267397
666617.0832305776
666656.9770264773
666656.9770264773
667122.4569146363
667134.9508213522
667136.7356651688
667138.5205089854
667140.3053528019
667144.2808963933
667148.2564399848
667148.2564399848
667193.9751912858
667193.9751912858
680381.1392279385
682022.2777512659
682044.8857729422
682053.2150440862
682054.404939964
682062.568179125
682073.9967139503
688068.5630098422
688854.6322090516
703579.5475756576
703581.4707794599
703581.4707794599
703583.0942032931
703583.0942032931
703584.0765591922
703586.0412709902
703587.0236268892
703587.0236268892
703588.0059827883
703588.9883386872
741587.5891092756
741598.1874841863
741598.1874841863
741599.9538800048
741601.7202758233
741603.4866716417
741607.0194632786
741608.785859097
741610.5522549155
741610.5522549155
741664.0007174221
741665.8086212364
742194.3437669147
742204.4440458766
742206.464101669
742208.4841574614
742210.5042132537
742212.5242690461
742214.5443248386
742216.564380631
742220.6044922157
742220.6044922157
742226.6646595929
742268.2556713182
742268.2556713182
742898.3470465589
742909.8032533814
742909.8032533814
742911.7126211851
742913.621988989
742915.5313567927
742917.4407245964
742921.2594602039
742923.1688280076
742925.0781958115
742926.9875636152
742926.9875636152
742949.9460972555
742951.8785250569
743471.4202716595
743481.0362906712
743482.9594944735
743484.882698276
743486.8059020783
743488.7291058806
743490.6661456815
743492.6031854824
743494.5402252834
743496.4772650843
743500.3513446861
743502.288384487
743502.288384487
743510.0365436907
743535.2180611026
743535.2180611026
819707.6617482681
834864.5369904782
834872.6771696416
834872.6771696416
834874.3052054743
834877.5612771396
834877.5612771396
834879.1893129722
834882.4453846376
834884.0734204702
834885.701456303
834885.701456303
834888.9575279683
834890.585563801
834890.585563801
834895.469671299
834969.7320876664
834969.7320876664
835569.7347779995
835583.0634566295
835585.5447123746
835585.5447123746
835590.5072238646
835592.9884796095
835595.4697353545
835597.9509910995
835600.4322468444
835600.4322468444
835605.3947583344
835605.3947583344
835766.3996617866
835768.4520015757
836201.763193041
836211.5590800341
836213.1917278664
836214.8243756986
836216.415515535
836218.0066553715
836219.597795208
836221.1889350445
836222.7800748809
836224.3712147174
836225.9623545539
836227.5534943903
836227.5534943903
836232.3269138997
836303.9282065406
836305.5193463771
836799.9349195622
836813.5910501587
836815.5419259582
836819.4436775572
836821.3945533567
836821.3945533567
836823.5068491396
836825.6191449225
836827.7314407054
836829.8437364883
836831.9560322711
836836.180623837
836836.180623837
836867.8650605805
836869.9773563634
837157.6969467922
837193.7212750898
837198.4531866034
837206.3397057928
837212.6489211444
837228.4219595232
837256.8134286052
837668.5035662927
837668.5035662927
837709.471958082
839217.5958030805
847771.5912359197
878673.1179999296
878675.691495665
878676.9782435328
878678.2649914005
878680.8384871361
878682.1252350038
878684.6987307393
878684.6987307393
878685.985478607
878685.985478607
878687.2722264748
878688.5589743425
878689.8457222104
878691.1324700781
878692.4192179458
878693.7059658136
878693.7059658136
878694.9927136813
878694.9927136813
878696.279461549
878697.5662094168
921866.7672765822
921875.7237796617
921877.5316834758
921881.1474911042
921881.1474911042
921884.7632987326
921884.7632987326
921886.5712025468
921888.379106361
921890.1870101752
921891.9949139893
921893.8028178036
921895.6107216177
921895.6107216177
921922.7292788306
921922.7292788306
922485.1949050217
922492.7355242467
922494.2436480917
922495.7517719367
922497.2598957816
922498.7680196266
922501.7842673167
922501.7842673167
922504.8005150066
922504.8005150066
922506.3086388516
922509.3248865416
922515.3573819216
922593.59995388
922593.59995388
922976.8432784912
922990.2641971118
922992.5010168819
922994.737836652
922999.2114761922
923001.4482959623
923003.6851157324
923005.9219355026
923005.9219355026
923010.3955750427
923012.6323948129
923012.6323948129
923017.106034353
923017.106034353
923088.6842669963
923090.9210867665
923614.2262249823
923622.1127441718
923623.6900480096
923625.2673518475
923628.4219595232
923629.9992633611
923631.5765671991
923633.153871037
923634.7311748748
923636.3084787127
923639.4630863884
923639.4630863884
923641.0403902264
923642.6176940643
923644.1949979021
923666.0835476525
923667.4671475103
925127.4232694593
925172.3395328429
957099.11379148
957099.8055914089
957100.0361913851
957100.2667913615
957100.727991314
957100.9585912904
957101.1891912667
957101.4197912429
957101.6503912193
957102.1115911718
957102.1115911718
957102.5727911245
957102.8033911007
957102.8033911007
957103.0339910771
957103.4951910296
957103.4951910296
957103.725791006
957103.9563909823
957104.1869909585
957104.4175909349
957105.3399908401
957105.5705908163
993677.5738320271
993781.7127813239
995501.6888245486
995511.7199235177
995516.0090830768
995520.298242636
995521.727962489
995523.1576823421
995524.5874021952
1009488.6842669963
1009499.8683658469
1009502.105185617
1009504.3420053871
1009506.2928811866
1009508.2437569861
1009512.145508585
1009512.145508585
1009516.0472601841
1009516.0472601841
1009517.9981359835
1009519.949011783
1009521.8998875825
1009523.850763382
1009533.6051423794
1009568.7209067703
1009568.7209067703
1010247.976196958
1010257.9657879313
1010261.295651589
1010262.960583418
1010264.6255152469
1010266.2904470757
1010267.9553789046
1010271.2852425624
1010271.2852425624
1010274.6151062201
1010276.280038049
1010277.944969878
1010277.944969878
1010279.6099017068
1010302.9189473111
1010304.58387914
1010842.2092758841
1010850.704579011
1010852.1204628655
1010853.53634672
1010854.9522305743
1010854.9522305743
1010857.7839982833
1010857.7839982833
1010862.0316498468
1010863.4475337012
1010864.8634175557
1010866.2793014102
1010867.6951852647
1010869.1110691192
1010915.6138603396
1010917.0205201951
1012416.3769540946
1012423.4794333646
1012424.8999292187
1012426.3204250727
1012427.7409209267
1012427.7409209267
1012430.5819126347
1012432.0024084887
1012434.8434001966
1012436.2638960506
1012437.6843919047
1012439.1048877587
1012440.5253836127
1012480.2715955277
1012480.2715955277
1012572.797530018
1098908.4970326268
1098916.9646637565
1098918.3759356115
1098919.7872074663
1098921.1984793213
1098922.6097511763
1098924.0210230313
1098925.4322948863
1098926.843566741
1098928.254838596
1098931.077382306
1098933.8999260159
1098933.8999260159
1098935.3111978709
1098936.7224697259
1098940.9562852907
1098969.1724983905
1098969.1724983905
1099465.3683033928
1099471.2901107841
1099472.2770786826
1099472.2770786826
1099474.2510144797
1099475.2379823783
1099475.2379823783
1099476.2249502768
1099477.2119181755
1099478.198886074
1099480.172821871
1099510.7688267266
1099510.7688267266
1099827.5716861663
1099833.8532295206
1099834.9001534132
1099835.9470773055
1099838.0409250902
1099838.0409250902
1099839.0878489828
1099840.134772875
1099841.1816967675
1099842.2286206598
1099843.2755445524
1099887.8643559695
1099887.8643559695
1100412.1795220815
1100422.7778969924
1100424.5442928108
1100428.0770844477
1100428.0770844477
1100429.8434802662
1100431.6098760846
1100433.376271903
1100433.376271903
1100436.90906354
1100438.6754593584
1100438.6754593584
1100441.6455870531
1100443.1306509005
1100444.615714748
1100449.0709062899
1100540.314704912
1100540.314704912
1112054.4805255118
1185810.508569031
1185819.9447200613
1185824.6627955763
1185824.6627955763
1185826.2354874148
1185827.808179253
1185829.3808710915
1185830.9535629298
1185830.9535629298
1185834.0989466065
1185834.0989466065
1185837.2443302833
1185837.2443302833
1185840.38971396
1185843.5350976367
1185873.2640465812
1185874.2510144797
1187210.0336611911
1187219.7188601955
1187221.1024600533
1187222.486059911
1187223.8696597689
1187226.6368594845
1187228.0204593423
1187230.7876590579
1187230.7876590579
1187233.5548587735
1187233.5548587735
1187236.322058489
1187236.322058489
1187280.1913979803
1187281.3997418561
1187621.1657469356
1187628.4065861916
1187628.4065861916
1187629.4627340832
1187630.5188819745
1187631.575029866
1187632.6311777574
1187633.687325649
1187633.687325649
1187635.7996214319
1187635.7996214319
1187637.9119172147
1187638.968065106
1187642.1365087805
1187681.2139807642
1187682.2701286557
1187992.3763647836
1187997.0759923004
1187997.95688421
1187998.8377761194
1187999.718668029
1188000.5995599383
1188001.480451848
1188002.3613437572
1188003.2422356668
1188004.1231275762
1188005.0040194858
1188005.0040194858
1188006.7658033047
1188057.774518062
1188058.5677819804
1203887.0654551627
1203893.660614485
1203893.660614485
1203897.2856461124
1203900.91067774
1203900.91067774
1203902.7231935535
1203904.5357093671
1203906.348225181
1203906.348225181
1203908.1607409946
1203908.1607409946
1203909.9732568085
