880158.6015392548
880164.2051186789
880536.5456764105
880537.1360123499
892711.3988771063
892724.1833397923
892725.2487116827
892726.3140835733
892727.3794554637
892730.5755711353
892731.6409430258
892731.6409430258
892732.7063149163
892734.6387427177
892735.5057986286
892737.2399104503
892738.1069663613
892738.9740222722
892739.841078183
892740.7081340939
892742.4422459156
892746.7775254701
892747.644581381
892748.5116372919
892894.8042622562
892896.0310541302
892904.6185972475
892908.2989728693
892908.2989728693
892909.5257647432
892910.7525566171
892911.9793484911
892913.0862283773
892914.1931082635
892916.406868036
892917.5137479223
892919.7275076947
892921.9412674672
892924.1550272397
892925.2619071259
950622.178465165
957923.075178795
957931.2660899532
957933.8672576859
1116682.3868378657
1116682.3868378657
1116696.7670523878
1116696.7670523878
1116696.7670523878
1116716.9768343107
1116716.9768343107
1116716.9768343107
1116716.9768343107
1116753.0657306015
1116753.0657306015
1116753.0657306015
1116753.0657306015
1116753.0657306015
1116753.0657306015
1116753.0657306015
1116753.0657306015
1116758.839954008
1116766.0577332661
1116767.5012891178
1116767.5012891178
1116767.5012891178
1116768.9448449695
1116768.9448449695
1116770.3884008212
1116770.3884008212
1116770.3884008212
1116773.2755125244
1116774.719068376
1116774.719068376
1116776.1626242276
1116776.1626242276
1116776.1626242276
1116777.6061800793
1116777.6061800793
1116778.9943919366
1116783.1590275085
1116783.1590275085
1116783.1590275085
1116784.547239366
1116784.547239366
1116785.9354512233
1116785.9354512233
1116785.9354512233
1116787.3236630806
1116795.6529342246
1116797.0411460819
1116797.0411460819
1116801.2057816538
1116801.2057816538
1116801.2057816538
1116802.593993511
1116802.593993511
1116803.9822053683
1116803.9822053683
1116803.9822053683
1116805.3704172256
1116808.1468409405
1116808.1468409405
1116809.5350527978
1116809.5350527978
1116809.5350527978
1116810.923264655
1116810.923264655
1116812.3114765123
1116813.6996883696
1116828.9700188
1116828.9700188
1116830.3582306576
1116830.3582306576
1116831.746442515
1116831.746442515
1116833.1346543722
1116833.1346543722
1116833.1346543722
1116835.9110780868
1116835.9110780868
1116838.6875018014
1116840.0757136587
1116840.0757136587
1116840.0757136587
1116841.4639255162
1116841.4639255162
1116842.8521373735
1116842.8521373735
1116842.8521373735
1116844.2403492308
1116855.3460440894
1116856.7342559467
1116856.7342559467
1116858.122467804
1116858.122467804
1116859.5106796613
1116859.5106796613
1116860.8988915188
1116860.8988915188
1116863.3248032695
1116864.5377591448
1116864.5377591448
1116864.5377591448
1122608.3727008062
