5459.007074935384
8171.854376114965
9747.571686166242
9800.904848684779
9801.75345659756
9805.147888248688
25851.77930301157
29279.03455476589
29321.663266384607
29322.756310272267
29361.105086330866
29361.105086330866
29387.024523666925
29387.024523666925
29409.056045402573
29410.35201726937
29461.614392000738
29461.614392000738
34418.9004865019
34428.52111751312
34431.26986923061
34434.018620948096
34436.767372665585
34440.89050024182
34447.76237953555
34450.511131253035
34454.63425882927
34457.38301054676
34460.131762264245
34462.880513981734
34467.00364155797
34473.875520851696
34476.624272569185
34479.37302428667
34482.12177600416
34484.87052772165
34488.993655297876
34491.825423006834
35606.384288454945
40977.606564412665
45555.50496590644
45580.31752335626
45584.03940697373
45586.520662718714
45587.7612905912
45590.24254633619
45595.20505782615
45597.68631357113
45601.408197188604
45602.64882506109
45605.13008080608
45607.61133655106
45613.75913191919
45618.64785141674
45622.3143910399
45624.75875078868
45627.20311053745
45629.647470286225
45632.091830034995
45634.53618978377
49175.87847381248
49410.98898564835
49412.667753475806
49417.70405695819
49419.38282478565
49421.06159261311
49425.9226401135
49427.51377994997
49429.104919786434
49429.104919786434
49432.287199459366
49433.878339295836
49435.4694791323
49437.06061896877
49438.65175880523
49440.2428986417
49441.83403847816
74586.96277411771
74641.24139653909
74672.74596530112
74679.59478459721
74693.2924231894
74702.88077020392
74855.21972654686
74855.21972654686
74866.89269734714
74873.0082087186
74877.08521629957
74883.20072767104
74887.277735252
74891.35474283298
74897.47025420444
74903.5857655759
74907.66277315687
74917.85529210932
74921.93229969029
74926.00930727126
74930.08631485223
74934.16332243322
74938.24033001419
74940.27883380467
74944.35584138565
74948.43284896662
74952.5098565476
78092.09163786836
78108.29359220315
80932.89425389697
80984.22580862122
81439.62847781596
81441.30263364389
92973.0678444347
93665.49039326905
93671.85956461442
93671.85956461442
93676.77595610914
93676.77595610914
93681.7891995939
93686.8116670777
93686.96386306205
93694.08017833065
93694.25543431264
93702.51091346417
93702.51091346417
93707.94384890578
93708.22979287639
93716.2915680478
93716.2915680478
106325.94102405607
106342.98697430412
110778.35614244673
175631.67546896669
180635.487414686
180694.53023261772
180695.65094850253
180737.11743624072
180737.11743624072
180753.04728260348
180753.04728260348
180769.13393695012
180769.13393695012
180800.3064417463
180800.3064417463
182648.42689180057
182650.9727155389
182653.51853927725
182655.2157551028
182657.76157884116
182660.3074025795
182662.85322631785
182664.5504421434
182667.09626588176
182669.64208962012
182671.33930544567
182673.03652127125
182675.58234500958
182677.27956083516
182678.9767766607
182684.91703205017
188268.36969019534
188306.74152625157
193785.30347917715
193800.59225760578
197819.96368050374
216692.3210848448
216699.20218813757
216700.92246396077
216704.36301560714
216706.08329143035
216712.96439472312
216716.4049463695
216721.5657738391
216723.28604966227
216726.72660130868
216730.16715295505
216731.88742877825
216740.48880789423
216742.2090837174
216750.81046283338
218360.4674773964
230217.36020677132
230229.78493349432
230233.92650906867
230235.99729685584
230237.88360466197
230241.65622027422
230243.54252808035
230247.31514369263
230249.20145149875
230252.974067111
230254.86037491713
230256.74668272326
230260.51929833554
230262.40560614166
230266.17822175391
230268.06452956004
230271.8371451723
230273.72345297842
230277.4960685907
230279.38237639682
230281.26868420295
250847.42903445868
265959.1205173126
265969.7050562248
265969.7050562248
265990.43138209457
265990.43138209457
266010.3552200468
266010.6780600136
266104.12178240967
266104.12178240967
266114.9323092986
266114.9323092986
266128.6945158842
266128.6945158842
266230.7211693981
266230.7211693981
266248.7494755452
266248.7494755452
267468.1160302214
267535.7694512682
267547.9082340206
267567.99810395576
267917.91511999205
267918.50545593136
267943.88990132237
267945.66090914037
267948.963100801
267949.81170871377
267952.35753245215
267954.4790522341
267959.5706997108
268052.3180101784
268052.8253301263
268056.88388970913
273384.63807013445
273391.30702144897
273505.44478571817
273505.44478571817
279974.0877368854
279990.9814911491
282318.6807119134
282337.98192992964
287312.5999186495
287341.5402156751
287352.1893225805
287462.78507121373
287462.78507121373
288431.95987560414
291516.49283058266
291623.4635475885
293686.2449035804
293701.7366099882
293865.1628131916
293866.73550502997
294059.35566523287
294479.25977407605
299570.4506628148
300367.6024968853
301238.74463935127
301952.3962220037
301969.00403229677
303827.4738092874
303830.1579930115
342261.1798391565
342814.12168632634
343458.3165561175
344025.05750586913
344030.6841452908
344186.5143852749
344235.16175627505
348016.24499966373
351940.5585003315
351947.6240836053
351947.6240836053
351958.8543024511
351959.1264104231
351977.1085965749
351977.2792405574
351983.6945318981
351989.72702727804
351989.72702727804
352201.24716153846
352212.9985363307
352213.1276723174
355233.59072988096
359641.3755288586
359970.1326910697
359970.1326910697
361059.975851058
362108.5600632869
362486.43502044975
362574.4319714056
362682.4034923085
362683.43658020237
363835.2557898209
367826.82146757666
368600.41059606895
368677.50478014536
368774.3752181892
368774.3752181892
369900.9714024001
371288.37154780625
386340.09781282325
392084.90127438516
412337.66242085135
421115.9808986353
421368.4924846827
421475.38018569705
421496.51236752514
421677.38576493534
423003.89829259936
429376.55630963173
438346.0744517646
438352.5958190943
438352.5958190943
438359.9427343392
438360.2148423112
438365.11278580787
438365.21886179695
438368.2950654808
438368.2950654808
438376.42602064507
438376.42602064507
438643.3270452136
438657.34752377257
438670.722322398
438670.722322398
438831.47817787586
438838.3961771648
438840.0103769989
438840.93277690414
438841.3939768567
438844.4747925401
438847.32500824716
438855.8756553683
438870.12673390366
438928.5607678979
438928.5607678979
438960.15296465094
438963.18766033906
445553.48593500286
445567.2527535879
448636.57072213024
448654.39148829866
449548.87957236514
449566.4789625563
449567.4567064558
449569.4121942548
449575.2786576519
449577.23414545093
449579.18963324995
449583.285088829
449647.6778262109
449648.5956141166
449665.1157964187
449673.37588756974
449675.21146338107
449748.1502358846
449751.60001153
449754.18734326406
449786.96021189576
449790.4099875412
449791.2724314526
449792.1348753639
449793.85976318666
449896.47675263986
449896.47675263986
449898.6812884133
456247.86422785843
457755.84971287096
457794.5213288964
459858.5294767622
468192.2050802456
468263.1284089562
468269.53447629785
468290.88803410315
468293.0233898837
468299.4294572253
468333.5951497138
468340.0012170554
468346.407284397
468365.6254864218
468374.1669095439
468571.83720922784
468592.50819110335
468958.6732814697
468958.6732814697
469615.5603739563
522928.245614597
522934.34728996985
522966.9449026195
522967.3461465783
522997.8729714408
523026.48120450054
523026.6195644863
525580.8602019671
525930.8325619978
525931.0493259756
525955.368399476
525955.5574914566
526334.8760044711
526335.9967203559
526355.0581143969
526355.0581143969
526376.2041322234
526376.2041322234
529965.059235369
529973.5176424996
530261.8967488606
530434.7729390927
530437.8998747714
530474.380791022
530491.2791572852
530546.8030195786
530547.6285674938
530575.6971966089
530583.2885478287
531122.0623324547
531137.9460588222
531150.4261295395
531151.0994814703
531152.4461853319
534761.5110704002
542757.5006805902
542783.2633099423
544850.8319214423
545380.1972270353
545396.8004253288
545454.9116193563
545469.6377338427
545609.7825634391
545611.1569392978
546556.2571061625
546664.8235750042
546782.4480109151
546783.4672628103
546790.602026077
547338.5444657608
547418.1521895787
547789.6164674006
547809.0560454027
547848.4701933516
547853.7278728113
547855.0422926762
547860.2999721358
547864.2432317305
547868.1864913253
547870.8153310551
547873.4441707849
547876.0730105147
547881.3306899744
547883.9595297042
547886.588369434
547893.0082727742
547909.4362150858
547913.2272786961
547917.0183423065
547919.5457180467
547934.7099724882
547937.2373482285
547938.5010360986
547942.2920997089
547944.8194754492
547947.3468511894
547949.8742269296
547970.1024568506
547973.4784405036
547976.8544241566
547980.2304078096
547983.6063914626
547986.9823751156
547990.3583587687
548002.1743015543
548007.2382770338
548008.9262688603
548017.3662279929
548020.7422116459
548025.8061871254
548030.870162605
548032.5581544315
548035.9341380845
548037.622129911
548044.3740972171
548047.7500808701
548049.4380726966
548052.8140563497
548070.7316745081
548075.1453580544
548078.087813752
548083.9727251471
548088.3864086936
548092.80009224
548095.7425479376
548101.6274593327
548104.5699150303
548113.397282123
548116.3397378206
548120.7534213669
548123.6958770646
548126.6383327622
548133.9944720061
548138.4081555525
548139.8793834012
548151.6492061915
548154.5916618892
548157.1374856276
548158.4103974968
548163.5020449734
548167.320780581
548171.1395161884
548173.6853399269
548176.2311636652
548180.0498992727
548183.8686348802
548188.960282357
548194.0519298336
548201.6894010486
548233.521421777
548238.6315172517
548241.1865649892
548243.7416127265
548246.2966604639
548247.5741843326
548253.9618036761
548256.5168514135
548259.071899151
548265.4595184944
548268.0145662318
548269.2920901005
548271.8471378379
548278.2347571814
548280.7898049188
548284.6223765248
548292.287519737
548296.1200913432
548298.6751390806
548307.6178061615
548510.079973353
551317.3441288285
551333.2232431965
551849.3567221495
551903.5569405789
551913.2974835777
551978.9861928264
552155.6488346695
552296.8129161609
552687.3201400253
552951.292544895
552952.7084287495
552973.9466865666
554029.481182081
554731.4597939333
554814.1806174314
554818.7926169574
555124.485169539
555264.855987112
555335.9361238065
555337.273603669
555380.0729592702
555396.1319416198
556046.8112827444
556069.5392164085
556449.6832773382
557401.0972715538
557439.7550515807
558084.7431852904
558187.7568067027
558522.6525402829
558566.0606798215
559555.0117381794
559768.2521482629
559768.2521482629
560021.7276422114
560211.0317747551
560241.000547675
560242.5778515128
560435.147279721
560473.237783806
560510.5304119732
560516.2677393835
560609.8959417607
560618.6126208649
560675.8936549776
560677.4156148211
562281.9994299056
562374.8943243581
562390.6027947436
562392.1570385838
562395.2655262643
562403.0367454656
562404.5909893059
562407.6994769864
562410.8079646669
562415.4706961877
562415.4706961877
562601.4772490704
562787.8942699109
562792.8014374065
562876.2555688292
562918.1648085219
562943.927437874
563031.5000848736
563031.5000848736
563036.8684523219
563039.552636046
563040.8947279081
563040.8947279081
563042.2368197701
563044.9210034942
563046.2630953563
563048.9472790804
563050.2893709425
563054.3156465286
563062.368197701
563065.2922054004
563066.8741212379
563103.2581854984
563104.8401013358
563424.6914924623
563748.0249432308
563990.2425463361
563991.4831742087
563996.4456856987
564000.1675693161
564003.8894529336
564005.1300808061
564007.611336551
564360.7429162569
564756.22648761
564756.22648761
564964.5689541971
565271.3361026683
565311.4604985444
565900.5880939951
565937.0551742471
565995.7705402125
566463.7778041117
566473.5275711096
566481.8845142507
566493.0271051055
566671.7513107366
566671.7513107366
566709.8740988184
572436.7414942238
572830.6800457357
574901.4032649114
575894.4728388458
575956.9700444225
576000.6180079364
576011.5299988149
576014.6477104945
576022.4419896934
576027.1185572128
576033.353980572
576038.0305480913
576042.7071156106
576048.8364629806
576052.9226945606
576059.0520419307
576063.1382735107
576067.2245050907
576073.3538524607
576087.6556629909
576099.914357731
576099.914357731
576106.043705101
576112.173052471
576114.216168261
576118.3023998411
576120.3455156311
576823.4817393643
576824.9299072155
576870.1136665717
576874.6380381066
578314.5734701133
578347.1157387687
578351.8660982804
578358.9916375481
578366.1171768158
578370.8675363276
578375.6178958393
578389.8689743746
578394.6193338864
578401.744873154
578406.4952326658
578413.6207719335
578418.3711314452
578427.8718504688
578437.3725694923
578442.122929004
578446.8732885158
579217.0449253593
582823.1258467343
582892.9376835591
582892.9376835591
584561.9004000269
584616.7370743909
584628.0825932248
584645.1008714758
587988.9296638045
587994.2426872584
587994.9068151901
588036.9866988652
588664.3293223884
588678.5988489217
588760.0098645545
588760.0098645545
588775.7690669348
589491.8142773414
589508.8786755875
589694.0642925544
589695.1019924477
591972.8670943442
592056.6394537343
592293.3088214099
592931.7479157926
592949.7208779454
593537.3680215484
593537.3680215484
593546.7027085889
593657.7319851775
593716.4427391434
593927.7414974265
593934.7978567013
593941.9833519628
593951.1197230238
593956.3405064872
593973.3080527433
593985.054815536
593992.8859907312
594007.2431452556
594013.7691245849
594031.0641228074
594036.2387862755
594044.8632253892
594051.7627766799
594058.6623279708
594072.4614305526
594093.1600844252
594094.884972248
594098.3347478934
595557.446873929
595603.2394172226
595605.619208978
595724.6087967486
595726.2414445807
596023.6877420099
596156.0290684082
596324.159511128
596514.8656915277
596591.4341076581
596591.4341076581
596702.2327842705
597785.0241969835
597872.8228319598
597905.0376486488
598145.5580359288
604256.2268078878
604300.096147379
604311.5339062035
604380.852259079
604452.444327721
604456.7427112792
604736.8709504883
604858.4201979957
604858.4201979957
604897.4331019861
604904.9875572097
604907.1459729878
604909.304388766
604911.4628045441
604913.6212203223
604914.7004282114
604916.8588439896
604917.9380518786
604919.0172597677
604921.1756755458
604922.254883435
604923.334091324
604926.5717149912
604927.6509228804
604930.8885465476
604932.0599944273
604935.574338066
604936.7457859457
604937.9172338252
604940.2601295845
605890.5534079154
606017.752354842
606018.3980347757
606026.791873913
606031.3116334485
606452.6362381458
606471.4624202108
606475.8069237643
606480.1514273178
606483.7718469456
606492.4608540527
606500.4165532349
606506.7257685865
606508.3030724244
606766.5796578793
606766.5796578793
606800.6715583755
606825.7746717953
606881.3077580878
607415.146703221
607423.5313183593
607430.5184976412
607528.5004275708
607552.2568371291
607552.9947570533
607553.7326769774
607555.2085168258
607555.9464367499
607556.6843566741
607558.1601965224
607559.6360363706
607560.3739562948
607561.111876219
607562.5877160673
607564.8014758398
607565.539395764
607566.2773156881
607568.4910754606
607569.966915309
607571.4427551572
607572.1806750814
607574.3944348539
607575.8702747022
607667.828933251
607667.828933251
607750.9694487059
608062.0303687358
608296.3937366485
608297.8603524978
608299.8158402968
608301.282456146
608321.4691780712
608562.2847333207
608612.0482082062
608612.0482082062
608616.4111597578
608635.1543258313
609817.4588523167
610515.1160206131
610564.4229075455
610564.4229075455
610586.7449852511
610586.7449852511
610608.3291430329
610608.3291430329
610621.3442056952
610621.3442056952
610626.5050331649
610626.5603771592
611668.2265900989
613032.8342338476
613118.9817729936
613122.7590006053
613207.4906558967
613208.1086638332
613342.6406900063
613343.7660178907
613344.891345775
614600.9048486848
614613.6339673765
616110.1540215675
619216.6954382841
619381.703557325
619543.8476246601
619608.1066140557
620282.7591287164
620324.1518244621
623403.5608479674
625774.0917083295
633340.1599467058
633469.8493733766
633494.3529268581
633564.9856995987
633714.1931082635
634837.8698967745
634851.5675353666
634881.7023402695
635242.9372031426
635242.9372031426
635259.784837411
635310.009512249
638249.3567221495
638288.9461260806
639057.9370910453
639107.7605219246
639109.0380457933
639683.153582787
639767.8575660813
639769.1028059534
640080.9984978974
640082.7372217186
640145.3312792854
640848.1538870508
640848.1538870508
645737.4037645446
646125.66494464
646125.66494464
646495.8609225921
646874.6721156586
646982.5006645763
647062.1960163853
650597.5427010304
656070.9346024873
662481.5263156209
667475.2379823783
669691.0916026378
669704.4202812678
669814.9284019101
669816.3258377665
669841.4796831813
669842.8771190377
670407.713312985
673781.0819622776
673793.8018569703
673901.6350178875
673902.6911657789
673909.0280531277
673913.2434206945
673936.2757463272
673947.7919091436
673955.1203763904
673958.2611480677
673972.9180825612
673981.0767097228
673983.5026214734
673987.1414890994
673989.56740085
673995.6321802267
673998.0580919774
674001.6969596033
674006.5487831048
674012.6135624814
674015.0394742321
674017.4653859828
674019.8912977334
674463.8654321027
674541.8036120924
674542.9796719715
674545.3317917298
674592.9737468333
674704.0768154142
674704.0768154142
674706.9131951227
677815.8851355895
678739.3550246774
681386.2092246397
688259.1585022532
688324.1738595711
688664.5255885904
688724.5461504216
688930.6748572362
688934.9086728011
689042.4973977434
689070.9718828168
689170.4250405952
689171.7532964587
689186.364110957
689483.5613604117
689504.1493262957
689506.7228220312
689511.8698135022
689597.4731367042
689597.4731367042
689636.3107847126
689636.3107847126
694124.8747553879
698302.2671180448
699619.2328066899
700179.6737650891
700285.8235461793
700285.8235461793
700410.513565364
700411.2330372899
700445.67544975
700445.67544975
700484.1625857945
700484.1625857945
700505.2394236282
700505.2394236282
700551.1242069121
703137.2752691135
703233.7306271999
703296.3708047619
703296.3708047619
703439.9054540097
703439.9054540097
704015.2754548745
707090.2200628385
707192.9108442841
707194.0085001714
707287.2677425863
707287.2677425863
709746.6026538215
712490.2258278378
712540.1461107072
712549.6652777288
712556.7493090008
712588.6274497245
714528.7665143212
714613.6088576014
714818.510772542
718525.8204715129
730012.9461388916
732854.9340387984
733386.2363841924
733504.8108920055
733515.6583148907
733554.5097988977
733648.4839012391
733692.9804726659
733759.4024898392
733764.4387933216
734171.0511195308
735735.3398947567
735770.9168591002
736071.5085402061
736073.454804006
745931.6683588008
747197.6714526837
749129.9608940873
749183.0634566295
749497.4911363134
751024.6671513537
751037.9866059847
751047.976196958
751052.9709924447
751056.3008561025
751654.9522305743
754008.9398486367
760794.2426872584
762545.5987752578
762580.9128556284
762606.8691889606
763809.752457331
763828.2650234284
763843.6921618428
764787.9391087951
765398.6969820228
766785.054815536
769772.0347565409
770517.8780958848
772038.5558035928
772061.8740731962
772075.2027518264
772266.0011722166
772308.58376384
772336.5878249619
772362.2582143235
772389.4736235263
772463.9943118673
772501.0425040595
772593.5961105471
772595.1503543872
772613.8012804704
772615.3555243106
772781.604271224
772798.737849463
772798.737849463
772807.4222445705
773630.6549359604
773630.6549359604
773715.9861511902
776642.4566584141
776674.4639351245
780459.76254608
781184.0770716364
781204.9786534883
781214.7468684843
784632.3123092345
784642.2465562136
784642.2465562136
784647.3658756875
784647.3658756875
784652.9694551115
784652.9694551115
784659.366298454
784659.5000464403
784670.1583773448
784670.2782893325
784673.7926329713
784673.7926329713
791229.044323237
791462.8173552104
791632.5573857649
791793.1887172556
791793.1887172556
793389.346409206
793408.4769832399
809933.1928808662
809943.9987957557
809959.3936501734
810043.9777214801
811590.6763305138
811593.9554621767
811608.1650327164
811662.0885311742
811695.6085437291
811723.2989888832
811766.5042004427
811787.6087102736
811829.8177299354
811860.4921387827
811873.2673774697
811953.4008692338
811959.3042286271
815693.9584727875
815710.9260190437
815731.8091528973
816179.6066348737
816179.6066348737
816951.5169955385
817891.6269789161
819917.2771267244
820033.6517107636
820039.213782192
820189.6203107334
827671.7317097386
828644.8451617243
828666.4016475087
828671.963718937
828694.2120046504
833771.5715068107
833840.7791716978
834260.0560486054
834260.0560486054
837314.5095426753
837594.6193338864
837596.9945136423
837599.3696933981
839377.6506346304
839379.2279384682
839383.9598499819
839390.2690653335
839393.4236730093
839396.578280685
839398.1555845229
839401.3101921987
839402.8874960366
839404.4647998745
839409.1967113882
839413.9286229018
839415.5059267397
839418.6605344155
841619.7188601956
842338.9140662783
842365.6452155309
842456.9812541436
842457.774518062
842477.6061160238
842499.2363938007
842500.5323656675
842519.9719436695
842547.1873528723
842651.261734176
842654.0566058886
842679.0029113247
842680.3865111825
845182.50694202
845880.062646327
857768.2939124809
857790.0902222408
857806.7579885277
857821.7654349852
857824.8093546723
858039.0367326546
859697.2534902267
859774.7350822634
860598.2813896211
863794.955113074
866672.8382052917
866700.0674504931
866700.7315784248
866721.4717402932
866721.4717402932
866736.1148387882
866736.1148387882
866750.0430773566
866750.7809972808
866771.4427551572
866771.4427551572
870249.7851256611
870255.3933170846
870258.0221568143
870297.4639767606
870297.6807407384
870301.5824923374
881014.9760592387
881244.6997556281
881296.082042347
881398.2793398435
881398.2793398435
881543.0131089682
882994.3770758001
883016.8190654936
884442.7247949422
884480.3771590723
884679.0528746529
884696.7445048346
884927.616589106
884928.5620490089
885033.2083182536
885109.1264424509
885110.4131903186
885111.6722661892
885129.2993283776
885130.5584042481
885133.0765559893
890764.3971572148
890959.194181194
896269.2106114422
897297.1469017932
898652.5812784847
898975.3290053135
899194.4451027932
900760.6063498266
900939.9485633941
900980.0729592702
901032.9633698344
901063.0981747372
901262.0828942859
901274.5445170051
901364.058815805
901386.7037334776
901388.7284012695
904086.0148160484
905692.2497269632
906962.1038404504
912247.5290892262
913153.0352401603
913248.3514343639
913481.6125343898
913817.0663199127
914801.4146027435
914801.4146027435
915002.4239900842
915016.564380631
916658.6990958559
916701.0603115022
916709.9983665835
916851.8542480039
916853.2378478617
916858.7722472928
920375.8923098111
921763.2509472214
924443.6251597386
924493.1073026528
924553.5936764362
924966.1231980373
924967.5114098947
928265.418522943
928281.0532013362
928285.2224489077
928345.6673146953
928408.5104202364
928409.4143721435
929406.5286696623
932873.6638813178
932903.249858277
932960.1849924254
932961.093556332
932976.5391427446
933320.6404273786
933354.4556079032
934371.1340074112
934372.061019316
934426.0352497686
934470.3657892124
934611.7420226821
934613.0333825494
935106.830947798
935928.9290873045
935957.4681403714
936024.6280774687
937111.0030138136
937117.1830931784
937698.4426174378
938814.0945267736
938879.12372009
939297.6257810773
939297.6257810773
939644.8632253892
943957.3963981564
945828.0326298967
946133.9188864583
946363.2044428928
946426.3934483984
946478.9517949966
946548.057995894
946581.8178324242
946588.5697997303
946598.6977506895
946604.1399101302
946608.2215297106
946659.922044397
946861.8953396386
946965.5039089898
946991.1558503534
947015.3826838634
947110.4452180931
947147.410394294
947166.2411883585
947182.9181786445
947263.1208504015
947316.6477169001
947339.5186225495
947367.564191667
947409.0168434066
947440.1063322113
947496.0591104607
947543.5027495845
947654.9102101342
947953.6847634269
947988.2194158775
948028.067091782
948639.6920209205
950427.5566971678
951910.1577367893
952169.2275861627
952315.6078391181
952326.067854043
952401.2572823152
952561.7640898187
952562.1930057746
952595.1872503835
952605.1537813592
952643.9729813695
953410.4826905893
954035.3947903622
956494.1900976527
956796.197662613
956808.4978653489
956809.0651412905
956833.4349467858
956833.7900707494
957405.4566359947
957510.9422891531
957511.1498291318
957525.0965156984
957525.0965156984
957534.0253467808
957534.0253467808
957537.8763663849
957537.8763663849
957547.6630293791
957547.6630293791
957582.243801825
957582.243801825
957593.9490566219
957910.6781240692
957912.2277559099
957912.6151638702
957913.7773877507
957914.9396116312
957915.7144275516
957916.8766514321
957919.5885071534
957923.8961147107
957924.5464066439
957925.196698577
957925.6302265325
957926.7140464211
957927.3643383543
957928.6649222206
957929.7487421092
957930.8325619978
957931.9163818865
957932.7834377973
957944.7331285691
957946.2827604098
957947.5741202771
957948.090664224
957948.6072081709
957949.3820240912
957953.8556636315
957954.6120315538
957954.8011235343
957955.7465834372
957956.69204334
960314.3000810302
960479.0822120943
960507.9256571298
960644.3393791096
960645.0588510357
960663.7374491158
960726.9817986158
961928.006431177
968305.2948957336
968337.0669604682
968347.9697273476
968645.2638287924
968646.2646326895
972552.5267672125
972563.438758091
972817.5460959744
973060.5431269996
973061.7053508803
973573.1345903167
973574.3752181892
973614.075310109
973669.5207684103
973742.7685448821
973742.7685448821
982627.2045197595
982902.1534835008
985535.1163408909
987682.5555601817
987700.523910335
987705.1728058573
987709.8217013794
987725.3180197867
987726.8676516275
987742.3639700348
987748.5624973978
987750.1121292384
987751.6617610792
987756.3106566014
987759.4099202829
987762.5091839643
987767.1580794866
987770.257343168
987773.3566068495
987776.4558705309
987778.0055023717
987781.1047660531
987782.6543978938
987784.6790656857
987817.0737503562
987821.1230859401
987825.172421524
987829.2217571078
987833.2710926916
987841.3697638592
987855.5424384025
987855.5424384025
987859.5917739864
987861.6164417783
987865.6657773621
987871.7397807378
987875.7891163216
987875.7891163216
987879.8384519054
987883.8877874892
987912.828084515
987912.828084515
987916.3055321575
987918.0442559788
987942.386389477
987944.1251132983
987945.8638371195
987949.3412847621
987952.8187324047
987956.2961800473
987964.9897991539
987968.4672467965
987978.8995897243
987984.1157611881
987987.5932088307
988004.9804470437
988019.8218615183
988036.8678117663
988036.8678117663
988039.7088034743
988039.7088034743
988042.5497951824
988045.3907868904
988829.0432983483
989353.3169564647
989398.7543757947
989424.5262291458
989606.0453064898
989606.0453064898
990450.0135477486
990458.5365228726
990460.0630947157
990463.116238402
990467.6959539312
990470.7490976175
990473.8022413036
990475.3288131468
990479.908528676
990482.9616723623
990484.4882442054
990486.0148160484
990489.0679597347
990492.1211034209
990495.1742471071
990501.2805344795
990502.8071063226
990504.3336781657
990507.386821852
990508.913393695
990511.9665373812
990511.9665373812
990515.0196810674
990518.0728247536
990519.5993965968
990522.6525402829
990525.7056839691
990527.2322558123
990531.8119713415
990534.8651150278
990536.3916868708
990542.4979742432
990545.5511179295
990547.0776897726
990551.5790013099
990553.027169161
990554.4753370122
990557.3716727146
990560.2680084169
990563.1643441191
990564.6125119703
995447.9359700732
995534.5954411665
995548.8926396971
995550.3223595502
995554.6115191093
995557.4709588154
995560.3303985216
995563.1898382277
995567.4789977869
995568.9087176399
995571.768157346
995573.197877199
995576.0573169052
995578.9167566113
995581.7761963174
995586.0653558766
995588.9247955828
995591.7196672956
995593.1171031519
996664.5353250338
997520.0612371048
1000115.4409103574
1002352.4682204408
1002592.5689157638
1002632.9561956128
1002859.6313603157
1002859.6313603157
1004747.7470702594
1005086.618347431
1005197.8413279997
1006158.239497292
1006158.239497292
1008061.0951577207
1010449.2484682717
1015228.7881010412
1015265.7071572468
1016040.0803256584
1016222.9691668615
1016353.3227214641
1016778.94109772
1016778.94109772
1016799.685871588
1017469.449666751
1018931.0338245325
1019155.1585534975
1019161.5092768448
1019348.3736616394
1019349.282225546
1019357.4593007056
1020280.242001864
1022013.0532397695
1022031.067709918
1022039.6460290364
1022049.2205400523
1022153.2119053643
1022153.2119053643
1029476.412248702
1030388.711874938
1031083.5926195196
1031230.420236429
1031641.0081062297
1035901.6701203283
1036327.5467685577
1036751.8507249487
1036957.8318477784
1037305.0001120971
1037331.3761373863
1037387.9607595707
1037387.9607595707
1037878.4007891644
1042340.4227025677
1042363.1229642347
1042391.588225309
1042421.6769102165
1042421.8429421994
1042423.171198063
1042911.300615894
1043476.6994737837
1043625.2704265139
1043656.3506913194
1043656.3506913194
1043664.9013384406
1043715.9008291991
1043716.0622491825
1043723.6120924066
1043723.7458403928
1043880.5446002773
1043880.7244682589
1043896.6589266212
1043896.6589266212
1043904.7207017926
1043904.7207017926
1048396.47617614
1048429.8947247053
1048487.175758818
1048487.175758818
1051735.3978009732
1055046.2646326895
1058436.6192762365
1058455.985062246
1058541.9342854123
1058563.8412831607
1058568.4532826866
1058815.7302492722
1058815.7302492722
1061601.9129549146
1061604.48645065
1061697.6719010726
1063986.4181738405
1064695.0334530105
1066123.84935416
1066126.0354419353
1068784.8992886632
1071210.6542313495
1071300.3207261337
1071328.6384032234
1071341.3813579136
1071351.2925448949
1071366.8672672943
1071430.5635927476
1075141.0970793872
1077920.5877737175
1078438.9949684367
1078454.9340387986
1078494.657190716
1078503.08331385
1078521.139291994
1078533.7531106977
1078573.3240666306
1087060.5792543294
1087069.7801933838
1087135.501186629
1087397.6380156872
1088025.3311511744
1089629.7166502792
1097473.980700063
1097508.7136684933
1097690.6662737927
1097692.0913816462
1103062.6034096768
1106823.4076911497
1113292.2950782918
1114438.6306204742
1114477.0485765256
1115672.4142856686
1117843.0334145771
1117848.7753539868
1117931.9204814415
1120970.7946411127
1134561.4486802954
1151008.6737618863
1204267.1495600983
1204422.9013960906
1204424.2942199474
