1605.9812509408157
1683.047763020091
1683.047763020091
1684.4959308712514
1690.2886022758935
1691.7367701270541
1698.3134814511143
4148.885593586758
4201.093428220953
4385.568797260985
4385.974653219271
5474.6832613242195
5481.896428582867
5492.863763455669
5496.691723062239
5497.457314983553
5498.222906904868
5499.754090747496
5501.285274590125
5501.285274590125
5502.816458432752
5504.347642275381
5505.113234196695
5506.644418039324
5507.410009960638
5508.1756018819515
5509.70678572458
5518.128296859036
5518.893888780351
5521.190664544292
5565.862491953021
5566.166883921736
5567.688843765313
7769.162249502768
7775.526808848633
7890.047369078464
7890.047369078464
7897.89238027217
7900.133812041801
7901.254527926617
7905.737391465877
7907.978823235509
7910.220255005139
7911.340970889954
7912.46168677477
7915.823834429216
7916.9445503140305
7918.065266198846
7920.306697968477
7922.5481297381075
7923.668845622923
7925.910277392553
7927.030993277369
7928.151709162184
9735.78802737734
9740.5014908929
9809.3909278126
9874.733737096809
9875.58234500959
9878.128168747937
9878.976776660718
9879.8253845735
9881.522600399065
9883.219816224628
9884.917032050193
9885.765639962974
9886.614247875756
9887.462855788539
9888.84184364681
9889.372223592298
9890.432983483275
9891.493743374253
9892.024123319741
9893.084883210719
9893.615263156207
9894.145643101696
9895.206402992673
9895.736782938162
18390.25586989037
18465.219310185796
18491.646067469712
18492.480839383916
18492.480839383916
18501.66333044016
18503.332874268566
18505.837190011178
18507.506733839586
18509.176277667993
18515.019681067424
18516.689224895832
18534.150255101224
18535.18795499457
18537.263354781266
18540.376454461308
18543.48955414135
18545.564953928046
18548.678053608088
18552.828853181476
18556.979652754868
20984.284227281896
20992.438242443845
25224.021599531115
25236.36331026266
25238.98292599342
25241.602541724184
25244.222157454944
25245.531965320326
25248.151581051086
25250.77119678185
25253.39081251261
25256.01042824337
25259.939851839514
25261.249659704896
25263.869275435656
25267.7986990318
25270.418314762563
25271.72812262794
25275.657546224083
25276.967354089466
25280.896777685608
25283.51639341637
28615.64915494717
45740.93040684882
46169.758734774805
46169.758734774805
46176.515314080374
46179.21794580261
46180.569261663724
46187.32584096929
46188.67715683041
46190.02847269153
46192.73110441375
46194.08242027487
46195.43373613599
46196.785051997096
46199.48768371933
46200.83899958045
46203.54163130267
46204.89294716379
46206.2442630249
46214.172290210074
46215.46365007735
54123.10579734747
59639.46308638852
59666.083547652524
59782.02921573589
59796.89830220768
59804.90473338479
59989.86897437458
59989.86897437458
70303.3929583735
70326.94182795321
70327.96569184797
70328.98955574275
70328.98955574275
70331.03728353228
70332.06114742706
70333.08501132182
70334.1088752166
70335.13273911136
70337.1804669009
70337.1804669009
70338.20433079568
70340.2520585852
70340.2520585852
70341.27592247998
70342.29978637474
70344.25066217425
70345.17767407896
70346.1046859837
70346.1046859837
70347.95870979314
70348.88572169786
70350.73974550731
70359.08285264982
71105.46579593825
71106.14837186808
71691.19895973789
81623.55040691287
81716.39456937056
81736.24000333088
81742.3462907033
81763.28015655176
81772.87311556582
81780.06783482636
81787.2625540869
81818.43967088258
81823.23615038961
81828.03262989664
81832.82910940367
81837.6255889107
81842.42206841773
81844.82030817124
81852.01502743179
81871.2009454599
81875.99742496693
81883.19214422748
81887.9886237345
81903.12520617878
81912.56135720896
81995.73876866019
82022.29004993131
82034.86697263869
82339.2312693568
82339.2312693568
86295.123130779
86318.8518683402
86331.28120706276
86339.01091826831
86343.29085382842
86348.64077327857
86351.85072494867
86353.99069272872
86355.06067661876
86358.27062828884
86362.55056384896
86364.69053162902
86368.97046718914
86372.18041885922
86374.32038663929
86375.39037052932
86377.53033830937
86379.67030608944
86381.81027386949
86387.16019331964
86390.37014498972
86394.65008054984
86397.86003221993
86402.20453577342
86405.51133943356
86408.8181430937
86411.02267886711
86488.7994388734
86488.7994388734
86878.0429748678
86885.74501407621
86889.59603368041
86891.13644152209
86892.67684936376
86893.4470532846
86894.9874611263
86898.83848073048
86900.37888857217
86901.91929641385
86903.45970425553
86907.31072385973
86911.16174346393
86912.5591793203
86913.18641125584
86914.44087512691
86917.57703480458
86919.45873061118
86920.71319448226
86921.3404264178
86921.96765835333
94640.02895310814
94657.93273526803
137475.67176655596
150592.04622248415
161224.09795374548
161237.43585637462
161260.7771859757
161291.354742833
161293.39324662348
161299.50875799495
161303.58576557593
161311.73978073787
161315.81678831883
161321.9322996903
161323.9708034808
161330.08631485226
161332.12481864274
161334.16332243322
161342.3173375952
161342.3173375952
161350.47135275713
161350.47135275713
161352.5098565476
161358.62536791907
161360.66387170955
161368.81788687152
161370.856390662
161489.52775046517
161490.69458634526
169546.35424640248
169556.86038132268
172106.38755528795
182481.51401695548
182483.9998847
182497.13947134954
182497.13947134954
182498.75828318318
182499.3117231263
182499.86516306942
182500.41860301254
182500.97204295566
182500.97204295566
182501.52548289878
182502.0789228419
182502.63236278502
182502.63236278502
182503.73924267126
182504.29268261438
182504.8461225575
182505.9530024437
182506.50644238683
182507.05988232995
182508.1667622162
182508.1667622162
182509.27364210243
182509.27364210243
182513.14772170427
193138.2952896752
193147.36709274282
216690.6008090216
216711.24411889992
216733.60770460145
216738.76853207103
216747.369911187
216749.09018701018
251616.03720346285
263382.37332214497
263384.697769906
263389.4020094226
263828.2798843157
263830.06934013177
263835.8205035407
276183.1486505097
276288.60201967147
276291.7012833529
276772.3454259534
291471.54428320244
291485.5463137633
291642.8800655929
292166.42502778413
292953.5826588818
293803.82783149544
294261.3335724741
294441.48749795824
301977.9466993777
301994.13481771393
303856.9998302528
303858.34192211484
329409.9722959751
336588.577230174
336605.2911164562
344423.6910728984
344469.9955481393
344521.1979668769
344531.19678184926
344552.4442636655
344564.4769704288
344844.90037760744
344847.93046129606
344883.67345762247
355782.2618654897
360234.51556389703
360260.25052125205
360359.1225670902
360360.07725099206
360370.5003699208
360370.5003699208
360371.89319377765
360371.89319377765
360374.67884149135
360376.0716653482
360377.46448920504
360378.8573130619
360381.6429607756
360383.03578463243
360384.4286084893
360385.8214323461
360387.214256203
360387.214256203
360389.9999039167
360391.3927277735
360391.3927277735
360394.1783754872
360395.57119934406
360396.9640232009
360398.35684705776
362490.8071960004
362565.7152923015
362566.58696021186
374301.8105300917
374328.4448273543
374334.6387427177
374369.32097915316
374370.188035064
386348.8144919274
417492.5127390473
417541.00330206356
417544.2962697251
417555.27282859694
417909.97248814174
417909.97248814174
448653.61667237827
451807.39418824005
452594.3119953624
452595.54801123537
456291.9318833292
459900.5678524416
461437.9548344324
461585.29438328923
476712.74968052295
501034.88093674835
501039.2392763004
501045.3409516733
501050.9399190978
501056.2206585551
501106.91575734474
501112.19649680203
501176.22488622135
501182.289665598
501183.5026214734
501184.7155773487
501187.14148909936
501188.3544449747
501189.56740085006
501190.7803567254
501191.9933126007
501194.4192243514
501195.63218022673
501198.0580919774
501198.0580919774
501200.4840037281
501201.6969596034
501202.9099154787
501204.12287135405
501205.3358272294
501207.7617389801
501208.9746948554
501210.1876507307
501212.6135624814
501215.03947423206
501216.25243010744
501217.46538598277
501218.6783418581
501219.8912977334
501222.3172094841
501222.3172094841
501224.74312123476
501225.9560771101
502310.5600056369
502349.8127336026
537056.6818585077
537062.0317779579
537082.3614718685
537108.6498691665
537126.5813233237
537131.0641868629
537143.3920615958
537156.8406522137
537162.4442316376
537167.655791102
537177.0365981378
537181.2058457093
537196.8405241024
537210.3905787098
537216.6444500671
537220.8136976386
537228.4696168518
542797.9848124293
549431.6451066365
550575.2457330998
550993.4203421207
550993.4203421207
551041.8878451394
552163.91353782
560582.5006645763
560591.2173436804
566042.3378994265
566426.1715599768
566427.5643838337
566452.6352132569
574476.4766885843
574501.4875620137
574507.3724734089
574507.3724734089
574511.7861569553
574513.2573848041
574514.7286126529
574514.7286126529
574517.6710683504
574517.6710683504
574519.1422961992
574522.0847518968
574523.5559797456
574525.0272075944
574526.4984354432
574527.9696632919
574529.4408911407
574530.9121189895
574533.8545746871
574533.8545746871
574535.3258025359
574536.7970303848
574694.3521581916
574694.3521581916
580053.7907753603
580099.601766652
580240.1847362033
580240.1847362033
580256.9770264773
582860.0910229351
586073.3817806802
587994.2426872584
592704.6253871358
595292.5197851578
595301.2041802652
595309.8885753725
595315.1831508284
595404.8680936107
595405.9795854966
595411.5370449254
595417.0945043542
595419.3174881258
595421.5404718972
595422.651963783
595424.8749475545
595425.9864394403
595428.2094232119
595429.3209150976
595506.2675151892
598161.4878822915
598168.7287215474
598171.6250572497
598173.0732251009
598175.9695608031
598177.4177286543
598180.3140643566
598181.7622322078
598184.6585679101
598184.6585679101
598187.5549036125
598189.0030714637
598193.3475750171
598194.7957428682
598196.2439107194
598199.1402464218
598199.1402464218
613296.3500507639
617038.9046501125
617069.9295709239
617080.9384137924
617167.3672849095
617167.3672849095
617190.9530504853
617198.8118976776
620478.8844085591
620488.2559915959
626880.7963385847
626885.0762741449
626886.146258035
626887.2162419249
626888.286225815
626891.4961774851
626892.5661613751
626895.7761130452
626898.9860647153
626898.9860647153
626901.1260324953
626902.1960163853
626904.3359841654
626905.4059680555
626906.4759519455
626906.4759519455
626908.6159197255
626909.6859036156
626910.7558875056
626911.8258713956
626913.9658391757
641069.5344762979
641090.8880341032
641244.1586143504
641244.1586143504
641254.5356132839
641255.6886131654
641256.8416130468
641257.9946129284
641259.1476128098
641260.3006126913
641261.4536125729
641263.7596123358
641264.9126122174
641266.0656120988
641267.2186119803
641268.3716118619
641276.4426110323
641278.7486107952
641279.9016106768
641281.0546105583
641282.2076104397
641283.3606103213
641285.6666100842
641286.8196099658
641327.5896857756
641337.3025567773
641366.4411697824
641375.0748328952
641460.9963840642
651426.7848278027
654736.0559076832
654737.4395075409
661840.8411774691
662058.0248471475
662058.0248471475
698177.3096028876
707770.1948249522
707803.0507095753
707803.0507095753
707803.9823334796
710088.2918627033
710102.3031172632
710241.4425309629
743332.4930099382
743361.4240829648
752698.8552632843
752733.0440157705
752958.7229885757
759260.9742208443
759417.869832719
759425.6502759192
759428.9847515766
760059.7171947513
764342.2170266054
798376.9102805953
798387.2319355344
798389.7316392775
798392.2313430206
798394.7310467637
798397.2307505067
798399.7304542499
798402.2301579929
798403.4800098646
798404.7298617361
798407.2295654791
798410.9791210938
798413.4788248369
798415.9785285799
798417.2283804514
798419.7280841946
798422.2277879376
798423.4776398093
798425.9773435523
798429.7268991669
798432.22660291
798433.4764547815
842319.3684122871
855974.013944893
885912.956451835
885925.205922576
885925.205922576
885928.2682902613
885931.3306579465
885931.3306579465
885932.8618417892
885934.3930256318
885935.9242094745
885937.455393317
885940.5177610023
885942.048944845
885943.5801286876
885943.5801286876
885945.1113125302
885946.6424963728
885948.1736802155
885948.1736802155
885949.7048640581
885951.2360479007
885952.7672317433
885954.298415586
885957.3607832713
885957.3607832713
885958.8919671138
885960.4231509565
885961.9543347991
885963.4855186418
885965.0167024843
885966.547886327
885969.6102540123
885969.6102540123
885971.1414378549
885972.6726216975
885974.2038055401
885975.7349893828
885977.2661732254
885978.797357068
885981.8597247533
885981.8597247533
885983.3909085959
885984.9220924386
885986.4532762811
885989.5156439664
885989.5156439664
885992.5780116516
901459.5917739864
905789.1524490038
909191.7196672956
911375.6582508351
911620.0665537154
913025.9608172207
913057.1748300126
913071.0477245868
913577.8695764967
914366.3923594542
918775.7037302749
945816.0414311291
945830.4308696501
962928.9117923062
983005.9280848352
985440.8286225814
1018921.962021465
1018949.1774306678
1018964.7290930694
1018981.2216033745
1044391.1390677997
1052387.6359979375
1052396.933788982
1052467.792549699
1052467.792549699
1052483.390332096
1052492.1485191958
1058259.7721544125
1058270.448933315
1059015.2453487664
1059928.9746948553
1060234.141479491
1060673.7388263103
1060867.0553984414
1060887.006908391
1062474.5217132296
1062499.075998706
1062888.8453026463
1063190.3686076566
1063252.4230612786
1063305.3826518357
1063342.1310640587
1063452.0488487615
1063851.5909796976
1063851.5909796976
1063943.2590822761
1063967.1769118179
1064579.8718248466
1066105.2676080698
1066132.5937052611
1066335.9736603582
1066343.555787579
1066346.0831633192
1066347.3468511894
1066348.6105390596
1066349.8742269296
1066351.1379147999
1066352.4016026699
1066353.66529054
1066354.92897841
1066462.9420073086
1067078.385672055
1067255.8969218107
1067255.8969218107
1067261.0808092777
1070437.6323787987
1070981.852934865
1075207.7912045326
1079418.1593638002
1085603.9022640435
1087790.3036553299
1088840.9632673454
1088849.8644264308
1088851.6446582477
1088853.4248900646
1088856.9853536987
1088858.7655855159
1088858.7655855159
1088862.32604915
1088864.106280967
1088865.886512784
1088867.666744601
1088867.666744601
1088871.227208235
1088871.227208235
1088874.6308638852
1088876.3326917104
1088878.0345195355
1088881.4381751856
1088883.1400030106
1088886.543658661
1088886.543658661
1088889.947314311
1088891.649142136
1088895.0527977864
1088896.7546256115
1088898.4564534365
1088900.1582812616
1088901.8601090866
1088901.8601090866
1088905.263764737
1088905.263764737
1088908.667420387
1088910.369248212
1088910.369248212
1088915.4747316875
1088917.1765595125
1088917.1765595125
1088922.2820429879
1088922.2820429879
1088923.983870813
1088927.387526463
1088927.387526463
1088929.089354288
1088930.791182113
1088935.8966655885
1088935.8966655885
1088937.5984934135
1088941.0021490639
1088942.703976889
1088942.703976889
1088946.107632539
1093598.065522421
1093643.4199257595
1115647.3526802445
1117708.5244484015
1120415.4637781885
1120423.516329361
1120424.858421223
1120429.9223967025
1120431.11229258
1120433.4920843355
1120434.6819802132
1120435.871876091
1120437.0617719686
1120439.441563724
1120440.6314596017
1120441.8213554795
1120443.0112513572
1120444.2011472348
1126245.247943016
1133345.5226772658
1133370.0262307473
1133418.4383897716
1133418.4383897716
1133426.3525809583
1133432.1083563666
1133440.7420194794
1149708.4450195208
1149749.7869832718
1189234.2494771467
1205503.9079649872
