453293.87853146245
453302.40150658647
453449.5750234603
453875.59003167547
453960.42315095646
459313.42341678706
464041.12878688396
467515.65242178016
469021.24427903874
470628.263229873
470642.8555963732
471486.88840562536
471523.58147385414
471559.99782211136
471616.91912026104
501172.9180825612
506428.0701664483
506494.1601196558
506583.98342242395
530735.4199641929
531186.7871338024
537037.4221484872
537049.1919712775
559909.2409737725
582588.185978881
584648.601379116
584660.2697379168
584684.7732913983
620436.2234129437
620445.6088319791
626873.3064513545
626877.5863869147
641322.1936463302
641336.2233488882
641358.8867145589
641359.965922448
641363.2035461152
690926.5545481042
690935.4326471917
690936.7009470613
860451.2093367368
935069.6951276147
940073.0320373828
940080.6510605997
940082.827924376
940088.7866277636
940094.17344321
1130364.372303662
1130368.8690031997
1130369.1687831688
1130447.3929071291
1130448.6658189984
1130448.9840469656
1130448.9840469656
