30025.542022041514
33270.38808054344
395221.7020199917
414017.85996816435
418237.52130647696
418593.1479779264
476693.766690474
550465.3141123983
559784.500222593
559863.291622495
604998.8325235645
605010.7222583424
605012.6316261461
607670.0288570249
607689.3254630415
613479.3403559567
641372.916417117
714494.2318618705
826197.9303652127
830432.4838499947
835697.2012208988
862077.1651576248
875850.4036460418
875867.64330027
875909.3726719812
875910.4887758665
875914.9531914076
888136.5397833
906874.4205054623
939481.8751621406
939817.6748476279
939820.18377537
939825.2016308543
939826.4560947254
939835.2373418228
939839.0007334361
939845.2730527914
939850.2909082756
939852.7998360178
939856.563227631
939857.817691502
939864.0900108574
939865.3444747285
939867.8534024706
939871.6167940838
939872.8712579549
940021.8757386405
940021.8757386405
940029.4947618574
940041.4675126269
945931.4336592692
945953.4513450064
957959.5284230484
960795.9450275279
960989.6213356223
960998.0612947549
970100.2297672541
970296.7193950594
970301.5896665588
970322.2883204315
979516.7152314486
988046.8112827444
988082.3236790946
988082.3236790946
988085.1646708025
988085.1646708025
988088.0056625105
988089.4261583645
988092.2671500725
988092.2671500725
988093.6876459266
988094.8913778029
988098.5025734317
988100.9100371843
988102.1137690606
988103.3175009369
992543.5200445827
1018579.9223006191
1047602.5250697405
1047603.4013496503
1047937.1486953486
1047939.4731431097
1047941.7975908709
1052501.8798381959
1052517.4499485956
1052527.1812675954
1052547.7092774855
1089236.4975706935
1089257.528288532
1089259.6313603157
1089259.6313603157
1089263.8375038835
1089265.9405756674
1089268.043647451
1089268.043647451
1089272.249791019
1089274.3528628028
1089276.4559345867
1089278.5590063704
1089280.6620781543
1089282.7651499382
1089282.7651499382
1089286.9712935057
1089289.0743652896
1089291.1774370736
1089293.2805088575
1089295.3835806414
1089297.486652425
1089299.589724209
1089299.589724209
1089305.8989395604
1104913.4772234482
1104916.2075271674
1105226.1062233169
1105228.8549750342
1115706.25713819
1133515.2765438186
1193446.7668281933
1193733.5225107213
1193738.7248461866
1193743.927181652
1193752.5977407608
1193807.8679430804
1193902.921253311
1193904.166493183
1205491.62159825
