356273.98403095163
356275.4045268057
359916.78569255257
361409.6023111242
361620.91029340646
361721.70554304693
361721.70554304693
365276.4318497001
365281.9846971294
365282.77796104783
365667.5109615058
365668.61322939256
365728.95663119055
365728.95663119055
366041.7470510427
370790.3724509895
370850.77119678183
370925.4210211095
370931.59187647526
371463.2308978346
373862.78507121373
373865.8428268995
373878.0738496424
373879.09310153767
373881.1316053281
377850.5412373611
377938.1046603615
378488.49607179343
378506.4690339462
382420.69147965114
389492.3210848448
392356.11913050996
392931.982615324
392936.3409548761
392945.05763398024
392946.51041383087
392949.4251975313
392952.3399812317
395607.40354035015
395610.3275480496
395611.78955189936
423783.21552450286
423890.610545465
423890.610545465
431318.7707740152
431560.0429172178
431565.2452526831
431587.3551784107
431588.6557622771
431597.75984934135
431886.0836117081
431903.03270996606
431974.3203866393
431974.3203866393
433263.1436541769
445158.6111475872
446940.0835924914
446942.4264882506
446945.9408318894
453215.2070435482
453219.3855151187
453219.3855151187
453220.77833897556
481810.88624054776
483125.7304094111
485433.77328819555
485433.77328819555
521554.36785180104
528859.2539450212
528861.8689487524
528862.7406166628
528864.4839524836
528864.4839524836
530584.0034077552
536130.1127057384
536133.5440333858
536159.3620067321
536159.3620067321
536161.0868945549
536161.9493384663
536162.8117823777
536163.674226289
536164.5366702003
536165.3991141117
536166.261558023
536167.1240019344
536167.9864458458
554237.2563727264
564283.2152042252
564330.8110393333
564341.8798381957
564485.0916474767
564485.0916474767
565051.251485288
565052.8426251245
565841.7020840473
565906.786621358
565928.9565030795
565928.9565030795
566752.0462224841
567403.0714635733
568743.4292138142
589767.2428890333
607078.1986298518
607079.033401766
607084.8768051654
607091.8501484487
630200.8456613575
672708.6952204952
678572.2299978542
678802.1612342224
678802.9452741417
692147.987278568
692200.4902811717
692202.1137050049
692204.9546967129
692204.9546967129
692209.4191122542
692210.2308241706
695182.3140067066
695182.6968026672
705587.5014812846
705599.1790640844
705600.1521959844
705987.2142562029
705987.2142562029
720867.7892188105
720914.8685099718
720917.8109656693
720941.35061125
721489.7127428906
721489.7127428906
739893.6616393736
739924.5574241983
741607.0194632786
741658.5770059796
741711.006216591
741716.4299280336
741747.1642928747
742980.8649420778
742982.7973698791
747494.3521581916
747496.3906619821
780141.2855308123
785056.3349336545
799454.997453792
846072.8350025142
846132.3297963993
846159.5452056022
852311.0993533592
852765.3997546672
852766.335990571
853077.1709226241
860457.3156241092
860461.8953396386
860468.001627011
860472.5813425403
860475.6344862265
860475.6344862265
860477.1610580696
860480.2142017558
860483.267345442
860483.267345442
864545.1752399681
880113.6345438764
880119.3995432839
880310.082663686
893728.109560611
893741.35061125
898020.1885154806
898218.3061791186
899786.2015379737
921064.3808230497
958224.1880158474
958662.3879268102
958662.3879268102
959283.126167012
959284.5789468627
966592.9609357234
992222.0729016203
992437.5455194745
992829.9436631447
992831.7976869541
992855.899996477
1036344.7034067945
1036382.1528429454
1036440.623772936
1037223.8058604422
1037228.2610519843
1038025.5005140457
1038040.3511525195
1039117.1285178507
1039124.9735290444
1039131.0752044172
1049194.8824740816
1049207.653100769
1049213.5472361634
1049631.8371451723
1049631.8371451723
1050093.5859257148
1050094.4299216282
1050130.9108378787
1050387.4440875128
1056495.4701837434
1056516.0950456236
1057096.8241899374
1057111.0798804723
1057134.4073740747
1057163.7719750567
1057184.4706289296
1057214.3702218563
1057252.5022339371
1057279.436311169
1057289.7856381054
1057293.5490297186
1057297.3124213319
1057300.1349650417
1057303.898356655
1057305.7800524617
1057311.4251398814
1057314.2476835912
1057316.129379398
1057318.0110752045
1057320.8336189145
1057322.715314721
1057326.2204343607
1057652.2242328548
1057653.4740847263
1059589.4531257506
1059597.5564089178
1060958.686605024
1073375.074832895
1093853.6809841492
1093860.1008874895
1093864.3808230497
1093898.6203075305
1093906.8573386841
1093925.0286168165
1093925.0286168165
1109959.3090968488
1109990.4769896455
1109996.5094850254
1109997.514900922
1110055.2294629903
1110062.7193502204
1110783.3442761563
1110838.3838784993
1110839.4815343865
1110842.774502048
1133955.6625425569
1133963.0555777971
1133963.4199257595
1133964.1486216846
1143529.2234866074
1155652.7589685775
1155710.860938606
1155740.031835608
1155891.3792120528
1170857.0732379118
1205897.3207485531
1209443.136672122
1209464.8960858856
1209574.3203866393
1209574.3203866393
