375.3937014178696
426.0334562132281
426.0334562132281
723.0692856845455
782.2735235996656
787.4020670725653
791.2484746772401
859.4645596661425
887.4962927851033
3989.5871299591004
4026.2801981878674
4026.2801981878674
5293.307155965654
5298.1266954703115
5298.634015418171
5299.141335366029
5299.141335366029
5299.394995339959
5299.648655313888
5299.902315287817
5300.155975261747
5300.409635235676
5300.663295209605
5300.916955183535
5301.170615157464
5301.424275131394
5301.424275131394
5301.908535081623
5301.908535081623
5302.139135057922
5302.369735034222
5302.600335010521
5302.830934986821
5302.830934986821
5680.526024168157
12608.196676157562
12614.261455534239
12621.539190786249
18587.096009659577
18605.128927806192
18717.61559624507
18717.61559624507
19429.31169109852
19640.366013406827
20815.978528579984
21471.855593170396
21478.88889244753
21480.295552302956
21481.70221215838
21484.515531869234
21487.32885158009
21487.32885158009
21488.735511435512
21491.548831146367
21492.955491001794
21495.76881071265
21495.76881071265
21497.175470568072
21498.5821304235
21501.395450134354
21504.20876984521
21505.615429700632
21509.835409266914
22204.826841837243
22538.75866751647
22538.75866751647
22555.6939297759
22558.55798148154
23268.220184544036
23324.947778713704
23324.947778713704
23331.312338059568
23332.58524992874
23335.131073667086
23336.40398553626
23338.949809274607
23338.949809274607
23341.49563301295
24133.20530764279
28139.22499191299
28237.30377383266
28237.30377383266
29264.382232271826
29273.569335327593
29275.755423102913
29276.848466990574
29277.94151087823
29280.12759865355
29281.22064254121
29282.313686428868
29283.40673031653
29283.40673031653
29285.59281809185
29285.59281809185
29286.685861979506
29287.778905867166
29288.871949754826
29289.964993642487
29291.058037530143
29292.151081417804
29293.244125305464
29294.337169193124
29295.43021308078
29297.6163008561
29593.734342421747
29593.734342421747
29632.55815443152
29635.934138084547
29635.934138084547
29637.62212991106
29642.686105390592
29644.374097217107
29646.06208904362
29651.126064523152
29652.814056349667
29654.50204817618
29656.19004000269
29657.8780318292
29659.566023655712
29661.254015482227
29661.254015482227
29666.317990961757
29667.789218810547
29669.260446659337
29669.260446659337
29683.972725147243
29685.443952996033
29686.915180844822
29686.915180844822
29688.386408693616
29691.328864391195
29692.800092239984
29694.271320088777
29695.742547937567
29697.213775786357
29698.685003635146
29937.586579081384
30026.91178590073
30026.91178590073
30043.348952211356
33402.867766927484
33427.77256436782
33432.75352385589
33439.394803173316
33444.37576266138
33447.69640232009
33452.677361808164
33455.998001466876
33815.56793251107
33815.56793251107
37182.40599047494
37217.25887089283
37269.203821554045
37300.52391033504
37300.52391033504
37303.6231740165
37305.17280585723
37306.722437697965
37308.2720695387
41837.84593999918
41994.37720391123
41994.37720391123
49038.09959997309
49350.55334385979
49350.55334385979
49722.01300968199
49739.10046792578
49756.18792616957
49771.33373261291
49779.98584372366
49802.234129437034
49818.30233578558
49846.73070086378
49867.74297070418
49880.10312943383
49896.17133578238
49912.53471010059
49924.98710882076
49933.28870796754
49952.659105976694
49962.34430498127
49972.02950398585
51250.0330206355
51270.93460248729
51315.29742592777
51315.29742592777
51321.50978928927
52532.44560883198
53894.996300792045
56897.91070015918
60442.209275884044
60486.074003375725
60501.54726178542
60511.3938807734
60522.64715961681
60526.867139183094
60539.52707788193
60549.37369686992
60555.000336291625
60556.40699614705
60610.8055305561
60615.578950065494
60621.94350941136
60652.175166304216
60680.11004743314
62978.47233921256
62981.064282946165
62981.064282946165
62982.360254812964
62984.952198546576
62986.248170413375
62987.54414228018
62987.54414228018
62990.13608601379
76829.75047160899
77854.85960625054
77863.60395735182
77864.69700123947
77865.79004512714
77866.8830890148
77867.97613290246
77870.16222067777
77871.25526456544
77872.34830845309
77874.53439622841
77875.7750241009
77877.01565197339
82180.43551367747
82191.83637650571
82303.90796498724
82303.90796498724
86156.99374497564
86164.60354419352
86170.94504354175
86172.21334341141
86174.7499431507
86176.30418699096
86177.85843083121
86179.41267467148
86184.07540619225
86187.18389387277
88566.05324937786
88571.62915680477
88804.16617290514
88804.16617290514
90925.82431484583
90926.86201473918
93014.16076021126
94168.52579356819
94400.30644174627
94420.60385166015
94573.21952797467
94573.9021039045
102784.64947202214
102789.4367275301
102790.2346034481
102791.0324793661
103556.34306870919
104388.85510314546
104540.28088358224
104541.03263950498
105341.33446925173
105350.34170432598
125453.37428618099
128204.98083137698
165522.0618200103
165523.45464386715
165529.02593929454
168951.43397954706
169222.9562276406
169224.36288749604
169232.8028466286
169234.209506484
169235.61616633943
169237.02282619488
169239.83614590572
169241.24280576114
169242.6494656166
169244.056125472
169248.27610503827
169249.6827648937
169252.7359085799
169254.262480423
169255.7890522661
169258.8421959523
169260.36876779541
169261.89533963852
169263.42191148162
169264.94848332473
169266.4750551678
174904.71826768175
174917.59035835878
175648.76292721048
175661.22916192922
175715.04197239847
175715.04197239847
175717.31107616524
175721.09291577656
175839.43682361345
175842.34238331483
196489.79383721563
196498.20612435104
196501.01022006283
196505.21636363055
196506.35552751346
196508.6338552793
196509.77301916224
196512.05134692806
196513.190510811
196514.3296746939
196515.4688385768
196517.74716634265
196521.1646579914
196522.30382187435
196524.58214964016
196524.58214964016
196526.860477406
196527.99964128894
196530.27796905476
196531.4171329377
196533.69546070354
196535.97378846936
197286.21697536105
197314.73296843024
199306.91383567828
199825.0258624279
203495.53180518144
203510.86209160584
203517.24971094934
203526.19237803022
203528.74742576762
203537.69009284853
203537.69009284853
203541.52266445462
203544.077712192
203546.6327599294
203552.55456732077
203580.1896684805
203586.11147587188
203595.9811548575
204196.67564511945
204232.12347347618
204288.24228370842
204632.8093802946
204633.9946641728
204810.30218205226
205664.5321222564
211239.80309324246
236971.45825660013
236980.46549167437
236998.4799618229
237002.3171454285
246923.22622177954
247035.88814620036
247089.68250867154
247478.225020738
247479.5947845972
271069.2851721012
271108.2565680958
271108.2565680958
271243.11143423576
271317.58600258146
271318.43461049424
272093.58259482624
272343.9449890945
272343.9449890945
272559.4314429473
272570.6386017955
274143.5979361302
276112.6680737536
276113.76111764123
276114.8541615289
276122.5054687425
277263.26971549727
280838.8976040022
280861.6808816606
280867.3767010752
280871.93335660687
280874.2116843727
291297.74569306505
291302.91113253415
291370.2832216098
291375.2457330997
291376.4863609722
291377.7269888447
291378.9676167172
291381.4488724622
291381.4488724622
291383.93012820714
291385.17075607966
291387.65201182466
291388.8926396971
291391.3738954421
291392.6145233146
291393.8551511871
291395.0957790596
291396.3364069321
291397.57703480456
291398.81766267703
291400.05829054955
291401.298918422
291534.17523676535
291534.17523676535
293824.2728253942
307391.0228710338
316130.86804877187
316234.4212741289
317314.5700111136
317314.5700111136
321314.1421200465
322316.9199529832
322518.9901002149
322518.9901002149
339583.6558423465
351459.70681775233
357572.3818095052
382720.3238648556
382846.95092384116
382990.7530690615
394688.3888428045
403479.3395872901
403493.8028178036
403495.61072161776
403497.41862543195
403499.22652924614
403501.0344330603
403501.0344330603
403504.6502406887
403504.6502406887
403508.2660483171
403510.07395213126
403511.88185594545
403513.68975975964
403564.3110665569
403564.3110665569
403569.73477799946
446947.112279769
464746.04524243425
471364.79955417337
471912.98181783245
471912.98181783245
473211.6701523561
479223.9419144282
479246.3008881302
479259.3436227897
479327.62427577196
479654.1861262087
514714.3113548069
521556.08351562475
523688.487616461
526796.36651304
526822.9408543088
526822.9408543088
526826.0308939912
526827.2669098643
526827.8849178007
526828.5029257372
526829.1209336737
526829.7389416101
526830.3569495466
526831.5929654196
526832.2109733562
526833.1149252632
526834.9228290775
526834.9228290775
526836.7307328916
526837.6346847987
526838.5386367058
526839.4425886129
526840.34654052
526841.250492427
526842.1544443342
526843.0583962413
526843.9623481483
526846.6742038697
526847.5781557767
526848.4821076838
526849.386059591
526850.290011498
526852.0979153122
526853.0018672193
526853.9058191264
526854.8097710335
526855.7137229405
526857.5216267548
526857.5216267548
526858.4255786618
526860.2334824761
526861.1374343832
526862.9453381973
526863.8492901045
526864.7532420115
526865.6571939186
526866.5611458257
526867.4650977328
526868.3690496399
526870.176953454
526871.0809053612
526871.9848572683
526873.7927610824
526874.6967129896
526875.6006648967
526876.5046168037
526877.4085687108
526878.312520618
526879.216472525
526881.0243763392
526881.9283282463
526882.8322801534
543127.2262345906
544741.8595966423
575950.7346210633
594502.2536663795
605628.19520288
605629.2375147728
605631.3221385586
605633.4067623443
605635.4913861301
605636.533698023
605638.6183218088
605639.6606337016
605640.7029455944
605642.7875693802
605644.8721931659
605646.9568169517
605649.0414407374
605650.0837526303
605652.1683764161
605653.2106883089
605654.2530002018
605658.4222477733
605661.5491834519
605663.6338072377
607087.4918088967
608240.9805623436
608253.7604130302
608255.2639248756
608256.0156807983
608258.2709485665
608259.0227044893
608259.774460412
608260.5262163348
608261.2779722575
608262.0297281803
608307.148919543
608307.148919543
608313.3751189031
608313.9977388391
608314.6203587751
608315.2429787111
608315.8655986472
608317.1108385192
608317.7334584552
608325.8275176233
608325.8275176233
608326.4501375593
608327.0727574953
608330.8084771114
608331.4310970474
608333.2989568554
608333.2989568554
608333.9215767913
608334.5441967273
608335.1668166633
608335.7894365994
608337.6572964074
608339.5251562154
608340.1477761514
608340.7703960874
608341.3930160234
608342.0156359595
608342.6382558955
608343.2608758315
608345.2255876296
608345.9450595556
608347.3840034077
608348.1034753338
608348.8229472599
608352.42030689
608353.1397788161
608353.8592507422
608354.5787226682
608355.2981945943
608356.0176665203
608356.7371384464
608357.4566103725
608358.1760822985
608363.931857707
608364.651329633
608366.0902734852
608366.8097454112
608368.2486892632
630537.0281428054
630544.942333992
630600.4569722863
630601.4439401849
681729.743233332
681758.863398339
681768.1289053867
681769.4525492507
681773.4234808425
681778.7180562983
681784.0126317542
681786.6599194821
681791.5301909816
681794.8646666389
681798.1991422962
681802.6451098393
681804.8680936107
681812.6485368111
681815.9830124684
681825.9864394403
681831.5438988691
681832.6553907549
681842.6588177268
681847.1047852698
681850.4392609271
681852.6622446986
695183.4623945885
695183.8451905493
750488.9880184096
763414.83154992
763434.261903923
763435.5901597865
783075.6241092274
804449.530056465
830449.0870482883
847277.7383266769
847819.3254310137
852414.0945267736
852942.4267444728
853023.5979361302
853024.7324880137
853075.9948627449
980320.2362368646
1052071.2805024518
1052091.3473123894
1052092.4034602807
1052094.5157560636
1052095.5719039552
1052096.6280518465
1052098.7403476294
1052101.4614273498
1052102.82196721
1052544.3332938324
1052544.3332938324
1052546.583949601
1059593.4240573426
1093427.2785679742
1093692.4178087239
1110840.5791902738
