12330.27758472147
12346.853111017876
12353.263790359
12353.263790359
12355.82806209545
12357.110197963675
18794.75590031675
33838.29586617514
64821.74096576551
114274.00273517195
157679.53649404764
157729.65048089702
157734.2071364287
158156.7539210003
184591.11178013575
215530.67831623583
232425.26735184752
232998.68186491326
239028.08259322486
247902.36294514601
248020.8821089649
248097.62578107734
279080.0055087772
280152.19854657963
280152.19854657963
280709.83540926693
281031.71146818524
281040.90779524005
289976.24179688626
290347.6461187141
292360.553311832
304741.858059309
320404.300689558
321024.9190177722
321312.73084819154
333154.7037590999
361492.58140659577
362357.202181732
382426.77931902546
412412.2292291876
420122.7268447197
567032.8155296274
575999.0591520966
871457.6032335241
871461.6617931069
871465.8494886766
920666.7895679134
920699.1104605915
920738.4185325514
920793.9423948448
920848.9174291947
920899.741663971
920932.6990125837
920954.6705783255
921204.9822405991
1018335.472489743
1018339.7339773051
1018342.5749690131
1018349.6774482831
1018351.0979441371
1018353.9389358452
1018356.7799275531
1018358.2004234071
1155852.8321200146
