873.014614273498
5594.664428992822
5681.300840088524
5685.562327650538
5687.734579427279
5808.651982999656
5808.813402983065
5810.104762850342
29639.31012173757
60477.60637224601
60493.107302652854
60494.51396250828
61213.0173686621
61231.36390277649
61250.01482885958
61250.01482885958
61771.3414192788
61785.53715381979
61795.00097684711
61813.928622901774
61927.623635216456
62020.6384416566
62029.161416780626
62030.58191263463
62051.8893504447
62051.8893504447
62919.471029276596
62923.81553283008
62924.53961675566
62925.26370068124
62939.593183208475
62939.593183208475
62970.696508011744
62973.28845174535
62975.880395478955
62975.880395478955
90927.89971463253
141405.24294668334
141409.02478629467
141410.91570610032
141416.5884655173
141418.47938532295
141420.3703051286
141424.1521447399
142571.5715068107
142581.16446582475
142581.16446582475
142582.3635857015
142583.56270557825
142591.95654471556
142593.1556645923
143233.7992947484
143248.9174291946
143251.66618091209
143251.66618091209
143253.04055677084
143254.4149326296
143297.91070015918
143297.91070015918
144211.58009025428
144220.48124933944
144222.26148115646
144224.0417129735
144225.8219447905
144227.60217660756
144229.3824084246
144248.96495841193
144248.96495841193
145258.15347068978
145266.7317898081
145268.16150966118
145269.59122951422
145271.0209493673
145272.45066922036
145272.45066922036
145274.07870505302
145301.75531420848
145301.75531420848
151138.16231035555
165513.70487686922
165515.09770072607
165515.09770072607
165516.4905245829
183616.03361635213
183617.15894423646
183617.72160817863
183618.2842721208
183618.2842721208
183625.03623942684
197291.4977148183
204942.16847249932
215046.97641794966
232448.92690941584
233019.48198277547
274242.58528195653
274278.4205182735
274304.6996915726
281169.6102540122
281181.85972475325
290101.02866806096
290385.66283080686
292257.894814383
318252.8951506747
374430.4853168668
374433.9904365066
382424.3441832757
382656.40155142534
386210.150114179
487117.2960871668
566156.3695877065
566167.8626905252
566218.7607172941
566311.5725957551
566311.5725957551
607074.859542195
620450.728151453
620452.4345912775
620453.2878111899
620453.2878111899
620454.1410311022
620454.1410311022
620454.9942510144
620455.8474709268
620456.7006908391
620457.5539107514
620458.4071306636
620459.260350576
620460.9667904006
637285.6886451931
680929.1877436113
680970.7787553365
680976.6037107379
680986.3119697401
680992.1369251414
680997.9618805428
681001.8451841436
681007.670139545
681019.3200503476
681025.145005749
681030.9699611503
681083.3945597622
681098.7525181838
681774.7471247065
681776.0707685704
695182.6968026672
1018118.939111998
1018127.3790711305
1018134.1310384365
1018139.1950139161
1018140.8830057427
1018142.5709975691
1018144.2589893957
1018145.9469812221
1018147.6349730487
1018149.3229648751
1018151.0109567017
1018152.6989485283
1018154.3869403547
1018159.4509158343
1018302.8564290954
1018304.8026928953
1018306.7489566953
1039119.7435215819
1110835.0909108378
