29662.94200730874
60382.45621002534
82354.09113182953
82365.48277065871
82365.48277065871
82370.0394261904
82390.54437608294
82417.87047327442
82424.97295254446
90926.17021481028
104639.25900540949
104649.26704438087
104649.26704438087
128183.87632154605
165520.66899615346
169303.11277940226
169313.798782304
169313.798782304
169315.3253541471
169382.60520323223
169396.85628176754
169403.9818210352
169436.16435372757
169471.60295808525
169494.60299972136
169497.7714433957
169504.10833074444
169506.22062652733
169508.33292231022
169509.3890702017
169511.5013659846
169512.55751387603
169514.66980965892
169516.78210544185
169517.8382533333
169521.00669700766
175840.0179355537
175841.76127137453
180272.6844719741
180275.92209564135
180276.28183160437
186546.2352311925
202833.76060519682
202854.30706308509
202858.41635466277
203153.88410429526
203180.283189582
204228.74748982317
222777.56390341703
222785.8655025638
222785.8655025638
222791.399901995
222911.7730896233
222927.4077680164
222953.9867212847
222960.24059264193
245245.37157022572
268411.23303728993
268418.0034525941
268418.0034525941
276115.94720541657
276131.2498198438
307322.61769406433
307328.1520934955
307329.0744934007
307329.9968933059
307382.02024795907
307388.7722152651
314250.6250220191
314260.07962104736
314260.07962104736
314261.97054085304
314300.7390088685
314310.6732558475
321315.5533919014
336661.6128546676
351454.057118333
351455.3484782003
351455.3484782003
351455.5098981837
351459.38397778553
351459.70681775233
351463.99597731157
351464.45717726415
351466.07137709827
351467.91617690865
354053.90581912635
354061.1374343831
354061.1374343831
359921.74820404255
365732.48481082794
365733.66087070707
379262.6617002264
424534.1505113234
424545.1086221972
424546.1048140948
424547.1010059924
424590.0479455784
424609.2892076009
440906.370644623
440912.92890794895
440912.92890794895
445572.75948102196
445582.85514798434
445583.77293589
446938.91214461176
446938.91214461176
446943.5979361302
483975.0946901153
483985.7760810175
483985.7760810175
483989.33654465154
483991.1167764686
484012.479558273
484017.82025372406
484039.18303552846
484042.7434991625
500944.7394060129
521554.36785180104
524101.19239404413
524102.1055699503
524102.1055699503
524102.409961919
524105.1494896374
524108.80219326203
524110.5547530819
539152.4482351094
539167.5018015623
539169.3834973689
539171.2651931754
539175.0285847887
539178.7919764019
539179.7328243052
539182.2325280482
539185.9820836629
539188.481787406
539192.2313430206
539195.9808986352
539199.7304542499
539227.2271954238
539385.3034791772
539385.3034791772
567006.9329882875
567019.3115950152
567332.7430828015
607084.0420332513
607089.2351447175
630238.3319935048
645132.8490306794
692245.0329725939
692252.6427718117
692252.6427718117
692254.1647316553
692271.2521898991
692277.6859292379
695181.9312107459
719047.6912778763
719057.4456568736
719057.4456568736
729222.4678681352
729331.8091528973
729333.1143487631
741705.5825051485
741712.8141204052
804364.3971572148
804381.7059914358
804381.7059914358
805917.9584215431
821194.8102194222
821236.2582591623
821251.5285895929
821258.0730169202
821264.6174442476
821300.7478485343
821537.0482562478
821538.768532071
823893.1481700931
823895.8323538172
860495.4799201868
860503.1127794023
860504.6393512455
860506.1659230886
860507.6924949316
860509.2190667747
860510.7456386179
860513.798782304
860515.3253541471
860516.8519259902
860519.9050696765
860521.4316415195
860522.9582133626
860526.0113570489
861755.6211626722
863829.1484775597
863849.353647483
863861.7875982051
871249.9387308675
871397.6426276867
871403.4952550852
871403.8918870444
880582.5549836818
1026832.3252484554
1026842.7852633804
1026842.7852633804
1026884.7083390717
1026891.2112584034
1026917.2229357299
1039118.8718536715
1052700.8461097465
1052712.652828533
1052713.8335004116
1052715.0141722902
1052750.102264684
1059592.1004134787
1205462.4414772491
1205487.0142107236
1205785.1938160774
1205788.5697997303
1205795.3217670363
1205800.0582905496
1205805.5004499904
