947.987278567974
1032.0963139234345
1035.140233610587
1110.4219018733045
1110.4219018733045
1115.8456133158675
1119.4614209442427
1120.3653728513366
1122.173276665524
1123.9811804797118
1125.7890842938996
1126.6930362009934
4891.929449218361
29644.374097217107
29652.814056349667
77950.36489243472
77960.11465943266
77960.11465943266
77962.90030714637
77964.29313100321
77965.68595486006
77967.07877871691
77968.47160257376
77969.8644264306
77971.25725028745
77972.6500741443
77975.435721858
77975.435721858
77978.2213695717
77979.61419342854
77981.00701728539
77982.39984114224
77983.79266499908
77985.18548885593
77987.97113656964
77989.36396042649
77989.36396042649
169421.08311527758
382741.07786272257
383300.91003718425
394684.9206191609
413840.0996704342
434017.9342726012
434414.2157198723
434468.6880462738
480579.34400712297
480930.93979098677
539106.8540077956
605686.4724288903
605686.4724288903
605688.5201566798
605689.5440205745
605691.5917483642
605691.5917483642
605693.6394761537
605693.6394761537
605695.6872039433
605695.6872039433
605697.7349317328
605697.7349317328
605698.7587956275
605699.7826595223
605700.806523417
605702.8542512066
605703.8781151014
605704.9019789961
605705.9258428909
605706.9497067857
745288.3497689196
776348.0035486774
776358.0023636498
847279.4724384986
1155580.2860080262
