315020.7182548706
315028.78003004205
315034.8263614206
315038.85724900634
315040.8726927992
315042.88813659205
315050.9499117635
315052.96535555634
315056.996243142
315059.01168693486
315061.0271307277
315065.0580183135
315068.42477796745
315070.10815779446
315070.10815779446
315071.7915376214
315075.1582972754
315076.8416771024
315080.20843675634
315083.57519641035
315085.2585762373
315086.9419560643
317953.57176943845
317984.1216542986
353933.25129952695
353941.21161070885
353941.76966265147
353946.7921301353
353951.25654567644
353958.5112209308
353972.6423874784
353979.43125078065
353992.1603694724
353993.0089773852
353994.70619321073
353996.98452097655
354002.5465924049
354007.4906558968
354013.6707352616
354019.2328066899
354028.5029257372
354036.73073289153
354038.5386367057
354049.38605959085
354055.71372294053
354058.4255786618
354068.36904963985
354078.31252061785
354084.64018396754
354086.96924372815
354089.0538675139
354093.2231150854
354097.9135186033
354103.64623401413
354118.1140765272
354119.30397240486
354122.0803961195
354124.0635559157
354128.02987550804
354133.1860909781
354134.3759868558
354134.77261881507
354135.16925077426
354135.96251469274
354136.359146652
