5949.331804540898
6460.396696014784
6475.145870498896
6661.798103315195
6661.996419294812
6760.172053204538
6760.172053204538
6768.2937843698055
6978.264286789504
68775.70501138587
68779.02565104458
68781.51613078862
68783.17645061796
68784.00661053264
68784.83677044732
68785.666930362
68786.49709027668
68788.15741010604
68789.81772993538
68791.47804976474
68792.30820967942
68793.1383695941
87484.83452850312
179351.9863946014
179716.2236691659
179780.3442985757
179780.64869054445
259166.83049940906
259708.8511317014
259708.8511317014
285310.38334043283
325980.49867244874
325982.491056244
325985.36894394824
325986.32823984965
325988.2468316524
325993.0433111595
325994.0026070609
325994.9619029623
325995.9211988637
325996.88049476506
325998.7990865679
326000.7176783707
326001.6769742721
326002.63627017353
341990.60305096576
342363.1142526799
342364.15656457277
342807.41122701607
349622.12478661496
478963.0226532449
478966.86906084954
478974.5618760589
478977.12614779535
478980.97255540005
478983.5368271365
478988.6653706094
478989.9475064776
478991.2296423458
478993.7939140823
479384.40260193637
479396.0617367381
479397.5191285883
479398.9765204385
479401.89130413893
479404.80608783936
479406.2634796896
479409.17826339003
479410.6356552402
479415.0078307908
479420.8373981917
479420.8373981917
479425.20957374235
479431.0391411432
542493.1915997553
542543.2087346147
542663.231410279
545551.9204173859
545575.4231669705
545594.6644289929
545623.5263220265
553313.0670117126
557440.9264994602
557736.5741170744
557836.0549468499
558300.2942071364
558467.6959539312
559684.9040928293
559687.5882765534
559746.9585464515
559749.1999782211
684967.0117766127
685379.4997902181
687400.0582905497
697308.371996195
698245.5671958723
699492.7625556883
821949.76225783
823414.9299392434
823414.9299392434
829446.5674873249
829456.229626332
829458.1620541333
829460.0944819347
829462.0269097361
836169.110236397
859931.552290146
868498.7103696326
868537.2528496713
947595.3324002576
956476.6875594516
966407.1803708175
996756.22648761
996825.4479884956
1025119.1888005278
1063115.0731033953
1080358.7582191278
1085025.9080354483
1171061.7630008743
1174636.081081514
1175031.108064914
1175031.108064914
1175060.0944819348
1188005.0040194858
1188008.5275871234
1188088.7118108822
1188088.7118108822
1188090.2983387192
1188090.2983387192
1188091.8848665562
1188091.8848665562
1188093.4713943931
1188095.05792223
1188095.8511861486
1188097.9404219338
1188099.2363938007
1188100.5323656674
1188101.8283375343
1188103.124309401
1188107.0122250016
1188109.6041687352
1188110.900140602
1188112.1961124686
1188515.6123230064
1192175.630578838
1192180.173398371
1192181.0819622776
1192182.899090091
1192184.7162179041
1192186.5333457175
1192191.984729157
1192193.8018569704
1192196.5275486903
1192199.1425524217
1192200.014220332
1192202.6292240631
1192203.5008919737
1192205.2442277945
1192206.1158957048
1192207.8592315256
1192212.2175710776
1192213.0892389882
1192215.7042427193
1192217.4475785403
1194306.830947798
1194318.4347386053
1196426.3398979595
1196513.2438050276
1196513.2438050276
1196698.2818380098
1200416.3282718775
1201014.4169824072
1202563.204827226
1202564.3532151082
1202804.4769704286
1203830.3424729926
1203831.5000848735
1203867.3860531852
1205066.404465953
1205066.404465953
1205129.860967431
1205282.5873317341
1205712.6101675374
1205712.6101675374
