394832.6481712116
395477.7649584731
397795.76127568213
397819.9888446581
398148.85443806875
456768.7833800686
456827.7789408538
457339.9246632386
457378.5160338939
457655.18012821
795468.0411677962
795527.8894245831
801811.8738682294
801819.3995981021
802888.4328272679
802892.7238135989
802978.5160338939
803433.4100963485
803627.9183062217
803711.9886307201
803716.4116473995
803890.7082114014
803947.6352967245
803956.4923326126
803991.920476165
804169.4187761215
804191.1597735314
804886.844184323
805081.8695130617
805116.3294340573
806649.2347893856
806651.4022876091
806913.642066336
806926.6250506192
806929.2216474758
806988.7233245976
806991.077865815
807046.5086071868
807058.0062500478
807060.096730568
807061.1419708281
807107.572643434
807114.7517936415
807116.3471603543
813014.6104417057
813021.6520603
813044.5373207314
813513.5366254327
813519.1974266308
813524.8582278288
813532.4059627595
817649.8108940319
817731.0205609762
818173.949373085
818175.4127094492
818194.8486770223
818196.3945323543
818340.6046806592
818351.9922982296
819417.6312471825
819420.1178187486
819433.7939623621
819462.0539582362
819464.7935879705
819693.1455772126
819694.68593128
821887.6330045309
821948.6090205456
821964.7497306673
822782.1056089976
822925.0394639323
822942.9295761734
822957.838003041
823066.2789293928
823077.8095798409
823421.132496428
823434.7976375126
823568.5113731003
823585.8898677405
823670.4938148977
824137.9252592089
824217.9191466927
825250.247938936
825300.3094461296
825329.878742961
825497.8048426409
825674.9785679902
825712.5632072372
825743.4363037614
825934.7922890609
825945.3382131588
826341.588795758
826366.6415544129
826379.2284476502
826571.519647919
826589.4262639537
826590.6200383559
826652.3332238175
826652.3332238175
827214.7274963898
827353.3923700517
827353.3923700517
827378.0380351316
827392.8254341796
827397.7545671957
827577.7779475698
828261.1890372023
828701.3012018735
828892.1565721009
828892.1565721009
830407.078293691
830407.078293691
830470.3703420716
830471.993215107
830473.6160881424
830475.2389611779
830478.4847072486
830481.9174963133
830483.6338908457
830828.3321235646
830828.3321235646
830829.8559738385
831670.0255961613
831725.923945018
831725.923945018
833440.299513291
833444.7885451448
833446.284889096
833447.7812330474
833449.2775769987
833450.7739209499
833453.7666088525
833455.2629528038
833747.8312028669
833747.8312028669
833915.3006975909
834041.0375996149
834594.8609020545
834694.3457697567
834721.6100367515
834724.2066336081
834728.1015288931
834755.3657958878
834765.9062187211
835122.2671322366
835291.6510670162
835291.6510670162
835325.9789576632
835330.5175008978
835333.5431963876
835336.5688918773
835350.184521581
835360.7744557951
835365.3129990296
837052.2042497268
837164.2044942274
837164.2044942274
837173.8702160009
837176.6318507935
837180.7743029821
837182.1551203784
837182.1551203784
837186.297572567
837187.6783899632
837190.4400247557
838185.3712207458
838540.422833304
838558.395464513
838558.395464513
838590.3468088845
838657.7483018666
838657.7483018666
838661.6321946225
838663.5741410004
838665.5160873784
838665.5160873784
838669.3999801343
838671.3419265122
838677.1677656461
838679.1097120241
838681.051658402
838688.8194439139
838690.7613902917
838754.8456207642
838754.8456207642
838758.9825716884
838761.1775762346
841960.7735389177
843357.6656300859
843361.4780064028
843364.0195906142
843367.8319669313
843369.102759037
843371.6443432483
843372.915135354
843395.7893932564
843398.3309774678
844224.2963347825
844243.4407353357
844243.4407353357
844947.4925694726
847574.7094644672
848224.089731737
848366.5064678062
848366.5064678062
848370.3573529749
852492.4933717403
857259.6746613284
858049.6892549607
860359.5767082572
861054.7329976544
861115.3349276814
861117.0293171556
870339.987316529
870347.3039983497
870348.8443524172
870349.6145294509
870350.3847064846
870351.5399720353
870352.310149069
870353.6634601426
870354.5656675249
870355.4678749073
870359.9789118193
870364.4899487313
870365.3921561136
871647.1977933816
871681.5916992031
871696.6266551549
871717.0638528718
871948.2489933451
872030.8504802146
872032.0222495587
872032.0222495587
887935.5783586366
892834.0418248917
904543.2193094385
904566.6326912645
904591.7569663582
906279.1983435081
906510.5265168591
906533.9068910978
906539.4081556246
906542.158787888
906546.2847362831
906550.4106846781
906551.7860008099
906557.2872653366
906561.4132137317
906564.1638459951
906571.0404266536
906573.791058917
906577.9170073121
906582.0429557071
906586.1689041022
943652.0169011072
943824.5310554022
943832.0072738942
943832.8379648377
951877.5846392469
955474.0913362724
955481.3860130348
955579.5505772508
955579.5505772508
964621.1648927635
964684.5724676992
964702.0609876298
964716.369776664
964732.2684311463
964838.8389275591
964992.5882685534
964992.5882685534
968531.4637183964
968580.8430687888
968684.4153760343
991923.6546734007
991948.8119560817
991981.3244294348
991981.3244294348
1001763.4364565744
1003437.3062141368
1008896.17799647
1020057.1654734525
1024297.8317377119
1046971.8161049519
1147046.386356864
1167831.0439413504
1167867.049717678
1167869.167704521
1167873.4036782065
1167901.7131854615
1167910.6252339948
1167912.4076437014
1167919.5372825281
1167923.1021019416
1167932.014150475
1167937.361379595
1167939.1437893016
1167949.8382475418
1167953.403066955
1167956.9678863685
1167969.444754315
1167981.9216222619
1167997.963309622
1168025.3100955845
1168059.9020469289
1168062.064043888
