30908.846007257496
30916.663346454046
30918.226814293357
30919.790282132668
30963.62272562767
30965.204641465083
31410.179579731546
31421.995522517132
31423.683514343644
31425.371506170155
31455.75535904737
31457.443350873884
153934.06249899915
153939.4862104417
153940.84213830234
153942.198066163
153958.87505644897
153960.0003843333
193625.97734355234
242287.2535222545
242293.5719616051
242294.83564947522
242297.36302521548
242297.36302521548
242320.56599483071
242321.88041469562
243032.49730166
243549.90830448165
243558.0115876488
243559.16919952983
243560.32681141084
243560.32681141084
243561.48442329187
243562.6420351729
243563.7996470539
243566.11487081597
243567.27248269698
243567.27248269698
243569.58770645905
243571.90293022108
412196.4429953656
412203.26875466405
412204.97519448865
412218.94955305243
412218.94955305243
412494.3689407454
412551.5208388715
412558.2174621832
412559.3335660685
412560.4496699538
412562.68187772436
412566.0301893802
586332.631498035
586338.313481451
586339.7339773051
586341.1544731591
586342.5749690131
586373.8258778012
586375.2463736552
586680.8835822425
586717.8256984458
586721.1094421082
586721.9303780239
586722.7513139395
586723.5722498551
586724.3931857707
586725.2141216864
586725.2141216864
586726.035057602
586727.4509414565
586728.866825311
586731.6985930199
586731.6985930199
586733.1144768744
586734.5303607289
586734.5303607289
586735.9462445833
586737.3621284378
586738.7780122923
586738.7780122923
586740.1938961467
586741.6097800012
586745.8574315647
586745.8574315647
586747.2733154192
586748.6891992736
586750.1050831281
586751.5209669826
586754.3527346916
586758.600386255
586758.600386255
586760.0162701095
586761.432153964
586762.8480378184
586762.8480378184
586765.6798055274
586767.0956893818
586767.0956893818
586769.9274570908
586769.9274570908
591550.2603537787
591552.2711855721
591553.2766014688
591553.2766014688
591554.2820173654
591555.2874332621
591556.2928491588
591556.2928491588
591558.303680952
591559.3090968487
591560.3145127455
591561.3199286421
591561.3199286421
591562.3253445388
591569.3632558155
591570.3686717121
591571.3740876088
591572.3795035054
591573.3849194021
591574.3903352987
673307.7063309301
673314.1861902642
673315.4821621309
673316.7781339977
673318.0741058645
673342.6975713338
673343.9935432005
673762.0021202386
673766.5449397718
673766.5449397718
673776.5391427446
673776.5391427446
674791.1836504616
694434.1923395969
694489.0797459558
694489.7300378889
694492.9814975547
751516.6522007886
758692.0287353193
758698.8083746225
758701.5202303438
758704.232086065
758705.5880139257
758706.9439417863
758708.299869647
758708.299869647
758709.6557975076
758711.0117253682
758712.3676532289
758713.7235810895
758715.0795089501
758716.4354368108
758717.7913646714
758719.1472925321
758719.1472925321
758720.5032203927
758721.8591482533
758723.215076114
758724.5710039746
758724.5710039746
758725.9269318352
758727.282859696
758728.6387875566
758729.9947154173
758729.9947154173
758734.0624989992
758734.0624989992
758735.4184268598
758736.7743547204
758738.1302825811
758755.4990727959
758755.4990727959
759231.2129879032
759237.8265952234
843329.8528964317
843332.6293201464
843334.0175320037
843335.405743861
843336.7939557183
843339.570379433
843339.570379433
843340.9585912903
843342.3468031476
843345.1232268623
843347.8996505769
843352.0642861489
845267.6997972642
845273.3817806802
845274.8022765341
845274.8022765341
845276.2227723883
845290.4277309283
845291.8482267823
845691.6347936932
845698.4605529916
845698.4605529916
845699.8257048513
845701.190856711
845703.9211604304
845705.2863122901
845705.2863122901
845706.6514641498
845706.6514641498
845709.3817678691
845709.3817678691
845710.7469197288
845712.1120715885
845713.4772234482
845714.8423753079
845714.8423753079
845716.2075271676
845717.5726790273
845718.937830887
845720.3029827467
845743.5105643615
845743.5105643615
885545.0019056526
885547.8152253634
885549.2218852188
885549.2218852188
885550.6285450743
885552.0352049296
885553.4418647852
885554.7332246525
885554.7332246525
885557.315944387
885557.315944387
885558.6073042543
885559.8986641215
885561.1900239888
885606.3876193435
885607.6789792108
897384.6042488046
897389.5852082927
897402.8677669276
897419.4709652211
897422.7916048798
897424.4519247091
897431.0932040266
897437.734483344
930696.9384650369
930704.8711042216
930704.8711042216
930705.8626841197
930706.8542640178
930706.8542640178
930707.8458439158
930708.8374238139
930719.7448026929
930720.736382591
931008.7788129867
931018.4824599894
931037.8897539946
931037.8897539946
931322.6715007254
931332.0015757665
931333.3344436296
931334.6673114926
931336.0001793556
931337.3330472186
931339.9987829446
931339.9987829446
931341.3316508076
931369.3218759309
931369.3218759309
1013919.0355796547
1013925.104971031
1013926.6223188749
1013928.139666719
1013968.0196266202
1013968.0196266202
1037788.7389063796
1040644.3783248833
1040647.1455245989
1040647.6067245515
1040648.5291244567
1040650.8351242198
1040687.6665524342
1040687.6665524342
1040689.7142802238
1040690.3968561536
1040691.0794320835
1040692.1032959783
1040692.4445839432
1040693.127159873
1040693.468447838
1040694.1510237678
1040694.4923117327
1040695.2302316569
1100475.8020555426
1100484.712438627
1100484.712438627
1100487.6825663215
1100515.8987794216
1100517.383843269
1100907.9833071239
1101248.4733961292
1125805.6690441952
1190420.4004112368
