833775.168866441
837228.4219595232
837250.5042132537
837273.0015469415
837634.9973897364
837637.3725694923
837639.7477492482
840897.8117983916
840929.5792511266
841610.033661191
841610.033661191
841647.3908573515
843275.9709059696
843282.2201653274
843287.2195728136
843288.4694246851
843299.718091529
843303.4676471436
843303.4676471436
843305.9673508867
843447.4312123474
843458.642983195
843461.7007388808
843464.7584945665
843496.3045713243
843599.0414727652
843697.8996826047
843702.8990900909
843714.1477569347
843758.1185604156
843763.7913198326
843765.6822396382
843767.5731594439
843767.5731594439
843769.4640792495
843773.2459188609
844963.9904044787
845708.0166160094
845750.33632366
846028.8549750344
846056.3424922093
846056.3424922093
846414.7225273757
850739.2007789154
850749.2549378821
850750.2603537787
850751.2657696754
850759.3090968487
850760.3145127455
850766.3470081254
850770.3686717121
852243.9809242575
852252.1995074128
852460.7771859757
866210.964900762
866423.5504069129
866914.2856044762
866926.3874912324
866931.2116427366
866931.2116427366
866934.117202438
869617.6460226309
871093.8087109141
871103.8444218826
871130.6309151296
871130.6309151296
871131.9591709931
873245.67544975
873252.5012090484
873253.1468889822
873253.7925689158
873254.7610888162
873362.0684817873
873378.77775607
873379.3265840136
873379.8754119573
873388.1078311112
873390.8519708291
873393.5961105471
874641.6354662763
874957.5574338066
875818.2949053419
875827.9155363531
875829.2899122118
875829.9771001412
875830.6642880706
875831.3514759999
875832.0386639293
875832.7258518587
875833.413039788
875834.1002277174
875860.2548770293
875860.2548770293
875861.8967488606
877048.024622953
877051.6588785795
877180.6103853262
877199.8654833471
878131.2864596177
878136.8439190466
879297.6841997381
879315.0668259514
879381.4796191257
879381.4796191257
879608.5560277873
880516.031502519
880518.5219822631
880519.7672221351
880520.3898420711
880521.0124620071
880521.6350819431
880522.2577018791
880523.5029417512
880525.3708015591
880529.7291411111
884724.2227980103
884738.3355165599
885211.0285719776
885217.9926912619
885217.9926912619
885219.3855151187
885220.7783389756
885222.1711628324
885222.1711628324
885224.9568105461
885226.349634403
885227.7424582598
900256.7223416147
900269.5344762979
900271.6698320784
908058.9895237149
908073.079182267
910391.4344919914
911589.6965368368
911963.7619823911
911971.0489416422
912148.4448914098
912148.4448914098
917153.6450489864
917167.2596715871
917448.4625066858
917778.2435327917
917781.7578764305
917783.5150482499
917783.5150482499
917785.2722200693
917787.0293918886
917787.0293918886
917788.7865637081
917790.5437355274
919824.7491424563
920428.7919443742
922358.3141860621
928080.1913979803
928134.1425684354
933496.0993373453
933529.7669338852
933531.0813537501
933667.3336557462
936193.0260161612
936200.2945274141
943968.9448449695
946293.1573940922
946349.5344762978
946451.9623737705
946451.9623737705
946453.3828696245
955761.76306493
962504.008275977
962511.645747192
963486.710074977
963664.8900646641
963688.5219502352
966754.3301871383
966766.2983259083
966944.2200436218
990056.3517162083
990061.083627722
990064.2382353977
990065.8155392356
990068.9701469115
990072.1247545872
990075.279362263
991278.1072866389
991309.436599419
991309.436599419
991312.9324950597
991314.68044288
991318.1763385207
991319.9242863411
991323.4201819818
991328.6640254428
991328.6640254428
1005792.9460748361
1005928.7510128784
1027724.6087967486
1027731.1393880773
1027731.1393880773
1027732.7720359096
1027732.7720359096
1027734.4046837417
1027737.6699794062
1027737.6699794062
1027739.3026272383
1027739.3026272383
1027740.9352750706
1027742.5679229028
1029677.5323240315
1029716.75738
1029758.6112756982
1029758.6112756982
1030047.1564140422
1030120.939182459
1030246.5285415512
1030256.5688645194
1030511.8430382828
1030511.8430382828
1040622.3606391463
1040627.7751265898
1040628.2363265423
1040629.1587264476
1040629.6199264001
1040630.5423263054
1040633.309526021
1040634.2319259262
1040634.6931258788
1040635.615525784
1040636.0767257365
1040636.9991256418
1040637.9215255469
1040638.3827254996
1040639.3051254047
1040640.2275253099
1040641.1499252152
1050286.5012538875
1050509.0994110093
1050527.2937491394
1050563.7516053922
1050835.8641894253
1050835.8641894253
1051161.448295962
1055757.3473316059
1055770.3577822687
1055889.545686019
1055901.3339568074
1056481.9846971293
1062308.8909742527
1073868.1206422208
1073873.1431097046
1073888.2105121561
1073913.4058655666
1073941.0778627226
1073941.0778627226
1078129.0270922945
1078137.992819373
1080484.25072623
1080524.061506138
1127337.9551547102
1134002.5250697406
1139053.4900986133
1142786.3502749584
1145248.0972619455
1162085.0547514805
1172485.1828625784
1173996.350627264
1174018.2945210086
1178970.3321600491
