1675.082839838708
8898.138225469125
8901.0437851705
15653.287811189859
17165.38258778012
29461.614392000738
43242.94693958601
43555.42835546987
43557.093287298754
47018.41276755202
61091.209849181214
71715.13523727778
92298.54907776024
92301.84204542178
92302.07725739761
92303.01810530091
92309.13361667238
92310.38808054345
96336.36849876212
96342.96365808429
128712.42069122344
128759.36623439848
128770.69791723383
129129.40079236715
129130.67831623585
132639.99948755561
139171.07507630618
139202.0446531232
139262.86770287194
139400.77110069853
139400.77110069853
152461.65397833002
152480.40175640315
153333.66317670682
166437.2992899442
166462.11184739403
166462.11184739403
166473.02845027205
166500.92643540478
166511.8430382828
166873.90344907102
181605.24794301618
181608.75306265592
192587.4380662911
204903.94422042795
207144.5458301439
215606.91928039995
220860.99215639805
243161.86388836402
257513.15656137004
257572.33312728797
257572.33312728797
260879.4273433922
260882.32367909452
260893.9090219038
260894.6331058294
263748.08643655776
263749.6914123928
263749.6914123928
263750.09265635157
263750.49390031036
263750.8951442691
263751.29638822784
263752.0988761454
263752.0988761454
263755.30882781546
280217.91953982494
280224.0350511964
280225.05430309166
291380.2082445897
291458.7090885216
293122.27115354437
298205.7830630723
346946.61162159825
355348.5817140624
355349.92841792403
355350.9384458202
355351.2751217856
355352.19290969125
355354.51735745237
355355.09846939263
355355.6795813329
362351.1512383539
370846.8417731857
403289.69877878093
403304.00058931106
452004.1513120178
452031.13612124434
452031.13612124434
452553.81863952416
452560.3123348568
452561.12404677336
452563.55918252305
452565.9943182728
452566.8060301893
461402.57618606853
461414.2952768641
463228.5959343943
463244.8809047206
463252.28316395974
463257.0104634739
463274.67442165845
463278.2072132954
463315.3015254829
463317.06792130135
478405.03989059315
478415.92420947447
551407.213551592
559024.2536087295
559458.2750481217
559459.3219720141
566707.5312030592
566797.0731738564
566798.2584577345
638063.6176652393
666467.6728939336
666485.7196480788
687944.2419506195
687963.1142526799
687964.1565645728
692615.7731664899
692632.9205807275
692745.7439251319
692746.394217065
692778.1893417973
701530.8835502147
701539.3373453459
701543.7648648908
758081.8335260338
765890.5528954709
765897.401714767
765898.7714786263
765900.1412424855
765900.1412424855
765902.8807702039
765904.2505340631
765905.6202979223
765905.6202979223
765906.9900617816
765908.3598256408
765909.7295895
765909.7295895
765911.0993533592
765912.4691172184
765913.8388810777
765915.1763609402
765916.5138408028
765916.5138408028
765917.8513206653
765919.1888005278
788866.7228220314
794536.7150392821
794545.6669303621
794568.3302960328
794568.3302960328
796562.3513510916
796573.3601939603
796576.3626056516
796595.3778796972
796595.3778796972
796884.946881936
797275.6385857816
797275.6385857816
848220.7815417531
848253.065538435
848382.3214371502
848382.3214371502
854073.8701401856
854110.7200163982
858116.0755727367
873272.3328070103
877461.596456447
900846.3849290105
917368.7210348814
917460.4306454557
961544.1220386319
961563.8798446013
961582.4754266901
961582.4754266901
962377.4550089837
962393.6892473153
962401.806366481
966522.8585429284
969953.5866303258
969955.2469501551
969956.0771100698
969956.9072699845
969957.7374298992
969958.5675898138
969959.3977497285
969960.2279096432
969961.0580695579
969961.8882294726
969962.7183893872
969963.5485493019
969964.4986212043
969992.0507063725
969993.0007782748
970313.7653453074
974812.7063149163
1005562.0001985722
1032362.8874960365
1032516.3194962671
1032517.7861121164
1032544.1851974032
1032548.585044951
1032566.1844351422
1040413.3817166246
1040417.4771722037
1040418.1597481335
1040418.8423240634
1040420.2074759231
1040421.2313398179
1040422.5964916776
1040423.2790676074
1040423.9616435373
1040424.6442194671
1040425.326795397
1040426.0093713268
1040426.6919472567
1040426.9271592326
1040427.3975831842
1040427.6327951599
1040428.1032191117
1040428.5736430633
1040429.0440670149
1040429.5144909666
1040429.9849149182
1040460.3364837988
1040460.6916077622
1040472.5167745468
1040473.3838304578
1040473.8173584132
1040474.2508863687
1040474.6844143241
1040475.1179422796
1040476.4923181382
1040478.5538819265
1040482.6770095027
1040483.3641974321
1040484.7385732908
1040485.4257612202
1040486.8001370789
1040489.5488887964
1040492.2976405139
1040493.6720163726
1040497.7951439489
1040499.1695198076
1040499.856707737
1040501.2310835957
1040502.6054594545
1040506.0413991013
1040508.1029628895
1040510.1645266776
1040510.8517146069
1040512.9132783951
1040514.2876542538
1040515.6620301126
1040517.8804018846
1040520.1771776484
1040608.4785205731
1040608.4785205731
1040613.6347360432
1040616.4111597578
1040618.394319554
1040619.1875834725
1055237.5196410327
1055368.3943515818
1055368.3943515818
1109609.581172793
1109620.6038516602
1109623.9106553204
1109626.1151910936
1109629.4219947539
1138742.5767625684
1172600.9163786834
