2056.3061086574276
8906.854904573245
8911.711340074113
8929.974858197029
8935.453913633904
8938.497833321057
10989.970566475247
11290.38237959959
11353.84810507672
11814.171777765678
11814.171777765678
11998.762446793859
12668.318701978356
15596.933788981803
16346.609699931783
16360.713194482256
16367.89407774422
16369.489829580214
16376.670712842179
16383.053720186146
16384.649472022138
16387.840975694122
16391.830355284103
16406.588753767268
16410.4628333691
16412.399873170012
16422.085072174592
16424.022111975504
25894.36650663455
31856.722597836844
32272.711119082465
34344.5458301439
34348.97334968885
34348.97334968885
34348.97334968885
34350.44918953717
34353.400869233796
34381.44182635181
38983.52555335987
39698.13181991423
40442.91901136666
40485.252555015715
40539.71565741811
41059.32197201412
42167.55778611212
42176.27446521624
42186.23638419237
42188.726863936405
42189.972103808424
42192.46258355246
42196.19830316851
42197.44354304053
42198.68878291254
42201.17926265658
42203.66974240061
42491.12644885645
47533.00583866329
56188.359185085304
57969.73477799948
71652.29213173664
80919.18739130575
96387.7369494826
104209.23155760675
110713.4007411227
110909.45222897298
110909.45222897298
163206.9487459525
163327.09594560403
165238.4054011639
165263.5869185758
165265.99438232835
190069.32322109735
190096.08204234712
190223.34094526773
205331.1537365203
243053.35276351654
243641.90385902656
243660.30573713523
243660.30573713523
243934.52139295198
243984.34482383123
244429.35204609437
244429.35204609437
244451.2682678419
244525.76128418566
244525.76128418566
244563.3583043215
244639.05044054205
244639.05044054205
244668.1060375558
244797.27892027964
244827.2569171986
244839.52483593774
245023.00862507964
245023.91718898626
245052.8574860119
245504.782707564
245505.72816746685
245520.95698990166
246813.13779309418
246862.53230801751
246876.55278657653
247122.5568412928
247122.5568412928
247134.51114406416
252072.5974845386
252564.38421799382
252571.62505724965
252663.74052378224
252665.1748556348
252678.08384230806
256835.15112305392
257189.020622684
258146.19500430775
258271.26320745348
258663.07101518434
258835.25079348809
258867.48867017476
266273.2760890244
275409.81779399095
275415.76727337943
275438.30150306347
278117.3151757204
278633.2411146947
278839.54046549165
278916.0950456236
279221.215710264
279232.2383891311
279253.1814789786
279256.4882826387
279263.101889959
279266.40869361913
279268.61322939256
279270.817765166
279274.1245688261
279276.32910459954
279280.73817614635
279284.26635578374
288374.3006575302
294132.99084966484
294899.18233091733
295025.730985911
295038.9028565572
295073.47901700356
295091.59033914213
295550.6779959581
295932.6945286953
295990.2522827796
297197.84440266597
297252.27522107173
297521.61138138996
297545.59377892513
297556.0860778467
297823.0516704086
298676.10555073357
300238.38349416613
300596.99874130846
300915.1206326126
300936.3911744265
301514.0395030571
301514.0395030571
301522.1335622252
302375.07675456157
302812.2620256286
303215.47069618775
303451.2314999568
303452.8364757918
306674.2443527027
309594.6546925494
309689.3113708208
309816.7501417229
315105.4591341611
319463.1622302861
319523.0721041287
319534.306934974
319547.1467416544
319563.1965000048
319569.61640334496
319576.0363066851
319580.8512341903
320549.88767859485
321371.5891861422
340443.7937539434
340453.54352094134
340465.271835736
340474.2145028169
340488.26726537256
340509.98517114046
340520.20536209
340532.98060077697
340536.08908845746
340539.197576138
340540.75181997824
340579.6079159847
340595.1503543873
340609.1385489496
340610.6927927899
340615.35552431067
340624.6809873522
361189.18562977813
361203.9071322651
362134.08748066326
363203.0797907946
370788.9704031336
682116.4455575875
682178.8274631761
713399.0387824321
758720.5032203927
1051298.397009887
