42227.19093998316
42257.630136854685
42260.67405654184
42320.51475039155
42472.586210761976
42472.586210761976
42480.00230599976
47294.21033920617
47549.203180998564
97190.25715100135
97192.4478507762
97192.88599073116
97194.20041059607
97194.63855055104
97195.51483046098
97196.39111037091
97197.70553023582
97198.58181014576
97202.52506974048
97204.27762956035
97204.71576951533
97206.03018938022
97210.40697693039
97211.53230481474
97213.22029664124
97214.3456245256
97215.47095240993
97216.59628029427
97220.53492788947
97221.09759183164
97222.22291971598
165712.27451646066
165825.94646877772
183476.11477473265
190576.61088495943
192260.3458359089
192470.0857383523
192860.89735418555
199402.07322189803
207439.9997437778
218094.27208875536
218188.87342303243
218199.1397339773
218217.96130404287
218245.33813322912
218274.38911824336
222372.44586505418
245834.60985366508
245850.65961201553
245871.4505058787
249786.6599194822
249791.53019098163
249801.5336179535
249801.5336179535
277646.04261615674
355561.5269561764
365434.6234334415
368490.3452273812
371072.3316540104
375594.3695172454
375602.2560364348
375607.73509187164
375613.21414730855
375614.58391116775
375615.95367502695
375620.06296660466
375625.5420220415
375629.65131361916
375633.7606051968
375636.5001329153
375640.6094244929
375644.7187160706
375647.45824378903
375650.19777150743
375652.9372992259
375654.3070630851
375659.786118522
375662.5256462404
375665.26517395885
375668.0047016773
375669.3744655365
375672.11399325496
375673.48375711415
375674.85352097335
375677.5930486918
375678.96281255106
375683.0721041287
375684.4418679879
415265.59954392444
415279.47243849863
435815.61789583927
716846.5176521079
716942.9591741959
756110.9001406019
756191.1719923518
837760.1947288689
928107.9833071239
