1648.849786534883
12709.29170576724
34360.78006847538
34362.2559083237
56264.45717726413
73697.40030554497
87792.70855686051
87898.6323499739
88156.38777948236
96413.88237479542
98880.07071732606
98916.32103360035
118254.84090203024
128066.97135756127
157743.32044749206
165887.28145047385
166072.56853143044
167980.54812333256
167981.604271224
168017.34726755042
168019.8285232954
168055.80673159767
168098.07570725333
168119.44771305675
168189.66079384042
168247.21854792474
176686.64268853952
192129.12522539546
192276.0496942949
192455.22587587958
192461.8302592008
192975.59317039736
199443.12462967884
243145.177674079
244290.1065564057
244330.26784827802
244408.76408021036
244410.479744034
244432.7833737417
244825.50435737873
244826.38063728868
291486.7131496434
291492.5473290438
291495.86335670296
302609.0757745117
302650.9250582105
302655.7538217142
370871.72812262794
528560.4378837328
528574.2877183093
585098.921624833
627918.6807119134
681482.2033827736
713831.1969740159
797668.6132293926
1008261.4265811312
1079713.788533416
1206648.6154713368
