12216.172104448979
12586.363470401531
12586.363470401531
15590.735261618873
25887.12566737875
55427.28702330661
56236.60070012715
71677.88872910588
96408.27879537136
103084.31414122327
110697.58158274856
118241.10636744184
192255.1112164469
192275.0027704025
192451.0981363038
192953.41406467688
207196.200224835
207220.27486236067
248789.73932594343
248976.60371073798
249632.60068731607
249634.02579516958
249635.4509030231
249733.71416492385
249739.00874037968
249764.15797379488
249784.01263175427
252150.57256052448
252763.170621563
252763.170621563
288328.4666062409
320619.49197544105
320628.3055065352
320632.082734147
371162.91132470075
375725.16121180286
395177.8695764967
412585.0039554301
412601.50107773463
417640.4011158477
530762.2387414366
616127.3014358052
616142.4472422485
713407.1420655992
1067988.6237345026
1067996.0259937418
1068003.428252981
1068003.428252981
1068006.3891566766
1083830.0811263528
