967090.2497846133
967090.9093005455
969925.3611932268
969927.0215130561
969943.6247113496
969943.6247113496
970695.5282180707
970795.682399777
970797.4072875998
974847.5545833347
974873.695396648
975207.0599463856
975207.0599463856
982017.5027944234
989398.7543757947
989403.4401673131
989412.8117503498
989423.3547812663
989430.3834685439
989578.2902933424
989578.2902933424
989612.649689811
989628.0076482325
989646.7784863033
989852.9994331084
989852.9994331084
989854.53984095
990007.4552972338
990007.4552972338
990009.0326010716
990035.8467663157
994407.6994769864
994643.2066207816
995998.9269414436
996050.4245281508
997280.698461706
997283.373421431
997286.0483811562
997288.7233408813
997291.3983006063
997291.3983006063
997294.0732603314
997294.0732603314
997295.4107401939
1001863.6792866774
1001961.7857405943
1002169.2703752693
1002171.2028030708
1005657.9113407147
1005683.3926380958
1005685.1175259185
1005704.0912919684
1005712.715731082
1005717.8903945502
1008664.1832757368
1013286.5136806639
1013315.8506096487
1013318.746945351
1013320.1951132022
1013329.6082042347
1027623.4676471435
1027629.4171265321
1027630.6070224098
1027632.9868141653
1027634.1767100429
1027635.3666059206
1027636.5565017983
1027637.7463976761
1027638.9362935538
1027640.1261894314
1029621.4227377982
1029634.889776414
1036705.2925897337
1040200.6209544917
1040203.2405702225
1040205.8601859532
1040207.1699938186
1040209.1347056167
1040210.444513482
1040211.7543213475
1040212.4092252802
1040261.2779722575
1040262.0297281803
1040265.0367518711
1040268.7955314849
1045965.2421780167
1045967.1100378247
1048420.255645696
1048422.8844854258
1050908.0235340088
1050960.1852486476
1051124.2294597875
1051124.2294597875
1055947.4585640666
1055958.1122829716
1055982.2053684955
1055982.9755724166
1055996.8392429915
1056009.932709646
1056011.4731174875
1056016.8645449334
1056023.0261763001
1058329.5286472428
1058346.408565508
1058407.6789792106
1058410.2616989452
1062298.5047513205
1065495.4182987488
1065566.7198114204
1065902.2520009354
1065902.2520009354
1078939.217049025
1079697.6834310715
1079697.6834310715
1080042.946939586
1080140.7351655357
1080165.6169029782
1080168.8360786473
1080181.7127813238
1080247.7058825411
1080249.3154703758
1080250.9250582103
1080255.753821714
1080342.108900839
1080342.108900839
1080423.1694045076
1080471.161871575
1081735.6522296134
1081926.0171220482
1082016.8735127102
1082105.0226596503
1082238.4939259326
1082238.4939259326
1082285.7346370774
1082290.272844611
1082292.5419483776
1082295.945604028
1082301.618363445
1082314.098434162
1086582.4578754695
1102616.85365549
1107083.939544373
1107093.1543194258
1107095.2020472155
1107115.6793251107
1107155.3748050309
1107229.729461389
1107321.383727969
1107596.2127797224
1107698.8758891711
1108719.0501843197
1109489.6553491186
1109518.7340061301
1109519.8454980159
1109522.0684817876
1109529.8489249877
1109618.3993158867
1109639.3424057344
1109643.3502333222
1109662.2363713812
1110042.38965631
1110145.0020337636
1110146.4455896153
1110147.8891454667
1117343.055769964
1117673.8698839634
1122021.3758491364
1122165.2979063445
1123018.268770678
1123082.6937920565
1123130.1512671788
1123316.8588439894
1123317.9380518785
1136142.58508979
1136144.9233735497
1136147.2616573093
1136152.7176527486
1136155.0559365083
1136158.9530761077
1136159.7325040277
1136160.5119319474
1136162.0707877872
1136162.8502157072
1136164.409071547
1136165.1884994667
1136167.5267832265
1136169.0856390663
1136169.865066986
1136171.4562068225
1136172.5169667136
1138591.4415381018
1138599.1896973054
1138630.1823341202
1138640.144253096
1139777.8968641604
1139923.1656252302
1139978.159107578
1139979.3028834604
1172471.789615955
1173745.3563890606
1173753.953156177
1173877.706939458
1173877.706939458
1173882.5080309645
1173884.1083948
1173887.309122471
1173890.509850142
1173892.1102139775
1173893.710577813
1173895.3109416487
1173896.9113054841
1173900.112033155
1173901.7123969907
1173903.3127608262
1173906.5134884971
1173908.1138523328
1173911.3145800037
1173912.9149438392
1173914.5153076749
1173914.5153076749
1174026.7344801412
1174033.564851439
1174035.3312472575
1178273.316059687
1178444.4212421011
1178447.4190417929
1178478.8959385578
1183473.562289217
1183496.4424188656
1183673.3587206826
1197384.7502954563
1203731.184483184
1204072.5370161003
1209206.8639364056
