213209.4912388023
213518.928734999
213558.77641090355
213565.00261026362
213568.73832987968
216318.79985523445
216348.76862815433
221477.478133037
222246.60745798756
222302.29735226388
222453.52481672104
222572.56974848587
222581.2218595966
222586.16592308847
222589.87397070738
222763.72790483906
222774.79670370143
222798.63151725175
222822.02357884755
222846.87764429313
222886.75760419434
224469.70652950238
283332.093815757
285562.55825051485
285868.1124431107
287376.5960240721
287962.38453186606
287977.991538262
287986.6713213699
288108.2989728693
288590.9124392673
288695.53564851434
288719.54571804666
288788.67036694224
288797.1103260748
289527.9416069616
289580.283189582
289714.76909575984
289714.76909575984
292146.2152458612
292163.53791608085
293083.2351895564
293095.11570033536
293095.11570033536
293286.86419262784
293313.0972459316
293759.78784802184
293762.6196157308
293951.67931229965
293953.1413161494
294132.99084966484
294644.69219707325
294644.69219707325
295176.14212645206
295431.6376761928
295964.6833574076
296069.78160260577
296816.9808698103
296989.239052106
297019.04640504246
297026.8222362432
297140.614100548
300439.27296951914
301002.34276764817
302167.4722078987
303198.3740139449
303487.4080242386
303589.1210617848
303763.55610785674
303868.4560370754
303923.82309138484
305325.82482729026
305668.2519560963
305948.25567131815
305949.8283631565
306130.96925653925
306132.25139240746
306154.0477021673
306155.3298380355
306212.5785881516
306253.41784395423
306263.9193668749
306333.8049956923
306440.7111447047
306451.8906315557
306463.7019623418
306470.96586159524
306473.87142129656
306478.2297608486
306481.13532055
306486.94643995276
306492.7575593555
306513.0964772651
307104.9313164376
309720.045735662
309729.0852547329
309796.27286382753
310075.95835108205
310109.5198716327
310218.58443642326
310297.92005226936
310305.3361475071
310309.04419512604
310533.93451601226
310536.00530379947
310546.3592427353
310548.43003052246
310833.42854123097
310833.42854123097
310883.0721041287
310942.2625060452
310942.2625060452
311423.3401766012
311475.26667926426
311490.6661456815
311502.288384487
311513.9106232925
311521.6587824962
311525.532862098
311745.5436874858
311745.5436874858
311748.1633032165
312568.7210348815
312608.59177078365
312621.1825294896
312822.4225168066
312822.4225168066
314090.9668224284
314190.1155882381
314212.80662590597
314214.69754571165
314222.26122493425
314229.82490415685
314235.4976635738
314248.7341022134
314258.1887012417
314263.86146065866
314569.63702923176
315110.5092736421
315110.5092736421
315261.76441009645
315302.9587898626
316054.41493262956
316065.4099394995
316072.2772067937
316715.2222247133
317483.0094578018
317491.69846490875
317514.86915052735
317540.9361718482
317556.866018211
317610.4482287039
317610.4482287039
317793.59995388
317793.59995388
317796.8652495444
317800.1305452088
317801.76319304097
317943.3884744851
317958.66341691517
317966.3008881302
317968.84671186854
317975.2112712144
317976.4841830836
317979.0300068219
317980.3029186911
317982.84874242946
317985.3945661678
317986.66747803695
317990.95663759613
317993.8160773022
317995.2457971553
318126.1758516986
318126.1758516986
318232.7637727437
319670.5269529736
319684.66734352027
320306.53091160656
320307.9237354634
320454.67756038037
320677.69079745957
321031.0253051446
321032.55187698774
321041.71130804636
321393.3393759068
321394.54771978257
321941.8260315345
322140.8891550753
322140.8891550753
322998.81330689974
323022.93406442064
323093.8942891275
323093.8942891275
323096.7906248298
323096.7906248298
323098.238792681
323099.36412056535
323100.4894484497
323101.614776334
323102.74010421836
323103.8654321027
323104.9907599871
323106.1160878714
323107.24141575577
323109.49207152444
323110.6173994088
323111.7427272931
323112.86805517745
323113.9933830618
323115.1187109461
323186.5124636084
323187.8960634662
323196.197662613
323198.9648623286
323327.7088290966
323331.5690726998
323334.14256843535
323335.42931630305
323335.42931630305
323338.0028120386
323338.0028120386
323339.28955990635
323340.57630777406
323340.57630777406
323341.8630556418
323343.1498035096
323344.43655137735
323344.43655137735
323345.72329924506
323348.2967949806
323348.2967949806
323414.7879921468
323415.7472880482
323447.4040527946
323448.36334869603
323476.8839537647
323492.51863215776
323493.56094405067
323494.6032559435
323495.6455678364
324227.5053246175
324434.7962553126
324596.5667506862
324612.50582104805
324627.88222746766
324637.58587447036
324643.650653847
324654.56725672504
324655.7802126004
325170.23492372583
325173.43565139687
326017.985004596
326120.83259402553
326122.2254178824
326271.4789465424
326276.55214602104
326293.80102424824
326319.16702164116
326319.16702164116
326711.01172536827
326796.01087663224
326799.38686028525
326844.9718636001
326844.9718636001
327176.66686950927
327178.08736536326
327208.0653622822
327861.91775908065
328376.22488622135
328396.84513610206
328546.65210470516
328547.5191606161
328553.58855199226
328553.58855199226
329012.6024168159
329022.41675180715
329023.6435436811
329024.7319755692
329026.90883934544
329027.9972712336
329049.7659089963
329050.8543408844
329073.7114105352
330447.1187493795
330459.1560681423
330487.8380931944
330495.10199244786
330503.40359159466
330514.81829042145
330514.81829042145
330754.80368575634
330833.6412056535
330834.4990375653
331032.07709725876
331059.9704703919
331068.1060375558
331072.75493307796
331086.7016196446
331098.1947224633
331128.9290873045
331136.6126785148
331287.63260299334
331288.6887508848
331686.3860820103
331922.0684817874
331922.0684817874
331947.63279516
332694.924302355
332913.0349839381
332914.07729583094
333821.2253185963
333849.4599796944
333984.7253137921
334002.979607916
334494.48962139967
334522.7150584987
335023.9471669832
335023.9471669832
336238.2128501837
336268.0617111159
336269.06712701253
336377.4537278728
336444.8857729423
336624.7906504521
336624.7906504521
337891.42097627063
338277.60214457975
338313.7048768692
338313.7048768692
338344.34700171987
338672.8228319598
338744.35494460794
339141.5172837885
339142.9608396401
339251.18140851747
339465.3949505011
339810.4370830384
339822.23918982537
339951.66112052376
339951.66112052376
339960.7236995923
339982.4738893569
339982.4738893569
342567.56419166696
342706.602141377
342708.3593131964
344437.5824154707
344491.20152195985
344492.45137383137
345298.65195097186
345337.9692469309
345365.87184406316
345652.9088585621
345652.9088585621
348128.1136601661
348136.5812912958
348194.7847253138
348194.7847253138
349153.85925074224
350277.5637112504
350611.384848941
350635.1274225008
350635.1274225008
350956.64374545607
351194.53068100655
351230.08919735195
351230.08919735195
351303.4753338095
352899.0795858168
352908.8016808176
352943.3732292644
352943.3732292644
352944.7014851279
352945.3656130596
352949.3503806501
352950.01450858184
352952.3389563429
352953.408940233
352954.2206521496
352955.43822002446
352957.06164385757
352959.4967796073
352960.71434748214
352961.931915357
352964.77290706505
352965.5846189816
352966.39633089816
352967.61389877304
352969.6431785645
352970.8607464393
352972.8900262308
352973.70173814736
354445.05872292456
354534.236345759
354534.236345759
354538.49783332105
354539.10661725845
354539.10661725845
354540.32418513333
354540.9329690708
354542.1505369456
354543.9768887579
354550.193864119
354550.8210960545
354552.0755599256
354552.70279186114
354555.2117196033
354558.9751112165
354560.22957508755
354560.85680702305
354562.7385028297
354563.99296670075
354567.1291263784
354568.38359024946
354569.010822185
354570.2652860561
354570.8925179916
354573.40144573373
354575.91037347587
354577.7920692825
354579.04653315357
354579.67376508913
354582.18269283127
354583.4371567023
354584.26731661696
354585.09747653164
354587.5879562757
354588.41811619035
354590.0784360197
354594.2292355931
354596.71971533715
354600.8705149105
354601.7006748252
354605.0213144839
354605.8514743986
354606.68163431325
354607.51179422793
354614.15307354537
354615.81339337473
354617.4737132041
354619.96419294813
355865.1579449699
355901.380589247
355902.090837174
358143.4395908131
358287.2094520368
359520.49040928297
359533.1734079794
360007.9372511842
360008.9103830842
360186.9612367845
360198.5281315957
360246.0962947068
360247.3830425745
360910.985206371
360920.50898539217
360921.8695252523
360924.5906049726
360943.63816301496
360943.63816301496
360944.99870287516
361533.9049223486
361538.62760986324
361540.98895362054
361546.80929702235
361547.90695290954
361547.90695290954
361549.00460879673
361550.1022646839
361554.49288823263
361554.49288823263
361557.7858558942
361558.8835117814
361559.9811676686
361564.3717912173
361565.4694471045
361566.5671029917
361567.6647588789
361567.6647588789
361572.0553824276
361573.1530383148
361618.4198136624
361734.3885417434
361743.61254079535
361822.7083326661
361823.3862965964
362248.9677768561
362255.9411201394
362310.69477851194
362353.4203421207
362354.176710043
362575.303639316
362581.4053146889
362582.2769825993
362589.2503258826
362590.9936617034
362591.86532961385
362594.48033334507
362596.34358115355
362599.1384528663
362602.8649484833
362605.65982019604
362607.5230680046
362613.11281143007
362614.97605923854
362616.8393070471
362618.70255485555
362622.42905047256
362623.36067437683
362627.0871699938
362630.8136656108
362631.74528951506
363714.4075662414
363840.25980930665
364586.370644623
364807.62209788326
364807.62209788326
366134.3375535264
367742.3942042539
368348.4201659679
368366.95118006336
368369.5984677913
368372.2457555192
368456.80676682823
368458.2042026846
368460.9990743973
368509.9093293704
368916.0373956295
368941.49563301296
368958.0434873122
369054.6741013807
369056.14071723
369057.6073330792
369094.7154812654
369094.7154812654
369177.18725678907
369177.18725678907
369214.63669294014
369306.3555275135
369307.49469139636
369340.530444001
369341.66960788396
370675.91645875305
370686.9160776225
370690.45809325844
370694.0001088944
370695.18078077305
370698.72279640904
370699.90346828767
370702.264812045
370940.8481595239
370993.81697407993
370993.81697407993
371186.5293742734
371194.75718142773
371432.0399450403
371888.9507380801
371906.59163626697
371919.94337489473
371921.16094276955
371923.5960785193
371934.55418939306
371935.7717572679
371938.20689301763
371939.4244608925
371949.1650038914
372219.9216600636
372219.9216600636
372304.9669313228
372315.45461824496
372320.698461706
372324.1943573467
372327.6902529874
372329.4382008077
372331.18614862807
372334.68204426876
372336.4299920891
372339.92588772986
372343.42178337055
372345.1697311909
372348.6656268316
372352.1615224723
372353.9094702926
372357.4053659333
372360.901261574
372364.3971572147
372367.89305285545
372373.1368963165
372376.6327919572
372381.70599143574
372414.8293720314
372419.5612835451
372424.29319505877
372425.87049889663
372429.02510657243
372432.17971424817
372433.7570180861
372443.2208411134
372447.9527526271
372449.53005646495
372452.68466414075
372457.4165756544
372460.57118333015
372468.4577025196
372471.6123101954
372476.3303857105
372477.8938535498
372484.14772490703
372487.2746605857
372488.838128425
372490.4015962643
372495.09199978225
372495.09199978225
373936.1527596732
373982.4480109151
373991.62127797224
374047.2835002514
374047.2835002514
374654.559313837
374976.6567487325
375040.5836741622
375052.41345294635
375175.16643233015
375175.16643233015
375292.80009224
375319.28219351824
375350.1779783428
375350.1779783428
375351.64920619165
375548.6277059466
377305.5412533749
378167.9344327401
378175.54423195793
378176.8125318276
378178.08083169727
378179.3491315669
378180.9125994062
378182.4760672455
378184.0395350848
378185.6030029241
378187.16647076345
378187.16647076345
378188.7299386027
378190.29340644204
378191.85687428137
378191.85687428137
378193.4203421207
378194.98380995996
378196.5472777993
378198.1107456386
378199.67421347793
378201.2376813172
378202.8011491565
378602.6061640655
378602.6061640655
378604.1419599076
378613.3567349605
382974.9062386902
382988.7284012696
383365.9115585035
383365.9115585035
385423.01093107945
385473.37396590324
385475.0527337307
385485.79408062674
385487.6065964404
385489.41911225417
385491.23162806785
385493.0441438816
385493.0441438816
385494.8566596953
385502.1067229501
385503.91923876386
385503.91923876386
385507.5442703913
385507.5442703913
385509.356786205
385509.356786205
385512.98181783245
385514.79433364613
385514.79433364613
385518.41936527356
385518.41936527356
385520.2318810873
385522.044396901
385523.8569127147
385525.6694285284
385527.48194434214
385529.2944601558
385531.10697596957
385538.3570392244
385540.16955503816
385540.16955503816
385543.7945866656
385543.7945866656
385545.60710247926
385549.2321341067
385551.0446499204
385551.0446499204
385554.66968154785
385554.66968154785
385567.35729224386
385569.16980805754
385569.16980805754
385570.9823238713
385572.79483968497
385580.0449029398
387269.37882131385
387614.76224181615
387615.96136169287
387856.10817701113
388011.4034250502
388013.2574488597
389347.37516374205
390073.5898331033
390325.40500722226
390326.9869230597
392045.8560863981
392144.8388202249
392156.38265503844
392159.6571747019
392171.117993524
392180.9415525143
392205.5004499902
392213.6867491489
392216.9612688123
392233.3338671296
392238.24564662477
392252.8426251245
392257.6160446339
392262.38946414326
392263.9806039797
392267.16288365267
392270.3451633256
392279.8920023444
392289.4388413632
392291.02998119965
392294.2122608726
392310.1236592373
392311.71479907376
392319.67049825605
392322.852777929
392326.0350576019
392333.9907567843
392348.25567131815
392351.4010549949
392354.54643867165
392367.1279733785
392367.1279733785
392373.41874073196
392376.5641244087
392379.70950808545
392382.85489176214
392386.0002754389
392392.2910427923
392400.1545019841
395162.9543700297
395162.9543700297
395168.37808147224
395171.0899371935
395265.97721544123
395270.1280150146
395345.6725672503
395345.6725672503
398420.0314512745
398436.6346495681
398711.5374933142
398711.5374933142
401857.4930579799
402660.1008874896
402752.2855340151
402957.30736094347
406286.2393948032
406345.4897527136
406378.1796053538
406378.1796053538
407681.6828673826
407729.666110451
407767.9641545148
407767.9641545148
408890.248119169
408902.35000592517
408962.69801972265
408962.69801972265
408965.6773714165
408970.1463989572
410021.1657469357
410047.41724823765
410047.41724823765
412518.04694631184
412533.6631767068
412534.7792805921
413086.6050238767
414493.7952592488
414524.0499761393
414584.7162179042
414585.6247818108
414591.9847291571
420383.38783392956
422012.899506452
422014.3937942984
423618.61326142034
423684.6478706334
423685.88849850587
423690.85100999585
423692.0916378683
423694.5728936133
423698.29477723077
423700.77603297576
423702.0166608483
424216.6143439591
424256.5680958527
424256.5680958527
424474.0192615036
425516.9768343107
425825.8239945681
425826.83863446384
425915.9978093002
425974.8376992528
426091.2537912878
426092.33299917687
426110.67953329126
428362.45140585914
428408.8896290863
435437.9735386527
435474.8095788668
435607.238533256
435607.238533256
435641.1597897697
435652.52375660173
435652.87888056523
435991.88390572305
436754.24742736906
436758.72106690926
436836.51166291407
436836.51166291407
439934.8760044711
440761.69221949275
442107.9256571299
442148.71879293723
442148.71879293723
442345.8679366747
442347.44524051255
442360.06367121567
442360.06367121567
442467.0989562148
442471.45729576686
442503.8704284355
442504.64063235634
450254.27106386656
450534.15025510127
450534.15025510127
450562.1681522216
450710.8913009362
450713.1327327058
450713.1327327058
452043.2610679982
452044.3633358849
452045.4656037716
452047.67013954505
452047.67013954505
452048.77240743174
452049.8746753185
452050.97694320517
452050.97694320517
452052.07921109186
452053.1814789786
452053.1814789786
452054.2837468653
452055.38601475203
452056.4882826387
452057.59055052546
452058.69281841215
452058.69281841215
452059.79508629884
455675.7733586566
455679.9795022243
455679.9795022243
455682.78359793616
455684.18564579205
455685.58769364795
455686.98974150384
455688.39178935974
455689.79383721563
455691.19588507153
455693.9999807833
455695.4020286392
455696.8040764951
455737.11295235227
455737.11295235227
455739.39128011814
455741.66960788396
458291.30285783834
458319.94337489473
458322.3785106444
460429.5641980726
460438.9450051084
461082.4388509716
461083.3381908791
461145.6416924757
461203.87279849086
461552.4016026698
461557.4563541503
461562.5111056308
461563.7747935009
461565.03848137107
461578.54241598316
461580.23040780966
461583.60639146273
461585.29438328923
461593.73434242175
461595.42233424826
461598.7983179013
461600.4863097278
461605.55028520734
461607.23827703384
461608.9262688604
461646.06208904367
461717.81096566946
461717.81096566946
464979.41703044885
468290.88803410315
468316.5123034695
468414.1806174314
468415.3336173129
476220.7369590909
476811.17436240707
477481.1964295437
477481.1964295437
478524.8596382783
478613.6867491489
478656.02490479744
478657.6160446339
478667.16288365267
478668.75402348913
478670.3451633256
480653.0714315454
480658.6980709671
480753.17026925745
480753.17026925745
484135.8966655884
484149.51128818915
484356.5254989126
484358.46253871353
484364.2736581163
484366.2106979172
484370.08477751905
484373.9588571209
484377.8329367227
484381.70701632457
484383.6440561254
484385.58109592635
484389.4551755282
484393.32925513
484397.20333473186
484399.1403745328
484403.0144541346
484404.95149393554
484407.0545657194
484409.15763750323
484411.2607092871
484425.98221177404
484430.1883553417
484434.3944989095
487469.70819494664
487561.8098254806
487586.6039349324
487601.0671654459
487601.0671654459
487615.53039595933
487776.37849142775
487776.37849142775
489928.15299027314
497383.61625601724
497410.5134372528
497424.4601238194
497437.58587447036
497529.12945306173
497529.12945306173
498836.2116267227
498848.4057534694
498887.4048214611
498887.4048214611
503648.1966761576
503659.45917900006
503660.4830428948
503663.5546345791
503664.5784984739
503665.60236236866
503666.6262262634
503670.7216818425
503670.7216818425
503672.769409632
503674.8171374216
503675.8410013164
503677.8887291059
503678.9125930007
503681.984184685
503681.984184685
503684.0319124745
503685.0557763693
503686.07964026404
503688.1273680536
503688.1273680536
503700.4137347908
503806.8217878544
503807.96556373686
505916.92225898296
507225.2173885193
508576.3303216549
508576.3303216549
515918.52749104024
516022.75406832807
516022.75406832807
516049.31918559776
516072.81271118316
516072.81271118316
516089.74797344254
516102.44942013716
516103.8606919921
516106.683235702
516108.09450755693
516109.5057794119
516110.9170512669
516289.95487286575
516291.5367887032
516294.700620378
521770.35701360216
521804.55037808785
521804.55037808785
521809.1347056167
521820.2680724724
522922.7112151658
522926.8620147392
522969.3523663721
522969.3523663721
522971.19255418296
522972.27176207205
522972.9912339981
522973.35096996115
522973.71070592414
522974.0704418872
522974.78991381323
522975.1496497763
522975.86912170233
522977.3080655544
523311.41053521616
524888.1378731636
524926.3252292387
524926.3252292387
524926.6757412028
525316.0622491825
526010.730841786
526012.0314256523
528618.4383897716
528654.4119860743
528654.4119860743
529850.1881631751
530741.5908195587
530742.619295453
530781.4707794599
530853.1919840886
530855.7931518212
530859.2613754647
530861.8625431975
530864.4637109301
530867.0648786628
530877.4695495934
531225.5279298208
531226.3165817397
531248.993783409
531414.4077584081
531417.133450128
531423.4933974743
531426.2190891942
531429.8533448207
531439.8475477935
531454.3845702994
531455.293134206
531481.4800675146
531497.170089902
531548.8337085921
532287.6760326555
532288.8059725395
532322.7964090459
532734.1544827675
532735.39511064
532852.5721825967
534824.990631876
534838.5499104824
534881.6490460528
534882.3270099831
543295.7486972703
547622.3207965948
547628.4547559643
557057.4479628734
561259.4776269982
561263.7391145602
561358.5249288182
561358.5249288182
561376.4194869791
563554.6115191093
563629.4504354176
563629.4504354176
569096.9113054841
569174.4067335193
569174.4067335193
574892.5482258215
574947.933728129
575060.0560486054
575060.0560486054
581328.1600363835
581333.2286238626
581375.8803954789
581375.8803954789
582544.4365513774
582549.5835428484
582584.3257352776
582584.3257352776
582592.0462224842
582592.0462224842
584723.0897834603
584769.366586704
584972.552837821
584974.2592776456
584979.3785971195
584981.085036944
584982.7914767687
584984.4979165933
584984.4979165933
584987.9107962425
584989.6172360671
584991.3236758917
584993.0301157164
584994.7365555409
584996.4429953656
584998.1494351903
584999.8558750148
585003.2687546641
585003.2687546641
585006.6816343133
585008.3880741379
585010.0945139625
585010.9800178715
585011.8655217804
585846.3514920139
585858.0659708099
585966.7523516393
585970.1283352923
587019.2752114633
587040.596485272
587042.4505090815
587044.3045328909
587046.1585567003
587048.0125805098
587049.8666043192
587052.6476400334
587054.5016638428
587056.3556876522
587059.1367233664
587061.9177590807
587067.4798305089
587067.4798305089
587071.1878781279
587073.0419019373
587075.5600536786
587078.0782054197
587086.472044557
587090.6689641257
587097.3840354355
587104.0991067453
595978.4993706542
596156.0290684082
597126.7765646368
597126.7765646368
598947.37260152
599051.179486851
599203.3016792162
599203.3016792162
600381.7597980968
600448.8413312024
601352.6779383081
601354.1030461616
603756.1938192801
605422.5599800147
608711.8887739448
608762.0996127842
608762.0996127842
610473.6172488781
610481.1717041017
610481.3008400885
611279.0245621002
615024.9136371061
615063.0272011888
615063.0272011888
617476.1683251716
617480.1115847663
617518.6586768045
617519.2259527462
617913.390492235
618181.0986167204
618181.8457606436
618207.4423580128
618386.5262996071
618387.4440875128
618427.8313673617
618776.9874034763
618778.1404033578
618821.5347068978
619012.0056753216
619012.9465232249
619043.9945040338
619287.8954869662
619289.80485477
619318.7958837904
619808.0183455092
619808.945357414
619850.946837097
620242.3580128688
620243.464892755
620283.9582485933
620482.417200196
620483.3903320959
620511.6111571955
625257.3909534347
628242.9411745867
628244.407790436
628312.7299514139
628548.5045911814
628549.6437550643
628595.0350543992
628782.2130551615
628783.3383830459
628814.8475638074
628928.7593400998
628929.8708319855
628965.1065083641
629148.9131374728
629150.1399293466
629186.9436855641
629392.6480884223
629393.9302242906
629424.5631251421
629701.5183086774
629705.364716282
629763.0608303521
632516.6090273485
632521.0227108948
632571.0444577538
632811.2281690682
632812.3765569503
632839.9378661176
633094.9122599118
633096.1252157871
633133.7268479224
633236.8603813227
633237.9026932155
633271.2566737875
633457.3416306621
633458.3839425549
633483.6992079532
633577.1244823511
633577.1244823511
633598.9392401091
634163.6970300645
634164.9930019313
634202.5761860686
634573.6853399269
634574.958251796
634611.872696002
635228.6815126077
635229.9774844745
635262.3767811446
636211.8675715581
636215.2435552111
636265.3667660595
636461.4136419102
636462.7926297685
636497.2673262253
636723.2921989949
636725.2753587911
636752.0480160395
637170.5362410282
637171.9290648851
637219.285076018
637357.7880337829
637359.0563336526
637556.1685813938
637906.6851573684
637908.3685371955
637950.4530328701
638284.0758545811
638285.6992784142
640303.4490710343
640579.2005226932
640581.5341944534
640625.730985911
640645.4887918803
640657.0141786957
640827.7227291507
640829.7658449407
641196.8856192089
641387.0291356664
641389.7686633848
641426.7522875838
641596.340122154
641597.5576900288
644801.3108327541
644925.7056839691
644963.1643441191
644976.1978547797
645233.1692443688
645233.1692443688
649957.4709588154
650011.2837692847
650019.668384423
650074.3067428074
650454.091067774
650454.091067774
651078.7402835739
651080.0316434412
661587.0705155511
676959.3261356248
677026.6428807061
677174.8909934695
677174.8909934695
677182.5284646846
677183.8013765537
677186.347200292
681709.8885753725
684231.5269882041
684692.4363848328
684693.8799406845
684699.6541640911
684706.8719433493
687931.5681759221
691292.0370625407
691298.5123098751
691410.7222583424
691411.6769422443
691414.54099395
693056.2098972228
694001.997252017
694087.8127271971
694245.2479430162
694245.2479430162
694252.2212862995
694252.8023982397
694253.9646221203
694254.5457340606
694256.2890698814
694256.8701818216
694258.0324057023
694259.1946295828
694260.9379654037
694265.5868609258
694267.911308687
694270.5585964147
694272.366500229
694277.7902116715
694279.5981154857
694281.4060192999
694284.1178750212
694285.0218269282
694289.5415864637
694291.3494902779
694294.0613459992
703571.2136925141
703984.76707801
703985.4404299408
704007.388935685
704145.7028014695
704146.4822293894
704165.9679273866
704564.6614504098
704566.1557382562
704588.3394559762
704869.0718671231
704871.4977788738
704905.4605433833
705053.7778361395
705101.235311262
705136.6324076238
705137.7854075053
705170.0694041873
705201.693884937
705201.693884937
705382.4150863629
705383.5265782486
705408.2422837084
705708.7509488228
705710.9831565934
705746.6984809226
706143.5979361302
706214.5074288422
706215.434440747
706243.7797898337
706412.6573764769
706413.5659403836
706437.4837699253
706650.382892044
706651.5820119207
706683.9582485933
713262.6066124543
713264.7465802344
713302.1960163853
715221.5995311134
715222.7248589977
715252.8043199062
715589.397269312
715591.8508530597
715616.386690538
715790.0838166858
715791.365952554
715835.8948079775
721096.1200913432
721097.3976152119
721139.1638829192
721288.966239523
721291.982487213
721370.4049271529
721571.4834944864
721574.416726185
721618.4152016629
721794.7273315418
721797.7989232262
721860.7665527546
722116.663346454
722118.2268142934
722157.3135102761
722457.0104634739
722458.7768592923
722501.1703589353
722871.0665569181
722872.4455447764
722908.2992290915
723075.5395559028
723076.4804038062
723100.9424492919
723199.952855116
723200.8937030192
723225.3557485051
723383.9301282072
723385.1707560797
723419.9083365095
724693.81639758
724695.4398214131
724697.0632452463
724758.753350906
725156.2154700556
725157.9126858811
725191.7693744014
725278.1198415265
725279.5772333768
725316.0120296321
725628.5211175131
725629.8954933718
725731.4701709322
725877.8642598861
725879.2294117458
725922.914271256
726111.8217718406
726113.0670117126
726145.443248385
726444.6236576359
726446.1917374748
726498.3857361104
726536.6376601789
726780.4002831255
726781.8438389772
726832.3682937843
726918.8755688934
726920.2822287488
726955.8638050917
727128.0297473969
727129.5332592424
727168.6245672246
727586.5086202755
727587.661620157
727623.4046164834
727752.4114672245
727753.4906751135
727788.3988995256
728113.1989661434
728114.5364460059
728151.985882157
728426.7642019158
728427.8203498073
728452.2916192922
728633.2710926916
728812.7193822482
728815.5603739563
728918.9660153285
728918.9660153285
728922.5772109574
744018.6478514167
744102.7153787764
744623.2809892739
744625.3794490582
745503.0752428506
746224.15214474
746438.4256427174
746447.4190417931
747088.6253358913
747091.9920955453
747105.4591341611
747108.8258938151
750943.5651396891
754174.5844236121
754423.1204660682
754424.444109932
754484.1971757909
754843.1306509005
754844.6157147478
754887.6825663216
755099.3641205654
755100.4894484497
755147.753219592
755470.6300824074
755471.6723943003
755503.9840629793
755649.5295440205
755652.6979876949
755697.9370910453
755842.0067322382
755842.9660281396
755869.826313379
757075.8365174279
757077.2985212777
757122.6206406195
757301.6492382194
757302.8990900909
757315.3976088063
757360.0094802212
758859.1768221401
758860.5973179941
758897.5302101983
759199.3948031733
759210.2698980556
759220.190309036
759224.5993805829
759226.8039163563
759256.5651492975
759276.6181232366
759277.9832750962
759321.6681346063
759411.2008814043
759413.4238651759
759518.6466343614
759544.4415477102
759557.1845024005
759589.7498310535
759589.7498310535
759591.165714908
762675.6433258923
762684.9411169366
762744.989350765
762746.2161426389
763812.8378850139
764899.4849293308
764905.738800688
765088.6829858853
765088.6829858853
765103.9348683178
765371.3201528365
765531.5225683713
765533.0168562178
765664.0898827463
765680.6285130465
765682.132024892
765683.6355367375
765685.139048583
765686.6425604285
765691.1530959649
765692.6566078103
765692.6566078103
765694.1601196558
765694.1601196558
765697.1671433467
765697.1671433467
765698.6706551922
765700.1741670377
765701.6776788832
765703.1811907287
765703.1811907287
765704.6847025742
765706.1882144196
765707.691726265
765709.1952381105
765709.1952381105
765715.2092854924
765716.7127973379
765716.7127973379
765719.7198210289
765724.2303565652
765724.2303565652
765725.7338684107
765728.7408921017
765728.7408921017
765730.2444039471
765731.7479157926
765733.2514276381
765734.7549394836
765734.7549394836
765736.2584513291
765737.7619631746
765739.2654750199
765739.2654750199
765740.7689868654
765742.2724987109
766681.8751621406
766941.5215114547
766941.5215114547
771083.8211697184
771155.9528423048
771363.1653690081
771367.0117766127
772508.7076472718
772632.9318545043
773961.0355220047
773961.0355220047
786974.9359604649
786987.0101752239
786989.7543149419
787002.0960256734
787002.0960256734
787947.4452405126
787975.3570616439
787975.9289495851
791214.488852733
791646.8868682921
791647.9891361789
791854.2884869758
792132.1891304138
792134.4213381844
792166.7883508578
792423.427676481
792424.8205003379
792458.7740408482
792736.7899842744
792737.9199241583
792779.7276998613
793016.8997754853
793019.1135352578
794300.8020395287
794399.5449493801
794400.2690333057
795873.2863379123
796167.3566516883
796185.5279298208
796253.4719068377
796254.5418907277
796259.8918101778
796264.1717457379
796270.5916490781
796274.8715846383
796277.0115524182
796284.5014396484
796288.7813752086
796303.0462897425
796306.408437397
796495.2974899833
796496.2982938804
796531.3264302803
796556.3465277088
796557.347331606
797206.3017849078
797297.8499754987
797298.6432394172
799111.2420691223
799289.0208148506
799290.1599787335
799323.4862873084
799458.2489134578
799460.416553235
799488.5958703388
799672.2364674646
799673.3064513545
799705.4059680555
799898.4273722172
799900.5581159982
799935.5447444024
800404.7880241746
800405.8211120685
800438.8799246707
800600.410596069
800601.6097159457
800631.5877128645
800778.0971018067
800779.3377296792
800812.8346822364
801135.8914130334
801137.1781609012
801172.02181732
801468.7578668221
801469.5880267367
801506.004374994
803300.049130606
803301.022262506
803330.2162195055
803567.9140630754
803569.0624509575
803603.3757274308
803826.3659045123
803827.449724401
803859.549241102
804252.0488487617
804253.8336925782
804303.2189835026
804548.2499063187
804549.8133741581
804595.1401054995
804897.4843464252
804901.0263620612
804965.3914274459
805098.0509818115
805099.9972456114
805340.1486729292
805674.3987265757
805675.5563384567
805731.1217087458
805856.6695598422
805858.7080636327
805896.1252157871
805898.5511275377
805903.4029510391
806291.1568111867
806293.2875549677
806325.2487116827
806525.2619071259
806526.3687870122
807282.5014972984
807502.5077106867
807503.7852345554
807567.5553520012
807805.9034875043
807807.250191366
807844.9578994905
808268.4455319652
808269.9813278075
808308.3070438685
808603.170621563
808604.7525374005
808650.6280966854
809081.0936844432
809083.9531241494
809131.1338793002
809241.6466119419
809396.0655800711
809397.2508639493
809438.7357996856
809464.2493810633
809545.1069567528
809565.9301346127
809806.2614299121
809807.5020577846
809840.0397144404
809848.2075656009
810023.4635475884
810024.8563714453
810056.0519362391
810121.0073375631
810210.6184883531
810212.1819561925
810260.649459211
810579.4170304488
810580.8605863004
810621.0357141714
810863.6176652393
810865.3102690653
810910.8445403854
811160.3767747391
811163.6236224053
811205.6435500867
811359.7811862448
811361.8473620324
811467.2223272022
811646.0572208219
811648.9720045223
811681.034625227
812079.3730242866
812082.1217760041
812149.8766610405
812369.2233584966
812370.6853623462
812413.0834739887
812491.4828539309
812587.2002920932
812588.7775959312
812634.5194072298
812891.4308408252
812894.9082884678
812947.0700031067
813091.2457202886
813094.7323919303
822334.8965022467
823288.08611628
823288.08611628
823470.5691015249
824569.433332586
824584.8189630047
824588.6653706094
824589.9475064776
824592.511778214
824595.0760499506
824597.4097217107
824599.7433934709
824605.5775728712
824607.9112446314
824609.0780805114
824611.4117522716
824613.7454240317
824614.9122599119
824618.4127675521
824620.7464393122
824623.0801110724
824625.4137828326
824627.7474545926
824628.9142904727
829317.4407245964
831871.0541301416
831881.7170730457
831955.4491094678
831955.4491094678
831961.6107408345
831963.1511486762
831966.2319643595
831969.3127800429
832068.535337845
832070.1126416828
832110.9196134888
832390.4621287581
832392.3069285685
832438.4269238284
832692.2252577436
832695.771885379
832738.8202889545
833118.4201339402
833120.4863097279
833178.3392317819
833410.6410359063
833414.671923492
833570.1839355088
833719.1422961992
833720.613524048
833759.5803080432
836349.7530338309
836375.2112712143
836410.9727155389
836529.4319233639
836531.0599591966
837537.6150197452
837771.8999836658
837773.8508594653
838942.5269273515
838943.7537192254
838978.1038916949
839161.8644008084
839163.3310166576
839204.3962604371
839387.1144576577
839390.2690653335
839427.9721614585
839482.9287478101
839556.6884562292
839557.9521440993
839589.5443408524
839606.4334831166
839610.6949706785
839824.7563166779
839825.9646605537
839906.3933202873
840130.0799092973
840131.8878131115
840265.3683033927
840414.7832520362
840415.6180239504
840441.6942692703
840677.8240330014
840678.8709568938
842358.9624282178
842450.6351427959
842755.2946074837
842781.79515676
843440.2964490807
845822.315800262
845941.6097800012
846119.3700777313
846119.3700777313
855013.6480595972
856384.6848306851
856384.6848306851
857191.9830637128
857232.2412075752
857429.3165593202
857430.7508911728
857435.0538867306
857437.9225504358
858881.8796460291
860298.7366324076
860352.5402188778
860361.0355220047
860602.5567131817
860603.9818210352
860611.1073603028
860887.7581518693
861175.2010223266
861175.2010223266
861179.2272979128
861193.9903083955
861195.3324002576
861200.7007677058
861202.0428595679
861206.069135154
861207.4112270161
861208.7533188781
861220.8321456368
861222.1742374988
861235.8718760909
861237.0617719686
861238.2516678463
863174.6550128271
866450.1431961796
870574.3961002983
870594.236922259
870594.42140224
874340.6379292122
874341.2882211454
874344.2906328369
874345.3421687288
874351.1256161344
874351.1256161344
874381.6478289973
874381.6478289973
874939.2939156838
878297.8257625012
878425.453625384
878427.3998891839
878448.7534469892
878553.3951042343
878554.5112081197
878583.8066291087
878683.4119828716
878684.6987307393
878718.0711593094
878884.4536542089
878885.523638099
878913.3432192397
879061.6974079922
879064.0864237467
879118.7109461325
879229.011526796
879229.9200907027
879257.5505798629
879401.403457078
879419.1135352578
879426.8616944614
879429.0754542339
879459.975851058
879461.1749709349
879462.3740908116
879626.3767939557
879627.9264257965
879650.728151453
879829.8582130424
879830.9835409267
879930.3629067127
880042.0793712307
880042.7019911667
881708.380963972
881726.6813780911
882017.0528682474
882017.0528682474
882024.1553475173
882034.3017464746
882036.331026266
882038.3603060574
882039.3749459531
882041.4042257445
882042.4188656403
882044.4481454317
882045.4627853275
882047.4920651189
882048.5067050146
882050.535984806
882051.5506247018
882052.6159965923
882053.6813684828
882055.8121122638
882059.0082279353
882060.0735998258
882062.2043436068
885250.0276399694
885255.5989353968
885256.9917592537
885258.3845831105
885259.7774069674
885261.1702308242
885261.1702308242
885263.9558785378
885263.9558785378
885265.3487023948
885268.1343501084
885268.1343501084
893198.5920590336
895983.9584407598
908753.8794922957
908848.1533746065
908848.1533746065
910488.2311380429
911923.1948345605
911924.8551543899
913731.2139487363
913911.1511102428
913911.1511102428
913919.4527093896
916828.3330504213
916839.4018492837
916842.1690489993
920171.5715068107
920425.2499287382
920425.2499287382
920487.2352023675
920851.6661809122
920853.0405567709
921060.1008874896
921515.2222247132
921517.1085325193
921569.4408911407
926376.0852451245
927953.3798590137
928062.0662398431
928153.4437864516
928366.1907125859
928372.3523439526
928375.064199674
928375.968151581
928430.5188819744
928430.5188819744
934699.1855336948
934721.5998513912
934760.3268114108
934761.4844232919
944231.9118339424
944239.0143132124
944587.829061362
944589.0189572397
944599.728020139
944599.728020139
944600.9179160168
944600.9179160168
944605.6774995276
944605.6774995276
944606.8673954053
944606.8673954053
944606.8673954053
944608.057291283
944609.2471871607
944610.4370830384
944611.6269789161
944611.6269789161
944612.8168747938
944612.8168747938
944612.8168747938
944614.0067706716
944614.0067706716
944616.3865624269
944616.3865624269
944617.5764583047
944619.9239660633
944619.9239660633
944621.0815779443
944622.2391898254
944622.2391898254
944623.3968017064
944623.3968017064
944625.7120254684
944625.7120254684
944626.8696373494
944626.8696373494
944628.0272492304
944628.0272492304
944629.1848611115
944630.3424729925
944631.5000848735
944631.5000848735
944632.6576967546
944632.6576967546
944633.8153086356
944641.9185918027
944643.0762036837
944644.2338155648
944644.2338155648
944645.3914274458
944645.3914274458
944646.5490393268
944647.7066512079
944648.8642630889
944648.8642630889
944650.0218749699
944654.652322494
944655.809934375
944656.967546256
944656.967546256
944658.1251581371
944658.1251581371
944659.2827700181
944660.4403818991
944663.9132175422
944663.9132175422
944665.0708294231
944665.0708294231
944665.0708294231
944666.2284413042
944666.2284413042
944667.3860531852
944669.7012769473
944669.7012769473
944670.8588888283
944670.8588888283
944673.1741125904
944673.1741125904
944674.3317244714
944674.3317244714
944675.4893363524
944675.4893363524
944676.6469482335
944677.8045601144
944678.9621719954
944684.7502314006
944684.7502314006
944685.9078432816
944685.9078432816
944687.0654551627
944688.2230670437
944690.0355828574
944691.8480986712
944693.6606144848
944693.6606144848
944695.4731302985
944695.4731302985
944697.2856461123
944697.2856461123
944702.7231935534
944702.7231935534
944702.7231935534
944704.5357093671
944704.5357093671
944706.3482251809
944706.3482251809
944709.9732568082
944715.4108042493
944717.2233200631
944717.2233200631
944719.0358358768
944719.0358358768
944720.8483516906
944720.8483516906
944722.6608675043
944726.2858991317
944726.2858991317
944726.2858991317
944728.0984149454
944728.0984149454
944729.9109307592
944731.7234465728
944733.5359623865
944735.3484782003
944737.160994014
944737.160994014
944738.9735098276
944744.4110572689
944744.4110572689
944746.2235730826
944746.2235730826
944748.0360888962
944748.0360888962
944749.84860471
944749.84860471
944753.4736363374
944755.2861521511
944755.2861521511
944757.0986679648
944757.0986679648
944758.9111837785
944758.9111837785
944760.7236995923
944760.7236995923
944764.3487312197
944764.3487312197
944766.1612470334
944766.1612470334
944769.7862786608
944773.4113102882
944773.4113102882
944775.223826102
944775.223826102
944775.223826102
944777.0363419157
944777.0363419157
944778.8488577293
944778.8488577293
944782.4738893568
944784.2864051706
944784.2864051706
944786.0989209842
944786.0989209842
944786.0989209842
944787.9114367979
944787.9114367979
944791.5364684254
944791.5364684254
944793.348984239
944801.493775402
944803.3016792162
944804.2056311233
944804.2056311233
944805.1095830303
944808.7253906587
944809.6293425658
944809.6293425658
944810.533294473
944811.43724638
944811.43724638
944812.3411982871
944812.3411982871
944814.1491021013
944814.1491021013
944815.0530540084
944815.0530540084
944815.0530540084
944815.9570059155
944816.8609578225
944825.9004768935
944833.1320921503
944833.1320921503
944834.9399959644
944835.8439478716
944835.8439478716
944836.7478997787
944842.1716112212
944843.0755631283
944843.0755631283
944844.8834669425
944844.8834669425
944845.7874188495
944845.7874188495
944846.6913707567
944848.4992745708
944849.4032264779
944850.3071783851
944850.3071783851
944850.3071783851
944851.2111302922
944852.5439981552
944853.8768660182
944857.8754696072
944857.8754696072
944859.2083374702
944859.2083374702
944860.5412053332
944860.5412053332
944861.8740731962
944864.5398089222
944864.5398089222
944865.8726767852
944865.8726767852
944867.2055446482
944867.2055446482
944868.5384125113
944869.8712803744
944871.2041482374
944871.2041482374
944872.5370161004
944872.5370161004
944873.8698839634
944875.2027518264
944879.2013554154
944879.2013554154
944879.2013554154
944880.5342232784
944881.8670911414
944881.8670911414
944881.8670911414
944883.1999590044
944885.8656947304
944885.8656947304
944887.1985625934
944887.1985625934
944888.5314304564
944888.5314304564
944889.8642983194
944891.1971661825
944892.5300340455
944892.5300340455
944893.8629019085
944895.1957697715
944896.5286376345
944900.5272412236
944900.5272412236
944901.8601090866
944901.8601090866
944901.8601090866
944903.1929769496
944903.1929769496
944907.1915805386
944907.1915805386
944907.1915805386
944908.5244484016
944908.5244484016
944909.8573162646
944909.8573162646
944911.1901841277
944913.8559198537
944913.8559198537
944913.8559198537
944915.1887877167
944915.1887877167
944921.8531270317
944923.1859948947
944923.1859948947
944924.5188627577
944924.5188627577
944924.5188627577
944925.8517306207
944925.8517306207
944929.8503342097
944929.8503342097
944931.1832020729
944931.1832020729
944931.1832020729
944932.894253897
944932.894253897
944934.6053057212
944938.0274093695
944938.0274093695
944938.0274093695
944939.7384611936
944941.4495130177
944943.1605648418
944948.2937203143
944948.2937203143
944950.0047721384
944950.0047721384
944950.0047721384
944951.7158239626
944951.7158239626
944956.848979435
944956.848979435
944958.5600312591
944958.5600312591
944958.5600312591
944960.2710830832
944960.2710830832
944963.6931867315
944965.4042385557
944965.4042385557
944967.1152903799
944968.826342204
944968.826342204
944973.9594976765
944973.9594976765
944975.6705495005
944975.6705495005
944977.3816013247
944977.3816013247
944979.0926531488
944982.5147567971
944982.5147567971
944984.2258086213
944984.2258086213
944985.9368604454
944985.9368604454
944985.9368604454
944991.0700159179
944991.0700159179
944992.7810677419
944992.7810677419
944994.4921195661
944994.4921195661
944996.2031713902
944997.9142232144
945003.0473786868
945003.0473786868
945004.758430511
945004.758430511
945006.4694823351
945006.4694823351
945008.1805341593
945011.6026378075
945011.6026378075
945013.3136896316
945013.3136896316
945016.73579328
945018.4468451041
945018.4468451041
945023.5800005766
945023.5800005766
945025.2910524007
945025.2910524007
945027.0021042248
945027.0021042248
945036.1430872853
945036.1430872853
945036.1430872853
945037.2914751673
945037.2914751673
945039.5882509312
945054.5172933969
945207.5803336654
947731.3956102732
947732.8068821282
954036.3356382655
954055.0096243463
954075.1179422796
954075.805130209
955773.1270317619
956524.1819305702
956534.9232774662
956534.9232774662
956535.7442133819
956536.1546813396
956550.9315278209
962919.2265933017
963015.4744114096
963172.6467432557
963209.7548914419
963209.7548914419
963265.2649177366
963266.6208455974
963283.251715888
963526.8344708532
963528.0566507275
963652.2301259652
963751.2128597919
963752.7071476384
963775.1214653347
963980.1017842673
963981.019572173
964008.4240733563
964260.5574754428
964261.6874153266
964291.0658523071
964556.8507729903
964557.962264876
964591.307021449
964814.7491744842
964815.7223063841
964839.0774719837
965030.0742083534
965031.1257442454
965071.8312520618
965683.9542771492
965685.0104250406
965689.2350166064
965728.6722245531
965913.9362455121
965915.1353653889
965941.4929426799
966066.9393297868
966067.7925496991
966093.1216510958
966287.8587190813
966289.0393909599
971788.6274497245
975758.332249727
975843.0177850232
975844.0647089157
975849.2993283776
975850.34625227
975851.3931761624
975853.4870239472
975853.4870239472
975854.5339478396
975855.580871732
979855.0422926762
979919.5457180467
979919.5457180467
981221.6423202201
981223.6162560172
981280.70358615
981708.235942209
981933.9933190063
981936.8527587124
981982.0918620628
982205.5478510965
982206.7331349747
982244.6622190764
982487.3963661287
982488.4479020206
982519.4405388352
983068.4667984076
983071.5937340863
983137.9465712666
983390.9654772618
983392.4090331135
983433.3220809086
983442.5368559615
983454.8232226988
983490.1465270683
983490.1465270683
983577.3871101019
983721.8026512591
983723.1724151183
983751.937456162
983806.1884065862
983806.1884065862
983817.8106453917
983821.1312850504
983824.4519247091
983827.7725643679
983831.0932040266
983834.4138436853
983837.734483344
983841.0551230027
983844.3757626615
983929.5317219093
983931.1551457425
983970.117317738
984232.0973388123
984236.2296903875
984300.207347812
984543.4810988089
984545.3996906118
984589.5273020765
984869.7523932754
984871.1267691342
984898.9048422793
985163.3753430976
985164.8373469473
985205.77345474
986217.4985667571
986219.145050588
986270.186049342
986575.601881952
986577.6772817387
986625.4114768327
986887.9726098473
986889.1256097287
988693.1322843169
990819.2410058003
990923.0432791316
990972.9681740005
990972.9681740005
991033.2147238085
994110.0733115758
994869.5912295142
996546.7863651358
996546.7863651358
997190.7183509539
997339.9442076168
997341.2263434851
997388.6653706094
997555.0017455138
997581.0872148328
997582.9504626412
997635.1214012792
997875.7939845433
997878.8932482249
997916.0844124024
997979.5731978773
997981.5978656692
1000331.9051081098
1000333.2887079676
1000378.9475032749
1000598.3818287218
1000601.2135964308
1000642.2742282107
1001007.194078705
1001008.5592305647
1001045.6996627476
1013089.0555329581
1013129.7056967802
1013172.1268684203
1013228.9743745776
1013228.9743745776
1028907.7849911443
1029000.1033856561
1029001.7544814864
1029813.6693260395
1029861.6617931069
1029886.0131506042
1029886.0131506042
1036292.0897162019
1036303.5274750264
1036378.2510913464
1036378.2510913464
1047393.5599832174
1047440.7130663712
1047441.1742663237
1048877.5077267005
1048958.3606903907
1048960.011786221
1048977.3482924392
1049053.9167085697
1049065.9263553354
1049093.252452527
1049093.252452527
1049101.4802596814
1049103.5372114698
1049128.220632933
1049269.6660463954
1049271.4001582172
1049291.3424441675
1049453.2835835235
1049454.0353394463
1049472.2250655768
1049556.4862969166
1049557.1596488475
1049573.9934471173
1049689.1550752814
1049689.8929952055
1049710.5547530819
1050083.457974756
1050084.301970669
1050105.950696444
1050260.7662965325
1050261.5964564472
1050282.3504543141
1050447.238661367
1050449.6645731179
1050486.053249378
1050693.325732075
1050694.4556719589
1050729.7144083348
1050936.8439190465
1050937.9554109322
1050974.6346431626
1051034.586025001
1051248.7534469892
1051277.3939640457
1051278.3486479474
1051305.4026371671
1051511.3883719963
1051513.2977398
1051552.439779777
1051892.7546128002
1051893.9491206775
1051919.8408860164
1052023.5601433562
1052024.4687072628
1052049.1013967313
1052250.382892044
1052251.5820119209
1052286.3564883468
1053414.2301964264
1055429.434165308
1055515.3741644754
1055562.4442316378
1055563.4865435306
1055565.5711673163
1055704.3047250577
1059279.4852496085
1059280.8965214635
1059333.1135800967
1059574.8930432473
1059577.540330975
1059610.9865515376
1059697.332406663
1059707.1144576576
1059805.2070755758
1059806.4061954527
1060216.5420892998
1061595.4792155758
1061596.7659634436
1061736.1359771192
1061936.5042965258
1061938.865640283
1062067.7986990318
1063126.031214269
1063127.248782144
1063393.1490028151
1063632.179714248
1063927.3799679084
1063940.371970573
1064869.7959510488
1064870.9443389308
1064988.7993748179
1065028.1305067756
1065040.3615295184
1065041.3807814138
1065078.0738496424
1065232.6911337513
1065234.775757537
1065274.3836094663
1067235.1613719417
1067237.7533156753
1067400.8705149107
1069997.6061160238
1070024.6877772405
1070120.4328874
1070120.4328874
1070449.6281895658
1070450.961057429
1070786.3041549632
1071065.6022342576
1071069.4348058635
1071235.392996807
1071539.2960935724
1071681.9636869093
1071878.6839146907
1071880.1689785381
1071948.481915517
1072044.623657636
1072338.3157874509
1072340.0591232718
1072650.4282433726
1073073.8051878589
1073075.9405436395
1073215.3336173128
1073369.6787934497
1073373.995625006
1073404.8360658363
1073701.7981033153
1073703.0295071886
1073734.598643944
1091685.7921589601
1092877.947916433
1092879.419144282
1093599.4398982797
1093647.5430533357
1093648.9174291946
1093834.4212741288
1094213.218631197
1094215.289418984
1094497.871241941
1100926.4220812288
1100945.7232992451
1100947.0100471128
1125253.469728949
1125256.873384599
1125257.440660541
1125258.0079364826
1125258.5752124242
1125259.7097643076
1125260.2770402494
1125260.844316191
1125261.4115921326
1125261.9788680745
1125262.546144016
1125263.113419958
1125263.6806958995
1125264.2479718411
1125264.815247783
1125265.3825237246
1125266.517075608
1125267.0843515496
1125268.3019194247
1125268.952211358
1125269.6025032909
1125270.9030871573
1125270.9030871573
1125272.2036710237
1125273.50425489
1125274.8048387563
1125275.4551306895
1125276.7557145557
1125277.406006489
1125278.0562984222
1125278.7065903551
1125279.3568822884
1125280.0071742216
1125280.6574661548
1125281.307758088
1125281.958050021
1125282.6083419542
1125283.9089258206
1125284.5592177538
1125285.2095096868
1125285.85980162
1125286.5100935532
1125287.1603854864
1125287.8106774196
1125289.1112612858
1125290.4118451523
1125291.7124290185
1125293.0130128849
1125293.0130128849
1125293.663304818
1125294.3135967513
1125295.6141806175
1125296.2644725507
1125296.914764484
1125297.5650564171
1125298.2153483501
1125298.8656402833
1125299.5159322165
1125300.1662241498
1125300.8165160827
1125301.466808016
1125302.1170999492
1125302.7673918824
1125686.6056644323
1125687.6756483223
1125688.2106402672
1125688.7456322124
1125689.2806241573
1125689.8156161024
1125690.3506080473
1125691.4205919374
1125691.4205919374
1125693.0255677726
1125693.0255677726
1125693.5605597175
1125694.6305436075
1125694.6305436075
1125695.1655355524
1125695.7005274976
1125696.2355194425
1125696.7705113876
1125697.8404952777
1125698.3754872226
1125722.9389966978
1125722.9389966978
1125724.8206925045
1129007.023947167
1129026.892441125
1129027.0400251097
1135639.0884895383
1136053.0615669908
1136076.1123406217
1136076.790304552
1136171.986586768
1136357.3889677129
1136358.6111475872
1136459.8260891847
1136695.633012949
1136696.4631728635
1136714.8097069778
1136865.432999497
1136866.6459553726
1137019.71821964
1137306.8382501304
1137308.0235340088
1137413.8873711284
1137575.0952025596
1137576.3358304321
1137664.9830733212
1137809.0434905149
1137840.9493032356
1137842.2360511033
1137852.5300340455
1137855.1035297809
1137856.3902776486
1137857.6770255165
1137858.9637733842
1137860.250521252
1137861.5372691196
1137862.8240169873
1137865.397512723
1137865.397512723
1137866.6842605907
1137869.257756326
1137870.5445041938
1137871.8312520618
1137873.1179999295
1137962.9413026979
1138005.320966342
1138006.7137901988
1138067.3339119684
1138068.4038958584
1138155.3124149262
1138420.8344516363
1138421.743015543
1138568.1278804978
1138726.3194642393
1138727.403284128
1140028.5083064032
1141806.697007645
1141807.4810475644
1141927.7020392083
1142123.3199991034
1142125.3216068975
1142374.0928613292
1142395.29883515
1142484.9468819362
1142486.4596177805
1142596.8939464304
1142808.2019287127
1142978.5599672035
1142981.096566943
1143019.4960749962
1143477.7996918927
1143478.888123781
1144536.4934070825
1145936.5073711923
1146097.332406663
1146098.7298425194
1146200.4105960687
1146344.4156692685
1146345.7024171362
1146455.2143458808
1146466.9196006777
1146697.2889770009
1146698.5757248686
1146817.2194126747
1147795.2123601586
1147796.4944960268
1147940.4350012331
1148198.20426674
1148201.3127544206
1148304.6261558023
1148495.3046642048
1148496.6144720702
1148603.1885571168
1151740.159946706
1151773.735303255
1151889.0260674057
1151890.0914392963
1172817.5512204184
1172958.8167658993
1173009.6502246747
1173009.6502246747
1173046.7307008638
1173050.4387484828
1173050.4387484828
1173054.1467961017
1173055.3828119747
1173056.6188278475
1173059.0908595936
1173061.5628913394
1173062.7989072124
1173062.7989072124
1173065.2709389583
1173066.5069548313
1173067.7429707043
1173070.2150024502
1173072.6870341962
1173073.923050069
1173075.159065942
1173076.395081815
1173078.867113561
1173080.103129434
1173092.4632881635
1173236.643617345
1190439.6785692554
1190470.435994094
1190471.5474859797
1190863.438309702
1190873.38178068
1190884.7457475122
1190884.7457475122
1191284.8090343946
1191297.0954011318
1191297.0954011318
1191310.7469197288
1191310.7469197288
1193188.8499787017
1193212.186696303
1193214.5203680634
1194334.521392952
