43586.08431631912
43961.13211777253
43961.13211777253
47565.40052333384
55386.88590745895
56682.950014252354
58107.12624387869
61011.93418932899
71637.07253330087
73688.40690646929
77758.38118816639
80065.75071502007
80177.26886355848
80177.26886355848
80181.11527116314
80191.37235810894
80195.21876571362
80214.6629557152
80451.48913137472
80672.01650070939
80695.4731302986
80706.34822518087
80713.59828843574
80840.36370740707
83753.97595995247
83756.79850366237
83758.20977551733
84924.16015168354
88388.37135563961
96377.46602653821
98811.58252436513
98838.10613363908
104138.11913691553
104192.13487536392
118230.43881253824
123779.55513421238
128040.32322430011
157724.15758946157
165680.89447168584
177169.92489486883
177595.05901117448
178126.3613565684
178138.16346335542
179928.70309932774
189264.69994779472
189265.37791172505
189270.80162316762
189271.47958709794
190548.15023588456
204794.30776769613
205315.93413808453
207041.32928075228
228805.91770783623
243599.84242334953
258643.51613719415
275702.3338639268
279588.7828484862
296103.0295071886
305776.02977301914
321326.84356674104
329026.90883934544
335205.7337402996
340308.58376383997
364434.5712922246
365407.39418824005
375575.44187119073
375580.1737827044
375586.48299805593
375588.0603018938
452633.86450329726
452641.2805985351
452649.9880536401
452652.51542938035
