23877.853589957132
58776.24187226368
215251.9160445908
226288.46491797766
342453.9148373689
420162.32397863676
445313.2141902062
448830.7227286272
448855.80299360474
448889.92733746435
461216.83081319387
461241.33894666063
471588.0457521833
487144.1254899564
487236.60724791605
487267.0017344265
487290.7561946531
487305.2025153004
487341.1587802474
487389.6029156702
487414.4796338603
487456.2892442638
487511.7309881646
487570.4184781363
487606.05016847624
488462.7345869085
488732.64862965024
496834.3443944407
499934.73055264784
502380.75779918855
513674.0891968918
517960.955080647
594195.2398780554
620866.6631010323
677428.6405000038
737603.2543035934
738872.6930982051
739150.220891052
739150.220891052
767372.3515613658
767392.2661389527
767511.8031158552
790822.168262288
790886.6100749547
1076559.157084024
1104114.8975771514
1206678.894551456
1206857.4986055822
1207016.661190871
1207123.077651877
1207204.6393997509
1207250.7620015435
1207291.1742907572
1207327.7576998603
1207391.9024442425
1207457.5820414275
1207512.7542233667
1207549.7667311027
