16743.587559131276
58926.17585169859
58958.73656835207
58963.62067585009
58983.55373780141
58985.79055757152
58992.50101688183
58994.73783665193
59019.34285412309
59021.57967389319
61541.18419493384
61573.59732760249
61787.11445765768
87566.43002411691
118760.78647403028
171245.31340778724
198194.9884219595
198234.81764986596
201073.99684206143
201770.6439824616
227564.43200343338
228173.0868048772
228174.81169269994
229265.98310855174
232897.76670328507
232897.76670328507
233046.52213599635
233077.72231278967
233096.44241886566
233102.20741827312
233108.62732161328
233113.44224911844
233119.8621524586
233124.67707996373
233135.91191080905
233143.93678998426
235394.78165064743
235629.80914649184
235657.32894766342
258891.12977974498
258916.4081491469
258925.28624823445
258984.07540619225
269310.5268248625
269328.47672701767
274682.7591287164
337960.44416117657
337981.991422962
337986.03153454675
337987.37823840836
337988.72494226997
337991.4183499931
337994.1117577163
337995.4584615779
337996.3531894859
378807.76173898
378826.38038106647
505077.6305852435
568810.5522549155
573835.3672464761
993090.0143164152
993104.5882349174
993112.7929820741
993114.0705059427
993120.4581252863
993121.7356491549
993133.2333639732
993134.5108878419
993137.0659355794
993140.8985071854
993140.8985071854
993147.2861265289
993147.2861265289
