409542.12658017036
409557.8811705511
419076.84526421316
419580.20811647864
419599.8091144641
424138.1319480253
424295.6455678364
424735.9900585788
424737.38288243563
435498.34922444745
435511.5072590951
441219.1564524756
441221.4624522386
463884.9480349359
463903.76499300194
463920.3174593007
464017.8289652787
465913.78507441655
466500.3207261337
473659.7489663036
473695.86092259205
473891.4742704873
473893.05157432525
474012.3640020626
474090.4497660371
474090.4497660371
474093.3184297423
474224.147020296
474225.6689801396
474227.1909399832
474230.23485967034
475413.90453801537
481632.7708188541
494146.6013727104
511292.101630534
518121.4813486255
518146.8473460185
518455.11339433555
518455.11339433555
523003.9054668208
523013.4569178391
523013.95962578745
523014.4623337358
528160.3284768552
528202.6020645103
528203.4506724231
531190.1538934563
531192.4045492251
541768.2267822656
541773.3184297422
541775.8642534806
541782.8099247668
541782.8099247668
576793.0702144899
576998.4978973765
592361.3911584126
600375.4690307433
600399.9310762293
600682.406823197
600922.7381184964
600922.7381184964
611785.8233540126
611786.7365299187
611787.3453138561
611787.6497058249
611788.2584897623
611788.8672736997
611789.1716656685
614478.6730252475
614480.448645065
634218.2385364588
634240.5836741622
634319.5457180467
634319.5457180467
634322.073093787
641578.076604031
668311.4488404344
672324.5710039746
672358.8750564489
672365.627023755
672385.8829256732
672388.1335814418
672401.6375160539
672406.1388275912
672410.6401391287
672417.982442374
672427.925913352
684847.0167729455
693662.0329309577
693670.223842116
693685.5818005374
713323.5956941859
713328.3645016958
746239.2795031852
778827.4375538466
809541.1406371605
897195.9135121978
915206.3297131272
915234.8318701978
915236.7320140025
915253.8333082449
915255.7334520495
915261.4338834637
915265.2341710732
915269.0344586825
915270.9346024873
915278.535177706
944140.08692338
944149.0618744575
962423.3075082712
990349.2321341067
1012146.1045578726
