2033.6150709895621
10474.072299498124
10493.248993527186
16659.040383820848
33088.610731226116
33111.73529684943
33123.518955638334
61655.17898721771
107425.05430309163
107442.21555332784
107443.5023011956
107446.0757969311
107449.93604053435
107451.2227884021
107456.3697798731
107460.23002347635
107464.0902670796
158904.1699521825
159413.2101758645
159413.2101758645
177158.45946404722
177185.568797261
177186.78636513586
189665.8977865605
189672.58518587318
198046.8417731857
198074.34773835872
201084.18936101388
201841.79329914902
211659.99314605628
212124.95187826882
212126.61219809818
222631.8985103882
222730.52150825193
228199.00624221325
259086.08361170808
259110.94228915314
270968.94651041384
270976.33493365446
271044.65709463245
271044.65709463245
271192.6746074196
273987.214256203
274663.5732106883
274876.32474882214
315793.0160234956
425333.9726931195
425339.7653645241
425341.2135323753
425345.55803592876
425347.0062037799
425348.4543716311
425351.35070733336
425355.6952108869
425358.5915465892
543572.1458288628
543595.980642413
543622.6195516752
568815.8514423708
573674.3992390201
592443.8721579354
592480.6113461595
592724.0511291393
592743.4768711426
592761.4083252997
592787.1432826547
592792.7883700745
592811.1349041889
592818.1912634637
592867.0969064373
592885.139048583
592897.1671433467
592910.698749956
593721.1469786599
593728.171053938
593799.4495066121
593820.19428048
593823.5979361302
593832.6743511974
593841.7507662645
593847.4235256815
593850.8271813317
593853.0962850985
593919.5090782726
594230.2194863386
594274.125721826
594348.8677861443
594891.2112584034
594891.2112584034
600997.0097588629
620820.2876734704
677607.3766370196
677619.5015837734
677627.2174589804
693672.7835018528
693673.8073657476
693675.3431615897
707654.0462288897
897850.692920901
915501.6268187773
944125.1855529115
944126.3985087868
992939.2572759097
992952.6874185294
992957.7237220118
992961.0812576667
992964.4387933216
992967.7963289765
992969.475096804
992976.1901681138
992984.5840072511
992987.941542906
992991.2990785609
992994.6566142159
992996.3353820434
992998.0141498708
993006.4079890081
993022.9742913054
993024.4316831556
993027.3464668561
993030.2612505564
993037.5482098076
993039.0056016578
993040.462993508
1006477.9479164331
1006479.4191442819
1125869.9326455903
1125957.4222765982
