33212.83955045815
42441.06780600137
42465.17011552418
42470.732186952526
42480.00230599976
42498.54254409424
42619.838131627745
43530.45437803664
43532.11930986552
59079.73698791591
59090.92108676644
59095.394726306644
59097.63154607675
59099.86836584685
59102.10518561696
59106.292881186564
59108.243756986056
59110.194632785555
59117.99813598352
59123.850763382005
59129.70339078049
59133.60514237947
59135.55601817896
59137.50689397846
59139.45776977795
59141.408645577445
59147.26127297593
59149.21214877542
59153.1139003744
59155.0647761739
59158.966527772885
59421.56455678364
59423.49698458503
68350.10508312809
68362.8480378184
68371.34334094527
68374.17510865422
68384.08629563558
68386.91806334454
68389.74983105349
68393.99748261693
68395.4133664714
68398.24513418037
68401.07690188932
68402.4927857438
68405.32455345275
68406.74043730723
68409.5722050162
68410.98808887068
68413.73684058817
68415.11121644692
68419.23434402315
68424.73184745813
68431.60372675185
68432.97810261059
68452.21936463303
68456.34249220925
68457.716868068
68460.4656197855
68464.58874736173
68474.20937837294
68478.33250594918
68483.83000938415
68487.95313696038
68494.74661226214
68497.33855599575
68499.93049972935
68509.00230279697
74263.78151933356
74274.62894221868
74285.19964513226
74288.1882208251
74504.68470257407
74504.68470257407
74519.7198210288
74522.72684471974
87631.95731338217
87649.13239961695
87684.55255597655
87684.55255597655
87689.57041146082
157656.74860438975
157721.04448978155
157721.04448978155
170014.12168632637
177161.0652437794
177171.48836270813
177172.530674601
177174.61529838675
177178.66924597012
177190.84492471872
231370.7428842292
231400.13054520878
231400.13054520878
259033.8112090805
266749.6402960648
319388.2818059822
319404.9219002719
319425.72201813414
319427.80202992033
323271.73299084965
323310.39999487554
323785.70344202494
323785.70344202494
323821.0867023883
323849.68109944946
323851.5996912522
378327.8232323071
378372.3659237291
378382.4892626886
378386.5385982724
378390.58793385624
378394.63726944005
378398.6312610296
378420.59821477183
384027.2722905303
384028.15779443935
384029.0432983483
384029.9288022573
384030.8143061663
384031.6998100753
384032.8574219563
384036.33025759936
384036.33025759936
384037.4878694804
384038.6454813614
384039.80309324246
384040.9607051235
384043.2759288855
384044.43354076653
384044.43354076653
384045.59115264757
384047.90637640964
384101.15652293665
384122.25642076804
384123.94441259454
384126.47640033433
384129.0083880741
403776.66136073205
511147.13264943357
601108.647819389
601111.4795870979
601151.1243350233
601151.1243350233
601442.4182250848
601447.6297845491
601484.1107007997
601484.1107007997
693668.1761143263
693668.6880462738
736558.7755141258
736566.6297493186
736568.3408011427
736570.0518529669
736573.4739566152
736575.1850084392
736576.8960602634
736578.6071120875
736582.0292157358
736583.74026756
736587.1623712083
736590.5844748566
736592.2955266807
736594.0065785048
736595.717630329
736597.4286821531
736599.1397339773
736600.8507858014
736602.5618376256
736604.2728894497
736605.9839412739
785562.5987336219
785571.878076668
785571.878076668
794715.1994209378
794774.4221068511
794775.3260587582
855423.1613335084
855425.3474212838
855477.0156519733
855480.7375355909
855481.9781634633
855483.2187913358
855484.4594192083
855485.7000470808
855488.1813028258
855488.1813028258
855490.6625585707
855490.6625585707
855493.1438143158
855494.3844421882
855499.3469536782
855501.8282094232
855506.7907209131
855508.0313487856
855509.2719766581
855510.5126045307
855512.9938602756
855514.2344881481
855515.4751160205
905152.4935864382
905221.8257753124
905434.4942974547
911393.1469530377
911397.5191285883
912304.0168594205
913803.47014531
933913.5314144426
936068.6219409471
939355.3864631408
1076074.0815234974
1144240.92880546
