16779.302883460536
61755.56838089991
156763.71791217345
156766.49894788762
198132.6203523696
198142.90511131252
201092.48634816112
201818.1521895788
235800.50386094823
249753.56882288322
323991.42168088164
485232.6762728638
485303.29520960577
485303.29520960577
485317.7399921212
485320.94994379126
485568.14389438526
485568.14389438526
485587.2929164171
485697.385957102
485699.17080091854
485709.71383183496
485778.2435327916
485778.2435327916
485802.84393826325
485973.33111274097
485973.33111274097
485987.2362913118
486010.9373568759
486126.24195702514
486126.24195702514
486137.218515897
486276.3856015937
486276.3856015937
486995.7883476551
523007.9271304075
523008.4298383558
523009.43525425246
523009.43525425246
523010.94337809744
523011.4460860458
523011.94879399415
656236.0810815139
656239.5308571594
656267.1290623229
656272.303725791
656275.7535014364
656279.203277082
656280.9281649046
656282.6530527273
656289.5526040182
698705.6418205868
698707.9662683479
797719.5481521576
797849.5004628013
797849.5004628013
805791.5112305391
805796.9349419817
805799.646797703
805801.0027255636
805802.3586534242
805805.0705091455
805806.4264370062
805809.1382927274
805809.1382927274
805811.8501484487
805814.56200417
805815.9179320306
805818.6297877519
805819.9857156125
805821.3416434732
805825.0727510897
823873.5748441047
824747.5487542797
824889.8519996541
911380.0304263858
911391.6895611874
925834.0784488309
960828.8747041434
960831.3467358893
1038434.040656057
1038451.9121542202
1038600.7644389215
1038602.0189027925
1038607.6639902123
1038692.8476214574
1038693.4979133905
1039738.7660979602
1040033.2514916937
1040055.5551214012
