7376.948585813618
7380.0340134965045
67275.9934535229
107351.25308667676
175422.1338825029
175808.33811080968
208719.0086763241
211952.16792802716
266754.4229395732
279628.05863644957
322893.622821711
322940.3147049121
323982.82952576474
324012.9320466709
329095.5676762889
329164.3464252199
329166.68009698007
329169.01376874023
329171.3474405004
329172.5142763804
329174.8479481406
329176.01478402066
329180.682127541
338170.806683556
338227.1560937645
338227.1560937645
338234.0279730582
338235.402348917
338236.77672477573
338238.1511006345
338239.5254764932
338240.7153723709
338243.0951641263
338243.0951641263
338245.4749558817
338246.6648517594
338247.8547476371
338249.0446435148
350076.346783931
353663.27868327417
353680.0571375497
383906.6223829305
383908.12128277647
383909.6201826224
384189.80376582575
384215.7554871585
398055.425216748
399037.9702077642
410959.29257051717
411065.48385960306
411066.69681547844
414027.4805991756
414270.26086622314
424818.72933007503
425253.8438133549
425268.5560918428
425271.2310515679
425272.56853143044
425273.906011293
425275.2434911555
425275.2434911555
435505.6823036937
435507.771539479
446510.9831565934
452845.97497349704
467188.1727834378
467203.85358182614
467221.10246005334
467222.6705398922
468507.5736078327
500377.0068763632
500386.91806334455
500388.33394719905
500389.74983105354
531890.6520534607
531910.575891413
531911.2815273405
531912.6927991954
531913.3984351229
531914.1040710504
531915.5153429053
531916.2209788328
531916.9266147603
531918.3378866152
531919.0435225427
531919.7491584702
531920.4547943977
531921.1604303252
531921.8660662526
532075.1366464999
532076.3496023752
547023.9876500901
568270.21500245
584418.2458387914
584550.554881193
584550.554881193
584563.7913198326
691903.2838077181
693678.9266852215
693684.5579366427
720935.4656998549
776647.2577499207
778752.0036895996
778817.1066749084
779520.1598826502
779550.5437355274
779563.2036742263
779659.7097643076
779659.7097643076
779744.4091356024
781015.0288410109
802915.1362621665
802963.4746291984
802964.5031050927
809934.1752367653
810058.2472480134
817123.581473854
817138.7549522946
824241.5201662882
843464.7584945665
843487.5325482258
843493.3805636248
843515.3106213709
844913.7841776388
847419.9631680594
850593.1479779264
850602.5103369642
850610.5352161394
850615.8851355895
850626.5849744899
850643.9722127029
850656.0095314657
850665.2704265139
850668.9784741328
867640.3342418546
880070.7291122861
880083.5089629727
880087.2677425863
880301.9886045178
880302.7034644444
900446.4646141133
911371.2860752845
911390.2321693372
917211.1290110784
917221.71816199
917224.7436336791
917231.0712970288
917235.886224534
917240.7011520391
919005.2429466834
919050.6250220191
919052.5159418248
919052.5159418248
919054.4068616305
919054.4068616305
919058.1887012417
919060.0796210475
919060.0796210475
929642.312533429
939051.7139663517
939082.5959151777
939367.050209942
939368.3461818089
944491.2537912878
953320.3365478544
953333.5360904976
969603.7710782791
969606.8518939625
985166.2993507971
988184.0551646388
996687.7798026449
1000007.8660214138
1007171.9154851087
1009005.0284887054
1009018.0066553715
1015032.4598932193
1021824.2748751717
1058683.1767708957
1074291.986458657
1074461.0162412846
1074461.0162412846
1074466.6982247005
1074469.5392164085
1074472.3802081165
1074473.8007039705
1074475.2211998247
1074476.6416956787
1074478.0621915327
1074479.4826873867
1074480.9031832407
1095737.5721025274
1095799.211476192
1095799.211476192
1109422.0941680626
1109457.5097124225
1115197.5351424755
1115639.300129072
1115653.9570635655
1115665.9943823284
1115670.8093098335
1115675.6242373385
1121031.4885548747
1132833.590729881
1132844.8901287196
1132847.601984441
1132852.5737199301
1138259.3083922379
1197178.6400366398
1197215.3331048684
1197573.0305641051
1197574.4418359601
