601421.0831152776
601495.6591476128
601495.6591476128
601589.1720500018
601590.2143618946
604102.7532996614
604824.2498935077
605069.8019722704
613545.6609091404
613550.6603166267
613551.084620583
614424.0438908623
614424.0438908623
629256.6033264047
630383.4439465904
630923.1678031188
643061.0373796156
657044.4954184268
657150.7143795099
657162.3366183154
661049.1361148389
661050.5289386957
661587.0705155511
667603.0964452373
669766.6269308744
676503.4853264751
676520.4482607316
677544.2983195026
677544.2983195026
682523.6666677343
682528.5738352299
684218.1337415806
684335.4768455204
684435.0176312899
684485.9433300558
693654.2478757579
693655.0688116734
693655.4792796313
693658.9613392735
693663.0567948525
693663.5687267999
693664.5925906947
693666.1283865368
693667.664182379
711438.61614392
711539.591261542
723683.4933334187
744154.9739454055
744161.0802327779
771735.5013147402
771748.5624973978
773603.075178795
778712.2298056874
778773.901463349
781037.22178273
801351.9220828302
825681.8845142507
828911.1558503534
830482.7915408241
830482.7915408241
842295.3122227596
880049.6799464495
897759.7811862448
911378.5730345355
915086.7959094126
915097.9200522692
915107.1901713165
915144.2706475055
915146.124671315
915175.9274122518
915175.9274122518
915179.7276998613
915181.627843666
915185.4281312755
915189.2284188848
915191.1285626895
915238.6321578072
925652.402563503
925709.3192496533
944486.9369597315
961708.8349897031
992920.7908298076
1005690.2921893867
1125755.047737398
1150538.2175262386
1189755.4884395748
