69576.38490514139
71302.43965800472
71487.01808540714
71706.93663612955
71750.01153737422
72260.95248282765
72406.02082839874
72406.02082839874
72560.33679963935
73767.66631774387
74800.27567447796
79239.66411723806
79255.50775907519
81084.3041282406
81322.27782913992
87982.36172342394
88765.80780721124
92396.15828360547
104380.27246540698
104403.74636114272
104405.91385936628
107728.23753237724
110578.94880003668
110593.05954354786
110609.05171952721
112503.14259736091
112784.83484745452
112788.37766180978
113225.57415628176
113226.71841930332
113227.86268232489
113245.02662764843
115832.92048380565
116191.31686519609
116191.31686519609
117602.03913538459
117607.71644037623
117611.97441911994
117631.84498659066
128486.98416094256
128581.40236401561
129576.31155494771
129576.31155494771
130140.61476631087
130188.56928919078
130213.58904025856
130413.55450454235
130416.36014945101
130423.37426172265
130424.77708417698
130426.17990663131
130427.58272908564
131227.4720925435
131227.4720925435
131233.95808342058
142466.43999419312
142491.22319088623
142515.87985849526
142577.11993520733
142645.12656728734
147354.40154646657
157078.02963042198
174347.38468356268
174389.84344318035
174419.02215023036
174429.18848707585
174438.31508492577
174705.39597643624
174790.90763224047
175155.5094400171
190787.10503594924
190789.38255946332
190790.52132122038
190791.6600829774
190792.79884473444
190793.9376064915
190796.1601173603
191209.8717135675
191214.93287693214
191230.11636702603
191234.9794848677
191234.9794848677
191239.84260270937
191239.84260270937
191699.81433232222
191874.4849823119
194850.3885268072
194994.48314855705
196788.467515797
199311.80953399703
199321.06816219562
199323.1256351286
199347.8153103248
199424.29939104058
199435.34593021034
202602.27538413342
206832.47274199832
206836.7637283292
209275.69434363037
213624.47145836995
213626.9690324651
213631.93117306827
213634.3627319891
213635.57851144954
213636.79429090995
213638.01007037036
234263.2630139289
237455.09669236472
247763.06909435434
247779.3968474698
261160.1005508905
271364.12105838215
292191.2484050153
293487.68740592455
320310.1808540713
323706.2654818573
326829.245333476
330984.30642043415
357717.64087439544
380209.824952819
380356.7912346519
381237.25211836887
381255.2412533714
381310.5454656591
381628.14446931897
381628.14446931897
381666.4002628382
382057.6501959826
383209.55997524434
383209.55997524434
383266.06896446337
383382.5967496695
384214.3219309439
384216.9735404458
384264.7025114801
384918.47278784215
384920.40373169107
384953.4608302325
385275.79642264993
385275.79642264993
385308.9525439528
385686.5043284255
388016.93900472956
389588.3037003644
389616.360149451
389637.4024862659
389693.68042237486
389712.25819268177
389746.10747331503
389774.2739476921
389795.39880347496
391676.7872615164
391692.52087806293
392243.94562916894
392256.73056792916
396788.0671459898
396874.1344295112
397932.4842029661
397934.07956967887
401385.95802229544
402070.39234712976
403290.30325720704
406009.16571795323
406618.30423520965
415394.10295005306
415686.67670138064
420965.3765691975
420980.15296571644
420995.6665316819
421014.5468715378
421016.26326607016
421017.12146333634
423531.67246082256
423537.3497658142
423540.18841831
423541.6077445579
423543.02707080584
423545.86572330166
423547.28504954954
423547.28504954954
423548.7043757975
423550.12370204536
423551.5430282933
423552.9623545412
423554.3816807891
423557.22033328493
423558.6396595328
423560.05898578075
423561.47831202863
426105.7361379595
426627.35503785935
426668.10840547376
427486.62505061924
427541.4671566867
428608.4704192422
428675.55834014626
428678.5400255198
428681.5217108933
428705.9418241276
428752.7300789279
428767.43495900795
428770.108573568
431540.17130326485
433117.9174657508
448424.50935597
458276.74600203236
461484.4398260989
461486.832876168
471170.71982518205
471928.32646948704
471958.79797370086
472636.5867709869
472638.13262631895
478830.306466278
479740.5236898204
483558.0932005898
489598.4046332872
489710.8504802145
489794.05710618204
489843.26591737405
489899.13125864347
489907.24562382046
489921.8514811391
489973.7834182718
490006.5434485288
490030.7490124466
490094.2116000275
493332.2724042818
493351.03721758263
493353.12219683826
493357.29215534957
493361.4621138609
493367.7170516278
493371.8870101391
493376.0569686504
493380.2269271617
493384.396885673
493386.4818649286
493390.6518234399
493394.82178195124
493398.99174046254
493403.16169897385
493407.3316574851
493413.5865952521
493415.24247587466
493420.21011774236
493423.52187898743
493484.7894620222
499906.04695940524
507705.31070683606
516353.7001352394
532480.3600272008
542673.5375423101
545808.801717617
546177.6009902277
561207.4957785435
565984.5958480734
568813.0159918703
569834.562305641
569878.4678978293
570324.559937041
570326.4468707738
573400.7405313305
574693.1856141933
574715.3006975909
574819.3241085277
575214.3754154601
575214.3754154601
575244.1262540208
575440.3288533683
575477.9575027315
575477.9575027315
575551.4709006028
575576.6006769611
607279.0678412885
627661.880057152
642545.8483026306
642549.5231473345
642555.0354143904
642575.2470602617
642624.8574637641
642651.5716043062
642660.351622491
642663.2782952193
642704.2517134147
642776.3952964188
642791.3367308736
642795.6057121463
642802.0091840555
642834.0265436013
642840.4300155104
642898.457353739
642909.6359232574
645039.8795834321
662985.950687276
662995.6219103141
700246.7194889936
751956.2294944185
752028.031999022
752144.4167513504
752222.2981532561
810454.343936002
883165.9875151858
886623.1856905997
887283.9150665882
894163.169339619
894940.3109742586
894941.818320739
896019.8076085545
944735.534959772
947193.0158390574
1003378.0355901251
1045931.4499652351
1122791.0690026667
1193666.9076016778
1204762.2980004433
