179704.85715813845
179714.27532300827
179714.27532300827
179715.1885329197
246779.70705766394
246786.4846155609
246801.0079539116
246801.97617646834
283529.2323443792
335921.05318653106
337870.2172235424
337876.37863981235
338192.4702969919
338339.1560143338
339735.33294111356
415275.31964639097
415539.4463588505
423337.79689636995
429037.2829865754
433163.0718449866
433166.8347099229
437659.85498055455
437662.3855622369
439325.3903223588
440068.88072188816
440073.0616829285
443250.85613429203
502845.0095126032
502849.82311906415
515201.135705499
515211.9621940877
515991.700425584
560057.478434279
599590.6105639561
609603.1265520061
609609.6730567929
631904.1801969758
757543.8198641493
757553.1720138448
760662.591248405
760664.4506758151
761144.0894261112
761146.7520381422
761449.4921263153
761451.9456902941
762099.2079707211
762102.5252332308
762996.3211821606
762998.1696070416
763252.7241192246
763253.637329136
763794.1805790081
763794.9067459257
764086.7103202194
764088.0471274995
764455.0034764935
764456.5768381482
764809.4059398376
764810.7152407949
765450.5673179043
765451.8711175972
766187.1426279235
766187.8467897829
768388.1105448544
768389.232802818
854106.2783181412
854106.2783181412
854678.2998036355
854679.6476134445
855484.6476516477
855486.1604993925
857351.2817182282
857352.2719458431
858181.631583371
858183.0784159414
859128.5257375133
859129.2354006373
860465.6080807463
860470.2181404197
865499.8427555223
865500.5249123236
868869.4112882891
868869.4112882891
868973.6602510716
868973.8692991236
869900.6013187753
869900.7663567112
870619.5615797797
870619.5615797797
946055.0187577839
946056.2675448315
947344.355626189
947345.6539246173
951491.1208062408
951492.4136034047
952090.0544778001
952090.5825991947
956407.9529947509
956408.1070301576
956468.18083879
956468.18083879
958014.190206221
958014.190206221
1005518.0990074802
1005519.4688223473
1006478.1026749898
1006479.5605100894
1006884.4315742021
1006884.4315742021
1009222.4634968177
1009223.9213319173
1010972.8558439474
1010975.3589193071
1011969.5804521734
1011969.5804521734
1012998.6689996104
1012998.6689996104
1013453.3155051612
1013454.8118491125
1014479.7414405672
1014480.9957288794
1014838.7484623202
1014838.7484623202
1016402.6314381986
1016403.951741685
1016871.9938263587
1016871.9938263587
1017694.9774982999
1017696.1767739668
1025833.4272113937
1025834.2854086598
1031466.083940128
1031466.083940128
1031964.2454480856
1031964.2454480856
1037844.5801083443
1037844.5801083443
1039156.6537030387
1039157.2258345494
1046204.1916579437
1046204.7252806027
1046295.7877123144
1046296.1452945087
1046474.028682982
1046474.5237967893
1046801.2328945056
1046801.2328945056
1104495.007449629
1104496.2067252959
1114553.442492684
1114555.1808922745
1118270.3663689364
1118270.3663689364
1127356.4143980318
1127356.4143980318
1129070.960505505
1129071.1420472343
1129110.5366025106
1129110.6796353883
1194239.8202920253
1194240.6234766464
1195090.1122410777
1195090.7448864982
1195282.8600463022
1195283.7732562136
1195731.114082473
1195731.114082473
1196140.1826114198
1196141.5194187
1196536.444196548
1196537.423421634
1197147.029546375
1197148.1187967514
1197530.2916434265
1197531.2763697768
1197858.4090648615
1197858.4090648615
1200855.745535953
1200857.0163280587
1207200.9425499889
1207203.7151873105
