69585.2419410295
71282.41505512725
71694.60830232504
72527.46124282732
74745.6151101399
75417.12146333636
87985.3544113265
91765.97192826962
101608.32830324193
112494.29656400187
115775.77334790149
117637.5222915823
117644.84997593197
130100.3125023877
130148.95468333346
141239.3334301148
142434.367622002
157204.58622086045
170138.9228218431
174447.8762826733
186718.00120722194
192119.96790929025
199199.0061048755
199305.77464681116
204000.61980913667
206852.85492707003
213672.05189526206
213673.26767472248
213856.77335554216
220436.21971439265
234269.88653641913
247754.75118238985
273353.7358934588
274609.92214182566
274616.8537351294
274682.01071218454
276658.81310217833
276746.7233093162
276763.74422176206
278674.6854728414
293480.4587443363
326839.65372596064
326923.74605551694
371165.806584708
371170.4276469105
380360.9501906341
380470.029263671
381793.69952398783
388013.7592738331
389386.4843099351
400479.635694038
403272.7817296892
423443.80076253635
428816.0221273085
478073.640538207
490476.12038600544
507717.10541798145
710373.3041970064
967172.8934359218
