45892.99001367675
104778.23944253853
105240.99481200193
105427.94978567991
106106.8168308132
106445.02357139037
106445.02357139037
106473.05251415429
106490.54103408492
154955.16866724228
164870.6313465109
169694.0850709434
319244.4318798279
368953.7701235493
387066.19396541844
410745.40239457815
410748.659143178
410750.28751747793
410750.28751747793
410751.9158917779
410753.5442660778
449342.0597651266
449344.5133291055
449346.96689308446
449348.19367507397
449349.4204570634
449350.64723905287
449351.8740210424
449353.1008030318
449354.3275850213
449354.3275850213
449355.5543670108
449356.7811490002
449358.0079309897
449359.2347129792
449360.4614949687
449361.6882769581
449362.9150589476
449364.1418409371
449365.36862292653
449366.59540491604
449367.8221869055
449369.04896889493
460470.034153684
463430.7046967046
463446.8784144133
463448.2262242224
463448.2262242224
463449.5740340314
463450.9218438405
463488.3634502097
463489.6122372573
463502.1001077331
463522.08070049435
463523.3294875419
463532.070996875
463575.9490827405
463577.1208520848
463584.15146814997
463618.1327791319
463619.30454847607
463626.33516454126
463694.27578144695
463695.59058366885
949193.710220891
1043000.8053240015
