53027.73401386013
53042.09231427502
53045.28304770055
53046.87841441331
53048.47378112608
53050.06914783884
53054.85524797714
53056.4506146899
53061.2367148282
53062.83208154096
53066.02281496649
53067.61818167926
53069.21354839202
53072.40428181755
53073.99964853032
53077.19038195585
53078.64271579092
53080.09504962599
53082.99971729612
53084.45205113119
53087.35671880133
53174.99736397741
53174.99736397741
53181.09276507308
53353.07879797371
53848.72072677817
53849.72195692204
53924.67118483484
54045.66599683677
54095.45794206863
54127.09571436212
54147.01579321358
54175.41882196532
54207.502196685484
54256.72201040656
73670.78904942733
80836.17509302485
80862.3171020561
80907.51549140809
80995.31567325545
81279.4999961797
81279.4999961797
104184.77402791892
104195.02838499683
104436.25883449598
104436.25883449598
105772.10339321052
109072.69157007619
128062.12150153959
128099.35405985682
128105.38344577818
128109.90548521918
128137.03772186524
128141.55976130626
128164.16995851131
128189.03567417234
128195.2521030876
128201.46853200285
128205.19838935201
128207.68496091811
128210.17153248422
128240.13692036156
128713.08613299308
128713.08613299308
131380.53927673656
131410.4661557622
131426.30979759933
131435.11182084217
131440.27200696827
131448.77146066213
131452.17124213968
131460.67069583354
131643.07612374786
131643.07612374786
136361.5052070997
140790.09466759374
141137.6315528083
141180.27185415538
141274.13993077574
141275.97185186317
145852.20424972684
148989.12430565635
149957.09930546535
160289.31578022448
165727.7118559891
172339.30760473415
187105.24071852627
188215.46741646866
189600.82335592416
203645.61220669473
203652.3237494174
237160.77353891762
237319.6445571864
245956.47582881898
247448.07769008016
248671.06380702785
264842.6140175276
264850.49182833
274047.2252997043
281302.56802084367
281379.23364328884
281455.7507315918
281784.88038569974
281831.3110583057
283312.03691959754
284767.3469387755
284775.048709113
288755.9727687406
291643.96610609797
291831.8067833648
301037.52381971135
301914.74445862207
301931.62233819027
305388.6169668167
305718.2087271449
306914.5027086087
307145.4347909138
307149.2636710244
307480.84688911133
309998.1485188609
310001.60331298376
316053.42339107115
316194.8609020546
316196.4287624447
319229.86453136103
319234.61212264764
319238.8205900106
319241.62623491924
319251.4459920996
319255.65445946256
319257.05728191684
333067.31622338184
337831.103232757
337852.1125619848
338098.3381596742
338173.182863561
338256.67005401937
338878.1809151965
338878.8190618816
338882.0097953071
339476.89453617466
341472.73130143114
341691.73664224206
341715.8651884565
341940.6468570206
341942.6493173083
342483.78670374927
354834.23009038885
356457.5267231565
371759.7010979607
371915.7499675272
374032.0974335073
379920.2163830714
380028.9103675915
380095.81124550157
380095.81124550157
380124.9679474935
380146.92899548437
380367.88178393786
384984.8180380351
385123.13083076733
385422.33360584965
385540.9353677824
385540.9353677824
385547.2398169301
385568.2546474224
385582.64045416
385615.516010972
385782.7269462633
385783.4256068582
385819.77796285116
385824.5640629895
386128.58594579727
386526.5474216643
387714.297939318
389921.70783700974
389928.8814859527
393495.5383216559
415698.2128530933
415725.38909985556
415780.2917198328
415782.7122762246
419982.0035299781
420008.93772110116
420156.3000939799
435439.4565973151
435451.07526799565
435451.36133375106
435451.9334652618
435509.6692364703
435509.6692364703
436154.34592256974
436323.25124733534
436358.10175811243
436435.8236233468
436549.8318293997
438406.06850602466
438568.5098449713
438573.9560968528
438575.11136240343
438575.9860634632
438577.15233154286
438684.4544961377
438684.4544961377
438695.74309094663
438696.0511617601
444527.3200437045
444597.483171479
444605.6250429786
444799.93520732893
444801.25000955083
453020.617822569
454565.1473498422
455601.6791081839
455611.18529328617
455615.7183352562
455617.98485624127
455625.9176796889
455628.1842006739
455713.57482865854
455716.149420457
458479.236546734
458681.35300544783
460358.6665546039
460440.1072746583
463752.3086209399
463794.47581353766
463800.30715393607
463841.12653672474
466821.948211707
466888.38148213236
467884.3634196471
470165.5287708494
470445.4221074428
470447.8701701572
471448.2916281451
472275.04366628715
472279.62071837345
474494.84241169324
478124.2301667953
479208.3753696162
479209.8937186256
491851.1724570023
492165.1296235454
492166.493937148
499939.2360882953
500000.81174214353
501341.41489467374
501585.2419410295
501595.8648828307
501603.29709120636
501721.34872668644
501721.34872668644
503824.1520794016
503908.45895827445
510597.93060766056
510682.54005608236
510682.54005608236
510731.9524140619
510731.9524140619
514227.2908564399
514286.3469311349
514290.06028469047
514336.402937064
514344.4237807441
514347.09739530407
514351.1078171441
514360.4654681041
514363.13908266416
514367.14950450417
514375.17034818424
514380.5175773042
514387.20161370427
516304.8764125643
517478.59320441016
522679.4831867603
522698.33051902906
522698.7431138685
522730.6229418012
522730.99152652454
523789.2037683662
523851.23052590556
523908.0640897318
523908.8782768817
523912.1350254816
525168.1452333835
533942.7446725601
533953.3071004516
534063.519433981
534064.5041603313
534070.4125184331
534187.4959313564
535289.9273374644
537518.6766402555
537684.3197151567
537783.606537336
537827.3140840012
542687.6647896148
542697.0829544846
542833.8278868268
542835.2527143393
542904.8657156611
543090.8744718403
544595.9654337213
544615.2308620941
546498.8143246815
546521.606063616
546527.6794596536
546644.5923333766
546645.8576242179
546931.6483163838
546952.212043185
546956.9211256199
546963.9847492722
546965.162019881
546967.5165610985
546975.7574553596
547206.5850136385
547295.1608737841
547306.9005722842
547306.9005722842
547341.0524224666
547346.9937881555
548118.4031051581
549208.0275674477
549257.6929835955
549486.3805499736
549495.5566592043
549503.2034168965
549818.574408423
549825.3134574684
549826.6612672774
549829.3568868955
549830.7046967046
549841.4871751771
549939.5637191605
549950.8028025887
549987.6667761826
550310.7780468983
550369.498544457
550405.2017512359
550421.4304815899
550474.1325957563
550475.4694030364
550671.9580681393
550673.1903513933
550692.3787620626
550692.3787620626
553184.5176078668
553728.4056265712
557027.5799784533
557283.498804239
562119.4569029409
562388.3037003644
562388.3037003644
562466.6582110194
562468.347099229
562471.7248756485
562475.1026520679
562476.7915402777
562478.4804284874
562483.5470931166
562485.2359813262
562486.924869536
562488.6137577457
562490.3026459555
562491.9915341651
562495.3693105846
562497.0581987943
562500.4359752138
562502.1248634234
562505.5026398429
562508.8804162623
562512.2581926818
562858.0071669252
562894.1724799242
562904.404831944
563538.8656698172
563538.8656698172
563729.5119919926
563857.6309415567
563913.7218346718
563930.8857799954
563940.8980814341
563949.4800540959
563959.4923555346
564003.1723958771
564245.6241261013
564257.8039257636
564260.5105479107
564261.8638589843
564264.5704811314
564368.5113731003
564440.5999434593
564478.360623171
564479.9339848257
564481.5073464804
564483.080708135
564487.800793099
564489.3741547536
564494.0942397176
564508.2544946095
564511.4012179188
564762.1598575783
564763.4471534776
564793.7481184911
565032.9871102315
565065.8626670436
565266.4332704253
565270.7077529626
565304.9036132611
565361.4566125964
565978.5169507713
565988.2431864546
566015.1773775778
566048.8451164817
566050.247938936
566050.247938936
566065.6789859335
566200.0693770582
566229.9302409095
567273.8722025688
567305.8235469403
567412.5260737017
567574.6373367767
567663.9008549881
567937.6107702535
567938.7440307459
568211.3096829896
568221.1679490216
568246.1877000894
568398.8202843848
568398.8202843848
570796.3868917092
571053.2079248772
571432.5201139984
571494.6183879767
572455.1391743518
574142.4375186241
574271.7227362678
574368.721032404
574397.899739454
575026.6942748646
575046.2567715219
575429.3538306374
575429.3538306374
576532.6764415987
576608.5168743648
576844.2295555437
576844.2295555437
576849.8573491545
576904.9580146548
577054.6914325445
577073.3297167612
577712.8737230571
579219.2299757791
579332.4349972111
579883.1335813997
579893.0688651351
585109.7254716188
585959.2032335211
586000.8588085177
586196.1206916312
586197.5125115565
586217.2730537367
586499.933526387
586521.0693846989
586548.4216719259
586557.1246724073
586959.6411953026
587036.5268683288
587040.5042825816
587064.2642440728
587066.7068055227
587069.1493669726
587072.8132091474
587931.830163739
588058.6178072876
588058.6178072876
588239.5764026315
588240.3080708135
589006.9257864135
589016.3659563414
589023.2315344708
589024.089731737
589025.8061262694
589093.3561533936
589120.1088027873
589146.1847966441
589147.0539964394
589251.7485616485
589348.9669083658
589350.0726625357
594966.6436937936
595363.9505191819
595506.6038096257
595526.8209567616
595905.3354625264
595906.8758165939
596648.6443203264
596667.8437335249
596705.2193247197
596705.2193247197
596783.2987721483
597670.3611732974
597844.7402562673
597856.9035521359
597899.4338281925
597959.7276874059
597960.6629023755
598244.4676380473
598417.3888859176
598417.3888859176
598590.9427792082
599397.7802397634
599426.1227546054
599600.2487794069
599600.2487794069
599649.7931677351
601263.3030509095
601288.6583791135
601310.5479106656
601511.2890532477
601512.6258605276
601610.6088830141
601796.2875633218
601944.1395487436
602083.112493219
603163.4838285744
603288.6485990876
603288.6485990876
603293.2036461158
603306.8687872003
603772.0667181136
606287.9820292025
606308.7107939394
606366.0339703085
606366.0339703085
607742.0212562749
607756.1319997861
611300.3821850717
614512.4605169661
614532.3695932885
614536.677083413
614556.0525370762
614560.2114930585
614609.2772713728
614610.019942084
614614.4759663506
614665.7917618564
614666.5949464773
614671.4140542027
614749.4769978378
614750.0051192323
614776.8402875939
614778.606193507
614845.8591523467
614846.3652686833
614852.9447810573
614869.8886757997
614870.7248680078
619963.2179341223
619973.3677671743
622780.272465407
622787.1050359493
623176.9741516974
623176.9741516974
632490.6370005884
632959.5647888507
632988.4134200291
636633.8373612268
637076.8872011553
637279.4822698829
637279.4822698829
638045.9844589276
638064.4081938278
638164.1351171694
638176.5679749999
638198.9471190948
638240.4816662719
638261.5955195257
638283.8206282138
638311.6790317774
638388.850770559
638404.6944123962
638413.9365368012
638437.7019995569
638578.5013638552
638580.6358544916
638634.5592493829
638937.2718312334
638938.2895651709
639099.7351752382
639238.1689957901
639238.1689957901
639279.4834923861
639512.0989616364
639617.7892557248
639752.1796468494
639757.763430344
639762.2304571398
640798.4486434035
641316.293675838
641318.549194294
661436.4755231933
661487.8188250215
661837.193132588
661838.7609929782
664818.1578404481
664848.640347191
664852.8488145539
664857.057281917
665076.4752175674
665076.4752175674
675777.9530711573
680229.994422329
680864.433255144
680880.0953552518
683376.8057518777
684171.2928735702
684327.7763430345
684327.7763430345
684498.5520977392
684498.5520977392
686742.985505696
688041.7350377066
688811.2849272992
688857.8476302539
688941.7529168163
688941.7529168163
695093.0963714576
699373.2947226063
702411.5495992482
702452.4515010047
702453.2491843612
703492.9276660122
703652.1122563588
703672.6594793664
703823.9442538528
703824.9619877903
703836.1570611022
703838.1925289772
703840.227996852
703841.2457307895
703844.9095729643
703847.3521344143
703849.7946958641
703852.237257314
703853.4585380389
703855.9010994888
703857.1223802138
703859.5649416636
703862.0075031136
716005.1742449133
722168.950557385
722208.8897378495
722663.052132122
722690.8610243049
722692.1098113524
726471.5995690676
740299.8421442707
741212.4359140886
741257.700318615
741713.5901099489
741713.5901099489
741723.2943405742
741747.5549171373
741763.7286348459
741939.3124947471
741939.3124947471
741952.5320334049
747399.7081273543
751213.1406871997
757179.6801625929
763668.2346289321
763728.3744527388
763770.3821086652
763807.9777504413
763845.5678909528
763891.5749661902
766490.2072907037
766553.2077720643
766559.2921706309
766605.964898876
766636.8600004584
766654.7831202867
766677.6848845116
766859.485173328
766879.5537863217
767168.5462144424
767199.4193109667
767271.6619167322
768000.3979248008
768014.5691822218
768210.3481842007
768210.3481842007
771193.7554535106
771219.3583386182
771304.49040717
771383.6811100328
771394.5736137959
771430.8819596727
771476.8945361746
771497.3812452724
772474.1527670596
774021.8125138487
806736.732401684
806771.7754567196
807590.4956486525
809018.574408423
809895.943581476
810026.1585128249
810252.0679406169
810253.6908136522
810880.6644305044
810896.5685862513
810898.3840035452
810899.2917121921
810901.1071294859
810902.0148381329
810903.8302554267
810904.7379640737
810905.6456727205
810907.4610900144
810910.1842159552
810911.999633249
810913.8150505428
810915.6304678366
810920.1690110712
811034.9253890999
811040.4816662719
811041.5929217063
811042.7041771407
811046.037943444
811048.2604543128
811053.8167314848
811180.9289496405
811186.2101635862
811293.1547459868
811294.210988776
811298.4359599325
811306.8693984521
811308.9708815013
811311.0723645505
811312.1231060751
811313.1738475998
811315.275330649
811318.4275552228
811319.4782967474
811320.5290382721
811322.6305213213
811323.6812628459
811326.8334874198
811329.9857119935
811333.1379365674
811335.2394196166
811337.3409026659
811341.5438687643
811342.594610289
811344.6960933382
811345.7468348627
811347.848317912
811349.9498009613
812723.7860924976
812816.23484287
812816.23484287
817382.130364688
817410.8469655177
817642.219148985
817643.4844398261
819288.8026344945
819337.0377218652
820405.4713131977
820422.6792686374
820428.752664675
820436.8505260585
820456.7265947936
820474.9412816417
820509.7147747155
826297.7162111569
826612.5260737017
826647.9102071379
826827.7135369311
827875.7924495145
827875.7924495145
833698.5123663842
834038.4850128745
834038.4850128745
834043.5901863553
834044.8664797256
834047.4190664659
834049.9716532064
834052.5242399467
834060.182000168
834062.7345869085
834065.287173649
834066.5634670191
835002.0314947395
835135.5911949205
835353.2102170708
835523.4743541745
835525.0972272098
836776.0352692181
839304.7685266545
850405.187081197
861550.5729719817
862327.9016496153
862423.8051941105
864490.8998387824
864539.8941006579
864544.0750616982
864648.9291635785
864649.424277386
865215.9334958245
865235.1109039647
865304.8889432224
865304.8889432224
865314.7582117834
867123.9700792335
867845.1198435195
868015.0429022226
868065.5885206948
868114.0106510593
868128.4129615905
870046.1812819475
872024.2104539307
872272.7575852505
875299.9714239871
875320.9972570083
875333.0120187348
875335.0144790226
875338.0181694542
875340.020629742
876599.5186393539
876613.7669144783
876626.9974556651
876637.1747950397
876646.1308536893
876652.237257314
876655.9010994888
876669.3351874632
876674.220310363
876690.0969597873
876730.1571680713
876770.360409233
881045.3215565522
881049.9151124321
881051.752534784
881052.6712459599
881054.5086683119
881055.4273794879
881057.2648018398
881060.9396465437
881061.8583577197
881062.7770688956
881064.6144912476
881070.1267583034
881071.9641806553
881073.8016030074
881074.7203141833
881076.5577365352
881077.4764477112
881079.3138700632
887390.2215023036
887410.9062569244
887570.5529534915
887941.3271800671
887942.4769443532
887971.2210515057
889962.8658531926
892129.1978086629
892416.4738422512
892425.8479970049
896621.6404465194
896652.0679406169
897639.0223030433
899796.8272984971
900586.159735328
902982.6205884825
903008.8671215398
903069.4360439795
903214.0477845949
903318.4727878422
903318.4727878422
905669.0861024305
905714.4275246602
905784.06253104
905844.246364963
905856.5746987676
905864.7935879705
906040.7735389177
906060.7981417951
906062.3384958626
906565.5391621268
910554.9076628031
910567.2359966076
912396.3294340575
915655.2565346619
915697.1431627687
915822.6875205341
915913.2383346449
915976.4148564705
916310.1490689875
916383.7449858265
916947.1404885428
916992.6359461793
916992.6359461793
917014.971080158
917021.3525470091
917279.2518280244
917478.8377050558
917572.4362197145
917612.01231672
918139.9851771484
918164.7243637253
918529.4582018505
918778.4179280098
918780.2718541553
919802.0767273589
919826.2547849541
920195.4831561977
921024.650249467
922036.800403426
923605.629016114
925020.3011942328
927174.4093399247
927211.9499690554
930866.0329006182
933842.5030753597
933853.4780980906
933883.0033848058
934090.5220852848
934978.8662810688
934991.651219829
934994.3908495634
935112.1124091718
935126.630246258
935137.4677373758
935186.0769107343
935195.3850503137
935250.0291108581
935305.5203661397
935305.5203661397
936720.907708647
936830.2728474392
936960.2347206199
937303.1505436319
937303.1505436319
938397.1540124848
938485.130234797
938485.130234797
938613.1666653933
941877.0834129234
943121.8270310744
943244.6152553121
943245.6054829269
943768.1155876803
943775.0471809839
943779.0080914432
943783.9592295174
943866.0050886697
943873.0907173802
943881.9477532683
943894.3476035116
944024.2819703696
944113.0943848899
944174.6040235637
944702.0652663911
944754.5968413573
944790.3165519297
944817.294753169
945432.6882081924
945780.9842679115
949463.9873470915
949464.9610709128
949465.934794734
949466.9085185553
949467.8822423766
949469.829690019
949471.7771376615
949473.7245853039
949477.6194805889
949478.5932044102
949480.5406520526
951957.9526127187
952663.5723072457
954072.7542233666
956270.0527968581
956662.2819550883
956786.0659082052
956790.6429602916
956857.6703672858
956857.6703672858
956860.1349337938
958316.6222235805
959824.4693189893
959845.8912430566
959863.8253654139
959865.0356436098
960116.2233819024
960207.0492592395
960269.00450034
960269.8076849609
960301.3299306994
960302.5622139534
960871.5194951062
960877.4553595305
960887.0440636007
960894.1516973693
960905.4072845911
960909.500225399
960912.5699310049
961014.359828544
961015.0419853453
963635.4813224428
963807.8359400667
963809.3927979278
968300.4326133298
969397.7973548087
969824.8165099061
971919.5495075604
972009.869268561
972020.6407445044
972101.5808494869
972131.5077285126
972365.1629367584
972414.888866816
972557.6301774922
972588.1291880286
972731.4481314803
972731.4481314803
973832.8838087089
973898.0352844994
973938.0734877253
973938.0734877253
976204.6054752864
976316.919291865
980082.7164021729
980086.7598316001
980658.4622437519
981461.9659380039
981560.8786741953
981859.0087026949
982516.9104287166
983151.2062286539
984244.5935558798
986739.9616439613
986819.306382231
988391.3367308736
991668.2309614223
991710.260622407
991749.4846384829
991916.9156243554
991916.9156243554
992476.20168247
992496.2262853476
992497.7666394151
992502.3877016176
992505.4684097525
992507.2343156656
992510.7661274917
992516.0638452311
992517.8297511442
992521.3615629703
992523.1274688834
992526.6592807096
992528.4251866227
992535.4888102751
992537.2547161882
992542.5524339274
994997.1561518654
1000031.5613658418
1000067.8532079249
1000093.6981486717
1002061.4619610481
1002123.8463007816
1002228.3263166741
1002245.3087202683
1002603.8371320075
1003205.4554206557
1003237.9128813636
1003343.7076994781
1004280.4740256267
1011955.4201972814
1012435.6035727657
1012435.6035727657
1013046.39246938
1014663.8412579559
1019357.1625700075
1019366.8007854584
1019602.9150589476
1019624.336983015
1020635.997524431
1020651.9456902941
1020826.8033832776
1020826.8033832776
1020855.0248703001
1020859.4808945667
1020862.4515774111
1020867.9033305573
1020870.8905171953
1020871.8862460747
1020878.85634823
1020880.8478059887
1020882.8392637474
1020885.8264503855
1020887.8179081442
1020895.783739179
1020898.770925817
1020915.698316766
1020918.685503404
1020983.7544602266
1021228.9128125979
1021228.9128125979
1021350.0726625357
1021350.0726625357
1024722.4138326241
1024782.8452234507
1025236.9250987554
1025239.7747537802
1030252.7745474827
1030304.9760465774
1030632.6973769665
1031143.2587351677
1032055.8525049855
1032123.749111775
1032408.2745130998
1032409.7928621093
1032446.2772484509
1034410.2726946262
1037205.0361020485
1040184.597987454
1040196.5357314772
1040197.3609211561
1040315.4070553717
1040352.4965808113
1040488.4328272679
1040517.7545671957
1040524.9062110805
1040653.7018161813
1040654.1309148144
1041881.3860130348
1041928.8949334882
1041929.1369891274
1042077.8251667571
1042165.7133688369
1042210.9337632469
1042237.1747950397
1042237.4058481498
1042240.4095385815
1045027.2951352012
1045083.4520434906
1047455.4267682362
1049806.4141688123
1050006.1925901023
1050771.0333972601
1050898.7452532493
1050939.9882334066
1050939.9882334066
1050939.9882334066
1050939.9882334066
1050941.9521848424
1050943.9161362785
1050949.8079905869
1050957.663796331
1050973.3754078194
1050975.3393592555
1050989.087019308
1050991.050970744
1050993.01492218
1051009.3811841472
1051017.2369898914
1051026.402096593
1051030.329999465
1051031.6393004225
1051035.5672032945
1051049.9695138256
1051049.9695138256
1051063.0625233995
1051125.9089693534
1051185.8342438436
1051191.0054324986
1051192.2982296625
1051324.284568189
1051324.284568189
1051524.1345059176
1051525.5648346946
1051643.2148778643
1051643.2148778643
1051657.9197579443
1051663.2669870644
1051673.1362556254
1051732.8964921797
1051780.9005264405
1051782.2978476305
1051808.8469502365
1051813.038913806
1051818.6281985652
1051820.025519755
1051822.4570786757
1051825.5597918688
1051828.662505062
1052001.561747874
1052002.689507102
1052022.1089708814
1054225.2388847715
1054268.165251874
1054276.5821865997
1055796.361524767
1055813.591485265
1059224.9751296998
1059241.3138853444
1059244.7301706157
1059330.2913378007
1059350.5084849366
1059389.5234529604
1060107.9996026866
1060159.491438657
1060182.4647193209
1060197.9782852863
1060208.3206625967
1060227.7126200534
1060238.0549973638
1060529.1544097983
1060530.2106525875
1069730.0743434776
1069808.071271938
1069841.1448742733
1069963.3829720581
1072745.6144988884
1075678.4156358163
1075879.5308643864
1075992.3838048885
1076607.975305435
1079353.1613169415
1085913.441270181
1088428.8834725204
1090094.3527991502
1090649.721956922
1107249.0835046112
1108551.9259774294
1110017.4298397757
1118693.7491881815
1121413.5193575746
1176467.5066282596
1176475.896056663
