341655.1917419907
347790.00939799356
347884.19654795656
368940.0389672904
374479.15219401126
374587.5931203631
378937.41547536274
379237.70199955686
379237.70199955686
379244.5675776863
385578.07440460275
385587.20650371717
385588.1197136286
386794.20594595006
386835.3664071394
386867.09770092985
387735.48881027516
390635.11182084214
398835.9513749341
399619.95308643865
399690.7708646918
399690.7708646918
403118.4602571841
403350.184521581
406900.99771544704
406913.50759098097
406913.50759098097
406917.6775494922
406951.03721758263
406967.7170516278
407845.130234797
408318.9321434302
408318.9321434302
408481.720062042
408483.06237058656
410668.81378983636
410678.63904828124
410685.15254548093
410694.9227912805
410696.5511655804
438493.3790753291
438532.7956356635
445382.92621428956
448473.80068612995
448493.00009932835
448494.8265191513
448806.4896583868
449263.2541507805
449266.45588673506
449270.7248680078
449277.128339917
449280.3300758716
449282.46456650796
449315.549171372
452968.5098449713
454617.381856524
454627.8287578603
454639.88202843844
458534.4417362602
460452.4301071983
463868.82540361705
467960.7099687497
468713.5470167101
468717.2658715302
468730.28186340054
468752.23190886236
468753.97030845284
468762.66230640514
470095.6627113593
478940.49679474934
510495.89315321785
510504.31008794386
510519.2735274567
510552.2481070302
510587.0381038975
537874.6854728414
537965.6928919079
568128.1580696674
568195.2900006876
568227.2413450592
601527.3307406077
606176.2513466637
612922.6610839019
612928.7014723523
612929.3726266245
612929.3726266245
612930.7149351691
612932.7283979859
612937.575012034
634645.9224168889
634788.8012591783
634792.1900381268
635114.2340635244
673526.549561045
692096.585090045
744751.5534195708
786443.0626762124
786451.2485578283
786451.2485578283
802367.4355702596
802393.0439566317
802409.5587527411
802412.5954507599
802417.6566141245
805632.8156541538
808291.3182405123
809723.5944651166
810855.7382009337
817732.8689858572
820557.3062141367
855952.4531819467
861940.3265611748
881082.988714767
881088.5009818228
897263.3244447161
897277.4131831692
897302.9225467799
903139.2085819726
910597.3719236852
918184.9250070676
961133.7152637169
964056.2950511541
1017480.4171792265
1019672.8581361411
1077414.9447963387
1077525.4211905652
1082444.3218545376
1088374.8610548675
1097305.272809236
1125741.7492493065
1126137.2351561366
1189035.459011759
1192692.7436792762
1192716.6741799677
