3271.3159483186764
3276.465131915739
3277.6534050535233
3357.7628190924443
3357.7628190924443
14709.831218148061
29676.246915089505
30050.81151292415
30729.436502418255
30734.95977200314
30739.102224191804
30741.863858984245
30744.625493776686
30746.006311172907
30747.387128569128
30748.767945965352
30750.148763361572
30751.529580757793
30752.910398154014
31004.46672116993
31005.941060063105
52083.55748439398
52086.97927092964
85637.59075176307
85689.18161049519
94675.13413152607
94682.65986139869
94685.43249872018
94719.10023762406
94719.10023762406
99415.92585517922
105828.56287104884
105898.3299077774
105962.7332115924
126439.68856730261
126512.53631216621
127679.56356634753
127680.69682684005
128743.28807524509
128753.35538932908
128813.75927383307
128850.32617914256
128921.52904591263
128928.4056265711
128951.78600080991
128979.29232344379
128999.98808059352
129006.22651456688
129012.46494854025
131039.51588872164
131039.51588872164
131081.8756255778
166132.1373176751
166159.20353914687
166181.9787742877
186184.48307215062
186284.50706377646
223908.188785061
223954.1023388015
224673.6127262586
224709.4644671796
224890.4010574653
224949.32510181158
275293.94937308505
275503.1019491286
276626.7682363099
291258.0909083963
291310.2263923166
291318.2472359966
291348.02558088
291368.4462748034
291913.7371159621
300607.90806775726
300955.1258796293
301996.36121914134
307193.33430114837
307198.20292025455
307227.4146348918
310107.9317537573
310112.05770215235
319240.22341246495
319243.0290573736
319250.04316964524
319258.4601043712
319259.86292682553
319261.2657492799
319261.2657492799
319265.47421664285
319266.8770390972
319268.2798615515
319268.2798615515
337603.46640790347
337612.03187677165
346886.80078545836
346915.1873104165
346915.6164090496
346916.90370494884
346917.33280358196
346918.064471764
346918.7961399461
346919.52780812816
346920.2594763102
346920.2594763102
346921.7228126743
346922.45448085637
346923.9178172205
346925.38115358463
346926.1128217667
346927.57615813083
346927.57615813083
346929.03949449497
386961.16932433774
386985.8369944758
386991.0301881891
387005.3114709006
387007.90806775726
387009.20636618556
387010.5046646139
387013.1012614705
387014.3995598988
387016.9961567555
387019.59275361215
387020.89105204045
387021.89778344886
387022.9045148572
387024.91797767405
387949.9996179677
392670.0020629742
392876.54703963205
392876.54703963205
392892.3906814691
406976.0569686504
406988.5668441843
406990.6518234399
406992.7368026956
406994.82178195124
406998.99174046254
407001.07671971817
407283.5886582263
407283.5886582263
415472.50147082424
415548.08334415755
415564.0590163433
415594.6790546994
415661.0408086859
415676.4223443027
415699.25809335336
415718.07241803495
415723.2986193354
415730.615301156
415732.70578167617
415738.9772232367
415742.11294401693
415746.2939050573
415755.70106739807
415762.1375468945
438040.94957938243
438045.2405657133
438358.17449705454
438358.6256007457
438396.62833609665
448508.52466782293
448521.30960658315
448536.83417507773
448555.60999090766
448563.3887789485
448567.27817296895
448573.9457055754
448580.45370151056
448585.2673079715
449351.8740210424
449360.4614949687
449361.6882769581
449364.1418409371
449364.1418409371
449367.8221869055
449369.04896889493
453072.4837445274
453080.2295249811
453082.1659700945
453083.13419265125
453084.10241520795
453085.07063776464
455897.49310431775
455907.89049427334
455960.87317293073
455962.0229372168
459221.48916174483
462743.2446763805
462758.4336677389
463057.54292132426
463060.49159911065
463078.7337922814
463081.7924953583
463081.7924953583
463083.3218468968
463084.8511984352
463086.38054997363
463089.43925305054
463095.5566592043
463097.08601074276
463098.6153622812
463103.2034168965
463104.732768435
463107.7914715119
463109.3208230503
463110.85017458873
463113.90887766564
463115.4382292041
463118.49693228095
463120.0262838194
463969.4985444571
463995.46451302344
464058.0909083963
464148.02558088
468691.2338877895
468693.09331519954
468904.1493287693
468913.7545366331
468929.763216406
468936.16668831516
468951.6967580742
468992.7747002957
469003.5846850908
469007.90867900883
469020.880660763
469025.20465468103
469027.36665164004
469029.5286485991
469033.85264251713
469036.01463947614
469040.3386333942
469044.66262731224
469046.82462427125
469048.9866212303
469053.31061514834
469638.22706469335
469703.19149749004
470006.2781653283
470008.41265596467
470064.9216451837
470090.07342660014
470101.2519961185
478832.2484126559
479170.4166443814
479171.9349933908
510574.7592814737
511018.0511770414
511054.09546222084
511054.953659487
511058.3864485517
511059.2446458179
511060.9610403502
511061.8192376164
511063.53563214873
511064.3938294149
511066.11022394727
511066.96842121345
511067.8266184796
511069.43298772146
511070.18115969707
511070.9293316727
511072.425675624
511073.17384759965
511073.9220195753
511077.6628794535
511078.41105142917
511079.90739538043
511081.4037393317
511082.15191130736
513716.64147800644
525515.6601135399
528263.3822079937
528266.5949464773
528272.2172388237
528278.6427157909
544644.1675135049
544662.7837926635
547508.2358514353
547535.3075741716
547542.4317117338
547548.1310217836
547631.2386249895
547632.0803184621
547633.7637054073
547893.2143430191
553194.2218384921
573119.092291353
573171.0022234278
573625.6652327722
573625.6652327722
573636.607247916
573676.3098740057
575180.9057220791
575184.6245768992
575190.2028591294
575192.0622865395
575193.9217139495
575195.7811413596
575195.7811413596
575199.4999961796
582199.859106503
595020.1820001681
596839.9452929805
601571.4453808479
608762.3627931143
635061.4769367125
638512.1231060751
638541.5438687643
638578.5013638552
638606.2497421283
660989.1016893467
661066.6475141161
661079.9165641547
661081.3909030479
696501.6291383645
696506.8938485165
696508.8908075398
696515.6078515269
763323.3603557484
799305.7893168499
799317.8920988088
799320.9177942985
799325.4563375331
799326.9691852779
799331.5077285126
799333.0205762575
799336.0462717472
799340.5848149818
799343.6105104715
799346.6362059612
799349.661901451
799352.6875969407
799358.7389879201
799361.7646834098
799364.7903788995
799369.3289221341
799370.841769879
799373.8674653687
799375.3803131137
799379.9188563483
799382.944551838
802079.2188204372
806608.0523231381
806653.5697858327
810924.7075543058
816631.0757264344
816854.7516408286
816860.5444723752
820619.2834602953
823036.0109719664
823135.1767663262
823146.6193965418
823160.9226843115
853790.274681194
855987.1771636398
858012.6877497536
888464.5634517379
888508.5295578359
888587.4176911499
888833.8523368913
888834.8645695642
888866.243782425
903129.3613184697
904848.9520855141
904904.8064242544
905010.7827840983
905011.7950167713
911459.2990472115
912019.3002697148
912283.3334606774
912592.1524461526
915160.571825885
915856.6303226644
916461.7034054355
916495.8772606759
916515.30222572
916950.5732776076
916960.8716448017
917151.2594075444
917470.5858082656
918306.0078393018
919683.7115198007
922879.3190657019
943556.9220424972
943561.598117345
943578.4319867969
943587.883159254
943608.5624126102
943615.4554970622
943635.1500240681
943643.0278348704
943646.9117276262
943655.8457812178
943664.1416881242
943669.246861605
943675.6283284561
943681.371648622
943713.818106801
943716.8713086133
943723.9954461755
943733.1550516126
943737.2259873624
943744.3501249246
943747.320807769
945546.7184193033
945585.051230526
949471.7771376615
949476.6457567677
950185.7532530046
961145.8840608501
961158.0528579834
961171.6519838936
964118.5803681263
964127.9380190863
964636.876504252
964636.876504252
978220.9069445825
978256.9512297619
978297.1544709235
978300.5212448139
978371.223496512
978372.3457544756
978382.4460761467
980068.9687421205
980073.8208574331
980690.1165198389
982503.5423559165
982597.8010223183
982611.5761886934
982729.8093659028
983065.0509249001
983142.9488305992
983391.2484050153
983433.5971393425
990301.2987568671
995405.1849418165
995462.3705865723
997350.2780430779
999960.2759801038
999976.0095966504
1000187.8963011636
1000429.7648973479
1000448.7277561717
1000450.0095508065
1000451.2913454412
1000452.5731400759
1000452.5731400759
1000455.1367293454
1000456.4185239802
1000456.4185239802
1000458.9821132496
1000460.2639078844
1000461.5457025191
1000462.8274971539
1000462.8274971539
1000466.6728810581
1000467.9546756928
1000469.2364703276
1000470.5182649622
1000471.800059597
1000471.800059597
1003200.5868015494
1007075.6005165076
1007103.2773783418
1007103.2773783418
1007106.3690890059
1007107.9149443379
1007120.2817869941
1007121.8276423261
1007132.6486296502
1007135.7403403143
1007137.2861956464
1007140.3779063104
1007141.9237616424
1007151.1988936346
1007152.7447489665
1007154.2906042986
1007155.8364596306
1007168.2033022868
1007171.6085850289
1007173.468012439
1007175.327439849
1007177.1868672591
1007179.0462946692
1007186.4840043093
1007190.2028591294
1007192.0622865395
1007193.9217139495
1007197.6405687697
1007199.4999961796
1007201.3594235897
1007201.3594235897
1008819.8424498965
1008861.1129363764
1008861.1129363764
1008864.8647987837
1008864.8647987837
1008868.6166611909
1020048.9520855141
1028807.4878322725
1028830.8572039823
1033076.5681278127
1033098.5951909779
1033100.5976512657
1033100.5976512657
1033102.6001115534
1033104.6025718412
1033106.6050321289
1033110.6099527044
1033112.6124129922
1033114.6148732799
1033116.6173335677
1033120.6222541431
1033122.6247144309
1033124.6271747187
1033130.6345555818
1033130.6345555818
1033134.6394761574
1033136.6419364451
1033140.6468570206
1033142.6493173083
1033144.6517775961
1044636.1112172313
1066039.6555597153
1066129.221647476
1066178.1278891189
1066188.7233245973
1066266.3681721285
1068294.6073854475
1074677.9116588603
1078543.0671077864
1080158.7664942427
1081450.1058229357
1081707.4659800273
1082178.7098006557
1100696.9069140197
1100707.1612710976
1100884.7585938156
1100884.7585938156
1110006.7023739484
1184158.395464513
1184372.1525989654
1184862.4087897982
1184864.526776641
1184883.5886582262
1184913.2404740255
1184925.9483950823
1184937.787116344
1192707.101979691
1197131.7800411067
1197148.1187967514
1197149.2080471276
