209308.72660771423
209313.3386072402
209328.66889366458
209328.66889366458
209332.9857252209
211579.7766383007
294955.86380509177
294962.8648203722
294964.0316562523
295048.7817595419
456679.96246344835
466257.9370910454
468485.6666100843
476738.0603339216
525479.1056564252
554166.3653280124
554227.3774697417
554819.9456168389
554821.0986167204
633084.1893610138
633132.5138920471
731500.482018006
731507.8612172477
814964.058815805
815879.1487017542
817086.8884056254
817094.5904448337
817094.5904448337
817096.1308526754
818104.1479170737
818523.4201819818
818631.0550269193
818712.0647985933
819177.8951987164
819305.4907776023
819395.747608326
820031.7976869541
821125.45958255
821179.5398889917
821179.5398889917
821994.0282292804
826002.9995932472
826034.8592859728
826067.9365465732
826069.4400584187
826140.4648511189
826643.3019354384
826821.564941117
826821.564941117
827566.4951045547
827660.0356789407
827964.6259636357
830699.5601305452
832717.2960871668
832720.6075028264
832722.2632106562
832723.9189184861
832725.5746263159
832728.8860419756
832869.9025394823
832871.4014393282
834316.0872308466
835277.4400840409
838059.1998821378
840172.7639649104
840268.3292070883
840269.3161749869
845735.3196532034
845764.3521902193
848827.0565514413
856470.006821916
856472.4142856685
856472.4142856685
856474.8217494211
856475.6242373387
856476.4267252561
856478.0317010912
856478.8341890087
883376.0015885776
883380.2630761396
883390.9167950447
883392.9645228343
883395.9115905314
883399.8410141275
883399.8410141275
885163.2943768837
894201.8633759196
894242.2644917673
901034.6375256623
901044.6824606298
967516.3339728212
967573.518154944
967614.8924026917
967616.1883745585
970121.4864730694
1058804.5692104192
1138264.0864237468
1138284.3930576597
1138285.5875655368
1138286.7820734142
1138287.9765812913
1138289.1710891686
1138292.7546128002
1138319.8408860164
1138319.8408860164
1142829.6338905098
