1521.6831236047901
1531.4375026022567
1577.4606458721003
1577.4606458721003
3821.5673752277967
3824.343798942442
3833.3095260209648
3838.843925452152
3845.300724788536
5067.434479180345
5072.415438668413
5091.716656684677
5099.063571929577
6278.9237386661725
6290.403005486358
6292.506077270209
6293.207101198159
7997.216402063868
8130.60465235452
8965.874662507327
9088.221785932761
9088.82134587114
9140.960000512443
15473.166169702365
19833.110697596956
19919.853184681757
19919.853184681757
21722.333287426856
21741.93428541231
21770.796178445948
21771.967626325546
21774.31052208475
21775.481969964352
21776.65341784395
25823.157233953283
25834.01388083746
25858.16231035554
25858.88639428112
25860.334562132277
25861.05864605786
25861.78272998344
25862.506813909018
33956.21547005563
33984.11806718787
33991.76937440148
34032.21199824488
34037.67721768317
34066.46070672488
34086.86419262785
34095.608543729126
34447.76237953555
34447.76237953555
34456.00863468801
34457.38301054676
34458.7573864055
34460.131762264245
35408.85696075637
35413.976280230214
35431.040678476376
35473.812362080396
35506.93574267605
35506.93574267605
35512.16575013852
35567.95249640488
35616.489179416385
35617.93273526802
35896.529790634435
35923.51921186052
35923.51921186052
35943.064865851666
35967.12105537922
36093.10243443114
36115.57670812128
36127.86768685804
36179.75268152542
36418.79261695742
36418.79261695742
36453.38261340235
36472.9836113878
36506.420607951215
36656.8870924866
36683.43837375772
36688.363989251484
36925.23628490626
37164.599060305096
37191.911321497995
37245.17069202412
37322.21875610529
37333.06617899042
37365.6084476458
37516.30553215749
37526.73787508527
37549.341284762144
37603.24172322238
37616.9808698103
37727.39213846248
37739.429457225306
37884.458394319554
37918.96998677253
38086.127297592466
38091.34808105589
38161.17836587889
38273.11159437464
38273.974038285996
38276.56137002008
38279.14870175416
38306.62238293048
38312.61798231426
38321.61138138994
38332.103680311564
38378.5695755359
38737.29551066685
38777.69662651452
38788.33650942097
38998.754375794684
39009.29740671109
39024.52622914591
39158.698519355974
40442.91901136666
40452.6687783646
40461.02572150569
40469.382664646786
40537.49267364659
40537.49267364659
41717.52809636517
41753.538588664094
41754.85762052853
42603.05045335315
42616.480595972826
42829.64721406404
42849.534156020105
42892.31506362317
42895.89397525534
42899.47288688751
42901.262342703594
42904.84125433576
42908.420165967924
43861.77581198415
43981.27733170205
43990.6027947436
44402.615772397825
44403.84256427174
46638.24564662475
46652.84262512452
46659.20718447038
46675.11858283504
46686.25656169031
46754.54643867161
46754.54643867161
46757.69182234834
46759.2645141867
46760.83720602506
46762.40989786343
46763.98258970179
46765.555281540146
46768.70066521687
46771.846048893596
46774.99143257032
46778.136816247046
46793.86373463067
46795.43642646903
46798.581810145755
46800.15450198412
46801.72719382248
46803.29988566084
46806.445269337564
46808.01796117593
46811.163344852655
46812.736036691014
50093.01147555159
50102.392282587454
50108.6461539447
50174.31180319573
50174.31180319573
50175.7276870502
50177.143570904685
50179.97533861364
50181.39122246812
50181.39122246812
50375.22433854638
50403.486671641636
50556.68345989643
50607.194078705055
50607.194078705055
54253.72684792252
54273.71986586768
54316.93891342572
54338.50462320925
54347.74707025933
54581.93979418952
54719.381992063514
54741.90699774845
54756.24109227522
54814.4445262932
54814.4445262932
55394.96613062848
55396.986186420865
55780.40937901349
55790.48659797777
55806.61014832063
55810.641035906345
55814.67192349205
55818.70281107777
55830.795473834914
55834.82636142063
55846.91902417777
55852.96535555634
55861.02713072777
55863.04257452063
55868.424777967455
55876.841677102384
55883.575196410326
55885.25857623731
61476.062761626876
61498.85526328431
61513.50758577838
61616.129187231156
61635.1951932716
61649.62613978842
61783.9598499819
61959.21583196948
62050.4688545907
62051.8893504447
62748.8962268079
62753.94636628885
64190.75947461638
64633.723581089514
66306.94317311974
66342.23880549213
66353.40906834407
66359.79207568805
66410.85613443979
66410.85613443979
67501.52023034375
67587.00825355749
67587.00825355749
67590.38423721051
67590.38423721051
67592.6348929792
67593.76022086354
67596.01087663222
67597.13620451656
67598.2615324009
67599.38686028525
67600.51218816958
67601.63751605392
67602.76284393827
67606.13882759129
67766.20288314026
67774.64284227282
67776.33083409934
67778.01882592584
67779.70681775236
67781.39480957887
67783.08280140538
67784.77079323189
68711.65356196894
71170.85472521771
74515.20928549238
74557.16925717982
74567.59698810808
78152.98386760998
78176.6434251783
78191.43410765816
80677.80456011451
80702.72319355345
80717.22332006316
80733.53596238658
80815.05305400844
80823.18862117229
80823.18862117229
80832.22814024323
80888.5314304565
80934.60530572111
81037.29147516727
81037.29147516727
81679.7568451361
81690.44284803781
81981.7597980969
81981.7597980969
88085.22001479684
88124.60187874925
88844.80711272816
88882.51020885313
88899.98046305757
88899.98046305757
90055.00962434625
97284.63249730166
97301.69689554781
97307.84007891643
97312.61811042535
97405.28240490153
97418.32513956103
98280.77827492001
98318.30150306346
98318.30150306346
100071.49777887385
100106.67349925856
119986.98340000448
120207.30322936049
120421.28155936829
120421.28155936829
120451.88678822275
124200.9027989072
124238.48598304449
124254.7940133684
124302.99863241403
124408.21217760042
124408.21217760042
124705.12348308452
124726.10808092778
125234.34581669224
126490.59453157778
126763.17292756277
126763.17292756277
136388.6327022794
136394.24550570254
136401.55552495123
136640.85834435624
136640.85834435624
136660.57925432935
136673.72345297842
136682.92439203276
136684.23881189767
136686.8676516275
136690.81091122222
136698.69743041164
136703.95510987128
136727.6146674396
136732.8723468992
136741.66281799576
136746.96200545112
136754.02758872494
136759.3267761803
136762.8595678172
136766.3923594541
136776.99073436484
150661.24927537158
150838.96806510605
150838.96806510605
150944.18161029246
163502.2458516025
165396.9198248721
165488.31120747913
165488.31120747913
165535.9900585788
177469.59417606948
177487.1843422616
177503.80598855327
177508.20583610106
177541.93800063417
177541.93800063417
183873.46159389423
184660.25487702937
184666.82236435436
184693.74721758708
184727.23033414577
184781.51356856665
184782.52820846238
190909.08070678893
194213.42155917612
194900.05604860536
195096.2966284362
198416.35517520795
201942.02588484733
201944.7377405686
201949.25750010408
201957.40229126698
201957.40229126698
201959.51458704987
201960.57073494134
201961.6268828328
201966.90762229005
202097.6163008561
202097.6163008561
202100.8954325191
202106.3606519574
205398.1107456386
205404.36461699585
205493.40387984458
205495.4285476365
205503.52721880414
205507.57655438795
211585.12655775086
211588.33650942094
219559.2645141867
219578.13681624708
219659.2987839054
219659.2987839054
228606.61014832061
228620.71825487062
228628.78003004205
228640.8726927992
247841.4199834096
248003.78542672208
248005.65789852964
250317.7870088941
250373.67983114958
251576.60460751565
261624.36211882945
261634.95588174064
261635.36634969845
261638.65009336095
261646.4489845594
261650.96413209534
264309.5235868546
265422.3483404809
292473.7732881955
292499.88642951165
294666.8759147933
294692.98905610945
297468.7993748178
297617.53174753144
297617.53174753144
301655.89999647695
301742.6148115646
301933.2333639732
301933.2333639732
302103.0517985197
302142.4198264735
307909.8451457104
307989.9509654772
308277.98417187383
308344.2493810633
308372.3641301737
308786.0051436605
309130.52150825196
330938.1583389115
330993.09647726506
330993.09647726506
331036.72599278094
331356.33755993197
331560.88896290865
331637.7202630121
331637.7202630121
332207.86025641434
333238.38387849944
333248.2627814841
333250.4580932585
333254.8487168072
333284.6699057423
333284.6699057423
333423.49109147454
335828.3721243062
336107.4073196276
336121.8013701482
336136.36145265173
336144.3033158355
336248.21627715556
336253.7737365844
336254.88522847014
337071.2552645654
337846.3340689046
341630.6549359605
341697.41824109864
341697.41824109864
345183.4534268117
345546.5008054985
350754.7211822092
350757.8112218916
350816.3559438745
371166.98833228176
382696.8026672731
382882.5555601818
382883.4456760903
387627.9525604605
388024.3815917164
388026.2356155258
388046.62987742975
388083.71035361866
391760.299523747
393660.992156398
393707.8592955812
393708.78169548634
394464.04273786227
394552.57929276273
400765.31161423185
400794.9575471849
400842.9223422552
411060.6320361017
411077.61341835646
411089.7429771098
411092.16888886044
411093.38184473576
411108.53226317867
411111.47471887624
411112.945946725
411127.65822521294
411130.6006809105
411132.0719087593
411135.0143644569
411146.7841872472
411148.255415096
411151.1978707936
411161.4964657351
411162.96769358387
411165.9101492815
411174.7375163742
411176.208744223
411179.15119992057
411190.97175470565
411193.2039624762
411194.3200663615
411203.2488974438
411205.4811052144
411206.5972090997
411217.7582479526
411219.9904557232
411221.1065596085
411224.45487126434
411226.6870790349
411230.0353906908
411235.6159101172
411237.8481178878
411238.9642217731
411242.31253342895
411244.5447411995
411254.7234241534
411255.973276025
411257.2231278965
411259.7228316396
411268.4717947404
411282.22016532737
411285.969720942
411299.718091529
411302.21779527207
411303.4676471436
411318.4658696021
411329.85289643175
411332.6293201464
411334.01753200375
411339.57037943305
411350.67607429164
411353.4524980063
411356.22892172093
411365.94640472217
411367.33461657946
411383.99315886735
411400.65170115524
411402.0399130126
411406.20454858453
411408.9809722992
411416.85365549003
411419.9114111758
411420.930663071
411431.12318202347
411433.1616858139
411434.18093770917
411442.33495287114
411445.39270855684
411446.4119604521
411454.56597561407
411455.5852275093
411455.5852275093
411468.83550214744
411469.8547540427
411470.87400593795
411481.6845328269
411486.0705443761
411487.53254822583
411500.6905828735
411502.1525867232
411512.3866136714
411515.31062137085
411518.2346290703
411522.62064061954
411525.544648319
411527.00665216875
411543.0886945159
411544.55069836567
411546.0127022154
411556.24672916357
411557.7087330133
411560.6327407127
411570.23492372583
411573.43565139687
411576.6363790679
411579.83710673894
411595.8407450941
411597.44110892963
411600.64183660067
411602.2422004362
411619.8462026269
411623.0469302979
411626.24765796895
411629.44838564
411642.25129632413
411643.85166015965
411647.0523878307
411656.65457084385
411656.65457084385
411659.15427458694
411669.1530895593
411670.4029414308
411672.9026451739
411680.40175640315
411681.6516082747
411684.1513120178
411695.3999788617
411696.64983073325
411699.14953447634
411701.6492382194
411715.3976088064
411717.89731254947
411720.39701629255
411729.14597939333
411731.6456831364
411735.4275227477
411750.554881193
411754.3367208043
411758.1185604156
411769.46407924953
411773.24591886083
411777.02775847213
411790.2641971117
411794.04603672307
411795.9369565287
411799.71879614
411811.06431497395
411812.9552347796
411816.7370743909
411833.7553526418
411837.5371922531
411841.31903186446
411845.10087147576
411854.43555851636
411856.7692302765
411857.9360661566
411860.26973791677
411869.60442495736
411870.77126083744
411871.93809671747
411881.2727837581
411882.43961963814
411883.6064555182
411885.9401272784
411895.274814319
411896.44165019906
411897.60848607915
411899.9421578393
411909.2768448799
411924.6855352962
411927.8770389682
411929.47279080417
411945.4303091641
411947.02606100007
411950.21756467206
411951.8133165081
411961.38782752404
411966.175083032
411978.94109771994
411980.5368495559
411982.13260139193
411985.3241050639
412001.28162342386
412002.8773752598
412004.47312709584
412017.3129337762
412018.9271336103
412022.1555332785
412041.5259312877
412044.75433095585
412057.66792962863
412060.8963292968
412064.124728965
414619.1909143609
414640.9826121212
414711.1403489106
414712.19649680203
414876.23609594244
428565.5039089899
428626.7835466917
428627.82585858455
448684.97365715547
448690.2497846132
448849.1792882788
448858.54164731654
451264.27590006054
451272.9925791646
451281.70925826876
451287.97235362505
455081.3650237486
455091.6590066906
455207.8721707465
455209.11279861897
457127.05892149673
457156.7233024479
457236.3633102626
457237.67311812803
460101.02379983925
460859.22729791276
461899.95266294933
462061.1558823812
462062.5256462404
462117.6205925779
462119.1287164229
462120.63684026786
462123.6530879579
462125.16121180286
462128.1774594929
462129.68558333785
462137.22620256286
462137.22620256286
462138.73432640784
462140.2424502529
462141.75057409785
462143.25869794283
462143.25869794283
462144.76682178787
462146.27494563285
462147.7830694778
462147.7830694778
462149.29119332286
462152.3074410128
462569.50430613424
464069.520255966
465375.22344176867
465392.9058479513
465470.9408799311
465531.1551457424
465705.79311979347
465741.22250015213
465741.22250015213
466965.3670863373
466972.8385255694
466974.08376544144
466975.32900531346
466976.5742451854
466979.06472492946
466987.20029209333
470904.4205374901
471018.66898974794
471083.721243062
471316.65027912206
473938.8302816202
473956.31898382277
474060.3287971329
474061.7631289855
476024.7961592293
476040.3385976319
476048.10981683317
476054.3267921942
476057.4352798747
476060.5437675552
479885.00747848535
479916.5535552431
479918.2138750725
479924.8551543899
479926.5154742193
479926.5154742193
479929.83611387794
479931.4964337073
479933.15675353666
479936.0715372371
479938.9863209375
479944.8158883384
479946.27328018856
479947.7306720388
479955.01763128984
479956.4750231401
479957.93241499027
479959.3898068405
479962.30459054094
479963.7619823911
479965.21937424137
479968.13415794173
479969.591549792
480010.3985215979
484122.2820429877
484123.9838708128
485182.3870300324
485183.89976587694
485442.1671273329
485442.1671273329
485444.2655871172
485450.8561344398
485465.21790096373
485474.7924119797
485477.1860397337
489380.0860266023
489654.9658103507
489886.5712025468
489901.0344330603
490957.1085325194
491073.0265286056
491335.45852563344
492564.8469552796
492977.2288928959
492977.2288928959
492981.39352846786
496571.8028754536
496578.1213148042
498101.6492382194
498130.3958312649
498315.11102428025
498315.11102428025
499156.74098177935
500710.8141780552
500971.08775930485
500971.99632321147
502125.2037446874
502146.04998254485
502181.69151488174
502214.01240755984
502235.79026932153
502250.05979585496
502270.9152577115
502284.96340826765
502311.58386953163
502332.06114742707
502381.3311383632
502424.80384589516
502453.1261349843
502483.23326788994
502514.4472806818
502540.4589580084
503567.07160449546
503587.927066352
504067.56579305575
504068.6219409472
504256.84225360234
508166.89545173576
508186.3119697402
508232.9116129508
508260.09473815694
508331.004230869
508477.1215998514
508477.1215998514
508511.8038362869
508513.97147606406
508533.5217420547
509105.2620992925
509636.14014073
509654.8187388103
509672.1414090299
509678.27536839945
509679.5021602734
509679.5021602734
509681.95574402116
509681.95574402116
509683.1825358951
509686.86291151686
509686.86291151686
509688.0897033908
509690.5432871386
509690.5432871386
509691.7700790125
509692.9968708864
509694.22366276034
509695.45045463427
509699.130830256
509699.130830256
509700.3576221299
509700.3576221299
509701.5844140038
509702.8112058777
509704.0379977516
509705.26478962554
509706.49158149946
509707.7183733734
509708.9451652473
509708.9451652473
509710.1719571212
509711.3987489951
509711.3987489951
509713.85233274294
509713.85233274294
509716.30591649073
509716.30591649073
510280.1505305401
510305.7194559122
510320.82836635935
510320.82836635935
516046.6626738708
516053.7467051427
516062.9338081985
516196.58955446165
518218.2687706779
518246.24515980255
518271.3943932178
518293.9931908951
518293.9931908951
521330.6305307963
521649.07987406675
521655.55512140127
521731.9298335517
521731.9298335517
521744.7558042334
522062.11210361624
522152.33203834365
522152.33203834365
522159.22236563545
522180.88031540957
522510.5552655263
522533.41233517707
522533.41233517707
522863.308661271
523373.672528817
523898.9884988262
525084.8857729422
525085.6283048659
525086.2647608005
525090.4017243753
525299.2192269135
525302.1709066102
525315.9008291991
525316.8693490996
525329.0957598429
525329.2295078292
526092.7875373524
536982.9221500886
537009.0491274033
537009.8331673228
538633.1739844794
538657.1194860183
538657.1194860183
539333.289348523
539352.1985465796
539352.1985465796
541772.0455178731
541841.4745587374
541841.4745587374
542201.8146937024
542242.1927495524
542242.1927495524
542319.6005495966
542339.376803564
542339.376803564
542468.0054703439
542542.0972427289
542984.955273213
543027.0812768833
543181.7123969907
543181.7123969907
543270.7470478399
543311.1343276891
543311.1343276891
546400.4222541788
546413.5249448322
546477.8715622188
546479.0291740998
546494.078128553
546498.7085760771
546881.6797927163
546901.3638066932
546901.3638066932
547698.7093447438
547705.2676080697
547724.9423980477
548323.3908445404
548336.0092752435
548350.2050097845
548463.8954100996
548463.8954100996
550066.9295933433
553842.9857572487
553853.2243961963
553879.0423695429
553889.5023844677
553919.1390934217
553919.1390934217
553999.1665091967
554002.0536209
554017.932735268
557052.236403409
557058.4902747662
557062.6595223377
557064.7441461235
557072.3631693404
557950.893735047
557952.411082891
558478.381956833
560086.2310675818
560094.6571907158
560101.8795819735
560229.9594208098
561862.1921730525
562031.8953076107
562304.3630156071
562304.3630156071
562347.369911187
562401.4825016253
562417.024940028
572376.4211524234
572407.4968052295
572491.790320566
572502.1119755051
572503.8322513284
572503.8322513284
572503.8322513284
572505.5525271515
572507.2728029748
572510.5611586368
572516.8334779921
572519.9696376697
572523.1057973475
572540.3546755747
572541.9227554135
573626.4344439498
578202.6171816199
578206.0485092673
578211.7673886794
578223.0022195248
578224.6671513537
578272.9501743913
580487.3279548024
580519.7872074663
581158.9965057698
581657.535206531
581749.2448171054
582586.8992310131
582592.0462224842
584375.0360152324
584442.2512963242
584442.2512963242
584447.0523878307
584448.6527516663
584450.2531155017
584491.650423247
584502.8990900909
584510.3982013201
584516.6474606779
584524.1465719071
584594.0460367231
584595.9369565287
585729.3358400405
585743.9973865337
585753.3274615747
589402.6182065087
589407.3685660204
589412.5063334923
589420.5127646695
595311.2122192365
595324.4486578761
595342.9796719715
595392.6416828674
595669.0987704537
595683.7926009436
595706.6496705944
595745.8332185672
596240.650035711
596367.078778717
596387.9711365696
596500.7760329758
596500.7760329758
596513.5512716628
596514.8656915277
596516.1801113926
596517.4945312575
596518.8089511225
598967.600831441
598978.3098943403
598984.2593737289
598998.5381242613
599000.9179160168
599613.1516290928
599624.2942199475
599657.6066925238
602525.0297698164
602537.731216511
602555.6211626722
602604.1762936818
602613.2803807461
602629.9712070307
602639.3335660686
602751.8294585064
602751.8294585064
602759.7989936874
602762.4555054143
602766.4402730047
602767.7685288682
602769.0967847317
608469.9156068142
608472.0832465914
608540.8481595239
608540.8481595239
608794.9462734082
608799.5398249362
608802.2193966608
608808.726927992
608868.701369828
608868.701369828
608982.373322145
608983.8261019957
609884.2452174525
610050.2080203953
610059.3397794567
610059.7917554103
610818.7977414014
610822.8286289871
610839.2565712987
610839.2565712987
613205.6366320873
613219.2328066899
613301.5616102284
613301.5616102284
614753.6404369869
614757.1455566267
615064.4476970428
617714.9822726268
617723.0993917926
617811.6820666883
617811.6820666883
620281.5600088397
620400.8078685836
620407.0063959466
620411.6552914687
620447.3152718036
622577.4733288707
623324.8109560611
626026.349634403
626050.0276399694
626068.1343501084
636370.8247472208
636460.034654052
638594.9061746347
639554.6033199992
639560.4513353981
639569.2233584966
639576.5333777452
639588.2294085431
640022.6705398922
640049.3278971524
640058.7363761854
640063.6112596844
640067.088707327
640067.088707327
640070.5661549696
640072.3048787909
640075.7823264335
640077.5210502548
640080.9984978974
640080.9984978974
640082.7372217186
640082.7372217186
640084.47594554
640087.9533931826
640087.9533931826
640089.6921170038
640091.4308408252
640094.9082884678
640096.647012289
640096.647012289
640108.8180790382
640324.3691008843
640324.3691008843
641747.9734425694
641776.0605196826
641777.3979995452
641909.2550659933
641989.7990257151
641990.8551736065
641994.0236172809
641995.0797651723
641996.1359130638
641996.1359130638
641997.1920609552
641999.3043567381
641999.3043567381
642000.3605046296
642001.416652521
642002.4728004124
642004.5850961953
642006.6973919782
642007.7535398698
642008.8096877612
642009.8658356527
642010.9219835441
642011.9781314356
642013.034279327
642014.0904272185
642016.2027230014
642016.2027230014
643189.1956224438
643229.9288022574
643230.8143061664
643704.4205374902
643716.7899202189
643719.0036799914
643728.9655989675
643762.1719955546
643775.4545541895
643788.2113448782
646087.5882765534
649320.6183922697
650525.3879684462
650625.3622821711
650642.7495203841
650647.9656918481
650649.7044156693
650653.1818633119
650653.1818633119
650654.9205871333
650656.6593109545
650656.6593109545
650658.3980347759
650660.1367585971
650661.8754824185
650663.6142062397
650665.352930061
650668.8303777036
650668.8303777036
650670.5691015249
650675.7852729888
650679.2627206314
650679.2627206314
650682.1083243389
650683.2152042252
650684.3220841114
650684.3220841114
650685.4289639976
650686.5358438839
660488.0955965013
660562.2703848777
660720.609552604
660720.609552604
661887.9204686304
661910.4915943106
661941.3827671357
661948.6512783887
662014.0678796653
662014.0678796653
670944.882121776
671600.7176783708
671637.1709226242
671817.2695041139
671817.2695041139
671952.25811824
672034.8590297506
672070.4359940941
672212.3795035054
672213.550951385
674202.9553949184
674212.2531859629
674214.3193617505
674215.3524496444
674216.3855375381
674218.4517133258
674218.4517133258
674220.5178891134
674221.5509770073
674222.5840649011
674265.7708284624
674283.4624586442
674284.7261465143
674658.4733641014
674659.5617959895
674670.4461148708
674680.242001864
675945.0367518712
677654.9724721279
678567.5626543339
678603.7345666162
678604.9014024963
681688.7979015403
690752.7098379715
690832.8756137321
690832.8756137321
696435.5603099008
696436.5933977946
696440.578165385
696446.6567807603
696446.6567807603
696450.7153403431
696451.4763202649
696451.9836402128
696891.50258304
696907.8890173559
696908.0412133402
700659.2064158039
700666.4564790587
700667.0606509966
700677.3315739409
701820.8814684093
703625.3355069516
703638.1061336391
703666.1978227518
703672.267214128
706870.352209436
706919.3962123954
706931.0737951952
706938.8588503951
706957.8372284445
706957.8372284445
715580.8097261945
715589.397269312
715636.4950084713
715636.4950084713
723164.9385547147
723170.7865701136
756414.5311293955
756438.1445669685
763830.321975217
763835.4643546884
763865.0733916452
763865.0733916452
763892.4917288272
763898.1644882441
763918.73400613
763996.3539581525
764004.0698333594
764005.1721012462
764005.1721012462
764007.3766370196
764007.3766370196
764008.4789049063
764009.581172793
764010.6834406798
764011.7857085664
764012.8879764532
764012.8879764532
764013.9902443399
764015.0925122265
764016.1947801133
764017.297048
764018.3993158868
764019.5015837734
764019.5015837734
764020.6038516602
764021.7061195469
768974.8460264741
772676.4599060306
774406.8913521806
774457.6786909609
774566.0837398191
774567.564191667
781807.8592315256
783299.5735822105
783300.5836101067
783301.3445900285
783303.1709418407
783305.3016856218
783305.9104695593
783306.671449481
783317.2974963889
783317.2974963889
792040.0506038837
806671.6467720807
807927.9416069615
813193.3922857902
813209.2714001582
813220.8198469713
813229.481182081
813313.2489294717
813313.2489294717
815585.0414919818
815599.1403745328
819663.197460838
819723.4393986465
821331.8327253395
821341.158188381
822764.6195580808
823842.5822072901
824511.4604985444
825267.1781288733
825287.3879107962
825300.3799134609
825343.2346130565
825385.923280669
825498.2900371202
825704.1696959604
825705.0920958655
825851.2555848431
825859.6401999814
825936.8174000493
826690.1229546263
826777.6356456319
826779.3928174513
826786.421504729
826796.9645356453
826823.2390969449
826828.2615644287
826828.2615644287
826829.9357202566
826831.6098760846
826833.2840319125
826853.3739018477
827029.1049197864
827477.6310976879
830040.7037142611
831042.1671273329
831062.8242732097
831077.1860397336
831293.8162694689
832412.5997264829
832423.6685253453
832429.2029247764
832723.9189184861
832723.9189184861
832740.4759967844
833332.9242318938
833577.0558148026
833577.0558148026
835801.2894382008
835862.7351078856
835871.4241149925
841909.1956224438
841958.8022893453
841962.9069689234
841971.4483920456
842029.462734083
842063.2594666095
843807.2824753626
843822.4098338078
844831.0033981468
844853.7636158076
844892.6658318094
845526.9495146191
845532.631498035
845539.7339773051
849476.2416047197
849490.1882912862
849498.1947224634
849508.073625448
849776.6718658421
850763.3307604354
851618.62607253
853571.8632157807
858881.8796460291
861593.5324393314
861773.8293368008
861773.8293368008
865240.9968324531
865737.6584494074
870112.711887749
870113.9986356169
870116.1201553987
870119.9388910063
870120.1510429844
872706.6433931505
873045.3532503387
873049.3887499239
873438.2725499553
873481.8928414722
873482.5523574044
873502.3378353708
874632.4114672244
874648.4151055795
874649.1253535065
874831.2255427907
874834.6015264437
874840.2281658654
874903.0620474075
874903.0620474075
874908.5226548462
875358.5984645885
875657.8526658318
875713.9576400655
875713.9576400655
875845.4780305481
876061.8730483075
876081.9444702446
876097.2194126747
877147.6115287178
877154.944607964
877157.3889677129
877163.4998670848
877170.8329463311
877289.3659461485
877290.2099420618
877291.8979338882
879663.5264501375
882410.8853437701
882487.4722078987
882547.6403537148
882559.0550525415
882618.4576064363
884396.5448436884
884570.8645897722
884757.152474626
884864.8242155598
884903.205275615
884962.5986055107
885571.520902927
885605.0962594763
885702.7322894414
885869.0871123439
886039.1684308633
886151.7473392927
886151.7473392927
887030.5684609693
887047.8957431884
887048.9149950837
887054.0112545599
887058.0882621409
887159.4876837194
887159.4876837194
887233.1044201531
887240.907923351
887242.2085072174
887345.3143686205
887345.3143686205
887347.8601923588
887365.6809585273
887412.1422417521
887423.8751685462
887506.2962120752
887507.5829599429
887541.0384045044
887565.5650179837
887626.7016837001
887643.526257971
887664.5569758094
887667.3610715212
887675.7733586567
887677.1754065126
887678.5774543685
887747.3654272985
887778.0859561411
887778.0859561411
887817.6338520765
887869.5880267367
887869.5880267367
887881.2102655423
887881.2102655423
887908.4764067399
887909.7124226129
887927.0166448344
887930.7246924533
887943.084851183
887969.8344484337
887985.5890388145
887985.5890388145
888006.970268617
888022.7248589977
888035.7030256639
888055.6545356133
888064.2051827344
888160.8265728039
888160.8265728039
888185.4362022746
888200.4159767351
888457.6087423014
888504.1714895157
888512.6206726474
888560.5946917167
888668.6307806129
888705.7619887966
888707.413084627
888725.5751387604
888728.877330421
888728.877330421
888732.1795220815
888733.8306179119
888735.4817137421
888738.7839054028
888740.4350012331
888786.6656844816
888804.48645065
888913.0575314914
888928.44316191
889473.3785779028
889561.8920728056
889569.0452840703
889569.0452840703
889577.2730912246
889864.6790656857
889874.8162406438
889887.1256673788
889896.5387584113
889898.711010188
889912.7914447408
889925.4237114425
889928.8688750884
889928.8688750884
889930.0172629704
889933.4624266163
889941.5011417902
889947.2430812
889955.2817963738
889957.5785721377
889958.7269600197
889997.8413279996
889998.9482078858
889998.9482078858
890001.1619676583
890001.1619676583
890002.2688475446
890012.2307665207
890024.4064452694
890031.0477245868
890085.2064350205
890086.4193908959
890088.8453026465
890092.4841702725
890093.6971261478
890096.1230378986
890098.5489496492
890100.9748613999
890103.4007731505
890105.8266849011
890191.683668077
890263.0774207393
890263.0774207393
890266.6056003766
890463.5610401339
890469.9255994798
890482.4148941962
890528.350409475
890546.7246155866
890625.2761915133
890664.5427554776
890687.4874531194
890703.2189835026
890750.4135746519
890762.6492093945
890805.3655490042
890805.3655490042
890943.5595028008
890948.2499063187
890949.8133741581
891105.7266301336
891107.1701859853
891146.1461939794
891201.5363082866
891208.4081875803
891209.7825634391
891254.9801587937
891270.9192291555
891356.6470763446
891369.7636029965
891369.7636029965
891382.8801296484
891411.2992707276
891428.7879729301
891529.191202611
891546.7075768106
891595.2996038164
891602.9555230296
891913.8504110764
891927.3312856909
891942.9936360812
892030.7507630618
892270.9390863756
892291.2733922858
892380.4095071246
892415.0640715628
892496.890167153
892534.4687392907
892536.5625870755
892564.1423442409
892567.7397038712
892567.7397038712
892571.3370635015
892584.5273821459
892642.7492641618
892645.8761998405
892645.8761998405
892653.1723830906
892658.3839425549
892674.1108609386
892674.1108609386
892690.0914392961
892730.5755711353
892730.5755711353
892734.6387427177
892735.5057986286
892735.5057986286
892736.3728545394
892749.3786932027
892779.7256500837
892791.0527209196
892804.1969195687
892998.8094635668
893144.7377405686
893160.5707349413
893171.1322138559
893177.4691012045
893181.6936927703
893188.0305801191
893190.142875902
893225.8259162345
893228.4547559643
893234.588715334
893238.0938349738
893246.8566340731
893247.732913983
893276.8484669906
893300.8954325191
893301.9884764068
893309.6397836204
893314.011959171
893317.291090834
893317.291090834
893328.2215297106
893350.7373113965
893398.6882704681
893430.068315243
893491.744584904
893491.744584904
893566.7264731976
893570.1024568506
893870.5696139692
893879.5122810501
893939.1638829192
893954.9369212982
893962.8234404876
893995.9468210833
894007.7350918717
894044.7187160705
894091.982487213
894143.258697943
894143.258697943
894306.7033491443
894308.1192329988
894377.3499578835
894392.0161163762
894392.0161163762
894695.5318051815
894714.6946632119
894721.0822825555
894726.1923780303
894748.6066957265
894833.4859350028
894874.4497147927
894888.5209253465
894890.0843931858
894944.8057675617
895000.0067898881
895011.08020075
895063.1773473956
895102.5961073443
895102.5961073443
895274.6744216584
895367.9797840688
895406.8035960785
895408.4915879051
895468.2262057657
895677.9614962095
895894.3565139689
895900.9424492919
895955.0227557337
895964.9385547147
895968.904874307
895969.8457222102
895985.8401365664
895999.0120072126
895999.0120072126
895999.952855116
896001.8345509225
896002.7753988259
896015.0064215688
896020.6515089886
896026.407284397
896027.458820289
896032.7164997485
896166.5613379923
896207.5020577846
896207.5020577846
896243.5402220805
896326.316389573
896371.9290648851
896394.2142465947
896402.5711897358
896422.0707237317
896426.2491953021
896434.6061384432
896441.7824097057
896496.6652040649
896496.6652040649
896786.5385982725
896874.5171012302
896973.6428070422
896975.0863628938
896998.18325652
897005.6777557498
897022.5715100135
897036.3936725929
897060.9664060674
897076.324364489
897158.8699320051
897172.3369706209
897527.9082980761
897708.8739354768
897761.8473620324
897782.5091199088
897940.9405276255
897974.2806721989
897974.2806721989
898350.4491895372
898365.2075880204
898379.9659865035
898410.6542313494
898425.7723657956
898535.7178224957
898547.0448933315
898853.4061858443
898859.3556652329
898866.4950404991
898877.2041033985
898878.3939992761
898920.5384509447
899177.196224566
899194.4451027932
899334.8989363576
899422.5084793533
899771.0326715327
899982.156173834
900009.3346870405
900093.1024344311
900129.9430866448
900219.1852774726
900219.1852774726
900434.9346152984
900634.9708707391
900648.6685093313
900651.4080370497
900656.8870924866
900659.626620205
900662.3661479234
900667.0196554452
900673.5871427702
900678.512758264
900681.7965019265
900686.7221174203
900691.647732914
900694.9314765765
900704.7827075641
900706.4245793952
900709.7083230577
900712.9920667203
900716.2758103828
900717.917682214
900721.2014258766
900729.4107850328
900735.9782723578
900740.9038878515
900744.187631514
900747.4713751766
900749.1132470078
900755.6807343329
900760.6063498266
900764.6833574076
900768.3360610321
900770.7711967819
900773.2063325315
900775.6414682813
900778.076604031
900784.1644434053
900791.4698506545
900793.9049864042
900796.340122154
900809.7333687774
900868.5501987324
900877.1700258465
900883.3270452137
900889.4840645809
900903.0295071887
900927.9112446313
900934.598643944
900938.6110835316
900965.3606807824
900968.0356405075
900973.3855599576
901037.9858373181
901095.4190674153
901382.6543978938
901404.9257436048
901404.9257436048
901451.4931028187
901471.7397807378
901477.8137841135
901489.961790865
901496.0357942408
901524.999151264
901547.6025609409
901575.4221420817
901584.1157611881
901592.8093802946
901609.8783905403
901619.8218615183
901717.7622834523
901718.9660153285
901883.2223784466
901949.7274116114
901959.9798865576
902009.5081494672
902014.6920369344
902030.2436993361
902030.2436993361
902050.9792492049
902060.0510522726
902127.8935652998
902127.8935652998
902143.8280236621
902284.3233652223
902290.1344846251
902413.1042279865
902413.1042279865
904711.5403117583
904970.6147731312
904981.1024600533
904993.3380947958
905085.2783053464
905411.996963767
905423.2456306109
905595.1625249417
905615.0863628939
906181.2554247043
907016.857498823
907034.2493490354
907063.2357660563
907640.6212107139
907857.4174724321
907860.3230321335
907866.1341515362
907878.5588782592
907899.2021881376
908012.3622085071
908239.9966691114
908239.9966691114
909515.2329860454
909662.6463268948
909694.303091641
909694.303091641
909783.63291046
909787.1103581026
909794.0652533878
909811.4524916008
909846.2269680267
909910.887201381
911028.9142904727
911047.5836645539
911056.9183515946
911085.7018406362
911093.9480957886
911099.4455992236
911103.5687267998
911308.738137713
911313.0964772651
911323.26593622
911334.8881750255
911368.3712915841
911381.487818236
911400.4339122887
911407.7208715398
911516.0844124024
911516.0844124024
912130.9192932111
912139.2208923579
912188.7722152651
912188.7722152651
912201.1508219929
912214.6547566049
912476.9576176461
912487.4822005644
912510.0348782465
912540.4648511189
912566.3842884549
912579.3440071229
912599.0556930971
912609.1836440562
912610.3089719405
912626.0635623212
912627.1888902056
912635.066185396
912649.6954478924
912687.7767279785
912708.3739178615
913438.6517588053
913470.4745555345
913575.1577207755
913581.9373600787
913657.6756162945
913659.0592161523
913744.3581473854
914055.6496673916
914067.3456981895
914088.3210720337
914100.8288147482
914110.209621784
914130.5347036951
914132.0981715344
914242.2742282107
914242.2742282107
914249.3536474832
914252.185415192
914280.295552303
914281.6099721679
914284.2388118977
914285.5532317626
914286.8676516274
914289.4964913572
914290.8109112221
914290.8109112221
914292.125331087
914294.7541708169
914296.0685906818
914297.3830105467
914298.6974304116
914302.6406900063
914303.9551098712
914305.2695297361
914307.898369466
914309.2127893309
914310.5272091958
914759.2148070807
914789.5986599579
914798.0386190905
915761.5406640639
915901.2750257023
917642.0557987888
917661.6890807708
917690.2465818358
918215.0736798951
918221.7380192103
918961.6872231598
919073.3160596871
919447.4875812305
919457.5878601924
919469.7081949466
919725.4527926617
919967.4351837913
919997.6714526837
920019.6614664237
920045.7746077399
920116.1998405016
920116.1998405016
920247.743290982
920247.743290982
920322.8912112584
920872.2772067937
921110.4915943106
921154.1026618284
921382.1568143895
921407.0062678355
921447.3151436925
921693.7850103609
921693.7850103609
921908.2660483171
921920.9213750163
921924.5371826447
921926.345086459
921929.9608940873
921940.8083169725
921946.232028415
922069.9074077039
922069.9074077039
922197.1847586227
922213.6034769352
922232.0745350367
922762.4821525227
922781.5758305602
923433.159123592
923753.4348186748
923780.8854398534
923831.3268786692
923831.3268786692
924564.8469552796
924578.9827338269
924692.3687421732
924692.3687421732
924716.8861316534
925866.136457536
925947.8426411384
925955.424768359
925978.1711500213
926009.2744748245
927373.1257506509
927391.0018608137
927443.1681874522
927748.6716480532
927896.7906248299
927896.7906248299
927915.1187109462
927915.1187109462
928003.115661902
928022.4860599112
929159.971175003
929257.1183330184
929257.1183330184
929749.2878624343
929803.4281248698
929804.8163367271
929858.642983195
929932.8546675678
930034.2494771465
930146.7730415816
930180.8095980835
930220.5189140022
930228.0825932248
930245.1008714758
930334.2600463122
930460.8963292968
930591.3236758917
930593.0301157164
930598.1494351903
930598.1494351903
930811.2699332861
932615.1105758914
932621.1292352728
932671.1878781279
932686.472044557
932695.705267608
934265.4269782755
934451.8947311109
934827.4452405125
934868.1922563247
934979.8164808522
935008.3186379228
935015.9376611398
935070.8389034971
935169.9553853101
935178.9487843858
935185.2441637388
935210.4256811506
935269.1594951141
935278.4987941543
935949.7845491611
936401.6498147193
936420.2315608095
936420.2315608095
936920.3475654087
936945.3999468338
937005.1852966893
937579.213205692
937611.4833663753
937639.1691995298
937661.9340291901
937851.8331096726
937980.992156398
937980.992156398
937993.5367951087
938009.8448254326
938471.6074419738
939940.5385150003
939947.6778902665
940380.0251738307
940569.7443863319
940590.5998481885
940619.1481252542
940619.1481252542
940673.7357516438
940697.727373178
940697.727373178
940707.6062761627
940730.1866258419
940788.4223438567
940789.8474517101
940849.0978096206
940857.782204728
942268.2930797588
942281.3127544207
942478.5587501482
942489.360053038
942621.56763145
942631.4742064319
942688.2525325964
942688.2525325964
942831.2475778996
944096.0746119034
944109.4171265321
944158.0368255351
944158.0368255351
945756.0854372912
945780.0678348263
945792.0590335939
945920.4248164007
945921.9975082391
946801.8563298092
946814.516268508
946822.9562276406
946829.9895269177
946849.6827648937
946936.6973599506
946936.6973599506
947074.7298937638
947855.0064215688
947949.8245198235
947963.4253064258
948082.6916141678
948082.6916141678
948096.8043327173
949263.0498768531
949274.6259956635
949285.0445025926
949904.6712509089
949922.9716650279
949924.1154409104
949929.8343203226
949958.7423333514
950050.2951359419
950079.3092249599
950092.2043756346
950094.3535674136
950108.798349929
950118.9447488863
950275.9141527532
950341.1508860483
950352.9207088387
950389.3001610996
950389.3001610996
950504.9875572097
950504.9875572097
950533.2314423068
950535.574338066
950537.9172338252
950541.431577464
950570.717774454
951844.6119995259
952418.3954725538
952875.8550935371
952926.7023883112
952927.1728122628
952942.2263787157
952958.5989770328
952968.74537599
952986.6214861529
954907.49161673
954921.6735152724
954924.440714988
954976.9483295914
954976.9483295914
954979.1067453696
954979.8262172956
954980.1859532587
954980.5456892217
954980.9054251848
954981.2651611477
954981.6248971107
954982.3443690368
954982.7041049999
954983.0638409628
954983.4235769259
954983.7833128889
954984.143048852
954984.862520778
954984.862520778
954985.5819927041
954986.30146463
956461.6155450006
957096.2543517739
957142.3374510375
957142.5403790167
958474.1353301583
958480.0571375497
958481.0441054483
958483.0180412454
958484.005009144
958485.9789449411
958490.9137844339
958492.887720231
958494.8616560281
958496.8355918253
958497.8225597239
958500.7834634195
958502.7573992166
958508.7806705976
958517.1745097348
958518.8532775623
958521.3714293035
958524.7289649585
958527.2471166996
958533.1228040957
958534.8015719232
958536.4803397506
958538.9984914919
958539.8378754056
958541.516643233
958542.3560271468
958544.0347949743
958546.5529467154
958547.3923306292
958548.2317145428
958549.0710984566
958550.7498662841
958554.107401939
958558.2028575181
958559.5680093778
958560.2505853076
958561.6157371673
958562.2983130971
958565.0286168165
958569.1240723956
958571.854376115
958571.854376115
958573.9021039045
958576.6324076239
958579.3627113433
958580.727863203
958587.5536225014
958588.2361984313
958590.2839262208
958593.0142299403
958593.69680587
958595.0619577297
958595.9612976373
958596.8606375449
958597.7599774525
958598.65931736
958599.5586572676
958601.3573370827
958603.1560168979
958604.954696713
958605.8540366206
958607.6527164357
958607.6527164357
958610.3507361584
958611.250076066
958612.1494159736
958613.9480957887
958614.8474356963
958615.7467756039
958616.6461155114
958617.545455419
958618.4447953266
958621.1428150493
958622.9414948643
958624.7401746794
958628.3375343097
958629.2368742173
958631.0355540324
958638.230273293
958641.8276329233
958642.7269728308
958643.6263127384
960097.8497192765
960100.9720429557
960103.1858027282
963212.1208471988
963239.5022883845
964383.9054027653
964390.6712060699
964470.094449907
964471.2797337852
965559.3887819517
965570.6881807904
965580.8576397452
965894.750327484
965895.9494473608
966114.5305528954
966137.885718495
966153.3359169072
966156.7119005602
966174.7171467096
966175.8424745939
966178.0931303627
966181.4691140157
966250.1141149605
966883.6829378437
966897.9201803805
966953.6654186511
967015.1618203305
967110.0352625798
967983.2850888291
968311.9085030538
968314.1130388273
968320.7266461476
968326.237985581
968433.2871065788
968642.261417101
968642.261417101
968645.2638287924
969199.9674597811
969203.0943954597
969204.1367073526
969206.2213311383
969208.3059549241
969209.3482668169
969211.4328906027
969212.4752024956
969214.5598262813
969215.6021381742
969218.7290738528
969219.7713857457
969220.8136976386
970213.4451316182
970228.5724900634
970783.6081850181
970790.5077363088
970804.3068388907
970823.1699169519
970826.1031486505
970830.0141242485
970831.9696120475
970836.858331545
970843.7025388416
970852.5022339373
970861.3019290328
970863.2574168318
970898.253269235
970899.1941171384
970962.7474706065
971652.8132876831
971673.1798775898
971693.8785314625
971698.7488029619
971715.7947532099
971851.4290472699
972006.3876193435
972018.009858149
972030.9234568217
972038.8976040022
972046.8717511826
972281.0091311185
972282.0929510072
973828.275016094
974178.0859561411
974209.7242728894
974445.2037446874
975025.8222010126
975361.1376265498
975363.0608303521
975368.8304417592
975372.6768493638
975387.3245598583
975402.8669982608
975405.9754859414
975410.6382174621
975413.7467051427
975633.743694532
975640.2927338588
975644.2221574549
975646.8417731858
975650.7711967819
975659.9398518396
975661.249659705
975665.1790833011
975671.728122628
975675.6575462241
975676.9673540895
975690.0654327433
975704.4733192625
975707.0929349932
975709.712550724
975711.0223585893
975716.1647380608
975717.1932139551
975720.278641638
975725.4210211094
975726.4494970038
975728.5064487924
975731.5918764753
975732.6203523695
975735.7057800525
975737.7627318411
975743.9335872068
975744.9620631011
975745.9905389954
975748.047490784
975852.4401000548
975854.5339478396
975855.580871732
975858.7216434092
975861.8624150864
976324.2753235606
976331.1656508524
976512.5140842138
976512.5140842138
980181.3228111418
980190.233194226
980192.7790179644
980195.3248417027
980196.5977535719
980196.5977535719
980197.8706654412
980199.1435773103
980200.4164891795
980201.6894010486
980202.9623129178
980204.2352247869
980205.5081366561
980206.7810485254
980206.7810485254
980208.0539603945
980209.3268722637
980210.5997841328
980213.1456078711
980213.1456078711
980213.1456078711
980215.6914316096
980323.3908445404
980324.9681483783
980328.122756054
980354.9369212982
984042.9638502509
984054.959661018
984070.3637394347
987284.5584490871
987291.9468723277
987301.7981033153
987309.1865265558
988856.0096595768
988861.797718982
989914.4773867897
990115.122426168
993733.0792463224
995401.5115828447
995404.6108465261
995426.144272313
995497.3304849965
995497.3304849965
996079.7568451362
1000776.9907343648
1000794.6546925494
1000821.1506298262
1000959.4137636159
1000960.7789154755
1000973.0652822128
1000973.0652822128
1000974.4304340725
1000977.1607377918
1000979.8910415112
1000981.2561933709
1000982.6213452306
1000983.9864970903
1000986.7168008097
1000986.7168008097
1000989.4471045291
1000990.8122563887
1000990.8122563887
1000993.5425601081
1000993.5425601081
1000996.2728638275
1000997.6380156872
1000999.0031675469
1001000.3683194066
1001003.098623126
1001005.8289268453
1001005.8289268453
1001008.5592305647
1001009.9243824244
1001011.2895342842
1001012.6546861439
1001012.6546861439
1001015.3849898633
1001015.3849898633
1001016.750141723
1001020.845597302
1001020.845597302
1001022.2107491617
1001022.2107491617
1001024.9410528811
1001026.3062047408
1001027.6713566005
1001027.6713566005
1001030.4016603199
1001031.7668121796
1001033.1319640393
1001042.4989350765
1001044.099298912
1001044.099298912
1001045.6996627476
1001047.300026583
1001047.300026583
1001052.1011180896
1001052.1011180896
1001053.7014819251
1001056.9022095961
1001056.9022095961
1001056.9022095961
1001058.5025734317
1001061.7033011027
1001061.7033011027
1001063.3036649382
1001063.3036649382
1001066.5043926092
1001068.1047564448
1001068.1047564448
1001071.3054841158
1001079.3073032934
1001079.3073032934
1001080.907667129
1001082.5080309644
1001084.1083948
1001087.309122471
1001088.9094863065
1001088.9094863065
1001090.509850142
1001092.1102139775
1001093.7105778131
1001095.3109416486
1001096.9113054841
1001100.1120331552
1001100.1120331552
1001101.7123969906
1001103.3127608262
1001106.5134884972
1001109.7142161683
1001109.7142161683
1001114.5153076748
1001116.1156715103
1001116.1156715103
1001117.7160353458
1001119.3163991814
1001122.5171268524
1001124.1174906879
1001130.51894603
1001132.2069378565
1001133.894929683
1001135.5829215095
1001137.270913336
1001137.270913336
1001140.646896989
1001142.3348888155
1001142.3348888155
1001145.7108724685
1001147.3988642951
1001147.3988642951
1001149.0868561215
1001150.7748479481
1001179.4707089987
1001186.2226763049
1001187.9106681313
1001189.5986599579
1001192.9746436109
1001192.9746436109
1001194.6626354374
1001194.6626354374
1001199.7266109169
1001203.1025945699
1001204.7905863965
1001204.7905863965
1001206.478578223
1001206.478578223
1001209.854561876
1001209.854561876
1001211.5425537025
1001211.5425537025
1001213.230545529
1001216.606529182
1001216.606529182
1001218.2945210086
1001226.7344801411
1001226.7344801411
1001228.4224719676
1001228.4224719676
1001230.1104637942
1001233.5648514392
1001233.5648514392
1001235.3312472577
1001235.3312472577
1001238.8640388945
1001238.8640388945
1001240.6304347131
1001244.16322635
1001245.9296221684
1001247.6960179869
1001251.2288096237
1001251.2288096237
1001252.9952054422
1001252.9952054422
1001254.7616012606
1001256.5279970791
1001263.593580353
1001265.3599761714
1001265.3599761714
1001267.1263719898
1001270.6591636267
1001270.6591636267
1001272.4255594452
1001275.9583510822
1001277.7247469006
1001277.7247469006
1001281.2575385375
1001283.0239343559
1001283.0239343559
1001284.7903301744
1001288.3231218113
1001288.3231218113
1001290.0895176297
1001290.0895176297
1001293.6223092667
1001297.1551009036
1001304.2206841774
1001305.9870799958
1001309.5198716327
1001309.5198716327
1001311.2862674512
1001311.2862674512
1001316.5854549066
1001318.351850725
1001318.351850725
1001320.1182465435
1001321.8846423619
1001325.4174339988
1001325.4174339988
1001327.1838298172
1001327.1838298172
1001332.4830172727
1001332.4830172727
1001334.2494130911
1001334.2494130911
1001336.0158089095
1001337.782204728
1001341.8223163128
1001351.9225952746
1001353.942651067
1001353.942651067
1001355.9627068595
1001355.9627068595
1001362.0228742366
1001362.0228742366
1001364.042930029
1001364.042930029
1001366.0629858214
1001370.1030974061
1001370.1030974061
1001372.1231531985
1001372.1231531985
1001376.1632647832
1001378.1833205756
1001378.1833205756
1001380.203376368
1001380.203376368
1001384.2434879529
1001386.2635437452
1001398.3838784995
1001400.4039342919
1001400.4039342919
1001402.4239900842
1001404.4440458766
1001408.4841574614
1001408.4841574614
1001410.5042132537
1001410.5042132537
1001412.5242690461
1001416.564380631
1001418.5844364233
1001422.6245480081
1001422.6245480081
1001424.6446038005
1001428.6847153852
1001428.6847153852
1001430.7047711776
1001432.72482697
1001434.7448827624
1001446.8652175167
1001450.9053291015
1001452.9253848938
1001452.9253848938
1001454.9454406862
1001456.9654964786
1001458.9855522709
1001458.9855522709
1001464.5476236992
1001464.5476236992
1001466.4016475087
1001466.4016475087
1001470.1096951276
1001470.1096951276
1001471.963718937
1001473.8177427464
1001475.6717665559
1001475.6717665559
1001479.3798141748
1001481.2338379843
1001483.0878617937
1001494.2120046504
1001494.2120046504
1001496.0660284598
1001496.0660284598
1001501.6280998882
1001501.6280998882
1001503.4821236976
1001503.4821236976
1001505.3361475071
1001509.0441951259
1001509.0441951259
1001512.7522427449
1001512.7522427449
1001514.6062665543
1001514.6062665543
1001518.3143141732
1001520.1683379826
1001520.1683379826
1001522.0223617922
1001522.0223617922
1001527.5844332204
1001538.7085760771
1001540.5625998866
1001542.416623696
1001544.2706475055
1001544.2706475055
1001547.9786951244
1001547.9786951244
1001549.8327189338
1001551.6867427432
1001553.5407665527
1001557.2488141716
1001559.1028379811
1001559.1028379811
1001560.9568617905
1001564.6649094094
1001566.5189332189
1001566.5189332189
1001568.3729570283
1001572.1271246425
1001574.0272684472
1001575.9274122518
1001589.2284188848
1001589.2284188848
1001589.2284188848
1001591.1285626895
1001594.928850299
1001596.8289941037
1001596.8289941037
1001598.7291379083
1001602.5294255178
1001602.5294255178
1001604.4295693225
1001604.4295693225
1001608.229856932
1001610.1300007366
1001610.1300007366
1001612.0301445413
1001615.8304321507
1001615.8304321507
1001617.7305759555
1001619.6307197602
1001621.5308635648
1001634.8318701978
1001634.8318701978
1001634.8318701978
1001640.532301612
1001644.3325892213
1001644.3325892213
1001646.232733026
1001646.232733026
1001651.9331644402
1001651.9331644402
1001653.8333082449
1001653.8333082449
1001655.7334520495
1001659.533739659
1001659.533739659
1001661.4338834637
1001661.4338834637
1001667.1343148778
1001667.1343148778
1001669.0344586825
1001672.834746292
1001688.3771846945
1001688.3771846945
1001688.3771846945
1001690.4479724817
1001696.6603358432
1001696.6603358432
1001698.7311236304
1001700.8019114176
1001700.8019114176
1001702.8726992047
1001707.0142747791
1001707.0142747791
1001709.0850625662
1001711.1558503534
1001713.2266381406
1001713.2266381406
1001715.2974259277
1001719.4390015021
1001719.4390015021
1001721.5097892892
1001721.5097892892
1001738.0760915866
1001738.0760915866
1001742.2176671609
1001748.4300305225
1001748.4300305225
1001752.5716060968
1001754.642393884
1003848.4625066858
1003860.4306454557
1004045.6254864219
1004047.4103302384
1005354.787671869
1005375.4863257416
1005439.2795031852
1005523.9189184861
1005819.2068001371
1005821.2268559295
1007656.3968113149
1007661.2809188128
1011363.3467743227
1020440.1354134305
1020459.4366314468
1023209.581172793
1023967.3142469149
1023977.626677855
1024027.7129927073
1024035.3504639224
1024064.203132957
1024068.7413404905
1024129.7119742241
1024129.7119742241
1025374.9333982429
1025398.528387818
1025400.2440516417
1025401.9597154653
1025405.3910431126
1025479.1645875303
1027261.5040883454
1027292.5197851578
1027293.7604130302
1027978.4993706542
1027993.8019850815
1028253.7665623629
1028254.8596062507
1030206.3672496789
1030272.3465148978
1030279.5181741606
1030286.6898334236
1030465.75071502
1030466.9636708954
1032706.9795566716
1036673.6542729855
1036699.6428903145
1036713.2021689208
1036729.021327295
1036859.5224658824
1036859.5224658824
1036900.6707256533
1036903.9083493205
1036909.304388766
1036912.5420124332
1037813.8835277953
1042302.8164584328
1042326.5498079935
1042332.8913073417
1044094.9564582406
1044099.651473758
1044106.8000730233
1044125.884527062
1044126.1843070311
1044295.2371496562
1045785.9276364463
1045797.5498752518
1046435.3986336951
1048544.7565729
1049295.9821156908
1049304.698794795
1049317.289553501
1050270.7282155086
1050271.5583754233
1052803.887403156
1052808.2780267047
1052836.4757918068
1052842.079371231
1053847.5828958873
1055432.072229037
1055457.7518423977
1055491.9913268788
1055572.8673505664
1055572.8673505664
1057288.844790202
1057300.1349650417
1057309.5434440747
1057333.5258416098
1057570.3243452723
1057570.3243452723
1057674.9244945217
1057717.216530175
1057793.4574943392
1061858.8197765101
1061881.012718229
1061889.2774213797
1061895.180780773
1061925.878249618
1061934.1429527686
1068543.876193435
1069438.7609094607
1070774.280672199
1070785.2111110755
1071477.864259886
1071496.976385922
1071667.684936377
1071676.0142075208
1072786.6667093702
1073564.6833574073
1077728.664025443
1085263.4260110368
1085352.12859792
1085353.424569787
1089705.3718905034
1089742.7613706605
1089774.8193793658
1089782.4522385811
1089836.251213052
1089837.962264876
1089843.0954203487
1089844.8064721727
1089851.6506794693
1089853.3617312934
1089855.0727831176
1089858.494886766
1089860.20593859
1089861.9169904143
1089863.6280422383
1089867.0501458866
1089870.472249535
1089872.183301359
1089873.8943531832
1089875.6054050073
1089879.0275086556
1089880.7385604798
1089880.7385604798
1089884.1606641281
1089885.8717159522
1089887.5827677762
1089892.7159232488
1089894.4269750728
1089896.138026897
1089897.8490787211
1089901.2711823694
1089902.9822341935
1089904.6932860177
1089908.115389666
1089909.82644149
1089913.2485451384
1089914.9595969627
1091244.8757802767
1095626.6996339227
1095632.4185133348
1095671.0209493674
1095812.6323948128
1095812.6323948128
1095819.342854123
1096907.5210822828
1096923.1280886787
1105954.0734524978
1107392.371624673
1107402.702503611
1107411.7420226822
1107422.0729016203
1107527.8260507511
1107527.8260507511
1107539.4897975523
1107541.8050213144
1107542.9626331953
1107544.1202450765
1109260.8217686377
1109266.3792280667
1109267.4907199524
1109269.7137037239
1109270.8251956096
1109271.9366874953
1109273.048179381
1109335.0841850052
1109335.0841850052
1109550.9672708174
1118344.6390950233
1118358.3690176122
1118958.8513558959
1118963.2512034436
1118976.1601901168
1118981.860621531
1118988.9861607987
1119007.5125628945
1119008.9376707482
1119021.7636414298
1119026.0389649905
1119036.0147199652
1119047.4155827935
1119048.840690647
1119051.690906354
1119057.8340897227
1119077.7994356707
1119080.8710273548
1119085.4784148813
1119096.2289857764
1120129.888767539
1120157.2010287321
1120419.4900537748
1125164.8916660529
1125197.1572147366
1125197.1572147366
1126846.8417731856
1126848.9725169668
1126850.7481367842
1126989.5139785223
1126990.178106454
1127144.5417305888
1127161.2002728768
1127162.3993927534
1128626.2249823047
1128631.7132617405
1128825.9937417728
1128826.8239016875
1131786.8605414615
1131791.9291289405
1131798.4458842708
1131799.1699681964
1131800.6181360474
1131801.342219973
1131802.0663038986
1131802.7903878242
1131803.5144717498
1131804.2385556754
1131804.962639601
1131804.962639601
1131806.4108074522
1131807.1348913778
1131807.1348913778
1131808.583059229
1131809.3071431546
1131810.03122708
1131810.7553110055
1131811.479394931
1131811.479394931
1131812.2034788567
1137190.67120607
1137202.7961528238
1137209.409760144
1137243.5800646322
1137243.5800646322
1137245.7846004055
1137254.6857594906
1137257.056327247
1137259.4268950033
1137261.7974627598
1137312.7646695215
1137315.1352372777
1140855.0201294562
1141567.0113922795
1141964.5288554234
1142832.1105342554
1142842.0171092371
1142843.6682050675
1147319.8674050136
1148651.3931761624
1151030.3501596586
1151036.8530789902
1151047.6912778763
1152539.073564595
1152546.849395796
1152632.697154973
1152634.0115748378
1152651.0990330817
1158306.9001277906
1158317.2955747223
1158326.2059578064
1158392.8770229544
1158402.2855019874
1158432.0790189253
1158500.1244599319
1158500.1244599319
1158600.3247616333
1158600.3247616333
1158624.214919178
1158625.9213590026
1158627.6277988271
1158629.334238652
1158631.0406784764
1158632.747118301
1158634.4535581258
1158636.1599979503
1158637.8664377749
1158642.9857572487
1158649.8115165473
1158654.930836021
1158658.3437156703
1158661.7565953196
1158663.4630351441
1158666.8759147935
1158668.582354618
1158672.0690262597
1158673.8123620804
1161914.8950289693
1162005.4562516615
1162005.4562516615
1162009.7361872217
1162011.8761550018
1162012.9461388919
1162012.9461388919
1162015.0861066717
1162016.1560905618
1162018.2960583419
1162019.366042232
1162020.436026122
1162020.436026122
1162022.575993902
1166875.5248231266
1173647.7295830944
1173667.6165250505
1173669.4244288646
1173673.040236493
1173674.8481403072
1173734.5089661754
1173734.5089661754
1173739.932677618
1174286.7959094127
1176402.0525960114
1176411.1290110785
1176423.2308978348
1176456.7509103895
1176464.7757895647
1176472.80066874
1177365.443952996
1180893.7850103609
1186091.7252401283
1186095.5762597325
1186102.0930150626
1193155.0117381795
1194842.219524772
1195197.2789202798
1195198.1644241887
1195211.4469828235
1208819.6496802028
1208823.6897917876
1208831.770014957
1208833.7900707494
1208834.8000986457
1208843.8903497113
1208844.9003776077
