36930.58620435641
39175.02499767798
39386.38371195501
39386.38371195501
39401.326590419216
152102.21779527207
163903.3422263787
163925.81188806932
163930.62681557448
163930.62681557448
179725.88580817287
188807.18037081757
189075.5387872363
192123.52164597137
192131.25596917648
197221.41377002135
289627.21489675844
289641.64123127575
294573.0217244394
294584.9668032117
294682.5290411845
309041.7866373719
326160.4496699538
349778.0149825929
411006.52866966237
440561.20860009803
440563.4592558667
466896.2424374417
509727.347043356
527143.8899013224
527153.206140365
552971.1149188577
643091.633384471
686266.4149710629
835365.2940630114
835404.4591629861
835411.5800902542
850990.2226891159
865783.4417687019
865797.0379433044
899916.0016526332
899955.0929606154
900099.2317818011
900101.2748975912
900641.8196900352
948164.7252497366
948379.7228316396
948381.0510875031
963684.301970669
975418.4094366634
978717.9584215431
978728.8750244211
978749.4952743019
978751.9211860525
978755.5600536785
996941.5089565672
1095906.2928811866
1096003.8366711612
1096237.0239791947
1096295.8730931464
1096343.5657802445
1096345.332176063
1096348.8649676999
1098395.5965653413
1101237.9119172147
1101245.304952455
1101252.697987695
1101273.8209455241
1101274.8770934155
1101275.933241307
1109345.6687239173
1109350.3729634339
1118964.717819293
1118973.3099744099
1121493.8553433537
1174711.9761457136
1174787.6867299322
1188768.852604979
1188782.0936556181
1188783.5648834668
1188786.5073391646
1188870.9714984836
1188870.9714984836
1188873.4712022266
1190263.3618273768
1190274.5228662298
1190286.6985449782
1190292.7863843525
1190327.6023687741
