658723.8904778224
658725.4354976636
658733.1605968697
660620.7182548706
660923.5559797456
667902.3921544764
672064.8785346652
672068.2130103225
675664.24899673
678948.6567871658
684937.5226516435
684956.7546896669
689368.3074922573
689868.7186648261
689882.536215406
693040.8104308055
693131.9758254358
693365.624333422
693366.0532493779
703298.0680205874
703300.6138443258
708190.1219937931
724179.4170304488
724188.0783655585
724190.9654772618
735981.9804054076
743444.4954184268
744190.0850977969
744199.2445288554
744202.2976725417
744236.251213052
744236.251213052
744239.6733167003
747212.78958713
756959.0053454355
757026.0269225473
757116.7726252206
757333.536602942
757335.4275227478
762340.1295843755
771105.4283874976
771441.0435930038
771443.0728727953
771447.1314323781
771547.2810020851
771548.3832699717
787847.2172668137
794574.4319714056
804160.5052701703
804168.1611893835
804177.0854084663
804178.8702522828
805992.6405298675
811079.2055830817
814637.9858373181
819232.3536891192
819245.6362477541
819246.9645036176
819249.6210153445
819250.949271208
819252.2775270715
824949.4251975312
825908.7026509389
826045.3838688912
826051.397916273
826305.4314621639
826305.4314621639
826306.9026900127
826306.9026900127
826312.7876014079
826374.7313670415
826375.9996669112
826377.2679667808
826384.8777659987
827038.6517588053
827040.2428986417
827041.8340384782
827049.7897376604
827150.7510192839
827152.1069471445
827202.3316219826
827263.2100157257
827267.3608152991
827327.2706891416
827449.2027326097
827577.5639034171
827583.0983028483
828474.1919552636
835968.4513610202
835972.7958645737
836026.3780750667
836164.2122929004
836164.2122929004
839782.4642810245
843535.7786752672
863280.9477659026
863501.2399232615
892655.2570068763
906248.4983777931
931243.534200859
939168.2084623786
939175.6983496087
973494.232502426
976038.0315729801
991205.4406221075
1002146.0812416527
1002161.5406640639
1002167.337947468
1002171.2028030708
1002175.0676586735
1002182.7973698791
1002186.6622254819
1002275.678428333
1011937.9281232685
1011942.8122307665
1012258.5035983204
1012365.5342713201
1021095.4498140787
1107090.0827277417
1107109.5361417423
1107117.7270529005
1107124.8941001638
1107130.0134196377
1107131.0372835323
1107132.0611474272
1107136.1566030062
