21388.627449724398
21400.43416851093
21411.06021541881
21415.275582985563
21432.888809175314
21436.59685679421
21436.59685679421
26125.298546899874
51336.00530379946
51371.20869618133
51375.35027175567
51377.42105954284
51379.491847330006
51383.63342290434
51385.70421069151
51389.845786265854
51391.91657405302
51396.05814962736
51398.12893741453
51402.27051298886
51404.34130077603
51406.41208856321
51410.207764173094
51411.93265199581
51413.65753981854
51417.107315463974
51418.83220328669
51422.28197893214
51424.006866754855
51434.35619369117
51656.340954876076
51656.340954876076
51671.61589730615
51821.44592590695
51836.90534831806
51962.70685938846
51967.97376284715
51971.53422648121
51975.09469011527
52219.49376899647
62331.381133719166
63020.24321891945
63020.24321891945
63023.38399059665
64751.32495700271
64796.19510039106
64807.64669521409
65347.57347972161
65347.57347972161
65375.64672083632
66060.40412645847
66065.40353394464
70466.67157759209
70557.8000762261
70649.19145883311
70676.77121599851
70685.48789510262
75355.38646314085
75369.64215367568
75534.79785670132
75534.79785670132
76003.85204449297
90378.48604710004
90383.84519054924
90384.61078247055
90385.37637439187
90386.9075582345
90389.96992591975
90419.82801085101
90422.12478661495
90424.56914636372
90438.8663448943
90439.21224485875
135795.88007520122
135812.66775347583
135814.3465213033
135821.0615926131
135822.74036044057
135824.33150027704
135825.9226401135
135829.10491978645
135830.6960596229
135832.28719945936
135837.06061896877
135838.65175880524
135840.2428986417
135841.83403847818
135843.42517831462
135845.0163181511
135846.60745798756
135848.19859782403
135849.7897376605
135851.38087749697
135851.38087749697
135852.97201733344
135854.5631571699
135857.74543684282
135859.33657667928
135860.92771651575
135862.51885635222
135864.1099961887
135865.70113602516
135867.29227586163
135868.8834156981
135870.47455553454
135872.065695371
135872.065695371
135873.65683520748
135880.02139455336
135880.02139455336
135883.20367422627
135884.79481406274
135886.3859538992
135887.97709373568
135889.56823357215
135891.15937340862
143970.99974698058
143986.58830537842
144003.73571961606
144011.52999881498
144019.3242780139
144024.00084553324
144031.79512473216
150873.82094552394
153680.43942106597
156346.84388701883
158988.00687956598
161389.95006869957
161424.26334517292
161554.8705597494
161556.0373956295
162297.7022634028
162307.22143042446
163051.43212193617
163064.11512063263
163066.67939236906
163066.67939236906
163069.50193607897
163070.91320793392
163072.32447978886
163073.73575164384
163075.14702349878
163076.55829535372
163077.9695672087
163080.79211091858
163083.6146546285
163085.02592648345
163085.02592648345
163089.2597420483
163090.67101390325
163090.67101390325
163096.31610132306
163096.31610132306
163097.72737317803
163104.78373245278
163106.19500430775
163107.6062761627
163111.84009172756
163111.84009172756
163113.2513635825
163116.07390729242
163117.48517914736
163117.48517914736
163121.71899471222
163123.13026656717
163123.13026656717
163125.9528102771
163127.36408213203
163128.77535398697
163130.18662584195
163130.18662584195
163133.00916955183
163134.42044140678
163134.42044140678
163135.83171326175
163141.47680068156
163142.8880725365
163142.8880725365
163147.12188810136
163147.12188810136
163148.5331599563
163151.3695396648
163152.79464751834
163155.6448632254
163155.6448632254
163158.49507893246
163159.92018678598
163164.1955103466
163165.6206182001
163168.47083390717
163169.8959417607
163171.32104961423
163172.74615746777
163172.74615746777
163175.59637317483
163177.02148102835
163178.4465888819
163182.72191244247
163185.57212814954
163186.99723600308
163188.4223438566
163188.4223438566
163191.27255956366
163192.6976674172
163196.97299097778
163198.39809883133
163201.2483145384
163201.2483145384
163202.6734223919
163209.79896165957
163209.79896165957
163214.07428522015
163215.4993930737
163216.9245009272
163219.77471663427
163219.77471663427
163221.19982448782
163225.4751480484
163226.90025590194
163228.32536375546
163732.77203590955
163940.9069625179
164064.78065778644
164064.78065778644
170193.1318359281
173529.15712505885
175725.63112331013
175736.44165019906
175856.8701818217
175862.10018928416
175931.7137101294
175931.7137101294
183580.17993203708
183591.57157086628
183651.15860474203
183651.88730066715
197785.77031601805
203682.26705398923
212410.60990490954
214706.76766091556
215034.80073920105
215036.32269904463
217981.77619631746
219129.3846503688
220365.40052333384
220397.7952080044
220401.8445435882
220403.8692113801
220407.91854696395
220411.96788254776
220416.01721813157
220420.06655371538
220424.1158892992
220428.16522488304
220430.18989267494
220434.23922825875
220438.28856384257
220442.3378994264
220446.38723501022
220449.85545865376
220451.2990145054
220455.6296820603
220458.51679376356
220461.40390546684
220464.2910171701
221953.03524016027
222497.03903224875
222528.58510900653
222528.58510900653
222532.52836860123
222533.84278846614
222536.47162819596
222537.78604806087
222539.10046792577
222541.7293076556
222544.35814738538
222548.3014069801
229194.23884392547
229324.49093453842
229832.28130634886
230165.59051209208
230167.66129987926
231457.7851512832
231761.99264001744
231763.6206758501
231768.50478334812
235579.19706369363
235580.2070915898
235581.217119486
235582.22714738222
235582.22714738222
235583.89669121063
235584.73146312483
235585.56623503903
235587.23577886744
235588.07055078165
235588.90532269585
235590.57486652426
235720.91919712778
235723.81553283008
235755.1448456101
235773.28845174535
237271.70864974105
237356.68012900787
237364.22074823288
237622.62185767497
238477.2207578412
238718.23462907036
238922.89672003564
239543.63957223707
239551.60910741796
239553.6014912132
239554.5976831108
239556.59006690604
239557.58625880364
239558.58245070127
239665.1196397516
239666.51246360844
239912.06454237114
241685.28612012335
241698.52255876292
241741.06825439018
241742.01371429302
244580.5149425582
245009.38016648035
245517.62251424437
245517.62251424437
245522.06848178743
245525.40295744472
245525.40295744472
245527.62594121625
245528.737433102
245529.84892498777
245530.96041687354
245532.0719087593
245533.18340064507
245534.29489253083
245535.4063844166
245537.62936818812
245538.74086007389
245540.96384384538
245542.07533573115
245543.1868276169
245543.1868276169
245545.40981138844
245546.5213032742
245548.74428704573
245549.8557789315
245745.3999468339
246108.91313747282
250799.11372742444
250910.92243193297
250912.23685179788
250914.86569152767
250916.18011139258
250916.18011139258
250917.4945312575
252156.31449993432
252156.31449993432
252493.96820923104
252493.96820923104
253043.0728727953
253060.3217510225
253412.81687479382
253414.00677067152
253417.57645830465
254124.03793369612
254127.8705053022
255435.4323269139
256174.9664509062
272158.1736481877
272190.5498848601
272196.914444206
272205.3221193419
272232.57903654047
272236.21329216694
272280.6083996041
272297.17008990195
272445.4781586592
272445.4781586592
272452.23012596526
272453.91811779176
272462.3580769243
272463.20207283756
273092.19579219096
282038.8799246707
282107.1144576577
282323.8277033844
282323.8277033844
283613.93310679024
284295.18078077305
284771.10223585897
284772.1307117532
284776.2446153304
284778.301567119
284780.3585189076
284784.4724224848
284787.5578501677
284791.6717537448
284797.84260911064
284802.9849885821
290669.65592561866
290679.66396459006
290681.09368444316
290682.5234042962
290683.95312414924
290685.3828440023
290686.8125638554
290688.2422837084
290689.67200356146
290691.10172341455
290692.5314432676
290692.5314432676
290693.96116312064
290695.3908829737
290698.2503226798
290701.10976238595
290701.10976238595
290702.539482239
290702.539482239
290703.96920209203
290705.3989219451
290753.1192810405
290754.72886887507
294486.21466936124
294510.5568028594
294514.034250502
294520.9891457872
294524.4665934298
294529.6827648937
294536.6376601789
294541.8538316428
294543.59255546407
294548.80872692796
294554.02489839186
294557.50234603445
294562.71851749835
294566.19596514094
294573.0217244394
294576.43460408866
294581.55392356246
294591.7925625102
294596.91188198404
305823.5103081392
311911.48804243037
311921.91577335866
312640.06866754853
312640.06866754853
312715.4840837975
329479.69650480896
329487.0111360572
329582.25815026794
329582.25815026794
329585.96619788685
329586.89320979157
331708.61591972556
331719.7954065766
331733.9081251261
331784.4786999286
331798.43922249373
331798.43922249373
335331.88115133444
335331.88115133444
336149.59789129137
336165.48161765886
336220.4289800115
336232.65539075487
338136.1428951186
339891.8480986712
339902.72319355345
339987.911436798
339987.911436798
344715.76900287933
344728.1660576052
344729.7156894459
344729.7156894459
344740.56311233103
344740.56311233103
344742.11274417175
344742.11274417175
344748.3112715347
344748.3112715347
344749.86090337543
344751.41053521616
344754.5097988976
344754.5097988976
344756.0594307384
344756.0594307384
344760.70832626056
344760.70832626056
344762.2579581013
344762.2579581013
344766.9068536235
345136.69697561726
345144.70340679435
345219.86977506895
345219.86977506895
352026.33246751584
352029.8837071509
352051.35256494436
352051.5047609287
363819.2429274667
364662.1780808317
364671.24988389935
364758.1122829718
364758.1122829718
364761.3083986433
364762.37377053377
364764.5045143148
364766.6352580958
364767.7006299863
364768.7660018768
364770.8967456578
364773.0274894388
364775.1582332198
364776.2236051103
364778.35434889136
364779.1245528122
364779.89475673303
364780.66496065387
364782.20536849555
364782.9755724164
364784.51598025806
364785.2861841789
364786.8265920206
364787.5967959414
365237.0638217462
365241.19156132196
365256.87697170983
373710.2846948874
381131.3424441676
381134.82911580923
388950.305064552
389412.3812970608
390239.55263604596
390255.6577383907
390418.95941760694
395420.7743675315
395422.01038340444
397177.7248109561
397906.1624640888
405011.9024177767
419608.74716954544
419624.114351966
419669.11824334064
419669.11824334064
419882.2110694394
419886.69393297867
430529.2333511621
430594.40090446436
430760.5020673928
430760.5020673928
430805.4967347684
430894.95107757446
430909.949300033
430933.6964855923
449638.4999471542
449647.6778262109
449744.70046023914
449745.56290415046
449747.2877919732
449748.1502358846
450773.9096624593
450879.28462762904
450879.28462762904
451617.7026477361
455724.5821496402
455759.89623001067
455759.89623001067
456080.35640507453
456352.5935130946
456352.5935130946
466505.98426155164
473841.0005476749
474435.50573457306
474437.3597583825
474444.77585362026
474454.0459726675
491784.3167675008
491787.7480951481
526424.2842272818
526462.2917153756
529630.1635017887
529650.9497836524
529652.5270874903
529654.8930432472
529657.258999004
529663.5682143555
529665.1455181934
529667.5114739502
529668.3001258692
529670.6660816261
529673.0320373828
529674.6093412207
529677.7639488966
529679.3412527344
529680.9185565723
548932.6175339255
555313.1989661434
555333.2611640815
557976.6886483958
558102.3794714777
558140.6083355485
558140.6083355485
558150.5195225299
558153.3512902389
558156.1830579479
558157.5989418023
558159.0148256568
558161.8465933658
558163.2624772203
558164.6783610748
558547.0776897726
558638.4967443767
558639.9725842251
558641.4484240734
558642.9242639217
558642.9242639217
558644.4001037701
558645.8759436184
558647.3517834666
558648.8276233149
558651.7793030116
558653.2551428599
558654.7309827083
558654.7309827083
558656.2068225566
558659.1585022532
558660.6343421015
558781.3672656928
558845.7046590804
558845.7046590804
560477.5407793638
560568.8030259842
560578.7649449602
560806.3117775735
560806.3117775735
560820.6735440975
560904.1046155225
560904.1046155225
561962.0880827854
563317.3149194982
563319.9345352289
563362.2542428795
563362.2542428795
563530.3062816074
563531.7360014605
563794.0065785048
566382.7080764439
566410.398521598
566473.5275711096
566518.0056945384
566518.0056945384
566553.0568909359
566553.0568909359
566555.8240906515
566882.9716650279
566956.0165135205
566956.0165135205
567101.0177786176
568042.4560178587
568175.0417802319
568215.8303040398
568430.795601946
568486.7576041943
568577.1435709047
568577.1435709047
568616.7883188301
568616.7883188301
568807.0194632786
568807.0194632786
571439.6733167003
571468.7611977106
571468.7611977106
573173.8589304646
573547.0988281036
573547.0988281036
579536.0200365757
579791.792306288
579791.792306288
580390.8080287225
586312.5877480952
586382.3488529252
586383.7693487792
586386.6103404872
586717.0047625301
589109.147452671
589121.5998513912
589122.8450912632
589124.0903311352
589124.0903311352
589125.3355710072
589126.5808108792
589126.5808108792
589129.0712906232
589129.0712906232
589130.2289025042
589131.3865143852
589132.5441262663
589132.5441262663
589133.7017381473
589134.8593500283
589136.0169619092
589137.1745737903
589137.1745737903
589138.3321856713
589138.3321856713
589139.4897975523
589141.8050213144
589142.9626331954
589142.9626331954
589144.1202450765
589144.1202450765
589145.2778569575
589145.2778569575
589148.7506926005
589410.2187817275
589427.3754199642
595750.7311620638
596021.1972622658
596021.1972622658
603553.0029561636
603985.5024357123
603985.5024357123
611469.3341105407
611988.9634851343
612003.2145636696
619044.9353519372
619264.0283894192
619277.3939640456
619283.1220674568
619337.7696498403
619337.7696498403
620003.5717374107
620044.8768051654
620072.3366503433
620073.3927982347
621468.3381748652
621475.0809181723
621537.5366157532
621537.5366157532
621542.831191209
632782.1495120568
633036.2845219374
633037.3037738326
636466.9295933433
636494.5093505087
636580.0342697187
636581.8421735329
636584.2127412893
636585.3980251675
636587.7685929239
636587.7685929239
636590.1391606802
636591.3244445584
636592.5097284366
636593.6950123147
636596.0655800711
636596.0655800711
636598.4361478274
636600.8067155838
636603.1772833401
636604.3625672184
636606.7331349747
636606.7331349747
636610.2889866092
636610.2889866092
636624.5123931473
642860.0510522726
649335.3398947567
649342.7006460002
649343.927437874
649345.154229748
649346.3810216219
649347.6078134958
649347.6078134958
650791.3988771061
650803.3946878733
650949.4889968581
650949.4889968581
651156.22648761
651293.2259335296
651293.2259335296
652688.3281181441
652709.9122759257
652772.5063334923
652785.6228601444
652827.5643838337
652840.0997985452
652848.4567416863
652858.2065086843
652888.848633535
654019.8077692975
654026.5874086007
654123.6930586204
654125.3718264479
656771.5342264812
656778.6551537493
656780.4353855663
656783.9958492004
656789.3365446515
656792.8970082855
656796.4574719196
656800.0179355537
656803.5783991878
656807.1388628219
656808.9190946388
656814.2597900899
656817.820253724
656819.600485541
656821.3807173581
656824.9411809922
656828.5016446261
656832.0621082602
656835.6225718943
656839.1830355284
656842.7434991625
657077.1898830666
657077.1898830666
658401.0043910079
658658.8382245083
658658.8382245083
658884.9092172732
666313.5075857784
666321.6477649418
666372.1307117533
666377.9971751503
666380.9304068488
666385.3302543967
666388.2634860951
666394.1299494922
666399.9964128892
666402.9296445878
666405.8628762863
666410.2627238341
666414.6625713819
666419.0624189297
666433.7285774223
666438.1284249701
666442.528272518
666446.8497160737
666449.6261397884
666453.7907753603
666456.567199075
666457.9554109323
666833.4229043426
666833.4229043426
667086.7600383052
673695.6861790544
673697.57709886
676933.1760983125
678716.922258983
678742.8970403133
678802.1612342224
678802.9452741417
678887.7138254294
678887.7138254294
680010.3390780485
682567.7896671994
682852.3915459486
682852.3915459486
686325.0104250406
686889.9204109804
686891.3870268296
689039.3335660686
689078.8814620039
689082.0452936788
689091.5367887032
689110.5197787521
689118.4293579393
689142.5316674621
689145.188179189
689167.7685288682
689170.4250405952
689175.7380640492
689182.3793433666
689187.6923668205
689189.020622684
689379.2563791319
689385.9714504417
689391.0077539241
689394.365289579
689396.0440574065
689397.722825234
689399.4015930615
689401.080360889
689404.4378965439
689404.4378965439
689406.1166643713
689407.7954321988
689409.4742000262
689411.1529678537
689412.8317356812
689414.5105035086
689416.1892713361
689417.8680391635
689421.2255748184
689422.9043426459
689424.5831104734
689427.9406461283
689427.9406461283
689754.9683085171
689754.9683085171
689754.9683085171
689766.7980873013
689886.4840870003
689906.2234449715
689906.2234449715
689908.1973807686
689912.1452523628
689914.1191881599
689916.0931239572
689918.0670597543
689920.0409955514
689929.910674537
689933.8585461312
689933.8585461312
689933.8585461312
689935.8324819283
689935.8324819283
689937.8064177255
689937.8064177255
689939.7803535226
689941.7542893197
689943.0041411913
689948.0035486774
689949.253400549
689949.253400549
690460.959359957
690462.7764877703
690463.6850516768
690465.50217949
690466.4107433967
690466.4107433967
690469.1364351165
690470.0449990232
690471.8621268364
690472.770690743
690474.5878185562
690476.4049463695
690479.1306380894
690480.0392019959
690480.9477659026
690482.7648937159
690483.6734576224
690485.4905854356
690486.3991493423
690488.2162771556
690489.1248410622
690689.802164437
690689.802164437
690693.2334920844
692589.5170531885
693605.8126567359
697632.7246988588
697644.642105634
697649.3740171477
697653.4833087253
697655.0052685689
697661.134615939
697661.3190959201
697670.4277949838
697671.5577348677
697729.9179768695
697730.8818847705
697733.1602125362
697747.046943109
697775.2908282062
697775.2908282062
698314.8855487478
701416.3906619821
701438.5836037011
701475.8116638749
701493.5678620499
701494.988357904
701497.829349612
701499.249845466
701500.67034132
701502.801085101
701504.221580955
701506.1724567545
701510.0742083534
701510.0742083534
701512.6753760861
701515.2765438188
701515.926835752
701516.5771276851
701523.73033895
701638.1448231906
701775.0381931211
701787.9333437957
701832.4114672244
701937.952464377
701979.4512361119
701979.4512361119
708075.9288855296
708216.8393070471
708216.8393070471
709104.1926278468
709186.1294114256
709187.0379753322
709298.426987884
709375.2444519888
709376.2221958883
716974.6897309347
717053.7532388087
717054.7402067073
719392.8671583998
735710.8040572784
735724.2987678915
735800.6319720461
735800.6319720461
735814.0528906668
735820.7633499771
742917.4407245964
745917.334264274
750486.8757226267
758212.4176806126
760219.1909143609
760370.8242347764
760370.8242347764
762575.2170362137
762578.6345278625
767001.8095692585
767072.8712579549
767692.2950782919
767693.3788981806
768841.1211002182
769053.7665623629
769053.7665623629
770207.9148317421
770227.1560937645
770228.5304696233
770231.2792213408
770232.6535971995
770234.0279730583
770236.7767247758
770238.1511006345
770239.5254764932
770240.7153723709
770241.9052682486
770243.0951641263
770244.285060004
770245.4749558817
770246.6648517594
770247.8547476371
770249.0446435148
770251.4244352703
770252.614331148
770254.9941229033
770256.1840187811
770283.5516239683
770677.287247501
780675.0783559502
781662.7149944432
781664.0755343033
781665.4360741635
781665.7081821356
781925.4375474412
781925.4375474412
782158.9200234443
785184.1380525192
785215.4996492958
785215.4996492958
785217.0169971399
785217.6672890731
785217.8840530508
785219.4475208902
785219.7841968555
785220.120872821
785221.1309007171
785221.4675766826
785222.1409286134
785222.4776045787
785222.8142805441
785223.1509565095
785223.8243084403
785224.1609844057
785224.8343363365
785225.1710123019
785225.8443642327
785226.1810401981
785226.8543921289
785227.1910680942
785227.864420025
785228.2010959905
785228.5377719558
785229.2111238866
785229.8844758174
785230.2211517829
785230.8945037136
785231.5678556444
785231.9045316098
785233.9245874023
785234.2612633676
785234.9346152984
785235.2712912638
785235.6079672292
785245.1455822489
785245.6344541986
785247.1010700479
785247.5899419977
785248.5676858971
785249.5454297967
785250.0343017464
785251.012045646
785251.5009175957
785253.4564053947
785253.9452773444
785254.923021244
785255.9007651435
785257.3673809927
785258.833996842
785260.3006126913
785261.7672285405
785264.2115882894
785266.6559480381
785268.0995038898
785270.4285636505
785270.8943756025
785272.757623411
785274.1550592674
785276.9499309801
785277.8815548844
785278.8131787886
785281.1422385493
785282.0738624536
785284.8687341663
785285.8003580705
785288.5952297833
785292.3217254003
785293.7191612567
785295.1165971131
785296.4679129741
785296.9106649286
785299.5671766555
785300.4526805646
785301.780936428
785302.666440337
785304.437448155
785305.7657040185
785306.6512079275
785307.5367118365
785309.3077196544
785309.750471609
785311.0787274725
785311.9642313814
785312.4069833359
785312.8497352904
785314.1779911539
785315.0634950629
785315.5062470174
785315.9489989718
785317.2772548354
785319.4910146078
785320.3765185168
785320.8192704713
785322.1475263349
785322.6871302794
785323.7663381685
785324.8455460576
785325.3851500021
785326.4643578912
785327.0039618358
791944.0795057474
791949.0420172374
791950.2826451098
791954.0045287273
791957.7264123448
791960.2076680898
791961.4482959623
791962.6889238347
791965.1701795798
791966.4108074523
791967.6514353247
791970.1326910697
791971.3733189421
791972.6139468147
791975.0952025597
791976.3358304321
791977.5764583047
791978.8170861772
791981.2983419221
791982.5389697946
819257.341502551
819275.3974806953
819506.7676609155
819508.2250527657
819527.1711468184
819549.0320245717
819557.7763756729
819608.7666424323
819612.3640020626
819615.9613616929
819620.7578411999
819625.554320707
819626.7534405837
819636.3463995977
819649.5367182421
819653.1340778724
819654.3331977491
819656.7314375027
819667.5004563958
819670.3691201009
819674.6721156586
819676.1064475112
820102.2505917131
820166.1175611491
820174.5114002863
823845.1649270246
823858.0785256975
823858.0785256975
824037.6928472371
824114.870047305
852804.7216626258
855858.5110287641
857605.3704172259
861657.2887207787
861691.1592452975
861910.5197787521
861910.5197787521
874234.9862440708
874250.814626444
874254.4119860743
874257.2898737786
874263.7374491158
874273.6809200939
874282.914143145
874287.8858786339
874291.4371182689
874293.5678620499
874295.698605831
874298.539597539
874299.960093393
874307.4730406208
874309.4239164203
874310.7245002866
874312.6753760861
874315.2765438188
874317.2274196183
874318.5280034846
874319.1782954178
874393.657475763
874397.0888034103
874398.804467234
874403.3795707638
874406.8108984111
874410.9524739854
874421.4586089056
874423.9306406515
874426.4026723974
874427.020680334
874429.4927120799
874436.9088073176
874438.1448231906
874441.2348628731
874442.470878746
874452.2806017379
874454.0239375586
874456.63894129
874461.8689487524
874489.7623218856
874489.7623218856
874505.4108362773
874506.951244119
874507.7214480398
874510.0320598023
874511.572467644
874513.8830794065
874515.4234872481
874516.9638950898
874519.2745068524
874526.9765460608
874540.0700127151
874543.1508283984
874545.3369161737
874546.628276041
875558.2888200647
875560.1428438742
880464.0219838645
883957.5977888025
883974.6990830448
884094.850894696
884094.850894696
887194.2252641491
887486.9949940589
892313.1065980418
892350.7082301772
892491.5217997048
892492.4165276128
893887.1774242623
894549.2760762133
898577.0920702433
898621.1274417174
898751.6793122997
898813.0834739887
898867.6849363768
898873.6344157653
898880.7737910316
898886.7232704201
898898.6222291972
898906.9515003411
898919.2932110727
899103.9300000961
899247.7598173135
899252.46405683
899997.1912922887
901176.0691031262
901932.6399533675
901983.9023280989
902012.1000932008
902025.0598118688
902494.2108516506
902505.376502503
902513.8164616355
902531.5403758138
902573.1175515406
902573.1175515406
904058.5365228726
904082.9616723623
905557.8053287811
905557.8053287811
905562.7862882692
911051.0841721941
911140.6768749859
911149.4120020883
911642.3378994265
911644.3625672184
911649.8554586536
912796.2924648256
912805.1705639131
913095.3252900916
913095.3252900916
913098.7935137352
920212.9226945608
920215.7083422745
932740.3401990206
932751.6303738601
932796.4590092527
932797.2891691674
938136.0660284598
946674.8879828588
946705.81605168
946708.647819389
946721.3907740792
946727.0543094972
946739.7972641875
946744.044915751
946748.2925673143
946753.9561027323
946761.0355220047
946762.4514058592
946768.096493279
946772.3164728453
946779.3497721223
946804.6696495201
946829.9895269177
946834.209506484
946837.0228261949
946841.2428057612
946842.6494656166
946846.8694451828
952290.8967456579
957350.1818216759
963707.4634322885
966138.8588503951
966303.2074535037
966391.813188397
966391.813188397
966394.0085001714
966657.2844931125
968583.0664031849
969816.5410644112
975812.5601401535
975878.6131973647
975944.5647905865
975945.5840424817
979802.5761860686
980196.5977535719
980208.0539603945
980326.5454522162
980328.122756054
986973.995625006
986976.1540407842
991242.7055782775
995543.1737602849
995965.4299888863
1000964.8743710546
1001027.6713566005
1001194.6626354374
1001194.6626354374
1001856.7797353866
1001870.5788379683
1001875.7535014364
1001911.9761457136
1001951.8238216181
1001983.7019623418
1001989.6791137274
1002013.5877192701
1002017.5724868607
1002025.5420220415
1002031.5191734273
1002035.3379090348
1002083.0721041288
1002219.5134981055
1002240.7702039208
1002252.3647707291
1002265.4397893853
1002297.862146053
1002301.2750257023
1002551.2131160141
1002611.800953787
1011933.0440157705
1011954.2084815953
1011960.3977849592
1012089.8842836508
1012091.2724955081
1012218.6605344155
1012227.9721614585
1012231.0253051446
1012235.605020674
1012263.0833138498
1012278.3490322809
1012281.402175967
1012285.9818914963
1012289.0350351825
1012293.6147507118
1012307.3538972997
1012349.1063290085
1012359.2158319695
1012370.5890228006
1012374.3800864109
1012378.1711500213
1012388.2806529822
1012392.2285245765
1012405.0129872626
1012413.5359623866
1012430.5819126347
1012433.4229043426
1012450.4688545907
1012474.6172841088
1012477.4490518178
1012492.9730422222
1012497.2068577871
1012500.029401497
1012502.8519452069
1012507.0857607718
1012511.3195763365
1012528.254838596
1012549.4239164203
1012555.0690038401
1012560.71409126
1012564.3391228875
1012575.2142177697
1012580.047593273
1012582.4642810245
1012587.2976565278
1012601.7977830375
1012708.1781641039
1012748.2564399848
1012752.2319835761
1012784.0363323074
1018476.6181232366
1018499.8257048513
1018499.8257048513
1018677.59983858
1018678.4207744957
1018682.5254540738
1019272.5016574373
1030933.342898962
1038558.2002952961
1038598.891967114
1054864.3350873876
1054876.0541781832
1054877.1195500738
1054879.2502938549
1054880.3156657452
1054882.4464095263
1054883.5117814168
1054885.6425251977
1054887.7732689788
1054890.9693846502
1054892.0347565408
1054894.165500322
1054895.2308722122
1054896.2962441028
1054899.4923597744
1054901.6231035553
1054902.6884754458
1054905.8845911173
1054908.0153348984
1054913.342194351
1054993.8215860794
1054993.8215860794
1054996.754817778
1058466.2375371924
1061292.5538627098
1061478.7033875778
1063139.4244608926
1063156.4704111407
1063841.6290607215
1068947.3339119684
1068966.5613379923
1068969.0425937374
1068971.5238494824
1068974.0051052272
1068976.4863609723
1068978.9676167173
1068981.4488724621
1069276.9073980956
1075314.6604575487
1075719.0036799912
1075719.0036799912
1084605.6257426438
1084842.885446259
1085263.4260110368
1085779.6286699825
1086628.1904627692
1086657.8548437206
1086665.2709389583
1086893.0114755514
1086893.0114755514
1086936.7885750523
1088375.732427161
1090135.1456783323
1090392.080171925
1095056.9424364811
1096594.6107504426
1097697.7918130604
1097699.216920914
1097836.9220027607
1098189.274154547
1098751.6337047487
1098824.8999292185
1098854.7303421525
1098870.3557965467
1099359.0063703244
1099359.0063703244
1099909.3101537654
1099970.7742714481
1100143.1938737275
1100147.732081261
1100176.1051023449
1100198.4502400483
1100322.0702753428
1100484.712438627
1104589.8347687116
1104729.790506327
1104869.792363938
1104933.9545013434
1104935.3196532032
1107108.5122778474
1107185.0391859822
1107190.6012574104
1107195.236316934
1107205.10138392
1107437.5692200277
1107437.5692200277
1107762.71518661
1107765.5654023169
1112956.121820843
1112966.8954517357
1112968.8371035361
1112972.720407137
1112974.6620589374
1112978.5453625384
1112980.4870143388
1112982.4286661393
1112984.3703179397
1112988.2536215405
1112990.195273341
1112992.1369251413
1112996.0202287424
1112997.9618805428
1112997.9618805428
1112999.9035323432
1113001.8451841436
1113005.7284877445
1113005.7284877445
1113007.6701395449
1113009.6117913455
1117157.2014130654
1118525.554000429
1120276.7302204473
1120311.8736568352
1120802.3874784212
1120802.3874784212
1120805.0439901482
1121013.2803807461
1121047.2431452554
1121050.4069769303
1121050.4069769303
1121051.9888927678
1121053.570808605
1121053.570808605
1121055.1527244425
1121058.3165561173
1121059.8984719547
1121061.4803877922
1121061.4803877922
1121063.0623036297
1121064.644219467
1121067.808051142
1121070.9718828166
1121072.5537986541
1121074.1357144916
1121075.7176303288
1121077.2995461663
1121078.8814620038
1121167.7685288682
1121169.0967847316
1125615.433287747
1129864.7728430093
1129870.3256904387
1129879.6511534802
1129879.7433934708
1130399.8800880122
1155544.9811516546
1155545.9635075536
1155546.9458634527
1155547.9282193517
1155551.857642948
1155552.8399988469
1155569.1434171714
1155573.321888742
1155580.2860080262
1155583.0716557398
1155585.8573034536
1155585.8573034536
1155588.6429511672
1155590.0357750242
1155595.6070704516
1155598.3927181652
1155606.7496613064
1155619.285076018
1155651.6613126902
1155652.7589685775
1155659.3449039005
1155669.2238068853
1155671.4191186596
1155673.614430434
1155674.7120863213
1155676.9073980956
1155694.4698922907
1155701.0558276137
1155702.153483501
1155703.2511393882
1155704.519439258
1155704.519439258
1155707.0560389971
1155709.5926387364
1155709.5926387364
1155710.860938606
1189652.8253301263
1189728.185402381
1189728.185402381
1189733.3047218549
1189735.0111616794
1189738.4240413287
1192650.6065740208
1192712.6794756413
1205542.3028610412
1205622.1319608365
1205751.4339795471
1205758.1859468531
