982593.8551511872
983809.5090462449
983816.1503255623
983839.3948031734
983842.7154428321
983846.0360824908
985846.3986368979
985846.3986368979
985846.3986368979
985849.8115165471
986697.2941014448
986703.7001687865
986971.8372092278
986972.916417117
1059831.5877128646
1060762.8611051503
1060835.7030256637
1060846.1538165896
1061049.6721316725
1061110.010921471
1061218.3975223314
1061228.4516812982
1061251.5762469214
1061273.695396648
1061301.0030458414
1061402.905175368
1061437.153883848
1061471.1489323543
1061515.6685637785
1061543.7371928936
1062580.639210323
1062589.563429406
1062907.0396407763
1063469.897286927
1063513.7066704244
1063825.025862428
1063873.9684013978
1063886.9604040624
1064841.0862539995
1064841.0862539995
1064919.5455899355
1068136.4982753042
1068286.8125638552
1068461.4136419103
1068632.8093802945
1068896.7126051711
1068910.1427477908
1070196.22648761
1070197.8868074394
1070255.9980014667
1071495.6112340621
1071540.661245432
1071556.0653238487
1071583.8433969938
1074098.9742784945
1074243.394431651
1076325.0988216982
1076350.8937350472
1076375.1713005519
1076390.3447789925
1076633.0835380442
1076696.669175509
1082903.7610215577
1082920.7331798135
1084377.5485300852
1084377.5485300852
1084472.9523522798
1084549.8021003813
1084784.1654682942
1084797.281994946
1084834.528503118
1085030.7598589498
1085034.4863545666
1085112.2169945776
1085189.9614705874
1085189.9614705874
1085543.6833862327
1086056.7222135034
1086409.2496212716
1086409.2496212716
1086461.8264158678
1086467.360815299
1086470.1280150146
1086471.5116148724
1086475.6624144458
1086899.2653469087
1089610.34625227
1089620.0314512746
1089621.4150511324
1089622.7986509902
1089629.7166502792
1090166.6225750973
1090177.1148740188
1090181.3117935874
1090183.4102533718
1090187.6071729404
1090375.3247776472
1090387.2929164171
1090604.6011100826
1090619.064340596
1090949.7631546077
1090949.7631546077
1092077.397038712
1093082.563887403
1095480.0611089936
1095716.4076367025
1096928.9807160771
1096946.5385982725
1097753.371019348
1097753.371019348
1098394.1299494922
1098500.9899785095
1098502.3781903668
1098503.766402224
1098505.1546140814
1098507.931037796
1098509.3192496535
1098510.7074615108
1098512.095673368
1098514.8720970827
1098621.8151420914
1098661.5567420067
1098663.0833138498
1102022.3254085944
1104335.41842686
1104795.1333156114
1104836.7243273368
1104866.485560278
1105127.4509414565
1105216.4855923057
1105336.2177119998
1105337.5136838665
1105810.474235257
1105840.9826121214
1105846.2126195838
1105963.4957675296
1105963.4957675296
1105965.5896153143
1105966.6365392066
1105967.6834630992
1105968.7303869915
1105969.7773108839
1105970.8242347762
1105971.8711586688
1105972.918082561
1105975.011930346
1106513.5781749934
1106739.0588318189
1106752.6780664192
1106753.8449022993
1106756.1785740596
1106758.5122458197
1106759.6790816998
1106763.17958934
1106765.5132611
1106767.8469328603
1106793.517322222
1107091.1065916363
1107860.544920555
1108905.587117148
1108968.2918627034
1108968.2918627034
1108985.7575049084
1108986.666068815
1109082.0791150085
1109146.8869323477
1109146.8869323477
1109148.159844217
1109148.159844217
1109149.4327560859
1109149.4327560859
1109153.2514916935
1109157.070227301
1109159.6160510394
1109163.4347866469
1109165.9806103853
1109428.2650234282
1109452.7824129085
1112337.1499764596
1112340.678156097
1112767.1589762643
1112863.2361503898
1112863.2361503898
1112900.9069625179
1113352.1818921368
1113352.1818921368
1113354.3772039113
1113355.4748597986
1113356.5725156856
1113955.2238901574
1113997.2899378343
1114023.4676471436
1114391.3115053375
1114426.178221754
1114853.6321738213
1115104.5572320316
1115197.5351424755
1115197.5351424755
1115204.4531417645
1115209.9875411957
1115214.138340769
1115216.9055404847
1115221.056340058
1115234.3112266958
1116440.4690147296
1117182.5535744599
1117195.7807891003
1138012.2850856262
1138019.2492049104
1138020.6420287674
1138024.8205003378
1138033.177443479
1138037.3559150496
1138038.7487389063
1138040.1415627631
1138041.53438662
1138042.927210477
1138047.1056820473
1138048.4985059043
1138049.8913297611
1138051.284153618
1138057.7040569582
1138686.3564883468
1150439.0410884318
1150538.2175262386
1150539.9885340568
1150550.0888130188
1150550.0888130188
1150556.6470763446
1150561.0192518951
1150565.391427446
1152776.8544241565
1152783.6063914627
1152785.294383289
1152786.9823751156
1152790.3583587687
1152790.3583587687
1152792.0463505953
1152793.7343424216
1152793.7343424216
1152795.4223342482
1152797.1103260748
1152798.7983179013
1152802.1743015542
1152803.8622933808
1152805.5502852073
1152807.238277034
1152813.99024434
1152917.8109656693
1153153.3596174603
1153154.9369212983
1158861.202514821
1158869.6424739535
1158871.0491338088
1158872.4557936643
1158876.6757732306
1158886.5223922185
1158887.929052074
1158890.7423717848
1158894.962351351
1158897.775671062
1158897.775671062
1159834.970870739
1160430.9887934818
1160430.9887934818
1160434.157237156
1160435.2133850476
1160439.829996573
1166101.2623427035
1166685.501218657
1166687.1661504859
1169134.1316789922
1169199.3960842842
1169883.0742820175
1172836.9216184276
1175611.2607092871
1177038.9512825522
1179872.1763833596
1179880.2566065292
1207163.4253064257
1207169.6238337886
1207198.8454627853
