665.7882515717629
666.618411486441
63633.376271902984
66464.12472896496
66464.12472896496
66943.70811167444
66944.82421555973
67486.6050238767
67489.31687959799
67877.55499969574
67879.50126349571
68588.153438662
68588.92364258284
68851.58162758744
68852.743851468
69176.22488622133
69177.43784209667
69478.40770716364
69479.67139503377
69768.43790935498
69769.6647012289
71672.76940963203
71673.7932735268
72032.51459665822
72033.39087656816
72604.61007785953
72604.61007785953
169501.9960349615
169503.05218285296
169782.36871014544
169785.3296138411
170763.7837612778
170765.11201714128
171211.68270724372
171211.68270724372
171406.23068324852
171407.54510311343
171694.9510775745
171694.9510775745
173415.79417671004
173416.54593263278
173562.7924376019
173562.7924376019
235757.73678934373
235757.73678934373
236019.1495344763
236019.1495344763
236635.9675750811
236635.9675750811
237012.86940034397
237013.8286962454
242388.92966380445
242388.92966380445
243411.74202268207
243413.03338254936
335648.76241476607
335648.76241476607
336049.09780962055
336050.338437493
337882.971793139
337884.02794103045
338910.01796758146
338911.355447444
339530.0551838554
339531.22663173504
340917.9211412137
340919.44771305675
341284.0539475833
341284.0539475833
394509.3002892108
394509.3002892108
422035.3138241483
422036.8081119947
422456.54157685547
422457.782204728
423236.14014073
423237.38538060203
425962.712752499
425963.8150203857
600439.0592802078
600439.0592802078
674124.9757069331
674124.9757069331
678588.5657001752
678589.7325360553
872518.9073404457
872518.9073404457
907049.7087714466
920524.4909345384
920526.2942263532
920846.1686774772
920846.1686774772
921317.9623929872
921320.0331807744
922104.6449881337
922104.6449881337
922745.9342982234
922747.2072100926
923450.5509738044
923452.4834016059
924275.6423010034
924275.6423010034
924815.4860695195
924815.4860695195
925510.251514113
925511.8795499457
