34181.852934865114
34197.201669287606
34199.12026109042
34199.12026109042
34199.12026109042
34201.03885289323
34201.03885289323
34202.95744469604
34204.876036498856
34206.794628301664
34206.794628301664
34208.71322010447
34210.63181190729
34210.63181190729
34212.5504037101
34214.46899551291
34214.46899551291
34216.38758731572
34216.38758731572
34218.30617911853
34220.22477092134
34233.654913541024
34235.57350534383
34235.57350534383
34235.57350534383
34235.57350534383
34237.49209714665
34237.49209714665
34239.41068894946
34239.41068894946
34242.60680462097
34243.88432848967
34243.88432848967
34243.88432848967
34243.88432848967
34246.43937622707
34247.716900095766
34247.716900095766
34247.716900095766
34248.99442396447
34248.99442396447
34251.54947170187
34261.76966265146
34261.76966265146
34261.76966265146
34263.047186520154
34263.047186520154
34264.32471038886
34264.32471038886
34265.60223425755
34265.60223425755
34268.15728199495
34268.15728199495
34269.43480586365
34269.43480586365
34270.71232973235
34270.71232973235
34270.71232973235
34271.98985360105
34274.54490133845
34283.48756841934
34283.48756841934
34284.765092288035
34284.765092288035
34286.04261615674
34286.04261615674
34286.04261615674
34286.04261615674
34287.32014002543
34292.43023550023
34292.43023550023
34293.70775936893
34293.70775936893
34293.70775936893
34294.98528323763
34298.81785484373
34298.81785484373
34298.81785484373
34300.09537871242
34300.09537871242
34301.372902581126
34301.372902581126
34306.48299805592
34316.70318900551
34316.70318900551
34317.9807128742
34317.9807128742
34317.9807128742
34317.9807128742
34320.93239257084
34320.93239257084
34329.787431660734
34329.787431660734
34329.787431660734
34331.26327150905
34332.73911135737
34332.73911135737
34332.73911135737
34334.214951205686
34334.214951205686
34338.64247075063
34353.400869233796
34353.400869233796
34354.87670908211
34354.87670908211
34356.35254893043
34357.82838877875
34362.2559083237
34363.73174817202
34363.73174817202
34363.73174817202
34363.73174817202
34366.683427868644
34366.683427868644
34366.683427868644
34366.683427868644
34372.58678726191
34374.06262711023
34374.06262711023
34375.53846695855
34375.53846695855
34375.53846695855
34377.014306806865
34377.014306806865
34378.490146655175
34396.200224834975
34397.67606468329
34397.67606468329
34400.627744379926
34400.627744379926
34400.627744379926
34400.627744379926
34400.627744379926
34407.90547963195
34409.27985549069
34409.27985549069
34409.27985549069
34409.27985549069
34412.02860720818
34412.02860720818
34412.02860720818
34412.02860720818
34416.15173478441
34436.767372665585
34457.38301054676
34458.7573864055
34458.7573864055
34460.131762264245
34461.50613812299
34461.50613812299
34461.50613812299
34461.50613812299
34468.37801741671
34471.12676913421
34471.12676913421
34471.12676913421
34471.12676913421
34472.50114499295
34473.875520851696
34473.875520851696
34479.37302428667
34507.4001454061
34507.4001454061
34507.4001454061
34508.816029260575
34511.64779696953
34511.64779696953
34511.64779696953
34513.06368082401
34517.31133238745
34517.31133238745
34517.31133238745
34518.727216241925
34518.727216241925
34521.55898395088
34521.55898395088
34525.80663551432
34525.80663551432
34525.80663551432
34528.638403223275
34528.638403223275
34528.638403223275
34530.05428707776
34535.71782249567
34561.20373187628
34561.20373187628
34561.20373187628
34564.03549958524
34564.03549958524
34565.45138343972
34565.45138343972
34573.94668656659
34578.66476208167
34578.66476208167
34578.66476208167
34578.66476208167
34578.66476208167
34580.23745392004
34583.382837596764
34589.673604950214
34617.98205804073
34617.98205804073
34617.98205804073
34622.700133555816
34622.700133555816
34622.700133555816
34622.700133555816
34627.41820907091
34627.41820907091
34636.854360101075
34636.854360101075
34636.854360101075
34636.854360101075
34636.854360101075
34638.42705193944
34641.572435616166
34641.572435616166
34644.71781929289
34651.00858664634
34652.5812784847
34652.5812784847
34655.726662161425
34655.726662161425
34660.44473767651
34660.44473767651
88585.3498553946
137650.0330206355
169792.73187308034
178810.70368223323
178811.6722021337
178811.6722021337
178811.96275810382
179998.71786413176
179999.10527209195
180000.47503595118
180000.47503595118
247453.56927127205
247479.5947845972
247480.96454845642
247483.70407617485
247486.4436038933
252580.3140643566
266276.14475272957
266276.5598326869
266285.2211677967
266285.2211677967
266340.9433460697
266341.42760601995
282641.4745587373
309718.2378318478
344351.75310429203
344355.50265990663
349351.5664464223
433297.72442662274
433300.86058630043
438683.1885571167
438683.6128610731
439981.7662036518
439985.4742512707
440783.51620124973
500907.0316978884
500915.54083701386
506728.55115956557
506755.3007568163
514585.19381607726
514598.6977506894
609055.3443786452
609056.8940104858
612458.833996842
612475.0866831717
612602.3963180871
612602.3963180871
613532.6735184751
1186247.463240122
