562460.5437675552
565253.9488644553
565253.9488644553
565253.9488644553
565256.6238241803
565642.5743925133
565995.7705402125
565999.8198757963
566220.4025891253
566222.0444609566
566268.4042801918
566270.0646000211
798030.0141242485
798507.2453871998
800996.0094674102
801951.3667212205
802640.168850427
803340.9760143997
803443.883559823
803492.9183387834
803546.094693318
804565.4480525511
806418.2173981277
809215.8932065888
809360.1473277627
809385.3980251675
809391.3244445584
809394.880296193
809404.3625672184
809469.894468483
811517.1795060677
811587.3971988508
814145.9362198899
814321.2014258766
814322.8432977077
814494.4096800745
814585.4228787204
814730.0090638602
814937.7150745126
814945.4632337163
815037.3204282754
815037.3204282754
815116.3055321575
815433.3020955772
815433.3020955772
815443.6698705117
815451.0859657496
815558.8407226746
815852.4129405019
815953.0882781547
815982.9970950809
816016.6462436225
816017.5317475315
816029.0432983483
816034.0150338374
816038.6454813614
816044.4335407666
816058.3248833389
816058.3248833389
816069.9010021491
816090.7380160075
816340.3255943554
816350.4258733173
816386.1965416409
816538.9275179435
816538.9275179435
816555.5307162371
816572.1339145307
816794.6167716644
816794.6167716644
816802.7800108254
816804.4126586576
816829.7140880572
816829.7140880572
816845.0720464787
817613.4865115028
817684.4882442054
817790.6795332913
817937.7008541807
818108.5938846167
818120.8202953602
818123.0432791316
818136.3811817608
818146.3846087327
818156.3004077136
818256.2516614407
818425.936348001
821418.1924164635
821592.1570385838
824663.919366875
824732.4306198335
825175.5238622935
826306.9026900127
831533.1605968697
831542.4307159169
831543.9757357581
831545.5207555993
831545.5207555993
831547.0657754405
831605.7765294063
831626.4198392846
831631.5806667543
831636.7414942238
831650.5037008093
831655.664528279
831921.5601369508
831930.8025840009
831932.3429918425
832000.7112728158
832021.2162227083
832021.2162227083
832024.3708303841
832041.7211726009
832303.0001697472
832313.2388086949
832325.5251754321
832346.0024533275
832356.2410922752
832368.3245310334
832375.7037302749
832395.9965281893
832414.4445262932
832425.5133251556
833426.7645862491
833440.8726927992
833711.7861569553
833711.7861569553
833722.0847518968
833945.3147529538
833957.5457756968
834366.9529736188
834406.3117775735
834407.6861534322
834410.4349051497
834411.8092810086
834413.1836568672
834415.9324085847
834417.3067844436
834606.6016929882
835906.1801434204
836011.896396555
836131.5593362564
836131.5593362564
838412.36835784
838432.6334837571
839443.2378798894
839592.2285245765
839592.2285245765
839593.6490204305
839595.0695162845
839596.4900121385
841604.4992617598
842004.894612608
842507.0122250015
842522.5638874031
842526.4518030036
842531.6356904708
842549.779296606
842564.0349871408
843196.5522741321
844380.4986724488
844398.799086568
844469.2981113222
844470.690935179
845599.3948031733
845608.0653622822
845651.053809864
845651.053809864
845930.2827091655
845935.9462445833
845940.1938961467
845941.6097800012
845941.6097800012
845943.0256638557
845948.6891992736
845964.263921673
845965.6798055274
845968.5115732363
845985.50217949
845986.9180633446
846377.3653312152
846406.4209282289
846532.5591152647
846533.5045751675
846568.362067585
847161.3130106429
847165.2562702376
847188.9296638045
847276.871270766
847278.6053825878
847295.9372768064
847300.641516323
847301.8175762021
847302.9936360812
847306.5218157185
847307.6978755976
847308.8739354768
847308.8739354768
847312.4021151141
847313.5781749933
847314.7542348724
847318.2824145098
847319.4584743889
847320.634534268
847339.4514923341
847422.4167518072
847450.8543408845
847450.8543408845
847457.3849322132
847458.4733641014
847460.6502278777
847461.7386597658
847465.0039554302
847467.1808192065
847469.3576829827
847470.4461148708
847473.7114105353
847474.7998424234
847478.0651380878
847481.3304337522
847482.4188656403
847498.4040559973
847499.3495159001
847501.2404357058
847506.9131951227
848437.9605994318
848449.790378216
848530.4680859242
848559.8649709027
848575.0661213404
848576.0161932427
848585.5169122663
848588.3671279734
849856.8422536023
850040.999394675
850138.6123646427
850144.4926640383
850199.467698388
850201.5246501766
850206.6670296482
850207.6955055424
850257.5097124226
850328.737433102
850393.0471544923
850557.571013583
850558.5072494867
850562.2521931018
850634.6098536651
850650.6596120155
850658.6844911907
850681.3386328624
850691.2267598462
850694.9348074651
850699.878870957
850703.5869185758
850706.0589503217
850914.6873608794
851541.7163684347
851668.0205874535
851675.5381466808
851709.0212632396
851709.0212632396
851971.6192922503
851984.3207389448
852058.0758353645
852058.0758353645
852538.2403300141
852574.9333982429
852719.8654833472
852974.8260411428
852987.7857598109
853105.3963597231
853119.5090782726
853750.7350053967
854812.7585842442
854852.0251482085
854870.731418286
854911.547614091
854960.720753037
855092.1073955335
855101.7372505438
855165.0046600412
855165.9685679422
858756.4240349231
860800.6374808233
860805.8490402878
861026.7822655807
861026.7822655807
864056.2156622222
865446.1708553657
866029.4642714162
866066.517075608
866066.517075608
869548.2815497599
869549.9188095917
869550.246261558
869550.9011654907
869551.2286174571
869551.2286174571
869557.339516829
869557.6439087978
869557.9483007664
870005.4967347684
870006.2069826954
870023.0869009605
870023.0869009605
871501.3803330248
871510.290716109
871510.290716109
871772.3445291757
871790.8017512787
871793.5182189996
871796.7466186677
871804.8176178383
871809.6602173406
871811.2744171746
871814.5028168429
871816.1170166769
871840.3300141883
872354.0468053896
873964.1557959062
874084.7272995141
874092.3186507339
874105.7580173525
874105.7580173525
874151.9149086088
874152.9802804992
874566.6443539838
874573.7468332538
874574.3925131875
874575.0381931211
874575.6838730547
874576.975232922
874577.6209128556
874578.9122727229
874579.5579526565
874580.8493125238
874581.4949924574
874583.9946962006
874584.5573601427
874585.1200240849
874587.3706798536
874590.7466635066
874591.3093274487
874592.434655333
875701.8373053111
875704.4246370452
875705.1579449698
875705.1579449698
875707.3578687438
875708.0911766684
875708.824484593
875711.0244083669
875713.2243321409
875713.2243321409
875713.9576400655
875715.4242559148
875716.1575638393
875716.1575638393
875716.890871764
875718.3574876132
875719.0907955379
875719.8241034625
875719.8241034625
875721.2907193118
875734.4902619552
876605.7707644069
876706.1370980915
876706.1370980915
877192.4401641103
877275.0180156231
877275.0180156231
877376.6157531812
877816.2131000004
878067.7238821506
878165.7427080764
878335.39511064
878336.6357385124
878351.5232729823
878354.0045287273
878355.2451565998
878356.4857844723
878358.9670402172
878360.2076680898
878361.4482959623
878362.6889238347
878365.1701795798
878366.4108074523
878368.8920631972
878370.1326910697
878371.3733189421
878373.8545746872
878378.8170861772
878383.779597667
878385.0202255396
878386.2608534121
878387.5014812846
878399.1790640844
878943.5979361302
878950.6266234078
878954.1409670466
878957.6553106855
878959.9982064447
878961.1696543243
878967.0268937222
878968.1983416019
878970.541237361
878972.8841331203
878972.8841331203
878976.3984767591
878978.7413725182
879297.6841997381
879321.8695252523
879330.0327644133
879471.9670498257
879473.1661697024
880276.2536471628
880301.9886045178
880467.4118035161
880467.4118035161
882944.3368809432
882950.341704326
884216.8475061574
884237.5277120318
884665.1523080816
885006.7077689773
885024.0350511965
885029.1313106726
885047.3625447989
885089.8252244347
885150.7036181777
885151.9626940483
885156.9989975307
885158.2580734013
885159.5171492718
885162.035301013
885163.2943768837
885164.5534527542
885169.5897562365
885170.8488321071
885451.4290472699
885580.5604219979
886703.54541058
887319.856131237
887331.3123380595
887342.7685448821
887390.1430040131
887393.0762357117
887396.0094674102
887400.409314958
887401.8759308072
887404.8091625058
887406.2757783551
887407.7423942043
887410.6756259028
887412.1422417521
887413.6088576014
887415.0754734506
887418.0087051492
887419.4753209985
887422.4085526969
887423.8751685462
887426.8084002447
887428.275016094
887431.2082477926
887437.0747111896
887450.274253833
887551.3600594436
887551.3600594436
887553.9427791781
888310.0109214712
888722.2729470998
888934.2127733171
889026.1806558648
889026.1806558648
889032.3976312258
889033.951875066
889033.951875066
889663.4898103635
889672.8244974042
889752.8749731767
889752.8749731767
889755.849712871
889756.8412927691
889757.8328726671
889758.8244525653
889758.8244525653
889760.8076123614
889762.7907721576
889762.7907721576
889763.7823520557
889764.7739319537
889765.7655118519
889768.7402515461
889768.7402515461
889769.7318314442
889769.7318314442
889771.7149912404
889772.7065711385
889773.6981510365
889774.6897309347
889775.6813108327
892803.3206396587
892881.3095516432
892881.3095516432
893042.8678950386
893068.0494124505
893725.1671049134
893767.320780581
893868.0145662318
893868.0145662318
894415.4819699643
896422.0707237317
896472.5167745468
896476.9073980956
896485.6886451931
896488.9816128546
896491.176924629
896824.5922063614
896824.5922063614
896832.5801895404
897687.3082256933
897707.3335276351
897707.3335276351
897708.8739354768
897710.4143433184
897727.358829577
897731.980053102
897733.5204609437
897735.0608687854
897736.601276627
897739.6820923104
897742.7629079937
897749.4503073065
897755.6488346695
897757.7150104571
897761.8473620324
897768.0458893953
897770.112065183
897913.7850744165
897913.7850744165
897922.2711535443
897927.362801021
897932.4544484977
897937.5460959744
897942.637743451
897951.1238225789
897952.8210384045
897957.9126858811
897963.0043333578
897969.7931966601
897974.2806721989
897975.3737160865
897978.6528477495
897980.8389355248
897983.0250233002
898013.6302521547
898015.8163399299
898019.095471593
898033.3050421325
898417.5261106432
898491.8254230069
902945.568797261
902951.1031966922
908822.8519452069
909286.5931095446
909536.8955478191
909950.0799733528
909950.0799733528
909998.0632164213
910177.8666299415
911803.9838708128
911846.8201224102
911851.8010818983
912239.1444740879
912242.8709697048
913753.5590864398
914119.5904288199
914119.5904288199
916831.1002501369
916853.2378478617
916881.4632849607
917072.183301359
917073.8943531831
917094.4269750727
917094.4269750727
922010.3572698244
922074.8699191939
922089.7574536637
922104.6449881337
922112.0887553686
922117.0512668586
923750.0034910274
923918.613581698
923918.613581698
925414.4556719587
925558.9311691099
925717.6485207973
925717.6485207973
925753.9910770621
925793.4236730093
928752.2796409046
928834.073452498
928834.073452498
928932.9316623375
928942.0034654052
928977.1976337881
928977.1976337881
929114.9765076274
932399.6610180349
932409.5722050163
932410.9880888707
932412.3624647293
932413.7368405882
932415.1112164469
932417.8599681644
932419.2343440232
932421.9830957407
932423.3574715994
932424.731847458
932427.4805991756
932428.8549750344
932430.2293508931
932431.6037267519
932432.9781026106
932435.7268543281
932437.1012301868
932438.4756060456
932441.2243577631
932443.9731094806
942874.8217494211
942876.4267252561
945145.9225120024
947054.9259677993
947057.010591585
952098.3134814511
952116.7153595597
952117.7668954517
952118.2926633977
952118.8184313437
952118.8184313437
952119.3441992896
952123.0245749113
952525.3108455653
952525.3108455653
952526.7082814217
953923.3370378793
953935.7894365994
967001.1874617668
967084.3141412233
972075.3508482556
972089.0208148506
972251.7459941262
972251.7459941262
973703.3082769378
973708.3999244145
973709.6728362836
973710.9457481528
973712.218660022
973712.218660022
973713.4915718911
973714.7644837603
973716.0373956294
974667.7511698145
974682.8923642583
974741.6492382194
974742.7791781032
981194.0072190603
986577.6772817387
986615.0344778992
986625.4114768327
986635.7884757662
986644.090074913
986650.3162742731
986652.4516300536
986665.2637647368
986796.8856192089
986836.0876151798
986837.2406150614
988516.1468025071
988523.9779777022
988527.8935652998
988535.7247404949
989209.7361872216
989293.0288986609
989390.5542406375
993619.4534140006
994027.5323560592
997278.0235019809
997404.4107369912
998716.9027860961
999225.5233178212
999228.1798295481
999347.1694173188
999348.9727091334
999894.3416530816
999894.3416530816
999971.0899371936
999971.0899371936
999975.1577207755
999976.513648636
999977.8695764967
999979.2255043574
999980.581432218
999981.9373600787
999984.6492157999
999984.6492157999
999986.0051436606
999988.7169993818
999988.7169993818
999990.0729272425
1000510.209621784
1000514.900025302
1000796.4210883678
1000796.4210883678
1000799.9538800048
1000801.7202758233
1000803.4866716417
1000803.4866716417
1000808.785859097
1000821.1506298262
1000822.9170256447
1000824.6834214631
1000824.6834214631
1000828.2162131
1000829.9826089184
1000829.9826089184
1000837.0481921923
1000838.8145880108
1000840.5809838292
1000840.5809838292
1000844.1137754661
1000844.1137754661
1000847.7295830945
1000849.5374869086
1000849.5374869086
1000853.153294537
1000854.9611983512
1000856.7691021654
1000858.5770059796
1000860.3849097937
1000871.2323326789
1000882.079755564
1000883.8876593782
1000885.6955631924
1000889.3113708207
1000889.3113708207
1000892.9271784491
1000892.9271784491
1000901.9666975201
1000903.7746013342
1000907.3904089626
1000912.8141204052
1000912.8141204052
1000914.6220242194
1000918.2378318477
1000918.2378318477
1000920.045735662
1000923.6615432904
1000925.4694471045
1000925.4694471045
1000929.0852547329
1007200.8142741385
1007225.553039596
1007231.050543031
1007268.6152791701
1007268.6152791701
1009138.2968270084
1009360.3646041848
1009379.0800982612
1009497.6315460769
1009497.6315460769
1009710.1109762386
1009883.5083224172
1010052.0815170916
1010204.9047333848
1010204.9047333848
1012672.4812877728
1012677.8358192224
1012679.6206630389
1012683.1903506721
1012684.9751944887
1012693.8994135715
1012693.8994135715
1012695.684257388
1012704.6084764708
1012704.6084764708
1012704.6084764708
1012709.9630079204
1012709.9630079204
1012709.9630079204
1012717.1023831867
1012717.1023831867
1012722.4569146363
1012727.811446086
1012727.811446086
1012734.9508213522
1012827.7673118127
1012827.7673118127
1012827.7673118127
1012833.7306271999
1012833.7306271999
1012837.7061707913
1012841.6817143827
1012841.6817143827
1012849.6328015655
1012849.6328015655
1012851.6205733612
1012853.6083451569
1012857.5838887483
1012859.571660544
1012864.9953719865
1012864.9953719865
1012870.4190834292
1012870.4190834292
1012870.4190834292
1012875.8427948717
1012886.6902177568
1012888.498121571
1012890.3060253852
1012892.1139291994
1012901.1534482703
1012902.9613520845
1012910.1929673413
1012910.1929673413
1012912.0008711554
1012913.8087749697
1012919.2324864122
1012919.2324864122
1012926.4641016689
1012926.4641016689
1012931.8878131115
1012933.6957169257
1012937.311524554
1012939.1194283683
1012944.5431398108
1023026.2080716398
1024285.4315262195
1024308.6575558324
1024440.5791902738
1024440.5791902738
1024441.676846161
1024452.6534050328
1024453.7510609201
1024454.8487168072
1024455.9463726945
1024457.0440285816
1024458.1416844688
1024459.239340356
1024461.4346521304
1024462.5323080175
1024463.6299639047
1024464.7276197919
1024465.8252756791
1024466.9229315663
1024468.0205874535
1024470.2158992278
1024471.313555115
1024472.4112110022
1024473.5088668894
1024474.5235067852
1034364.3108103347
1034741.2034115986
1037358.0980626399
1037380.2817803599
1037820.6816150966
1037820.6816150966
1038160.2400801975
1040019.1387731441
1040078.6750750251
1040106.619180153
1040107.1357240999
1040747.4749622872
1040748.9876981318
1040750.864781939
1040751.0354259214
1040769.5941120139
1042718.4314077168
1042720.239311531
1042724.9850590433
1042725.21104702
1042870.3783441
1043357.8713059966
1044759.0797779835
1045931.4131614936
1045945.3183400645
1045946.5635799365
1045950.2992995526
1045958.3933587207
1045970.2231375049
1045988.2099356563
1045992.5267672125
1045997.5630706949
1046000.4409583992
1046002.5993741773
1046004.0383180295
1046034.7219508758
1046073.5780468823
1046074.2006668183
1050674.1167540492
1050679.7664534685
1050696.7155517265
1050697.8454916105
1050701.235311262
1050703.4951910297
1051119.2669482974
1051161.448295962
1060315.3034471492
1060364.2736581163
1075755.5307162371
1078553.538588664
1079878.6951884674
1080506.9648238951
1080559.809114464
1081393.9215127358
1081395.263604598
1081484.2751954494
1081500.0943538237
1081522.2411755475
1081530.1507547344
1081538.0603339216
1081545.9699131085
1081553.8794922957
1081568.3565588077
1081593.6579882072
1081626.7444728068
1081648.1533746063
1081657.8846936063
1081667.616012606
1081683.2599149982
1081691.1187621905
1081721.2443430943
1081734.342421748
1081752.6797318633
1081759.154979198
1081764.3204186673
1095241.4593135167
1095286.7030288666
1102519.7157214736
1102645.392708557
1108741.0033020636
1112030.6364879622
1112038.2232271826
1112040.3908669597
1112041.4746868485
1112043.6423266255
1112044.7261465143
1112045.8099664028
1112047.9776061801
1112050.1452459572
1112052.3128857345
1112054.4805255118
1112056.6481652888
1112059.8996249547
1112062.067264732
1112064.2349045093
1112065.3187243978
1112076.1569232838
1112306.5724196024
1112660.3266192442
1112660.3266192442
1112849.086535844
1112996.0202287424
1113065.9196935582
1113206.9223550663
1113259.2224296909
1113305.300916955
1113305.300916955
1113317.22293573
1113320.4743953955
1113324.80967495
1113326.9773147271
1113328.061134616
1113329.1449545044
1113330.2287743932
1113332.4240861675
1113333.5217420547
1113335.7170538292
1113339.0100214907
1113344.4983009265
1113347.7912685883
1113349.9865803625
1113352.1818921368
1113354.3772039113
1113356.5725156856
1113579.8716967355
1114280.872564688
1119197.3793593803
1121762.8548277067
1124544.7944937851
1124548.4287494116
1124551.1544411315
1124558.4229523845
1124561.1486441041
1124562.057208011
1124564.7828997306
1124566.3786515666
1124570.3680311565
1124571.9637829927
1124572.7616589107
1124582.3361699264
1124583.9319217624
1124585.5276735986
1124587.1234254346
1124588.7191772705
1124590.3149291065
1124592.7085568605
1124595.1021846144
1124597.4958123683
1124752.2468444635
1124785.4763010482
1124790.5771725238
1124830.9229443774
1125001.3916708569
1125002.0189027926
1125020.8358608584
1131065.746743576
1131066.816727466
1131318.8532775624
1131326.407732786
1131328.0865006135
1131333.9621880094
1135137.2752691132
1136824.1924997356
1136837.5350143644
1137231.4551178783
1137363.5197243048
1137403.538044192
1137446.8170477438
1137688.8501708682
1137689.80485477
1144131.3984287174
1146929.1388051717
1147305.4180104989
1149009.3396833735
1163988.6621678318
1166126.3147241287
1166214.9250710215
1166216.857498823
1171540.331743688
1171878.949360886
1171878.949360886
1176402.0525960114
1176417.1799544566
1176423.2308978348
1188533.723645145
1188536.9197608165
1188567.6771856556
1190619.408190783
1190631.1226695792
1190739.4862104417
1190740.8421383023
1191812.0297602082
1191813.5701680498
1197443.6363054041
1197503.1310992893
1197513.5911142142
1197513.5911142142
1197516.5796899071
1197519.5682656
1199685.7921589601
1200073.9103670705
1200075.1509949428
1200421.0878553882
1200429.4171265322
1200729.0218397393
1207817.8680391635
1208032.9348010595
1208165.4836674365
1208166.7980873014
