266100.9902347316
271494.2809284211
271499.4233078926
271864.55992236466
271865.3116782874
271967.2599278094
272196.914444206
272201.1574837699
272209.86493887496
272738.09569258464
275763.11079368024
276342.4286661393
276344.13049396436
276347.3035496382
276352.72726108076
277381.1109153858
277776.6959507285
278681.2843137569
278830.45943842496
282629.7416319432
282631.2082477925
282637.07471118955
282638.5413270388
282645.8744062851
290857.27667833545
290888.99339907564
291145.1069567529
291147.09011654905
291166.9217145108
291167.9132944089
304805.1300808061
310665.40417450015
310749.8314378229
310759.79335679905
310769.75527577515
310783.7019623418
310795.65626511315
318681.7419265987
318695.87309314637
318720.6026346047
318736.50019697077
318762.9961342476
318766.5289258845
319018.0074240381
319074.61510622007
320664.6665107982
323193.4304628974
327751.7693744015
327975.7050113859
328035.31049325975
328035.31049325975
328999.10770620283
342472.9167373947
342913.04907615884
344454.946593686
345032.76095429953
345548.64077327854
345551.8507249486
345558.27062828885
345943.52017269377
346972.7616589106
347145.74392513186
347344.30434072425
347710.5063270869
347760.47734195093
348000.8732052436
348031.67213807814
349260.69160776224
354490.3900662655
354491.35858616594
354493.779885917
354499.5910053198
356503.0620474075
356526.0113570488
356535.973276025
356541.5076754561
356542.06111539924
356776.6643072873
357736.89644459676
358138.5969913108
364888.72872154735
364893.2669290809
370449.5226260213
370476.5166592469
370478.43986304925
370495.7486972703
387253.60578293493
388411.180767962
389102.1505369456
389102.1505369456
391550.0799733529
393950.87477460457
393968.62636078004
393982.8497673182
399042.1671273329
399053.24976219377
399113.0904560435
399129.8458503214
399134.6331058294
399958.5299251511
413098.8083746225
414158.2492337355
414197.39588571206
414336.81201938324
417584.8818655538
417587.53837728075
417590.1948890077
417592.8514007347
421938.6832100798
421944.8263934484
421946.3621892905
421947.8979851327
421949.4337809748
421952.5053726591
421952.5053726591
421955.57696434343
421955.57696434343
421957.1127601856
421958.6485560278
421961.7201477121
421961.7201477121
421964.7917393964
431123.517162083
433091.2682678419
440966.5018944429
440971.51974992716
444256.9191202611
448054.9422379087
454705.8698583412
457210.00112097216
460877.62917602144
460880.0827597693
460882.53634351713
460884.9899272649
460887.44351101277
460891.1238866345
460893.5774703823
460897.25784600404
460898.48463787796
460900.9382216258
460902.16501349973
461074.34479180345
461074.34479180345
468408.41561802395
469558.0349038686
469771.0954459707
472099.7539626364
474404.69296573993
491274.2019479293
491280.53883527796
491307.9986804557
504494.16652521066
506309.108250675
506519.71982102876
506524.2303565652
506525.7338684107
507383.8978442105
507385.19381607726
507390.3777035445
511263.1705575075
511285.3773352251
511298.8259258429
511312.27451646066
511323.48167530884
511342.53384535067
512034.5228662296
512034.5228662296
515225.0257343168
519036.8433425466
520625.4926992688
521025.8603781199
521144.9006978852
522008.94497308065
527557.1481188487
527568.3552776967
527661.5407281194
527665.737647688
527668.5970873942
527673.5780468823
527677.3137664984
527677.9363864344
527708.4217033011
527987.5168546163
530750.6995186226
536535.7703480459
536544.039663196
536547.7984428096
536551.5572224234
536567.4225007928
543993.7287055334
556757.5849776926
557596.2494194966
558943.0501330754
558945.2731168469
558947.4961006185
558953.7361359771
562066.7989200234
565419.5796034321
573545.4431202739
575085.6434219755
584751.8133165081
585542.1716752767
585543.2923911616
585645.4620166608
585646.4259245618
585672.6589778656
586713.7210188676
586719.4675702769
586720.2885061926
586727.4509414565
586730.2827091655
586734.5303607289
586741.6097800012
586744.4415477102
586750.1050831281
586751.5209669826
586754.3527346916
586758.600386255
586760.0162701095
586764.263921673
586765.6798055274
587461.5013980124
587464.6698416867
587477.3436163841
588093.5851570482
588093.5851570482
588161.0771581115
588530.4153041517
588531.4576160446
591004.6100778596
591058.4551723254
591062.2370119367
591136.5178763022
591980.799733529
592003.8458951603
594842.7852633804
595938.0152388151
595985.2467259608
596865.6082554791
596944.634867357
604001.4691780712
604787.1601933197
604895.2746862079
605173.6642015956
605181.735200766
605354.6851829907
605354.6851829907
605841.228072985
605991.0857735828
606444.1732190156
606534.6375897179
606647.4102021272
606731.1318295226
606982.7994196567
607015.6137962842
607026.6549231494
613542.7092294437
613602.4438473043
613658.4058495528
613896.6156250701
613934.1111812163
614400.061493327
615198.2325792927
622576.6108849593
625465.1523080816
625535.51297285
625599.7304542499
625644.7251216255
625804.6692651868
625807.7270208725
632933.4369325078
643019.5386078807
653712.9068728401
660237.3873022685
660247.4875812305
660247.4875812305
660251.5276928152
660841.6514801636
670570.111040294
670574.275675866
670577.0520995806
670585.3813707246
670589.5460062966
670595.0988537259
670603.4281248698
673910.0842010191
673939.4165180044
673963.4957675296
674008.9746948554
674013.8265183568
708209.3863158132
708407.1165714909
711777.0077731408
723347.3339119685
733979.2242232463
734450.7781147811
734454.6060743877
734454.6060743877
734456.520054191
734458.4340339943
734460.3480137975
734462.2619936009
734464.1759734041
734468.0039330107
734469.917912814
734471.8318926173
734473.7458724206
734475.6598522238
734477.5738320271
734479.4878118304
734481.4017916337
734481.4017916337
734483.315771437
734485.2297512402
734487.1437310436
734489.0577108469
734490.9716906501
734490.9716906501
734533.0792463224
734534.9932261257
734538.8211857323
734538.8211857323
734542.6491453388
734544.5631251421
734546.4771049455
734550.305064552
735223.241915389
745337.2185158969
746396.4564470309
759764.7290930694
768454.404939964
768790.0662654655
769085.7000470808
769148.9720685779
769167.078778717
769504.5572320316
786931.2280409571
806398.0629601991
809280.719471926
811931.2632715091
817865.0618616465
826747.7637247021
871849.6969852257
884145.4214694984
884387.0579606635
884508.6025961713
884708.1176956657
884845.974973497
884976.13021212
884983.2649753867
884988.3612348629
884991.4189905486
884996.5152500249
884997.5345019201
884999.5730057106
885000.5922576059
885003.6500132915
885003.6500132915
885007.7270208725
885008.7462727678
885009.765524663
885011.8040284535
885012.8232803488
885014.8617841392
885016.9002879297
885017.919539825
885018.9387917202
885019.9580436155
885021.996547406
885023.0157993012
885389.8081216031
888320.1803804259
889315.1362621665
889517.0449894149
889518.0642413101
930858.1555204674
930860.9411681811
930860.9411681811
930862.3339920379
930870.690935179
930870.690935179
930872.0837590359
930877.6550544633
930880.440702177
930881.8335260338
930883.2263498907
930886.0119976044
930890.1904691749
930892.9761168886
930892.9761168886
930895.7617646023
930898.547412316
930901.3330600297
930902.7258838866
930905.5115316003
952331.1318295226
964986.9612367845
1013228.9743745776
1013230.6439184061
1013231.4786903203
1013231.4786903203
1013233.3557741273
1013234.3980860201
1013236.482709806
1013237.5250216988
1037866.2481704134
1141557.713601235
1185774.3366567488
1185920.6385057122
