7650.034301746474
7655.900765143531
7665.189332188874
10752.120526920946
10755.662542556905
28135.75215626992
28148.121538998617
51225.33115117431
93652.16632663847
93664.36045338518
93664.36045338518
180124.9851871543
180128.58254678457
180128.58254678457
180191.90068827686
180198.02542364737
180198.02542364737
180201.1154633298
190365.50121865683
190438.49994715417
199710.72667817533
199721.6709530505
222820.56157499782
254748.7332694913
258823.77152666796
321331.0773823059
324483.90482626535
330141.8412767552
336039.1727866406
336050.338437493
336822.44250213786
336844.85681983415
399290.24658183573
405852.762171355
405875.64230100345
437953.04907615884
439168.5692232304
441064.9542483241
441219.73295241635
441224.9214518831
441225.49795182387
448238.30150306347
457445.111632808
479039.41581339337
479049.91733631404
479049.91733631404
479073.3324579075
479100.8199750824
481873.92305006896
481885.04719292565
481885.04719292565
481924.98710882076
486353.908701626
527439.0117509904
527443.6237505164
527443.6237505164
527466.1072482056
527476.8301471036
527476.8301471036
527478.0292669804
527490.0204657479
527491.8191455631
527805.5089053226
543962.9113247008
587554.0734524981
587571.8711586688
624714.9829131822
672118.6728971364
672137.3330472186
672137.3330472186
678513.0349839381
689781.2567058152
689825.2920772894
689827.2660130865
689912.1452523628
689914.1191881599
691665.7197121343
700662.2272754933
700666.4564790587
700667.6648229345
745271.1470106877
745690.5161275858
747243.0258560224
747260.2931822476
747260.2931822476
784951.0107004794
784954.6265081079
784954.6265081079
786834.1454509351
787989.6542601744
788176.975232922
788177.6209128556
788183.4320322584
788183.9946962006
788244.8638659446
788255.5175848496
788255.5175848496
788259.0688244846
788259.7790724116
788296.3337806546
809196.5781525739
809207.8452674159
809223.9411457616
809341.1643377137
813461.9536301881
813485.004403819
813485.004403819
813488.2973714806
813512.9946289422
813567.1210553793
813585.1631975248
815709.6208231777
815725.2831735681
815725.2831735681
815727.8935652998
815738.3351322266
817767.5088476726
817779.0941904819
817781.9905261843
843887.1069631585
871855.5818966208
871862.001799961
871862.536791906
871890.0473690785
878390.4208769846
878399.1790640844
878400.1521959844
885058.9432756087
958753.488753447
963309.0789132336
963316.4581124751
963317.1960323993
963317.9339523235
986686.6173225421
986737.8658612749
986744.2719286166
986776.3022653245
999312.9068728401
1024134.9235336884
1045248.4821076838
1045257.5216267548
1045258.4255786618
1060374.6045370547
1060395.266294931
1065265.0028024302
1147573.448974951
1147578.3561424466
1147579.5829343207
1147580.8097261945
1147583.2633099423
1147584.4901018161
1147585.7168936902
1147586.943685564
1147588.170477438
1147589.3972693118
1147590.6240611859
1147632.4733448848
1147635.4895925748
1147636.4950084714
1147637.500424368
1147638.5058402647
1147638.5058402647
1147640.516672058
1147642.5275038513
