51246.23273302609
77181.89969541586
77197.2899378341
77265.83347478934
77265.83347478934
77332.77203590954
77381.61311088977
77394.14852560141
77607.49962367365
78834.82648953173
78857.16701523561
78858.77199107065
78860.3769669057
88377.8283247232
88520.83720602505
88730.20353650686
88739.630463538
88741.47065134885
88824.36211882945
88824.76797478774
88826.79725457917
88827.20311053746
88828.42067841232
88829.63824628718
88830.44995820375
88831.67213807814
88833.31400990939
88835.77681765627
88836.18728561408
88837.0082215297
88839.47102927658
88840.29196519221
88840.70243315003
88841.93383702346
88843.1652408969
88843.98617681253
88844.80711272816
88845.21758068596
88846.4489845594
88848.09085639066
103855.44046196862
125305.55970137303
139704.9001854408
139717.73999212118
139726.75183919494
139730.9487587636
139737.24413811657
139739.3425979009
139741.44105768524
140139.58575276477
140139.58575276477
145156.1175931768
170677.29954616644
170716.8474421018
170735.89038814462
170735.89038814462
178673.49208433554
178675.24464415543
178675.24464415543
178675.5951561194
178797.9053835486
194174.45938718054
199595.90172597676
199606.94285284198
199608.52015667985
199613.2520681935
199636.91162576186
199646.3754487892
199649.53005646495
199652.68466414072
201708.2989728693
251102.2327842705
251157.41074659946
251161.56154617283
251174.013944893
252011.9958107671
252028.15625710617
252028.15625710617
252033.54307255254
254212.24703663014
254792.76864096543
264608.533352123
264609.25282404904
264613.38978762383
264613.38978762383
282648.80763798364
309720.045735662
309741.74058143224
327783.532215137
327788.153438662
327790.4640504245
327791.23425434536
347244.17321901553
347262.0493291783
347270.7383362852
347272.91058806196
347277.979175541
347317.2411275058
347317.2411275058
349626.035762213
351593.3395040179
351593.61622398946
399304.4423163767
399311.47100365435
401564.3774281057
401588.05082167254
401589.4251975313
401759.58030804317
418221.06569216825
419713.0798228224
430075.82767776214
430085.19003679993
440556.70728856063
440558.9579443293
441059.18924891663
479067.83495447255
479095.3224716474
481899.87938340125
481901.1153992742
481918.0691095318
486370.8531878845
486378.6290190854
499359.9918008898
499362.6575366158
527481.6266266106
527485.2239862409
527485.8235461793
527813.017240551
527819.8429998495
527821.2081517092
527926.8598368505
527926.8598368505
543979.3300430132
595204.0985302455
595209.7989616597
595214.0742852202
595216.9245009273
595218.3496087808
595219.7747166343
595222.6249323414
595224.0500401949
595226.900255902
595228.3253637556
595232.6006873162
595236.6915308957
595246.6165538755
595247.857181748
595247.857181748
604543.0424464096
604545.5790461488
624755.1626530527
626358.6073042543
626367.6468233252
626376.6863423962
626381.8517818652
626394.7653805381
626396.0567404053
672143.9973865337
672151.9945937117
672153.3274615747
678498.4426174378
690988.738137713
690990.2923815532
700678.595261811
700689.8070326587
700691.1260645231
745302.1119755051
745705.090046088
754275.7301852166
754277.8240330014
767183.1533906204
786841.063450224
787786.3573210689
788264.7508079006
788272.5635350976
788281.0865102217
788281.0865102217
788293.3821009579
807771.9130509979
809231.9890849345
809241.6466119419
809347.4920010633
813522.015700015
813576.1421264521
815754.8691505273
817753.027169161
843899.9421578393
871875.4780625759
878365.1701795798
878383.779597667
878385.0202255396
879963.2741353301
880065.466820827
880102.1045450615
880143.6125407954
880143.6125407954
880489.1066492863
880795.2004458266
880798.8208654545
880800.2690333057
880800.9931172312
880802.4412850824
880803.8894529336
880804.6135368592
880805.3376207848
880806.0617047102
880806.7857886358
880808.233956487
880808.9580404126
880810.4062082637
880810.4062082637
880811.1302921893
880813.3025439661
880814.7507118173
884405.169282802
922491.2274004016
922503.2923911617
922515.3573819216
928908.3081968683
962922.132153003
963323.0993917926
986785.355620394
999327.3332073574
1040761.7998328151
1060404.305814002
1146989.38535498
1147346.543210272
1147346.543210272
1188550.769595393
