103901.54200923041
103908.32164853362
169335.1707881074
169398.2813896211
169418.23289957052
169447.62978454918
169616.31827921173
169617.40671109984
178799.2520874102
197540.4350012331
199957.55628080672
199963.0537842417
250570.14178695768
250591.31086478196
250832.5414999888
250833.78212786128
254325.0104250406
266101.5805706709
266103.81739044096
266103.81739044096
266387.22937331256
266387.662901268
282644.4077904359
309718.2378318478
324819.9904557232
324821.1065596085
327759.5452056023
327764.7290930695
327775.83017592854
349376.23141988734
349406.49536077684
349541.60849889024
349541.60849889024
349602.2193966608
349606.43015222804
349607.57854011003
349610.6409077953
349613.32047951984
349616.7656431658
349618.2968270084
349620.976398733
351229.9600613652
421970.934922765
421975.5423102915
421975.5423102915
421978.5308859843
421980.02517383074
437901.13640949427
508895.0010409027
545346.6864384795
545352.9403098368
545430.006821916
545431.6671417453
545434.987781404
545438.3084210628
545443.2893805509
545444.9497003802
545451.5909796975
545451.5909796975
545456.5719391856
545495.6217391721
575043.8956022663
591945.8961211162
826963.9834864795
1009195.2457971553
1009642.5175111857
1009644.6298069686
1191472.3329351214
1191478.4207744955
