737878.3008625079
737886.2565616902
737887.8477015267
737889.4388413632
737891.0299811997
737951.4010549949
737965.5552815401
737976.5641244086
737976.5641244086
737984.4275836004
741678.4639479356
741703.7746013342
741707.3904089626
741720.045735662
741725.4694471045
741732.7010623612
741732.7010623612
741739.932677618
809744.2346482871
848731.7172972402
946022.2900499313
959842.2896015425
959853.7688683626
959853.7688683626
1089137.1551009037
1089146.840299908
1089148.777339709
1089150.71437951
1089150.71437951
1089154.5884591118
1089158.4625387136
1089160.3995785145
1089162.3366183154
1089168.1477377182
1089168.1477377182
1089170.084777519
1089172.02181732
1089175.8958969219
1089177.8329367228
1089179.7699765237
1089183.6440561255
1089185.5810959265
1089185.5810959265
1089187.5181357274
1089191.3922153292
1089193.3292551301
1089193.3292551301
1089197.203334732
1089199.140374533
1089201.0774143338
1089203.0144541347
1089204.9514939357
1089209.1576375035
1089209.1576375035
1089211.2607092871
1089213.363781071
1089217.5699246388
1089217.5699246388
1089219.6729964225
1089223.8791399903
1193131.4951525964
