63045.83378540484
63059.30088096639
63072.76797652793
63074.26432047922
65177.144690897694
81162.59812498568
113230.15120836803
142116.74111201952
144479.16014028224
144492.53921561135
144502.5735221082
144504.24590652433
144547.72790134398
144579.50320525066
145116.3991167414
145126.37290932846
145127.79773684088
145136.3467019155
145137.77152942793
145954.35723072456
145964.2044942275
145964.2044942275
145965.58531162373
145973.87021600106
145975.25103339728
146920.29126139413
146940.3158642716
146940.3158642716
146940.3158642716
146942.81893963128
146962.84354250875
146965.34661786843
166282.8334568571
166283.7191604459
166283.7191604459
166286.37627121233
233086.872607523
233099.79507789636
233099.79507789636
233101.42895346083
233101.42895346083
233103.06282902526
233117.76770910533
233117.76770910533
234140.61232130442
234201.0767197182
234203.16169897385
234203.16169897385
234205.2466782295
234207.33165748516
234209.41663674082
234213.5865952521
234221.8659983649
234223.52187898746
235047.93587970568
235060.56128179462
235060.56128179462
235060.56128179462
235063.36692670328
235064.76974915763
235064.76974915763
235066.17257161194
235083.0064410639
235083.0064410639
249377.3271495045
249378.37238976458
249378.37238976458
337506.0940257795
460193.9806997303
852651.2928735702
969789.8504725739
969796.0944078119
969796.0944078119
969797.3431948595
969798.591981907
969799.8407689546
969799.8407689546
1019268.8782768816
1019272.641141818
1019272.641141818
1019273.8954301301
1019275.1497184422
1019275.1497184422
1019276.4040067543
1019276.4040067543
1019277.6582950664
