729234.0265436013
729256.537718045
736879.0348337014
736882.0495266621
737251.6134750418
737327.6189457438
737477.3853712208
738577.9353448604
738796.7536426776
738796.7536426776
738802.8325399797
739019.5438534829
739072.8731118055
739316.5901328708
739323.3016755935
739355.2970300813
739446.0348871859
739446.0348871859
739447.2781729689
741036.2634188831
741087.7002422084
741166.6378869031
741174.0645940143
741175.3023785328
741234.716035422
742504.1713338274
745152.3975580499
754935.164235668
758067.0286294975
758178.181679261
760901.54417439
760912.6842350567
760913.9220195754
760918.8731576494
760987.5014326209
761511.8599622552
761663.9369188334
762774.2351332146
762814.1578098855
762816.2812979928
762822.6517623148
763326.7931448132
763326.7931448132
763901.0371411763
771597.7243102407
771617.1767816074
777147.9445900412
777166.8469349552
777172.0841387847
788164.7384225124
788168.2042191643
793565.5388565011
793580.1447138196
797150.6854422787
797153.8541706462
797155.334010804
797155.334010804
797430.3422244975
797430.3422244975
801193.5592417425
801200.3257971103
801934.4585456796
811785.1053262937
811789.1762620435
811923.8307138655
811925.0354907968
811926.2402677282
814005.7732714951
814010.284308407
822715.0671994743
827078.8517638429
827682.0544166749
827682.0544166749
832026.9531399232
832119.5119155861
832562.2536847012
832562.2536847012
832843.9019246786
832843.9019246786
839592.9137600379
839805.3285859458
839822.4925312693
839839.5189449796
839866.1725716119
840075.6057121464
840075.6057121464
840077.1625700075
840081.8331435907
840094.2880064793
840322.7500210117
840324.6589598025
845745.9351003598
845748.4216719259
845750.9082434921
845752.1515292751
845754.6381008412
845755.8813866243
845757.1246724073
845759.6112439735
845759.6112439735
845760.8545297565
845762.0978155396
845763.3411013226
845764.5843871057
845816.2027521604
845819.5365184635
845822.8702847668
845826.20405107
845829.5378173733
845832.8715836764
845834.5384668281
845837.8722331313
846033.3926756775
847655.9136301469
847718.0724180349
847786.3431108122
847788.7636672041
847789.9739454
847789.9739454
847792.3945017917
847797.2356145753
847800.866449163
847802.0767273589
847803.2870055548
847808.1281183383
847808.1281183383
847810.5486747301
847811.758952926
847812.9692311219
847957.7735159957
849180.7046202981
849201.4168812415
849680.1204165679
849687.8882020798
849789.7936261739
849791.884106694
855356.919291865
860162.6699470504
861147.5283276921
861150.9171066405
861152.6114961148
870725.5599446817
870726.649195058
871295.6119774753
872850.8414642533
872859.7975229028
872920.5314832784
880784.864187532
885627.2312594075
885638.4538390421
885653.8848860398
886335.9591683922
888525.6274879851
897467.1517966976
898478.3172243064
899458.62055792
899552.4721307467
899622.8608103669
900005.9963783342
900005.9963783342
900060.3598743879
900809.5990953477
900809.5990953477
901151.6457185645
901156.9709426265
901159.6335546573
901178.2718388741
903527.0257260524
903562.0797836169
911017.3494601884
911156.7515032969
911208.3753696161
911545.69090534
911993.3343011484
913018.4234292745
919177.0010467684
920681.6354036934
920703.2773783418
920707.9149443379
920718.735931662
920724.9193529901
922803.511640523
922807.8851458217
922810.8008160209
922818.0899915189
922826.8370021165
922828.294837216
923125.3576203975
923245.3897111072
923326.9129501295
923410.8842518663
923737.6813698148
938062.2590331528
960540.2663528909
965545.2012927971
965982.7498681989
966428.2862796935
982740.5038241429
990627.4357230725
992078.2512091321
1036669.6200307154
1045780.3687375361
1057876.3566347542
1058588.9959428175
1058592.0216383073
1058595.047333797
1058596.5601815418
1058597.8914875572
1058601.8854056038
1058603.2167116192
1058604.5480176348
1058605.8793236502
1058608.5419356811
1058609.8732416967
1082672.690347573
1091007.5021966854
1091012.2552892365
1091013.4435623742
1091015.8201086498
1091017.0083817877
1091017.0083817877
1091019.3849280633
1091021.7614743388
1091021.7614743388
1091025.326293752
1091026.51456689
1091031.2841632348
1091032.874028683
1091042.4132213723
1091042.4132213723
1091047.182817717
1091047.182817717
1091050.3625486135
1097884.935551158
1177963.5865188458
1180754.6255701832
1198960.334354633
