9038.15402012546
9042.18094575906
9042.786084857005
9043.391223954952
9043.996363052896
9045.811780346734
9045.811780346734
9047.62719764057
36491.482972822225
45479.25091114693
51097.85741027972
52398.49387602289
52400.60086033664
98188.92381512695
107299.16640561128
107301.20187348619
107303.23734136109
107304.25507529856
107305.272809236
107306.29054317345
107307.3082771109
107308.32601104837
107309.34374498582
108035.64819413351
118946.06407445045
118953.86486754942
118955.55925702366
118980.97509913737
118986.05826756012
118996.2246044056
118999.6133833541
119006.39094125108
119011.47410967381
122289.41358048272
122424.11754368538
123342.57016022434
123353.85875503327
138069.21874403075
138260.4041901298
138662.28806760442
138662.28806760442
140509.5191741991
141353.50667410356
141353.50667410356
141896.98759923287
144614.96435639026
144761.24298015723
146525.56452906883
146576.0441323665
164106.50570374163
164134.32009718902
172223.20891816105
172448.60122708764
172448.60122708764
172452.43010719825
173146.7557056518
173146.7557056518
173153.75331412986
176262.85897661198
176594.66774654452
180179.34122357293
188209.92214182566
189051.61561442248
189587.1087034589
190127.33838125292
192027.67869558907
192031.54058328687
192032.82787918614
192034.1151750854
192035.40247098467
194567.8160743893
257408.59022455857
320413.85768534295
363514.6038707508
398148.85443806875
433693.2232061675
433727.4520740531
604213.3561533936
801231.5839821515
801537.8778872088
804277.9862315574
804295.9423589729
805144.8589918932
807436.4162317866
807469.15975825
807632.8553855087
809712.9000068766
809755.6833411013
811649.6366873219
811734.218629421
811736.2540972959
812026.3852871737
1133666.0402356375
1133684.7610388221
1133707.453754995
1181890.6366949626
