10046.365268683288
40140.26268538116
40773.27118941923
40774.51997646681
61811.85614193262
62175.2916816296
62657.84610212486
62657.84610212486
62686.480183986736
62699.84275552227
76733.06794825755
78659.12667425637
78659.12667425637
78670.21722354235
79884.60486403471
79884.60486403471
79890.80478915639
83182.18935046876
85463.98734709159
85738.87453296555
107314.43241467308
107318.5033504229
107330.13302363252
107332.5315749662
107334.93012629986
107337.32867763354
107344.52433163457
107352.91926130242
107354.11853696927
107356.51708830294
123444.66262731224
123758.97737604963
123768.7476218492
124918.86398887522
124918.86398887522
137965.07980653885
138047.49975167902
144671.37982411234
155270.1325651938
155281.42116000273
155312.5143071081
155332.75896056666
164120.41290046534
176641.25795582178
231410.82985047257
301663.0451027285
309294.87236302235
354988.5020515132
355000.14272725186
355001.1549599248
355004.7252806027
355018.06584708014
355020.7339603756
355025.53656430746
355029.2719229212
355035.67539483035
355038.8496244623
355040.16992794874
355179.7700165802
355179.7700165802
368932.0291261394
370526.2075657668
370526.2075657668
370537.4741555177
371773.3002238709
371776.7000053484
371777.83326584095
371780.099786826
371782.366307811
371784.63282879605
371785.7660892886
371788.03261027357
371789.1658707661
371790.2991312586
371791.43239175115
371793.6989127362
371794.8321732287
372963.17422963196
372985.9879736245
372990.1359270777
395231.5613658418
395474.15612894355
395572.8268094958
398627.7340138602
398651.66451455164
758205.9630651212
