65722.23198526884
98266.73370059367
119094.2626395373
119102.37700471429
119107.24562382049
119108.86849685588
119120.22860810367
119126.72010024528
119142.94883059927
119147.81744970546
119151.20622865396
119174.92768129341
119202.03791288137
119220.67619709809
119222.37058657233
119222.37058657233
119224.06497604657
119225.75936552083
119227.45375499508
119235.92570236631
119237.62009184055
119244.39764973754
119247.78642868604
119249.48081816029
119254.34393600195
119257.99127438321
119259.20705384362
119260.42283330404
119273.79640736865
119275.01218682906
119275.01218682906
119275.01218682906
119275.01218682906
119281.09108413114
119282.30686359156
119288.38576089365
119292.03309927491
119294.46465819573
119296.89621711658
119298.11199657699
119299.3277760374
119321.21180632492
119322.42758578535
141772.58200322435
141854.78189778342
143451.30387609932
155345.91798531468
155354.75301614468
163788.35657362908
163854.50377829905
181432.804345999
207447.37108321427
225938.18840302876
225961.42574438985
308394.8159750609
329471.5742021256
329474.02776610455
329475.25454809406
329476.4813300835
329481.3884580414
329482.61524003086
332439.7099611091
332443.01071982516
332455.0034764936
332508.0466690607
344133.2803581935
350665.3443256749
356581.4427066221
356770.69170760777
361022.3990097724
361027.9442844154
361029.33060307615
361030.7169217369
361036.2621963799
361043.19378968363
361050.1253829874
361052.8980203088
361059.82961361256
361061.2159322733
361063.9885695948
361066.7612069163
361077.8517562023
361080.6243935238
361082.01071218454
361083.3970308453
361086.1696681668
361088.9423054883
361093.1012614705
361094.15750425967
361097.3262326271
361101.55120378366
367820.61965632375
371684.2567562405
371687.66203898255
380233.62342316186
380970.6003254915
380972.36073014006
382337.7195730408
417627.8363985055
417643.59202011017
417649.9844894903
417717.63904064056
418111.41955546726
418113.1469525287
418121.0687734472
432946.1789897539
435373.63946851675
436489.2519044308
436492.86073396035
436496.46956348995
453620.64074450446
453628.6340818619
453631.4397267705
453634.2453716792
454543.7694358912
454727.3741394723
454727.3741394723
482986.3247732638
482998.7026184491
483006.9545152393
483020.3720994201
489600.30807081354
520581.9995568426
530019.9964853032
604125.3909336104
680918.8682676365
680934.6018841831
680940.8953308017
680943.2553732838
684200.5540995882
810648.6926092039
810650.8491048984
847875.2545480941
847877.708112073
847878.9348940625
847881.3884580415
847881.3884580415
1047604.7750976093
1047609.6822255672
1047614.5893535251
1047619.496481483
1047637.898211325
