9057.309423207696
9060.912751472735
9062.838194057107
9065.038699867817
9065.038699867817
9066.414015999511
9066.414015999511
9068.064395357544
9068.064395357544
9070.264901168255
9070.264901168255
9070.264901168255
9072.740470205305
9080.057152025918
9080.057152025918
9085.503403907427
9085.503403907427
9085.998517714837
9088.474086751887
9091.444769596346
9094.910566248214
9094.910566248214
9250.695375117473
9251.498559738384
13747.29696895606
13862.911544250797
14102.673156121302
14102.673156121302
15210.583821697903
16627.274963897955
41015.84394746293
41051.382116305904
42260.560059291405
43193.61853314894
43195.191894803604
107285.93586442438
107288.98906623674
107290.0068001742
107292.0422680491
107293.06000198655
107294.07773592402
107295.09546986147
119014.86288862232
119025.02922546779
119026.72361494205
119028.4180044163
119030.11239389054
119031.80678336478
119033.50117283904
119035.19556231328
119036.88995178753
119040.27873073603
119040.27873073603
119041.97312021027
119043.66750968451
119045.36189915876
119045.36189915876
119053.69081365231
119053.69081365231
119055.31368668772
119056.93655972311
119058.55943275851
119060.18230579392
119061.80517882931
119081.2796552541
119082.9025282895
122510.69644480779
126229.03414604328
164144.7504947318
164146.48889432225
164170.8264885887
164184.7336853124
164202.95387342508
164210.51811214938
164219.59519861857
164219.59519861857
164221.10804636343
164421.9702167651
164421.9702167651
207389.4262639537
207397.9257176476
207401.32549912515
207403.0253898639
207413.22473429656
207416.6245157741
308745.54359370103
758269.8767563932
758291.2876779315
758298.8134078041
796972.1033932106
797103.3965724066
