3743.144935287881
3750.8008545010225
8220.243475141644
8226.538854494618
8266.843118352233
8266.843118352233
8270.025398025165
8270.661853959753
8270.661853959753
8270.661853959753
8272.571221763512
8272.571221763512
8273.2076776981
8273.844133632685
8274.48058956727
8275.753501436444
8276.389957371031
8276.389957371031
8277.662869240205
8277.662869240205
8278.29932517479
8280.20869297855
8280.845148913137
8281.481604847722
8282.754516716896
8283.390972651481
76033.84848941001
76046.9096720676
76049.08653584388
76056.7055590608
76058.88242283708
76061.05928661334
76073.03203738281
76073.03203738281
76075.20890115907
76076.2973330472
76078.47419682347
76080.65106059975
76082.827924376
106956.25377527392
106964.37089443966
106965.18260635623
332449.8795435401
332563.8420518273
356286.0582457107
380443.8870188227
380447.4567064558
380448.6466023335
380456.97587347747
380461.7354569883
380464.1152487437
380465.3051446214
380468.8748322545
380470.0647281322
380471.25462400995
380472.4445198876
380473.63441576535
380476.01420752076
380476.01420752076
380477.2041033984
380478.39399927616
380479.58389515383
380480.77379103156
380481.9636869093
380483.15358278697
380484.3434786647
380485.53337454237
380486.7232704201
496942.0034654052
560183.876321546
797856.0310541302
797864.7385092352
797864.7385092352
797865.8269411233
797870.1806686759
797871.269100564
797872.3575324521
797876.7112600047
797877.7996918928
797878.888123781
797878.888123781
797881.2725275359
797883.8644712695
797883.8644712695
797885.1604431364
797886.4564150032
797892.9362743371
797894.2322462039
797894.2322462039
797895.5282180707
797896.8241899376
797898.1201618044
797899.4161336712
797902.0080774047
797903.3040492715
797904.6000211383
797905.8959930051
797907.191964872
797908.4879367388
797912.3758523392
892330.0879802965
892399.7752931342
998442.8854462589
1081653.9921660062
