8581.824127629337
8819.957365199918
61073.28387289021
80275.8162883274
85114.80008251897
85121.64915685481
85123.01897172198
85124.38878658914
85125.75860145631
85127.12841632348
85128.49823119065
85129.86804605782
85129.86804605782
85132.60767579215
85133.97749065932
85136.71712039365
85138.08693526081
85142.19637986232
163740.93567340827
163866.82661083902
163953.5210385165
199258.59580222954
199529.7421282253
199537.7134605246
199582.12516904928
240097.37604963363
304615.8323336822
361664.90269638365
361666.66310103226
361679.8661358965
361681.6265405451
361686.9077544908
361689.54836146365
361701.8711940036
361709.66098457354
361715.3602946233
361716.9886689232
361719.4312303731
361721.05960467306
361737.3433476723
361745.4852191719
361764.6296197251
361856.28068674123
361856.28068674123
361858.61322290055
361892.07741501695
385794.6041763766
385817.86352279584
453662.3018207657
454469.7829292706
472006.38391185756
510910.8920453243
510997.7680147312
510998.35665003554
825479.6726747607
871779.2611496114
