8049.648301102545
8056.337838767105
8063.027376431665
8063.027376431665
46569.9756263419
57015.24308712628
57197.98959344127
59608.390650906564
80039.9605742709
80048.56455199077
80082.98046287028
80085.13145730026
85407.72591477625
88470.03782119362
88541.86233085522
108073.52440040038
108079.13569021768
108080.538512672
108081.94133512634
108083.34415758066
108084.746980035
108086.14980248932
108086.14980248932
108088.95544739798
159051.54226422877
159061.49955302224
163277.31110414964
163285.20541874558
167164.5651326798
167660.22356527785
167660.22356527785
167671.95776251348
180507.68419685357
180526.9001138456
180526.9001138456
186975.3393592555
217755.8936116566
217869.17014952743
223126.31606292835
223928.22439046754
223928.22439046754
224176.91455466498
224748.58946049405
275292.1889684365
293622.1768198107
325347.9308368799
325451.195073312
325453.357070271
334297.06339443306
335289.7335707027
335340.8953308017
335340.8953308017
335344.042054111
335346.402096593
338381.30670313805
338393.4534952132
338394.46572788607
373107.71445380844
373203.243912316
387231.94156434573
387248.1922997578
387315.9348711405
387317.44221762085
402928.7656537718
432227.15271357517
434181.3834152156
434257.29536442057
434314.98712551285
434314.98712551285
465376.5679749998
465461.59551952564
465462.70677496004
500229.5378173733
500324.79771391896
506391.2621581766
510783.6643006136
510797.88506941526
510799.1778665791
510801.76346090663
510803.05625807046
510804.3490552342
510805.64185239805
510806.9346495618
510808.08441384794
510809.234178134
510810.3839424201
510871.3214495832
510967.0984649944
549949.5540155411
552868.4699608035
552905.141390139
553045.6216810948
553047.3710832143
555588.9222869979
556838.0779192995
573594.8086400416
574770.6159124076
588062.2486418752
588585.1328326165
588682.6152400309
588741.2917274735
588780.7577991885
596868.2658027645
601509.9522459676
606274.6964753703
635956.6206954515
649232.899395625
663690.7616959176
690916.5968566386
697149.1774845468
707756.1656186249
707783.8919918397
707783.8919918397
749875.9923287922
749891.968000978
749984.7908373383
749986.2156648508
749989.0653198756
749990.4901473881
749991.9149749005
749993.3398024129
749994.7646299254
749994.7646299254
749997.6803001246
750000.5959703238
750000.5959703238
750002.0538054233
750002.0538054233
750004.9694756225
750004.9694756225
750006.4273107222
750006.4273107222
750007.8851458217
750010.8008160209
750010.8008160209
750012.2586511205
750013.7164862201
753554.0827787498
753647.5822706469
753729.9472031419
753731.8561419327
776860.1349337938
777089.042550753
779795.5546726366
800474.6429908542
864048.8677327913
864067.9296143766
864080.1809304778
864085.8197266177
864085.8197266177
864088.0752450736
864093.7140412136
864116.2692257734
864117.3969850014
864119.6525034574
864119.6525034574
864121.9080219134
864121.9080219134
864123.0357811414
864124.1635403694
864128.6745772813
864129.8023365093
864130.9300957372
864132.0578549652
864133.1856141932
864134.3133734212
864136.5688918772
864217.2119285752
864217.2119285752
869841.6607706355
889641.2839340154
889656.7314848066
889670.6936941756
890397.2346976979
895051.6455657516
897236.2307169217
913825.4369302944
916124.6189228218
996708.0934298092
997062.2098273978
997064.0362472207
997067.6890868664
997069.5155066894
997071.3419265123
997071.3419265123
997073.1683463352
997074.994766158
997074.994766158
997078.6476058038
997078.6476058038
997080.4740256268
997082.3004454497
997082.3004454497
997084.1268652725
997085.9532850954
997087.7797049183
997089.6061247411
997091.432544564
997093.258964387
997127.9609410219
997129.7873608448
997312.0277508233
1002359.4104478182
1021131.4084001252
1078622.6043903148
1078632.5506765791
1078679.8615515095
1078679.8615515095
1078700.408774517
1079510.4094621749
1080548.9546833334
1084660.4072463878
1091180.8800495113
1091195.6234384433
1091195.6234384433
1091199.309285676
1091199.309285676
1091201.1522092926
1091204.8380565254
1091206.680980142
1091206.680980142
1091208.5239037585
1091210.366827375
1091212.2097509915
1091214.0526746078
1091215.8955982244
1091217.738521841
1091219.5814454574
1091219.5814454574
1091221.4243690737
1091225.1102163068
1091225.1102163068
1091226.9531399233
1091228.7960635396
1091230.638987156
1091234.9684823388
1091234.9684823388
1091237.4550539048
1091239.941625471
1091242.428197037
1091247.4013401691
1093007.1018268783
1095388.549729139
1116232.5769603986
1116658.919459959
1118951.8135071327
1119010.3469616976
1119280.382032259
1119281.8013585068
1126204.1360340468
1127487.9056227508
1127557.188548201
1127557.6451531567
1127567.8224925313
1127567.8224925313
1127567.8224925313
1127567.8224925313
1127567.8224925313
1127567.8224925313
1127568.4111278355
1127568.4111278355
1127569.5883984442
1127570.1770337487
1127570.1770337487
1127570.765669053
1127571.3543043574
1127571.9429396617
1127571.9429396617
1127573.1202102704
1127573.7088455749
1127573.7088455749
1127574.2974808791
1127574.2974808791
1131983.054882754
1140540.832983137
1147779.407849999
1152992.2300751077
1153537.6474453504
1153538.9787513658
1160303.718702007
1160870.0463787164
1160938.4986132227
1161063.2782952192
1161063.2782952192
1163520.81418715
1179089.6788636832
1179318.5424705262
1182055.9937041083
1189629.0784617853
1189657.1954247816
1203109.9161821224
1205302.0820758105
1205310.003896729
1205312.9745795736
1205384.16094255
1205385.7012966175
1207428.3538229966
