913505.879476463
913813.7742494976
913819.9356657676
915712.6567287341
915999.6026864508
916201.8181679262
916682.2546015786
1150776.287716135
1157581.5279762223
1157633.960528427
1157748.628886223
1158281.4538619642
1159740.3892144652
1159742.1496191137
1159780.8785213823
1160231.690645558
1160238.176636435
1160264.1205999434
1161399.0644794046
1161774.547788415
1161979.4038768634
1162004.7647063318
1162661.9897768167
1162664.729406551
1162789.3440506116
1162790.64234904
1163268.7902566495
1163373.6443585297
1163373.6443585297
1166463.7046432202
1172144.062836666
1174594.2435379243
1177551.3932716479
1179270.813499492
1179434.564139396
1179453.5765096005
1180093.8301790203
1180126.012576502
1180134.952131358
1180197.9966228348
1180197.9966228348
1181230.7490124465
1181244.3646421505
1181256.4674241093
1181336.0212104311
1181336.0212104311
1181339.3659792633
1181341.0383636793
1181366.1241299214
1181403.6812628459
1182048.7045286105
1182383.2749333354
1182417.085705117
1183483.9019246786
1183504.6967045898
1183522.6693357986
1184517.6775494923
1184961.3545335769
1184979.871789974
1184986.6053377548
1184998.3890463712
1185000.0724333164
1185001.7558202615
1186186.893237265
1186204.4422711055
1186221.8922821842
1186227.8776579895
1186360.6451760787
1186360.6451760787
1188351.9158917777
1188360.0577632776
1188384.5989043314
1188384.5989043314
1188491.3069323574
1191233.8523368912
1191519.2139304243
1191525.914470618
1193307.6200154342
1193653.5395288777
1193660.966235989
1197035.8819978759
1197096.412411464
1197099.25106396
1197531.2763697768
1197563.486273581
1197592.9455451218
1197624.8583806418
1198979.1486793144
1202728.7885757075
1202757.857257467
1202757.857257467
1202797.7304227569
1204292.4019896241
1204713.6228119102
1204807.034283575
1205433.45227271
1205469.0179478754
1206005.6773049915
1206005.6773049915
1206486.3612955478
1207866.1224489796
1208047.653175834
1208070.428410975
1209426.4901168253
1209438.0427723317
1209557.5192353243
1209571.6794902163
1209581.482743603
1209594.5537481185
