14252.588115740493
20093.627243484436
20604.50767502808
20657.847935879705
36837.41348879499
69764.67118483485
88534.0725402853
89537.83326584096
89575.32988485547
160990.03384805814
161740.16977513582
164158.65769145548
186108.06500660916
217911.66741799677
218223.0389902123
218503.15237738675
218504.6597238671
218521.2405351508
224909.2208834114
246895.29962790056
249708.02466400262
274652.8980203088
324258.7134681652
342527.55476432433
373244.1513153371
391148.0497253188
394577.48851993063
395624.81375927385
402742.38281160465
538377.556063234
539725.2118368875
539875.8749684824
542778.2596138419
542786.8085789165
545621.4891617448
545673.7731798074
552815.0306771904
553846.2977253799
553858.62055792
561374.6021898089
561381.8088463389
564968.6058114747
565460.2648247619
566058.6648736619
566383.5970629359
567798.6323245134
567802.1201262234
569274.1539895629
570103.3485891549
570121.981372107
570123.8463007816
570123.8463007816
575118.735931662
577860.7532148014
577877.80163357
577879.3639926956
577916.8606117101
577918.4229708357
578110.395097762
578110.395097762
578318.1613551448
580973.8527953301
581763.2292422772
582997.6084780599
587982.584830263
591271.3672934542
592349.2080471276
597126.9022532263
610872.273779598
610915.8768022372
610916.0858502892
610916.5039463933
610922.1482437977
610922.3572918498
612219.7480115221
612221.178340299
612225.8269088243
612226.1844910184
616996.6885443807
617434.1215932274
622081.3973211899
623497.065228188
625315.5467263656
655389.6065831799
689711.4238342285
693523.123495748
756707.1050359493
868660.5062691494
896072.7957884764
896094.1847049565
896136.5389405481
896136.5389405481
900514.038157382
906184.9341758417
944596.0999090764
975284.8380565256
981216.081418715
1002376.4148564705
1030160.1937667617
1050284.5070637765
1050318.8184506302
1052240.421152362
1053336.8341750777
1053692.0728306298
1053702.800296457
1082992.005745765
1083019.1159773532
1083020.8103668273
1083023.7810496718
1083026.3336364122
1083027.6099297826
1083028.8862231527
1083030.162516523
1083031.438809893
1084820.9231427503
1097052.7097548116
1097091.625700074
1097337.8127889119
1097340.3158642715
1097365.3466178684
1119488.5828895394
1144436.2893970767
1153556.285729567
1153557.6170355827
1163306.9910375231
1194663.780744046
1197878.8902726946
1206504.3834381376
1206541.7590293323
1206778.0273382284
1206778.0273382284
