143340.31586427157
182831.0057381245
399406.6690607355
477060.67069583357
513536.98118109093
556245.7182588498
557001.0638834343
560483.9034528076
594035.235599294
833544.691508951
891504.8427937254
891980.2015602197
974739.6847469801
990499.1572368371
1073496.8121700196
1080336.9799585878
1083122.2536847012
1083131.2647559962
1083140.275827291
1087432.7585021278
1088033.5846086845
1088895.5337372688
1094244.0281481368
1094253.5728420909
1095433.3905362969
1096879.502441186
1098515.3584608682
1098645.622903598
1098698.3195165
1098756.6274192194
1098812.1241757656
1098866.8397527486
1098910.1457071034
1098958.127736306
1099003.8982571687
1099040.921767434
1099083.006441064
1099131.6376194805
1100059.150818695
1105700.3675150329
1105721.6244011645
1105916.1271097732
1105940.2886635747
1105941.2678886605
1105942.2471137464
1105945.1847890036
1105947.1432391752
1105948.1224642608
1105949.1016893466
1105953.0185896896
1105955.956264947
1105957.9147151185
1105958.8939402043
1105960.852390376
1105972.603091405
1105974.5615415766
1105975.5407666625
1105976.519991748
1105978.4784419197
1105979.4576670055
1105980.436892091
1108344.2752466018
1117123.2591936064
1117200.7169981434
1154327.6730415118
1154330.7317445886
1171750.0457674647
1174755.2985582103
1174811.1914058023
1208125.1384866938
1208130.2271563811
