489300.80822744675
489765.3129990296
489778.9286287334
550611.5761886934
550612.8084719474
550612.8084719474
550614.0407552014
550928.399514055
550929.7583263931
551345.367858862
551345.367858862
582390.9840386923
582454.6556743251
884064.8226224222
887747.1105372137
888383.9589238915
888422.4292667273
888619.0389596497
888671.686061171
888784.9570977773
889746.9962331619
889753.7737910589
889763.9401279044
889765.6345173786
889772.4120752757
889779.1896331726
890550.9015197244
890570.447512588
890573.2091473804
890575.9707821729
890580.1132343615
890585.6365039464
890591.1597735314
904120.8542241307
905031.0274375569
905384.5386960475
905659.7999679093
906443.9667173497
906443.9667173497
906627.0212944781
906628.0610334737
907159.0045767464
907160.577938401
907278.5580574424
911253.6617792007
911366.0526134826
911975.4826977589
912300.7394616401
912300.7394616401
913685.0831684227
913686.5189984642
913825.4369302944
913826.3391376768
918868.6441675135
918885.1314573003
918888.7952994751
918890.6272205625
918897.9549049122
918912.6102736115
918921.7698790486
919636.7747308583
919654.1587267629
919918.1093987577
919918.1093987577
920174.4573231764
920178.4512412229
920186.4390773157
920187.7703833312
920515.3156732555
920521.5431046998
920571.3625562543
920577.5899876986
920579.1468455597
920585.3742770039
920762.0198809587
920762.0198809587
920929.5883984445
921026.2181098572
921026.2181098572
921169.9166405612
921169.9166405612
921739.594587367
922200.4575218331
922536.3152224574
922537.5695107696
924104.7532453641
924115.9758249987
924118.7429610557
924120.1072746583
924121.471588261
924124.2002154662
924125.5645290689
926495.8448643404
929705.7832043337
929743.7419295685
929745.0072204097
939109.4907509991
939282.1369356429
939282.1369356429
939965.1794405519
939981.815264481
939998.3190580613
939999.4193109667
940002.7200696827
940042.7472703794
940043.9520473109
940049.9759319677
940064.433255144
940065.6380320754
940366.0840929409
940384.1777519693
948865.8733639468
948890.9261226017
948892.0648843588
967604.5776633378
971604.910184216
972217.8610777895
972232.5054439597
972268.4507063776
972272.4446244241
972342.9818381865
972397.7964379312
974123.8731958526
978503.3858755033
979412.3873195852
979975.2381971133
979989.970583516
980185.8376057275
984158.3557331582
998779.8806531223
998854.0817090594
998854.0817090594
1002136.9008015037
1002140.6306588528
1002146.2254448766
1002149.9553022257
1002153.6851595748
1002155.5500882494
1002161.1448742731
1002164.8747316223
1002168.6045889715
1002176.0643036697
1002179.7941610189
1002181.6590896935
1003779.5398803476
1006826.9983725426
1006904.4176682279
1006905.974526089
1006986.931134865
1007092.4563910177
1025286.7940616906
1034832.5827672888
1034876.4278455673
1034963.7879262525
1034964.51409317
1055248.3530589323
1055279.963324903
1055390.8633164985
1055390.8633164985
1058834.6109001446
1066834.549774983
1066841.7069201325
1066843.5278386907
1066843.5278386907
1066847.1696758075
1066848.9905943659
1067459.7299795994
1067528.0556850221
1076536.1838033602
1076543.8415635815
1076550.5421037753
1076556.2854239412
1076562.028744107
1076566.8148442453
1076573.515384439
1076576.3870445222
1076585.9592447986
1076586.9164648263
1076596.488665103
1076607.0180854073
1076612.7614055732
1076622.3336058499
1076635.8337089985
1081740.0499698196
1081852.1712421395
1081853.8711328784
1085610.6956807433
1171240.397619175
1208195.087065152
1208321.649156855
1208323.018971722
