2560.628256824318
10621.803868314602
38063.938967872935
38063.938967872935
38063.938967872935
38120.06239010469
73222.05996239938
73591.43500443586
83190.21436189463
83215.22984732359
83254.41339529639
83473.21587680836
83627.54260494701
83634.68198021324
91708.365334418
114331.2468732885
129494.15461087856
129494.15461087856
129494.15461087856
129499.37539434197
160651.3844646077
161754.09049127405
163512.30001056916
164585.84436423267
164585.84436423267
164585.84436423267
164588.63923594542
186382.85514798432
208409.2714001582
209920.3238648556
209938.31066300694
210122.21875610529
226722.34545798114
227286.14395203523
239523.71573428478
242562.30394998542
287605.8908045057
287619.14107914385
296042.6907173901
296300.9534668465
296306.48786627763
296450.5113874752
296761.5123515112
297008.678630108
297145.17075607966
297223.76384000207
321151.6337047487
331420.2829333598
344565.2979063444
355030.76421472704
367839.5551982679
368006.2466971358
368095.0092400129
383390.5350239728
395605.9415365004
414329.75566010847
417411.3968913842
418107.5044278398
431357.6776020165
431381.92288352456
431404.1066012446
485960.9709540113
489746.90602090134
509674.59499277774
819441.000547675
