212834.1851653754
212983.43869403546
213035.57273667725
213073.91690073634
213865.6035153685
547651.2380336227
547652.1143135327
547775.3607768657
547776.6567487326
547802.5761860686
547802.5761860686
547802.5761860686
547803.8721579354
548278.2347571814
548279.5122810501
548377.0191750285
548378.5964788665
970439.954264338
970474.124568826
970486.618475542
970500.7311940916
970606.2214592494
970781.0208532839
971818.0566186998
971975.3949825289
971988.3085812016
971990.8913009362
971994.7653805381
971999.9308200071
972002.5135397416
972005.0962594763
972011.5530588126
972114.2622882563
972132.7102863604
972161.5352833978
972162.6882832792
972164.9942830423
972169.6247305664
972178.9963136031
972207.1110627135
972221.1684372688
972225.8542287872
972254.997453792
972265.835652678
972269.0871123439
972275.5900316755
977946.7075768106
977991.4716442098
978497.5509641961
978497.5509641961
978756.7730095539
987911.0893606936
987918.0442559788
990508.913393695
990600.8167082494
1004313.075338934
1004377.9661722647
1013338.2972113417
1013381.0642829462
1013416.0555233499
1013574.8881750255
1013574.8881750255
1018893.4506403953
1018901.226471596
1019253.9060753485
1019353.8250450791
1034907.6228024943
1036114.5646304475
1036172.3991045034
1036172.3991045034
1037185.1942004106
1037185.1942004106
1037229.7461158317
1037229.7461158317
1046601.7534565976
1046779.8827142898
1050720.490409283
1057754.089466385
1057791.4189905487
1064594.5841033345
1064594.5841033345
1064594.5841033345
1064594.5841033345
1064630.3501596586
1084485.9443549446
1084526.3639187904
1084535.0252539
1084582.6395370064
1084584.2814088378
1085658.7297144083
1095277.6542857967
1103593.0433111594
1110311.7119806295
1115287.1924132607
1115332.7128485823
1117955.2571990432
1117962.2582143235
1118029.8655153748
1118031.2583392318
1125782.8119745443
1140639.169327641
1140639.169327641
1140639.169327641
1140639.169327641
1140639.169327641
1140645.9489669441
1141198.7893501245
1141198.7893501245
1144660.699166317
1144722.4953479657
1144740.7819260862
1144752.0352049298
1145506.9503473411
1145519.5318820481
1147068.7578668222
1147091.1721845183
1147091.1721845183
1147091.1721845183
1153552.417488446
1153574.416726185
1153594.9493480746
1153905.7519961311
1153913.4171393432
1154011.7726412346
1154206.334453238
1154206.334453238
1155156.0143356319
1155172.6682659204
1155185.8401365664
1155195.2486155995
1155195.2486155995
