70.452904759007
350.60420396567906
360.9812028991542
360.9812028991542
377.69970118086405
387.42179618164874
17596.936607425963
17741.550464562868
17742.69424044531
17743.83801632776
23534.604665165632
31909.410080421738
31929.24167838349
32001.834550922555
32001.834550922555
50730.51894603
50730.51894603
50730.51894603
50730.51894603
50730.51894603
50730.51894603
50730.51894603
50730.51894603
50814.9185373556
50831.79845562072
50831.79845562072
55986.67644581382
67504.23208606504
93019.97187961401
93019.97187961401
93019.97187961401
112138.00127470543
112138.00127470543
112138.00127470543
112138.00127470543
112162.79077215762
112173.69815103659
112197.49606859068
112197.49606859068
112197.49606859068
112197.49606859068
112197.49606859068
114362.57157406902
114389.98068725197
114450.27335705524
114450.27335705524
116307.6178061615
132610.29821060825
162525.14763202652
211777.66831396185
211777.66831396185
211819.84043762748
229232.33396001012
378246.5782486572
408986.532833273
417825.7343167995
456252.38398739387
626802.3370026487
740349.5208965215
978935.3634671988
978949.7529057199
979095.4182987487
979095.4182987487
1034616.3150764343
1037229.7461158317
1077592.397887448
1077674.380791022
1184089.241165939
