19282.67777816923
19284.190514013753
36810.95093665226
54781.23812970608
91552.24915046328
91570.78938855775
91577.53213186475
91577.92876382398
91594.58730611186
93012.22372041034
93019.97187961401
93040.17243753783
93040.17243753783
94889.57502346035
94905.20970185346
94905.73085779989
100003.57224985507
100029.04432323712
100030.25727911245
161724.28313833757
161724.28313833757
161724.28313833757
161724.28313833757
161781.3059004769
163184.14702029602
163211.2240695131
163229.750471609
163246.61655387553
163246.61655387553
180844.52629320146
180864.2656511727
180884.9919770425
180885.97894494105
181087.209708259
181087.209708259
181091.9692917698
181097.5221391991
181097.91877115835
181709.2762043244
181709.2762043244
181709.2762043244
181719.01674732327
181729.3660742596
181729.3660742596
188726.82089107673
188745.7116411352
188745.7116411352
188745.7116411352
188745.7116411352
188752.2975764583
188754.49288823266
220507.59769271914
220519.1461395322
220533.58169804857
220535.02525390018
220535.02525390018
220535.02525390018
220535.02525390018
220535.02525390018
220535.02525390018
220535.02525390018
220535.02525390018
220535.02525390018
220535.02525390018
220535.02525390018
220535.02525390018
220535.02525390018
220535.02525390018
220535.02525390018
220535.02525390018
220535.02525390018
220535.02525390018
220535.02525390018
227357.55615269562
227357.55615269562
227357.55615269562
227386.24278974728
250604.24752345236
250615.5100262948
250622.06828962077
250623.1613335084
265778.98042782705
265779.57076376636
265779.57076376636
265779.57076376636
265791.4697225434
265791.4697225434
307304.16969596036
307335.53129273705
311978.52345554065
312036.6346495681
312036.6346495681
312061.53944700846
312061.53944700846
321205.01298726257
340812.3847560605
340830.99417414784
340864.4911267051
340864.4911267051
340864.4911267051
340898.0757072533
340899.60227909643
353969.67225978366
353969.67225978366
353971.3694756092
353974.7639072604
353974.7639072604
353995.1304971671
361869.8199078241
387406.2998632414
387469.39201675693
387486.74235897366
387488.3196628116
432026.45442928106
432037.47710814816
432096.353894097
432096.353894097
432738.2888841203
432741.33280380745
432741.33280380745
432741.33280380745
432741.33280380745
432741.33280380745
432741.33280380745
432741.33280380745
432741.33280380745
432741.33280380745
432741.33280380745
432741.33280380745
432741.33280380745
432741.33280380745
432780.35031979735
432818.81439584406
432818.81439584406
432818.81439584406
432818.81439584406
432818.81439584406
432881.3531094165
432881.3531094165
448227.45408017834
448234.2337194815
448234.2337194815
457602.9849885821
457708.80731770594
476509.5772654046
476509.5772654046
476509.5772654046
476509.5772654046
476509.5772654046
476509.5772654046
476509.5772654046
476509.5772654046
476509.5772654046
476509.5772654046
476509.5772654046
476509.5772654046
476509.5772654046
476509.5772654046
476509.5772654046
476509.5772654046
476509.5772654046
476509.5772654046
476509.5772654046
476509.5772654046
476509.5772654046
476509.5772654046
476509.5772654046
476509.5772654046
476509.5772654046
476509.5772654046
476509.5772654046
476509.5772654046
476509.5772654046
476509.5772654046
476509.5772654046
476509.5772654046
476520.61839226977
476552.51498099155
478918.147897857
478934.81566414394
478955.3298380355
478955.3298380355
505461.07222583424
505476.84526421316
505491.56676670007
505491.56676670007
505491.56676670007
505491.56676670007
505491.56676670007
505494.08491844125
505498.2818380099
513068.2979479805
513077.4850510363
513114.4179432404
513115.58477912046
526917.7174445679
526929.616403345
553781.5539235625
560091.0459950869
598671.4827898754
598671.4827898754
598693.7402995878
598693.7402995878
598741.7696626515
598741.7696626515
613169.6722597837
613177.3097309987
613386.136457536
613399.1699681964
613399.894052122
618255.7853370443
618268.2377357645
618268.2377357645
631905.7266301336
631924.4928562049
631925.9364120566
654591.1099865804
658550.1287836812
659252.7622994661
659296.3456949866
659297.8030868369
699516.0439292955
699530.7331477858
699531.1528397426
711838.8085667891
734944.2666760616
734964.4718459849
734964.4718459849
763842.6636859485
763907.6190872724
763907.6190872724
763907.6190872724
763907.6190872724
763907.6190872724
763907.6190872724
763907.6190872724
763907.6190872724
763907.6190872724
763907.6190872724
763907.6190872724
763907.6190872724
763907.6190872724
763907.6190872724
763907.6190872724
763907.6190872724
763907.6190872724
763907.6190872724
763907.6190872724
763925.4029574447
763925.4029574447
770996.2439107194
771004.9329178263
771004.9329178263
771004.9329178263
771004.9329178263
771004.9329178263
771004.9329178263
771004.9329178263
771010.6702452367
771059.4375282244
771062.3061919296
771090.9928289813
771090.9928289813
774827.542604947
774827.542604947
774827.542604947
774898.9363576093
778664.8184505603
778664.8184505603
778707.710046152
788158.8961947801
791166.3349656822
791202.3592939797
791202.3592939797
831513.075338934
831513.075338934
831605.7765294063
831665.9861832181
831665.9861832181
891859.6132966508
891859.6132966508
891866.2545759683
891867.3614558545
900215.0344778992
900378.437621105
900378.437621105
900378.437621105
900378.437621105
900378.437621105
900378.437621105
900378.437621105
900378.437621105
900378.437621105
900378.437621105
900378.437621105
900389.9676199199
900447.6176139949
900447.6176139949
900447.6176139949
900447.6176139949
950829.7461158317
950829.7461158317
950829.7461158317
1040818.679622969
1040826.0357622129
1040826.0357622129
1041307.49161673
1041307.49161673
1041307.49161673
1041325.8243148458
1041325.8243148458
1066435.9341380845
1066451.1260645231
1110248.453795131
1110266.3299052939
1124406.7757959703
1124435.8313929841
1124435.8313929841
1124445.5165919885
1124445.5165919885
1146152.4458009985
1152955.8645737583
1152964.7749568424
1169125.2766399023
1171859.8233988516
1173416.78831883
1175040.770203921
1175067.14622921
1175149.0553407916
1175150.7617806161
