1004313.075338934
1004365.6060135349
1010777.6412825203
1013232.3134622345
1013242.7365811631
1013357.7367893438
1013357.7367893438
1016907.7081244856
1016909.4145643102
1018810.9880888707
1018863.214371503
1025496.5287657457
1025556.0373956294
1025584.1244727427
1025584.1244727427
1026984.0139128653
1034172.3224940669
1034183.6126689065
1034183.6126689065
1034183.6126689065
1037185.1942004106
1037185.1942004106
1037185.1942004106
1043621.9774588523
1043622.6554227826
1049801.6878637155
1049801.6878637155
1049801.6878637155
1049828.944780914
1049967.1664067078
1049967.1664067078
1057324.5970105275
1057324.5970105275
1057335.149265443
1064506.310432407
1064506.310432407
1064543.0911286268
1064594.5841033345
1064594.5841033345
1064594.5841033345
1064619.5119607723
1064619.5119607723
1064815.8217205962
1067758.8769781154
1085326.209160584
1085645.4471557734
1085645.4471557734
1087244.113775466
1087309.1983127769
1087474.5062117868
1087474.5062117868
1140560.027415775
1140560.027415775
1140560.027415775
1140567.9416069617
1146211.2026749598
1150674.6958162119
1150674.6958162119
1150684.4271352116
1164215.3511685336
1164220.5857879955
1169291.8805107789
1179395.5539043457
