490670.5142699749
490754.8446813076
493467.92258246354
493844.76445173257
513526.6845808685
513555.20057393773
526832.2109733562
526881.9283282463
526955.5819606762
529358.1108737497
529379.1093075916
529401.5559092845
529420.1883873695
529420.1883873695
532019.3406762343
532185.1605071919
532185.1605071919
539813.4215591762
540546.2913438533
540556.423906812
540556.423906812
541778.410077219
541822.4085526969
541848.8076379837
541848.8076379837
542021.0934922765
542021.0934922765
542021.0934922765
542065.9590236653
542431.7274820725
542463.255110832
542529.8708319855
542529.8708319855
542674.9827850712
542674.9827850712
542674.9827850712
542674.9827850712
542720.1803804259
543073.6670840953
553204.3114508903
553650.8959769913
553661.8725358631
553661.8725358631
553661.8725358631
553661.8725358631
553661.8725358631
553679.259774076
553733.1602125363
559937.8814908288
559980.5517104433
565033.3338671295
565543.4256267034
565571.7709757902
565571.7709757902
573420.3703051286
573477.0978992983
573477.0978992983
582127.7792902004
582127.7792902004
582234.51940723
588481.3113451985
588498.1036354726
588499.1459473654
589947.4429345129
589983.0198988563
589983.0198988563
591379.1044393698
591405.1852966893
591405.1852966893
591419.8975751771
593187.4002735172
593194.0876728299
593194.0876728299
593194.0876728299
600040.9191971277
600133.1868596447
600133.1868596447
612200.3221994113
612200.3221994113
612200.3221994113
612200.3221994113
612200.3221994113
612200.3221994113
612216.1874777807
613292.7019591389
620848.9281905268
620848.9281905268
620866.2185767497
620885.0124748182
620885.0124748182
621104.848044224
621676.5976254608
621711.575029866
621741.0872148328
621741.0872148328
624955.5263604597
625765.4349852192
625765.4349852192
626063.9558785378
626861.490508569
626862.6066124543
629276.711644338
629668.8238440376
629668.8238440376
629759.2144227475
629784.2160721777
629784.2160721777
629784.2160721777
629784.2160721777
629784.2160721777
629784.2160721777
629784.2160721777
630366.9883322817
630366.9883322817
634289.2172091638
634289.2172091638
634299.3267121247
642862.6429960062
678136.3406986538
678182.3084979294
711927.9861896236
723413.705197147
740293.5911782698
756341.2649049256
756648.5024773483
756648.5024773483
759923.4049367611
759936.8120193832
778664.8184505603
788132.3679735067
788144.6912362401
810794.2209083717
810868.6954767174
823586.0674056541
824069.9168879252
837649.2484682717
837658.7491872952
837658.7491872952
837658.7491872952
837658.7491872952
837775.8017352648
837775.8017352648
837775.8017352648
838367.9640264037
838370.0071421937
850862.7193502205
850949.3327013185
850980.989466065
851028.4746131846
851028.4746131846
851028.4746131846
851028.4746131846
851028.4746131846
851028.4746131846
851028.4746131846
851028.4746131846
851091.5667667001
851091.5667667001
851091.5667667001
851091.5667667001
851091.5667667001
851091.5667667001
851091.5667667001
851091.5667667001
853140.678156097
853140.678156097
853140.678156097
853140.678156097
853140.678156097
853140.678156097
853140.678156097
853140.678156097
853140.678156097
853140.678156097
853140.678156097
853140.678156097
853140.678156097
853140.678156097
853140.678156097
853140.678156097
853140.678156097
853152.4249188897
853164.1716816823
853177.2236403408
858009.1509757262
874769.2494931605
877526.805517745
883967.098507826
886306.9503473412
886333.2571926375
920623.6719843448
920784.3217638336
920787.0705155511
950829.7461158317
959819.8429998495
984351.1238225789
993459.3709104535
993622.0638057323
993627.2845891957
993648.1677230494
1037216.3805412054
1053589.5968664025
1145373.5713210497
1145433.767138863
1145465.4008436117
1145465.4008436117
1162312.9843800543
