1241.6425123867416
1251.8442553382292
1253.20018319887
53229.466321193744
55952.59376931675
55983.92769409633
55985.302069955076
58705.51934637718
70403.8699800467
73960.60711849315
74367.38547668538
74388.55455450967
74388.55455450967
74631.65304952455
74675.48549301956
74675.48549301956
74860.77718597568
74932.12481864273
74932.12481864273
74983.08741340491
75007.10670693626
75007.10670693626
78258.51102876414
78258.51102876414
78972.18105941471
93019.97187961401
93019.97187961401
93019.97187961401
93019.97187961401
93019.97187961401
93019.97187961401
93019.97187961401
93019.97187961401
93040.17243753783
97324.90447716259
97324.90447716259
97324.90447716259
97324.90447716259
97324.90447716259
97324.90447716259
97324.90447716259
97324.90447716259
97329.88543665066
97358.11087374971
103342.18025872036
103342.18025872036
103342.18025872036
103342.18025872036
103342.18025872036
103342.18025872036
103342.18025872036
103342.18025872036
103342.18025872036
103342.18025872036
103342.18025872036
103350.02526991407
132544.08373341363
162477.38576493534
170142.68578511284
172556.99374497563
172558.26204484527
186259.93613661767
211708.9771930218
211726.75183919494
211726.75183919494
220643.49948275145
220698.2900371202
227677.16771984665
227677.16771984665
227694.41659807385
228811.4152112712
228812.78958712996
229583.0811359611
289968.34605369775
300104.19275595795
300132.15992108354
300209.06962517893
300222.6796357801
300222.6796357801
300730.41005159676
300731.6552914688
307220.60026454943
307220.60026454943
307248.4567416864
321342.36755714554
330072.13551591936
330130.46808592416
330157.0147551957
330163.6652585122
385315.122426168
385924.09545557905
385924.09545557905
387368.0479391729
387415.7636862687
387415.7636862687
391531.91791921953
391547.4142376269
391858.0785256975
391876.1575638394
391930.7267422309
392343.5375958031
392382.85489176214
392384.4275836005
392566.86906084954
392568.1511967178
412490.1904691749
412512.47565088444
412512.47565088444
423132.23179140955
423132.23179140955
423132.23179140955
423132.23179140955
423183.31891015894
423190.0662654654
423190.0662654654
423190.0662654654
423190.0662654654
423190.0662654654
423190.0662654654
427130.9091724343
427267.5442703913
427267.5442703913
429580.24988069653
432155.4889520192
432178.9179096112
432212.63162614615
432212.63162614615
432780.35031979735
432780.35031979735
432818.81439584406
432818.81439584406
432818.81439584406
432818.81439584406
432818.81439584406
432818.81439584406
432818.81439584406
432881.3531094165
432881.3531094165
434120.2468700858
439551.96474382584
439551.96474382584
439551.96474382584
439551.96474382584
439561.4193428541
439563.3102626598
439563.3102626598
468884.558449087
477431.64971863595
478621.8730483075
478621.8730483075
502280.79416069615
502307.4884139526
502307.4884139526
515152.6911337512
515152.6911337512
515152.6911337512
515152.6911337512
515152.6911337512
515166.2411883585
515204.8067283949
515214.1875354307
515219.58357487613
515236.9984850863
515236.9984850863
526886.4480877817
526886.4480877817
526907.8154815856
528931.5977695858
533431.1936431273
553237.9375394342
553255.7859775998
553813.9762802302
560105.4907776023
562752.8799695096
563377.7505612867
563377.7505612867
565399.7433934709
565420.7464393122
565420.7464393122
565428.9142904727
588512.6960019729
588537.7114874019
588537.7114874019
589811.9885084345
589826.3226029613
589826.3226029613
591543.2224425022
591555.2874332621
591556.2928491588
592465.8252756791
592480.6113461595
592480.6113461595
592490.7577451166
592524.2408616752
613317.7174445679
613317.7174445679
613339.1355703666
613341.515362122
613341.515362122
613341.515362122
613341.515362122
789236.0286840749
849583.1108577357
874389.6542601744
886473.8401621887
902347.092678771
902378.569575536
902431.6998100753
902447.9063764097
902447.9063764097
902550.1082859054
902550.1082859054
907296.71363006
913761.4456056292
913761.4456056292
913766.3896691211
920587.6061480517
930740.6509965442
930858.1555204674
930858.1555204674
950785.1942004106
950785.1942004106
950785.1942004106
957296.2675472168
990888.5870306729
990948.6075925042
991231.5260914265
991231.5260914265
991409.0696251789
991509.6296628437
991510.8472307185
992049.6210153445
992049.6210153445
992127.1579513755
992311.1398364662
992311.1398364662
997275.3485422559
997315.472938132
1022045.1250844732
1022104.5091903699
1022199.9591325597
1022199.9591325597
1022226.265977856
1022616.6486777333
1022617.5572416399
1022630.2771363326
1022713.7912237493
1022713.7912237493
1022786.347200292
1022851.9298335516
1022886.3860820103
1022886.3860820103
1023090.6008090215
1023091.5462689244
1034351.0282516999
1034365.1963142437
1034420.097556601
1034420.097556601
1037185.1942004106
1037185.1942004106
1037185.1942004106
1037185.1942004106
1037185.1942004106
1037185.1942004106
1037229.7461158317
1037229.7461158317
1037229.7461158317
1037229.7461158317
1038895.6141806174
1038906.6691434812
1038924.379221661
1038931.3664009429
1038931.3664009429
1039059.8336477394
1039059.8336477394
1039084.8768051654
1039149.4447985293
1039150.0581944663
1046013.3914530681
1046013.3914530681
1046013.3914530681
1046013.3914530681
1046013.3914530681
1046013.3914530681
1046013.3914530681
1046013.3914530681
1046013.3914530681
1046018.5799525349
1046047.981449513
1046047.981449513
1046047.981449513
1046047.981449513
1046422.1990910518
1046422.1990910518
1075555.4760127983
1075578.7066544108
1075825.6976770256
1075825.6976770256
1083867.8349544725
1094746.232028415
1115087.1238738233
1137118.18440952
1141270.7273187307
1141674.1158572712
1141674.1158572712
1145310.7558875058
1145361.1004743313
1145361.8799022513
1146165.6361196428
1161934.2654269782
1179475.599768119
1207555.8142260967
