451717.6815734605
451743.04757085344
451824.03428252984
452007.9515996272
452094.85089469585
452548.9483680247
457566.98833228176
457587.5578501677
457969.0624509575
457975.7037302749
459723.96516659245
463554.72886887507
463588.53021340107
463683.4774476426
463705.5412533749
464898.48105076724
464898.48105076724
476444.26674011705
476513.2576410263
513587.9411585727
515087.2376364784
526895.3077388711
526899.4769864426
529064.0405599736
533516.4510663648
533536.7899842744
533576.3378802097
553844.6921970733
560122.3430238703
567685.1828625784
594796.4623401413
604929.8093386585
613308.336637532
621434.2462743691
626960.3210464114
627949.5626607394
627953.2845443569
627965.6908230818
634958.3399363928
634958.3399363928
740212.0879226465
740300.5276255569
853070.1145633493
853070.1145633493
853120.6851381517
936840.444673621
936840.444673621
936897.1030877978
984363.0043333578
1057921.744873154
1057958.2580734014
