1090676.91726265
1091048.3953764706
1091383.374126042
1091422.1010860617
1091533.7160865902
1142778.7496997395
1143464.7385092352
1143499.416133671
1143551.2550083431
1143581.020853284
1143584.4706289296
1143629.036380349
1144967.3002828052
1144971.9676263256
1145024.6827809075
1151860.4685663406
1152072.7220085259
1154419.7132233072
1155043.476935198
1155047.0327868327
1155532.2105249672
1155585.8573034536
1155595.6070704516
1156581.2836091458
1156591.245528122
1156763.6236224053
1161856.4056509805
1162064.549801588
1162652.9994331084
1163211.051375753
1163223.2270545017
1163279.9085286763
1164741.617210445
1165131.5433223692
1170360.5914889392
1172547.1958082048
1172654.56315717
1172662.5188563524
1173070.2150024502
1173169.2623042702
1173274.655717438
1173338.3520428916
1173339.9155107308
1173384.2229901769
1173416.78831883
1173418.2042026846
1173457.8489506098
1174202.423990084
1174288.649933222
1174525.6513648636
1184930.3315194938
1209234.1761975985
1209261.0410948372
