1263.1436541769021
1269.471317526559
1269.471317526559
19304.61244791483
23565.565017983597
31852.959206223637
31884.948034935896
51408.482876350376
51415.382427641256
67517.79136467144
91396.31283449006
93019.97187961401
93019.97187961401
93019.97187961401
93019.97187961401
93040.17243753783
93040.17243753783
93040.17243753783
93040.17243753783
114310.52977141777
140162.428986417
160348.8003997066
160640.53704172256
160642.0866735633
161774.8260411429
162544.00148608876
165954.50134356512
166114.03040716908
186216.49110108288
187442.23605110354
228848.52335945732
228897.0738784674
228936.79703038474
228936.79703038474
287776.1335430085
297263.93896787293
297263.93896787293
297263.93896787293
297263.93896787293
297263.93896787293
297263.93896787293
297314.84160664125
336001.2483145384
373283.3426747676
373519.3848105077
378218.43582754966
385942.5526776821
391155.50496590644
391262.64632689464
391317.616749245
405188.9893635761
405236.30847871274
405582.74343510694
405582.74343510694
406949.88767859485
412583.88785154483
412628.186106992
412628.186106992
418143.31660415913
418270.7461510622
418270.7461510622
423132.23179140955
423132.23179140955
423132.23179140955
423132.23179140955
423173.67983114964
424251.28735639545
424251.28735639545
429748.03442345205
429840.9154819059
429934.56213228113
429934.56213228113
432780.35031979735
432780.35031979735
432818.81439584406
447953.39523234544
448016.5519538544
453768.45328268677
454823.3836062633
454847.1446278212
454852.3100672903
554125.9088681705
554144.195446291
560878.1482821903
592552.8537067344
592574.6776884914
592575.5170724051
603073.2673774697
886290.9697689837
886341.2636238146
887818.7637919603
887843.8530693818
900877.1700258465
900904.2609110621
1041307.49161673
1041307.49161673
1041307.49161673
1041307.49161673
1041307.49161673
1041307.49161673
1041307.49161673
1041307.49161673
1041307.49161673
1041307.49161673
1041307.49161673
1041307.49161673
1041307.49161673
1041307.49161673
1041307.49161673
1041307.49161673
1041307.49161673
1041307.49161673
1041315.7932158768
1066630.9663740396
1066630.9663740396
1066630.9663740396
1066630.9663740396
1066630.9663740396
1066630.9663740396
1066630.9663740396
1066630.9663740396
1066630.9663740396
1066630.9663740396
1066632.2438979084
1066707.6178061615
1066707.6178061615
1066707.6178061615
1066707.6178061615
1066707.6178061615
1066802.2560364348
1066802.2560364348
1066802.2560364348
1067297.3680215483
1067910.1044425725
1067911.9815263797
1068348.290517537
1152889.8576365423
1195164.5152756472
