391795.433736136
391799.4876837193
392365.55528154015
392755.00174551376
393366.220818694
393394.1326398253
393420.4025891253
396626.6646595928
396962.92554503266
399058.0370177018
399760.73971347953
399851.0611121965
455002.80883582245
455295.5324457369
455304.5811888069
455622.4955401324
455643.5262579709
455693.9999807833
455876.22930605424
455912.1844543588
457376.2452558859
465637.6323787989
465659.5808845431
465874.74911042856
465947.7293909278
466338.64247075067
548546.2749456329
548547.7830694779
549033.1222275958
549500.7190235371
549513.8586101867
549521.366945415
549688.805588206
549695.8711714798
549697.6375672983
549701.1703589353
549708.235942209
549710.0023380275
549715.3015254828
549724.1335045751
549734.7318794859
549762.9158085893
550623.630220127
550654.0417450012
550661.0427602817
551282.5050844093
552806.5311037732
552836.7673726656
553049.4358948079
553125.6445749754
553344.198008513
553345.443248385
555106.4245793952
555703.6231740165
556882.6347328403
556897.6836872937
556962.9204205887
557028.2632298729
558129.2812647128
559346.1435036464
559354.8832427481
559476.7553302224
559484.0607374716
559542.5039954649
559556.27081405
559610.4110764855
559742.4756829123
559743.5963987971
559768.2521482629
559768.2521482629
559815.7465193815
559815.7465193815
559975.2386869894
560005.7885718496
560630.2348596703
560656.108177011
560712.4206912235
560749.6533633968
560769.0791054002
560770.6979172339
560780.4107882356
560894.8344964754
561003.0504533532
561019.8381316278
561072.5256142126
561072.5256142126
561189.8733301519
561191.2938260059
561650.7781147811
561828.3908285265
561857.3634095488
562975.8240265958
563993.9644299536
563993.9644299536
564038.202729407
564213.1912154221
565048.0692056151
565049.6603454516
565143.537595803
565143.537595803
565143.537595803
565143.537595803
565343.7906152215
565343.7906152215
565477.4555854837
565586.6769582583
565629.5316578537
566228.6119482815
566228.6119482815
566271.7249198505
566323.1948345605
566449.8495655432
566449.8495655432
569430.7047711776
570437.4028037114
571848.4625066858
571944.2076168453
572656.3925836486
572673.7198658676
572683.0499409088
572683.0499409088
572683.0499409088
572683.0499409088
572683.0499409088
572683.0499409088
572683.0499409088
573786.885907459
578349.4909185246
589055.6021381742
589082.9974153585
589129.0712906232
589133.7017381473
589133.7017381473
589247.1615384861
589305.1943285217
589420.5127646695
589421.6565405519
589575.3514247555
589975.6591476129
590001.0435930038
590019.9158950641
590071.7455457372
590098.3660070013
590450.9164747669
590458.8029939564
590467.5657930557
590467.5657930557
590467.5657930557
590467.5657930557
590469.6780888386
590506.6432650394
590506.6432650394
591513.4750455596
591787.5846253871
591820.5604219979
591834.7838285362
591861.0722258342
591862.1237617262
592584.7502954563
592651.3844646078
592764.3969009926
592849.2392442726
592849.2392442726
592873.1109538192
594550.7350053967
595204.0985302455
595239.1727866406
596304.3094651682
596316.7157438931
596348.9720685779
596369.8644264307
596369.8644264307
597645.6634073068
597656.4370381995
597675.2908922618
597679.773755801
597679.773755801
598204.9329178263
598246.5285415512
598547.7797385893
598547.7797385893
598595.2187657136
598601.6294450548
598610.6043961323
598628.8679142552
598628.8679142552
599967.8743486352
599985.8288627899
599990.0534543556
600014.8660118054
600032.2348020202
600091.9694198809
600098.0757072533
602749.1729467794
603283.5745558548
603328.2187112663
603328.2187112663
603344.4529495978
603344.4529495978
603344.4529495978
603344.4529495978
603344.4529495978
603344.4529495978
603344.4529495978
603344.4529495978
603344.4529495978
603344.4529495978
603365.4836674364
603373.3701866257
604060.0507960503
604060.0507960503
604060.0507960503
604060.0507960503
604060.0507960503
604060.0507960503
604060.0507960503
604060.0507960503
604090.0334049688
604114.5646304475
604114.5646304475
604114.5646304475
604114.5646304475
604114.5646304475
604114.5646304475
604114.5646304475
604114.5646304475
604114.5646304475
604114.5646304475
604114.5646304475
604475.0108414016
604475.0108414016
606883.9089258205
606891.0621370852
606924.379221661
606932.2980248472
606932.2980248472
610918.4538271589
611031.8628955029
612097.9358099344
612097.9358099344
612097.9358099344
612097.9358099344
612097.9358099344
612104.7984652291
612115.0924481711
612115.0924481711
612115.0924481711
612115.0924481711
612115.0924481711
612115.0924481711
612115.0924481711
612115.0924481711
612115.0924481711
612115.0924481711
612133.0792463224
612133.0792463224
612133.0792463224
612184.2447690637
612326.0637544879
612331.0493259756
612336.4684254185
612344.9914005426
612344.9914005426
612351.4481998789
613169.6722597837
613187.9173299086
613221.7048384359
620471.2054293483
621946.3995977312
621953.6312129879
621987.9813854574
621988.8853373646
622000.6367121568
622000.6367121568
622000.6367121568
622000.6367121568
622000.6367121568
622000.6367121568
622000.6367121568
622000.6367121568
622000.6367121568
622000.6367121568
622000.6367121568
622000.6367121568
622000.6367121568
622000.6367121568
622000.6367121568
622000.6367121568
622000.6367121568
622000.6367121568
622000.6367121568
622000.6367121568
622000.6367121568
622000.6367121568
622035.6279525605
622062.8433617634
622089.2793430462
622554.187343264
622573.161109314
622573.161109314
623546.7542092503
624363.5485493019
624734.46399918
624757.5977888025
624757.5977888025
624757.5977888025
625312.3659877846
626761.9543347991
626926.8056458561
626926.8056458561
626945.5119159335
627345.8150267913
627357.1052016309
627391.9719180473
627393.424697898
627905.8132332359
627935.408434194
628493.9999807833
628545.0870995327
628590.5152948637
628590.5152948637
629672.6702516422
635036.877676321
635055.7315303831
635055.7315303831
635055.7315303831
635546.6327599294
635546.6327599294
635546.6327599294
635546.6327599294
635546.6327599294
635546.6327599294
635546.6327599294
635546.6327599294
635546.6327599294
635546.6327599294
637885.5391395418
637999.2987198499
638044.9990231529
638063.6176652393
638601.1047019976
638601.1047019976
646438.9949684367
646458.5452344273
646529.7960151043
646531.1150469688
646849.5367182421
646890.449766037
649712.0756880366
649730.412998152
649751.369923998
649779.8167370744
649794.2799675879
650036.4376146995
650036.4376146995
650072.7709469652
651513.3059389102
654299.115072591
654318.2087506285
654318.2087506285
654318.2087506285
654318.2087506285
654318.2087506285
656966.52956644
656982.952896752
662223.5725701328
664761.3668173039
664792.2441541305
664944.587722473
664946.5385982724
665179.2462583553
665252.1204628655
665463.765121113
665465.808236903
665846.6394857621
665846.6394857621
665846.6394857621
665846.6394857621
665846.6394857621
665846.6394857621
665846.6394857621
665846.6394857621
665846.6394857621
665846.6394857621
665846.6394857621
665846.6394857621
665846.6394857621
665846.6394857621
665846.6394857621
665846.6394857621
665846.6394857621
665846.6394857621
665846.6394857621
665846.6394857621
665846.6394857621
665860.5677243306
665892.6026730381
665892.6026730381
669481.3378641958
669666.5004211653
669793.9668640646
669793.9668640646
671259.2821294627
671307.7081244856
671408.3880741379
671410.0945139625
671483.0563464636
671484.0479263618
671593.0433111595
671594.0026070608
673523.4049367611
673523.4049367611
673523.4049367611
673537.5176553107
673912.196496802
673912.196496802
677318.6193466975
677318.6193466975
677318.6193466975
677318.6193466975
677318.6193466975
677318.6193466975
677318.6193466975
677318.6193466975
677318.6193466975
677318.6193466975
677318.6193466975
677318.6193466975
677318.6193466975
677318.6193466975
677318.6193466975
677318.6193466975
677339.7884245218
677435.4643546884
677450.8914931028
677451.8369530056
677467.9097713537
677467.9097713537
677489.6553491188
678074.2677970337
678334.3753463003
678350.655704627
678350.655704627
680049.0614260687
680075.0731033952
680075.0731033952
682670.1622206778
685593.348984239
687337.930044935
692383.6143343507
694850.3930128207
701574.7851737026
701582.2197169386
701627.020680334
701627.6386882705
703848.0212920645
703869.0704579011
703873.0137174958
703873.0137174958
704770.9239052107
704793.8686028523
704795.0815587277
704795.0815587277
723188.6626802763
723223.4740526985
723287.3963661287
723424.8708479994
723424.8708479994
723424.8708479994
723441.2065503204
723441.2065503204
726829.481182081
726924.5022083151
726924.5022083151
727819.9034682877
727850.0382731905
727851.4080370497
733245.9393586118
733303.3587527103
733463.7179762289
733489.5912935698
734733.7842416944
734983.122772068
735000.7590582554
735111.2441188999
735178.1688440215
735178.1688440215
739022.0444609566
739073.3852396798
739075.0455595092
755634.7434735403
757331.6456831364
757331.6456831364
757331.6456831364
757331.6456831364
757331.6456831364
757331.6456831364
757331.6456831364
757331.6456831364
757331.6456831364
757331.6456831364
757331.6456831364
757331.6456831364
757331.6456831364
757360.0094802212
760066.6905380345
760396.845136102
760477.4213798206
760496.3859218714
760512.9798961659
760512.9798961659
762993.096477265
762993.096477265
763309.8117087138
763586.347200292
763586.347200292
763586.347200292
763586.347200292
763586.347200292
763586.347200292
763586.347200292
763586.347200292
763586.347200292
763586.347200292
763586.347200292
763586.347200292
763586.347200292
763586.347200292
763586.347200292
763586.347200292
763586.347200292
763586.347200292
763586.347200292
763587.4402441797
763587.4402441797
763635.5341752367
763650.836789664
768284.1483654625
768300.2350198092
768316.3216741558
768331.8825605564
768331.8825605564
768843.6115799622
768861.0449381705
771722.5508200711
771747.37260152
774898.9363576093
776083.5745558548
776115.028392622
776115.028392622
778050.7307136749
778149.5658635169
778149.5658635169
778152.1255232538
778152.9787431661
778664.8184505603
778664.8184505603
778664.8184505603
778664.8184505603
778664.8184505603
778664.8184505603
778707.710046152
778707.710046152
778707.710046152
778707.710046152
778707.710046152
778707.710046152
778707.710046152
778808.7128357711
785307.979463791
785328.6227736693
785328.6227736693
787974.7851737026
787984.5072687034
788009.098450176
788009.098450176
788009.098450176
788026.4026723974
789254.4028901864
794623.3606743768
794690.6681954592
794696.8667228221
797040.1176059879
797113.7389544212
797113.7389544212
797113.7389544212
797132.8326324589
797132.8326324589
797178.7496997396
797200.6013534938
797220.5528634432
797317.6815734605
797344.315870723
797381.0965669428
797393.7795656393
797393.7795656393
797553.9450851778
798389.7316392775
798415.9785285799
798435.9761585246
798448.47467724
799276.4900121385
818878.193633519
818935.7513876033
818962.648568839
823500.925282405
830735.4922188522
830735.4922188522
830800.5398601667
831299.1708009186
831299.1708009186
831299.1708009186
831299.1708009186
831299.1708009186
831299.1708009186
831299.1708009186
831299.1708009186
831299.1708009186
831299.1708009186
831299.1708009186
831299.1708009186
831299.1708009186
831299.1708009186
831299.1708009186
831299.1708009186
831299.1708009186
831306.1994881962
831307.9566600156
831372.9720173335
831404.6011100827
831473.3014550218
831475.109358836
831577.9661722647
831594.9613905179
831605.7765294063
831617.8184601687
831883.0499409088
831901.5348350089
831970.8531878846
831972.3935957262
832366.479731223
832663.8614606587
832781.8686925301
832808.4476457984
833053.5477486076
833097.98897604
833108.089255002
833108.089255002
833108.089255002
833159.7436496931
833161.8098254807
835443.6242629609
835472.1079720333
835637.6510830192
835672.388663449
837242.6176940643
837258.3907324432
837264.6999477947
837264.6999477947
837264.6999477947
837264.6999477947
837264.6999477947
837264.6999477947
837264.6999477947
837264.6999477947
837264.6999477947
837264.6999477947
837264.6999477947
837264.6999477947
837264.6999477947
837264.6999477947
837264.6999477947
837264.6999477947
837264.6999477947
837264.6999477947
837264.6999477947
837264.6999477947
837264.6999477947
837335.2635405423
837451.3060606158
837451.3060606158
839213.1959555326
839281.5550125068
839514.9867565152
839517.5141322555
839526.3599473463
839556.6884562292
839557.9521440993
841132.6917102512
841132.6917102512
841224.5442928107
841238.6754593584
841238.6754593584
841238.6754593584
841238.6754593584
841238.6754593584
841238.6754593584
841238.6754593584
841238.6754593584
841238.6754593584
841238.6754593584
841238.6754593584
848782.5461440161
848811.3250210582
848812.2243609658
852996.8575628785
853031.539799314
853031.539799314
866792.1045130338
866801.2362720952
866806.5631315478
866864.1623936278
866864.1623936278
870044.117618799
870048.3606583629
870064.5948966944
870074.3216036947
870074.3216036947
870167.2580061429
870169.582453904
870187.1818440952
870187.1818440952
870187.1818440952
870187.1818440952
870187.1818440952
870187.1818440952
870199.2745068524
870199.2745068524
871607.9129100756
871614.4158294073
871614.4158294073
874575.6838730547
874595.8106389862
874595.8106389862
874750.349519103
875893.7472175872
876713.234965362
880094.0335458909
880094.0335458909
880094.0335458909
880094.0335458909
880094.0335458909
880094.0335458909
880094.0335458909
880094.0335458909
880094.0335458909
880094.0335458909
880094.0335458909
880163.2135387808
880163.2135387808
880163.2135387808
880163.2135387808
880163.2135387808
880163.2135387808
880163.2135387808
880163.2135387808
880163.2135387808
880419.1795124733
880548.9427311365
880549.5330670758
880993.6086654348
880994.4803333451
880999.1384528663
881022.4290504726
881022.4290504726
881225.260177626
882877.2830198348
882877.2830198348
882877.2830198348
882877.2830198348
882877.2830198348
882906.3063328519
882934.3288419717
882934.3288419717
886166.5564697706
886173.5713210496
886173.5713210496
886173.5713210496
886173.5713210496
886396.5614981311
889658.3981628868
890797.4790298147
890840.0662334376
890857.4165756544
890858.9938794924
891706.310432407
891748.9760400219
891827.0986999926
891828.1825198813
891859.6132966508
891926.0260898251
891926.0260898251
897001.0703682234
897001.0703682234
897001.0703682234
897001.0703682234
897001.0703682234
897001.0703682234
897001.0703682234
897001.0703682234
897001.0703682234
897001.0703682234
897001.0703682234
897001.0703682234
897064.0379977517
897093.2181187526
897093.2181187526
897093.2181187526
897295.777137934
897353.3072200211
897354.6769838803
900097.1886660111
900244.090074913
900447.6176139949
901106.4878662777
901107.8714661355
902620.9670466228
902887.3330792463
902887.3330792463
902914.5761604464
903081.5536032848
903239.9527270049
910074.9083525233
910210.2982106082
910210.2982106082
910220.6290895464
910220.6290895464
910564.5689541971
913735.157208331
921161.3711730813
921214.0678796653
921245.0005604861
921271.0491338089
924963.3467743227
924963.3467743227
924963.3467743227
924963.3467743227
924988.3345877544
925000.8284944703
925035.5337909035
925035.5337909035
927101.0085546186
927120.3789526278
927120.3789526278
927120.3789526278
927127.5782838878
927170.7742714483
927171.8027473425
927235.0332608437
927254.8879188031
927254.8879188031
939478.3469825032
939599.4119700604
941217.5181677551
941244.8857729422
941253.2150440862
941254.404939964
941254.404939964
941254.404939964
941254.404939964
941254.404939964
941254.404939964
941265.8334747894
941270.731418286
942738.8968993911
944931.1832020729
944931.1832020729
945172.7597372441
945172.7597372441
945172.7597372441
945172.7597372441
945172.7597372441
945172.7597372441
945172.7597372441
945172.7597372441
945172.7597372441
945172.7597372441
945172.7597372441
945172.7597372441
945172.7597372441
945172.7597372441
945172.7597372441
945172.7597372441
945172.7597372441
945172.7597372441
945172.7597372441
945172.7597372441
945197.8305666674
946256.2982938804
950098.6519509719
950117.6764490167
950155.725445106
950164.6035441936
950174.7499431507
950174.7499431507
950174.7499431507
950174.7499431507
950174.7499431507
950199.6178445948
950204.2805761156
950548.4602647417
950785.1942004106
950785.1942004106
950785.1942004106
950785.1942004106
950785.1942004106
950785.1942004106
950785.1942004106
950829.7461158317
950829.7461158317
950829.7461158317
950829.7461158317
950829.7461158317
950829.7461158317
950829.7461158317
950829.7461158317
950829.7461158317
950829.7461158317
950829.7461158317
950829.7461158317
950829.7461158317
950829.7461158317
950829.7461158317
950829.7461158317
950829.7461158317
950829.7461158317
950829.7461158317
950829.7461158317
950829.7461158317
951319.236073523
951332.5463041549
951374.8660118054
951375.7330677162
951388.7389063796
951912.3530485637
957260.1509789289
957266.3264462942
961026.4158678405
961576.6643072873
961601.0710087788
961601.0710087788
961647.0065240577
961647.0065240577
961764.2988960026
961764.2988960026
962578.9993882695
962585.4331276083
968180.9231045162
968195.5846510094
968266.3004397413
968266.3004397413
968459.0082279353
968515.472938132
968541.032639505
968541.7843954278
968542.5361513505
968560.5782934962
968560.5782934962
969057.7518423977
969095.2012785488
969096.3219944336
977448.2703400389
977468.1941779911
977734.6755106028
977734.6755106028
984802.1035842282
984823.0236140781
987638.049764756
987653.1817352008
988753.0882781547
988778.569575536
988798.0506615337
988946.7323022524
988946.7323022524
992811.4034250502
997522.8099888223
997676.776980998
999168.3898676933
999230.8363412751
999230.8363412751
999234.8211088656
1001003.098623126
1005488.4434181323
1005494.1161775491
1005494.1161775491
1005494.1161775491
1005494.1161775491
1005494.1161775491
1005494.1161775491
1005494.1161775491
1005494.1161775491
1005494.1161775491
1005603.9509462606
1005603.9509462606
1006337.4433508739
1006401.79458026
1006401.79458026
1006692.3136544011
1006696.3906619821
1006798.3158515064
1006802.3928590874
1006850.0440381899
1006850.0440381899
1009493.1579065366
1015344.5954091388
1015374.4027620753
1015374.4027620753
1015374.4027620753
1015534.3469056366
1015535.7305054944
1017347.0564233303
1018625.6502759192
1018695.6604287238
1018695.6604287238
1018695.6604287238
1020630.3019898856
1020654.4504194037
1020655.5480752909
1033828.2627174285
1033960.438011844
1033960.438011844
1033976.5431141887
1037185.1942004106
1037185.1942004106
1037185.1942004106
1037185.1942004106
1037185.1942004106
1037185.1942004106
1037185.1942004106
1037185.1942004106
1037185.1942004106
1037229.7461158317
1037229.7461158317
1037229.7461158317
1037265.7197121343
1037265.7197121343
1037265.7197121343
1037265.7197121343
1037275.7323631053
1038236.8177203271
1038801.843006255
1038865.3825237246
1038865.3825237246
1040903.4804582534
1040903.4804582534
1040907.2899698619
1040913.8205611907
1040925.249096016
1041288.674658664
1041296.5150578582
1041302.160145278
1041302.160145278
1041307.49161673
1041307.8375166944
1041328.245614597
1041328.245614597
1045903.8103443306
1045903.8103443306
1045914.9483231859
1045932.8659413443
1045932.8659413443
1045932.8659413443
1045932.8659413443
1045932.8659413443
1045932.8659413443
1045956.5254989127
1045970.2231375049
1045970.2231375049
1045970.2231375049
1045970.2231375049
1045970.2231375049
1046498.7582831832
1046510.3805219887
1046515.3614814768
1046525.876840396
1046669.6420896201
1046669.6420896201
1048422.8844854258
1048468.2019927681
1048487.175758818
1048487.175758818
1048592.753651967
1048592.753651967
1053371.3754968308
1053372.307120735
1053435.0210902896
1053663.8915667667
1053676.5976254607
1053912.3630412293
1053912.3630412293
1053932.7849751303
1053932.7849751303
1056183.459191811
1056246.9940972812
1056246.9940972812
1057985.9577425544
1057991.5290379818
1058016.5998674051
1058080.485284839
1058080.485284839
1058367.6468233252
1062583.6139500174
1064222.229709604
1064391.47164421
1064391.47164421
1064391.47164421
1064391.47164421
1064391.47164421
1064391.47164421
1064391.47164421
1064391.47164421
1064391.47164421
1064391.47164421
1064391.47164421
1064391.47164421
1064391.47164421
1064391.47164421
1064391.47164421
1064391.47164421
1064391.47164421
1064391.47164421
1064391.47164421
1064397.2135836198
1064397.2135836198
1064441.2351190953
1064506.310432407
1064506.310432407
1064506.310432407
1064506.310432407
1064506.310432407
1064506.310432407
1064506.310432407
1064506.310432407
1064506.310432407
1065469.8493733767
1074394.548104116
1074498.5025734317
1074752.0057393773
1074752.0057393773
1086733.2887079676
1087254.961198351
1087254.961198351
1095197.4147180435
1095443.464892755
1095443.464892755
1096616.3424922093
1096652.9709924448
1107889.083973622
1107906.830947798
1107906.830947798
1115910.9192291554
1115910.9192291554
1115910.9192291554
1115910.9192291554
1115910.9192291554
1115910.9192291554
1115910.9192291554
1115910.9192291554
1115910.9192291554
1115910.9192291554
1115910.9192291554
1115910.9192291554
1115910.9192291554
1115910.9192291554
1115910.9192291554
1115910.9192291554
1115910.9192291554
1115910.9192291554
1115910.9192291554
1115910.9192291554
1115923.454643867
1116111.1538005758
1116111.1538005758
1121174.4098081857
1121207.6162047728
1121207.6162047728
1121431.2981817832
1121432.9769496107
1124344.772074343
1124403.0400763543
1124403.0400763543
1124406.7757959703
1124406.7757959703
1124445.5165919885
1124445.5165919885
1125631.2616701203
1125637.4186894875
1125669.1999782212
1135365.7906216271
1135411.8829448898
1135582.1118473941
1135582.1118473941
1135582.1118473941
1135582.1118473941
1135582.1118473941
1135582.1118473941
1135582.1118473941
1135582.1118473941
1135582.1118473941
1135582.1118473941
1135587.0236268893
1135587.0236268893
1137967.714722207
1137967.714722207
1137981.6429607756
1138115.4831870198
1138150.626623408
1138151.7980712876
1143192.7504491895
1143214.6021029437
1143795.5480112354
1143795.5480112354
1144039.7257141394
1144841.175931768
1144841.175931768
1145706.2994148526
1145757.1052016309
1145757.1052016309
1146035.7806609892
1146035.7806609892
1153107.6178061615
1153107.6178061615
1153107.6178061615
1153113.927021513
1153202.2560364348
1153202.2560364348
1153202.2560364348
1153202.2560364348
1153202.2560364348
1153202.2560364348
1153202.2560364348
1153202.2560364348
1153202.2560364348
1153202.2560364348
1153202.2560364348
1153202.2560364348
1153284.4418679879
1153284.4418679879
1153284.4418679879
1153284.4418679879
1153284.4418679879
1153284.4418679879
1153284.4418679879
1153284.4418679879
1153284.4418679879
1153284.4418679879
1153284.4418679879
1153284.4418679879
1153284.4418679879
1153284.4418679879
1153284.4418679879
1153284.4418679879
1153284.4418679879
1153322.144964113
1153374.9292986877
1153374.9292986877
1153374.9292986877
1153374.9292986877
1153374.9292986877
1153374.9292986877
1153374.9292986877
1153374.9292986877
1153374.9292986877
1153374.9292986877
1153374.9292986877
1153374.9292986877
1153374.9292986877
1153374.9292986877
1153374.9292986877
1153374.9292986877
1153374.9292986877
1153374.9292986877
1153412.6370068123
1164247.805809198
1164274.3201944726
1164296.2364162202
1164312.0647985933
1167785.8689615636
1171723.6172168504
1171771.5681759221
1171780.6399789897
1172830.0036191386
1172946.9869871151
1172968.8617008668
1172982.4578754695
1174480.4353215108
1177171.7860928997
1177205.7765294062
1177207.4968052295
1177209.2170810525
1177219.5387359918
1177308.993078798
1177308.993078798
1177308.993078798
1177308.993078798
1177308.993078798
1177308.993078798
1177308.993078798
1179129.026451739
1179207.292083695
1179207.292083695
1179408.7442229902
1179408.7442229902
1179408.7442229902
1179408.7442229902
1179408.7442229902
1179408.7442229902
1179408.7442229902
1179412.9226945608
1179492.313654401
1179492.313654401
1179492.313654401
1179492.313654401
1179492.313654401
1179520.852707468
1188698.233668237
1188698.233668237
1188720.302085969
1188853.473572282
1188872.221350355
1188873.4712022266
1192704.9451524362
1196183.7856188887
1196199.8353772392
1196243.9722127027
1196245.3096925654
1197268.0205874534
1199419.3200503476
1203129.9688369753
1207373.8293368008
1207433.0059027188
1207433.0059027188
1207666.4653187245
1207666.4653187245
1209028.8499787014
1209028.8499787014
1209028.8499787014
1209028.8499787014
1209028.8499787014
1209028.8499787014
1209028.8499787014
1209028.8499787014
1209028.8499787014
1209028.8499787014
1209028.8499787014
1209028.8499787014
1209052.3158322896
1209488.3434914758
