201384.52738214578
201389.3238616528
202139.07356459522
203798.42487405078
203801.5887057256
203839.55468582353
203859.4231797815
203865.05443120273
205582.48926268858
205805.67775574978
205827.17889753994
206594.9061746346
206613.50175672342
210335.43149419175
226200.1979316463
226219.08406970525
230790.50722386452
239522.71954238717
239526.70430997762
244776.0268264639
244953.3489842391
248145.01868820642
274601.403457078
274605.83097662294
274674.3652895791
276666.2878848537
276670.35566843563
276681.20309132076
276681.20309132076
276996.8252788818
278835.4127259159
278841.19156132196
279791.83996361645
292038.5711769246
292104.47203815146
292115.9005729769
314353.7216594231
314371.9344455512
314371.9344455512
314908.6420543896
323798.34032072616
323805.92244794685
323809.7135115572
323822.3503902584
323823.61407812854
330308.8786755875
331660.82176863775
331703.0584602968
331703.0584602968
336755.3655810319
336757.29339683376
336760.18512053654
336762.1129363384
336762.1129363384
338587.3209727476
341911.47958709794
348223.9971303114
351037.78726511635
351038.71427702106
351039.02328098926
351039.3322849575
351039.3322849575
351039.6412889258
351053.48651150276
351053.48651150276
351053.7493954758
358427.1052336586
358431.04849325336
358434.9917528481
358435.780404767
358439.5022883845
358440.1802523148
358440.8582162451
358440.8582162451
358442.8921080361
358797.74396356515
358798.80472345615
358799.86548334715
358800.9262432381
358800.9262432381
358801.9870031291
358803.0477630201
358898.3870172213
363143.0131089681
367154.7332246524
367261.6808816606
367267.3767010752
401854.70741026616
404461.0129103959
404466.73178980814
404468.1615096612
404471.02094936726
404474.078705053
404474.078705053
413237.86938433006
413247.8128553081
413249.2333511621
413250.6538470161
413252.07434287015
413252.07434287015
413253.49483872415
419469.17422789044
428414.516268508
429545.0095923185
432093.11627042975
432100.6707256533
446149.07032979
446152.40480544727
446153.51629733306
446154.6277892188
446154.6277892188
446156.8507729903
446157.9622648761
446159.07375676185
451047.9223902969
453162.03530101303
453164.5534527542
453169.5897562366
470407.79120453255
496520.43442473316
496530.4332397055
496546.68131403555
496547.93116590707
496550.43086965015
498139.209362359
504539.78842452174
511961.72706571134
511973.2755125244
525450.8387113306
525452.0562792054
525452.3606711741
525452.6650631428
525452.8172591272
525453.1216510959
525453.578239049
525456.6221587361
525456.6221587361
530082.0010953499
543082.4806151894
551200.6282568243
607327.6432362145
620345.8282222343
620353.4149614546
620354.4987813431
620356.6664211204
620357.7502410089
620358.8340608976
620359.9178807862
693888.7772756534
708433.0360088269
764607.3701033536
764777.626677855
764779.213205692
764780.0064696105
764780.799733529
764782.3862613658
764783.1795252843
764783.9727892028
773001.651992608
787230.4268982061
805824.0534991944
853886.4661514466
853889.5377431308
853889.5377431308
853891.073538973
853892.6093348152
853894.1451306572
853894.1451306572
853897.2167223416
909305.0226596504
909312.7016388612
943335.8095500418
1088239.5308571593
1092390.7362865077
1095675.7067408857
1184946.1045578725
