1856.943205147504
1876.7425191125744
1877.4758270372067
2520.5868769396825
2561.135576772177
2573.8185754686465
8711.421424659464
8715.55377623475
8727.360495021281
8727.950830960608
10399.948243116429
10403.951458704989
10412.806497794887
10454.02393755865
10454.895605469063
10456.638941289886
10456.638941289886
10459.25394502112
10460.125612931533
10460.997280841944
10461.868948752357
10462.740616662768
10463.61228457318
10464.483952483593
10465.355620394004
10467.098956214828
10467.97062412524
10468.842292035652
10469.713959946064
10471.457295766888
10472.3289636773
10473.200631587712
10474.943967408535
10475.815635318948
10476.687303229359
16428.864711477796
19281.70925826877
19373.870844796606
21151.962694048278
21156.998997530656
25632.939925503393
25782.622370119367
25783.613950017454
25917.384996268764
25928.868875088476
45223.860691992086
62916.57469357427
63006.983720282224
63019.19629502705
77841.74307959863
79081.17183221289
82350.67364018077
82360.92611512703
82366.62193454163
82371.17859007331
82374.59608172208
82379.15273725375
82379.15273725375
92670.48839153314
92674.75449109467
92674.75449109467
99286.20339558466
99412.59063059486
99412.59063059486
99432.57903654048
99439.84754779344
141764.4623657636
141803.046353798
142129.18851227788
142131.0563720859
142162.27038487777
142164.28582867063
142168.31671625635
142170.3321600492
142174.36304763492
142176.37849142778
142180.4093790135
142182.42482280635
142186.45571039207
142188.47115418492
142190.48659797778
142192.50204177064
142194.5174855635
142198.5483731492
142200.56381694204
142202.5792607349
142204.59470452776
142208.62559211347
152135.40574386108
152135.40574386108
152147.89965057696
152159.00534543555
152164.55819286485
155605.33582722937
193355.44206335736
193365.9943182728
193479.0528746529
193479.0528746529
193486.63500187363
193498.00819270473
193503.06294418522
193524.22279801045
193526.10449381705
193527.98618962365
203537.69009284853
203845.8823491732
237317.93472099004
239326.47896255634
251910.91922915552
251972.20347885686
251972.20347885686
277621.53906267515
277651.3694756093
279557.73486767727
279574.1213019931
279631.9696120476
281463.2700998306
282325.11445125216
283223.8501868821
283264.20518273447
283307.6409942702
283330.9823238712
283332.093815757
283333.20530764275
283334.31679952855
283335.4282914143
283336.5397833001
283337.6512751858
283338.7627670716
283342.09724272887
283344.3202265004
283347.6547021577
283348.76619404345
283350.989177815
283353.2121615865
283353.2121615865
283354.3236534723
283532.60971914843
285410.10860618326
285501.8873967505
286854.6329777183
287348.1215389986
287369.81638476887
287379.30787979334
287386.08751909656
287391.5112305391
287403.7145812849
287406.42643700616
287410.49422058807
287413.2060763094
288693.0082727741
288705.6451514753
288708.17252721556
288711.96359082597
291668.12615099817
291701.05582761375
291728.617136781
292128.8925756416
292150.54591341614
292530.0212344145
292542.34910914744
294064.1152487437
294745.2891307342
294773.18250386737
296637.32042827545
296888.0056625105
299339.44483055704
299348.60426161566
299348.60426161566
299351.57900130993
299353.0271691611
299354.47533701226
299355.92350486346
299357.3716727146
299358.81984056573
299360.2680084169
299361.71617626806
299363.16434411926
299364.6125119704
299366.0606798216
299368.95701552386
299368.95701552386
299370.40518337506
299371.8533512262
299373.3015190774
299374.7496869285
299893.1107616525
300427.1941427606
302591.3703083314
305844.79468595167
311587.51813572727
311846.78630108025
330093.8211376906
330102.6669527815
334555.38646314084
334577.4179848765
334582.6018723437
334583.8978442105
334586.48978794407
334589.0817316777
334590.3777035445
334594.2656191449
334595.5615910117
334598.15353474533
334599.4495066121
334602.0414503458
334604.31055411254
334606.57965787937
334607.71420976275
334609.9833135295
334612.2524172963
334615.6560729465
334616.7906248299
334619.05972859665
334623.59793613025
334933.58887227
334935.17540010693
334960.559845498
335208.5562840095
335397.9618805428
340788.9973064642
346430.27982666565
346527.4269846811
347856.4945600825
347868.18136688136
354858.3123284512
354867.9744674582
354867.9744674582
359990.4208769845
361536.26626610593
367620.19466481335
382105.2676080697
382496.87248782144
432219.31441345933
432224.08783296874
432225.0425168706
432229.81593638
432231.7253041838
432232.67998808564
432233.6346719875
432235.5440397913
432236.49872369313
432237.45340759505
432238.4080914969
432240.3174593007
432240.3174593007
432241.27214320254
432243.1815110063
432243.1815110063
432244.1361949082
432245.0908788101
432247.0002466138
432247.9549305157
432248.9096144176
432249.8642983195
432251.7736661232
432252.72835002514
432253.683033927
432255.59240173077
432255.59240173077
432258.4564534364
467186.60470359895
467214.830140698
470487.2651803644
534284.3167034453
609807.9673572922
620492.1485191958
620493.1216510958
688129.8887675393
688167.564191667
688203.0950360151
698794.4412594602
699374.5846798344
699420.2434751417
699421.1428150493
699429.2368742173
699430.1362141249
699431.93489394
764743.5163293609
764753.828760301
764754.6220242195
764755.4152881379
764760.1748716488
764760.9681355671
764763.3479273226
810807.7617389801
822381.9804054076
855622.7917329909
855639.9852672237
855641.2258950962
855656.113429566
855657.3540574386
855794.2289793709
864695.6740085002
1080841.8928414723
1109410.7809332253
1139642.4239900843
1140023.4397189242
1140296.8667228222
