16446.298069686032
16473.513478888894
16482.32700998306
16489.784613216583
16495.208324659146
16497.920180380428
16499.84338418276
16502.333863926797
16510.427923094907
16863.22282683543
16863.22282683543
37891.87448955735
239505.86268411967
239510.8205836101
280810.26169894537
280811.5530588126
358774.49948595423
358779.3882054518
358781.8325652005
358782.8933250915
358786.07560476445
358786.07560476445
358787.1363646554
367339.6282856493
367614.61414538685
367617.9624570427
381633.85207652074
420726.8664986276
420885.86518228607
451060.8821089649
451064.77002456534
451069.95391203254
451069.95391203254
451072.5458557661
453177.14421146014
453183.4395908131
453187.3505664112
453188.74339026806
453188.74339026806
453190.1362141249
453191.52903798176
453191.52903798176
453192.9218618386
453195.7075095523
453195.7075095523
453198.493157266
453198.493157266
453202.67162883654
463815.0301221219
463820.9565415128
463900.00160138874
463900.00160138874
555500.9534668465
560331.5433223691
560334.4581060696
562654.4414516268
618209.4531898062
706112.2732353497
706115.4831870198
706116.6546348995
728937.0219934728
728940.6331891017
728941.8369209779
728943.0406528543
728947.8555803593
728949.0593122357
728951.4667759882
728953.8742397408
728955.077971617
728957.4854353697
728958.6891672459
728959.8928991222
728959.8928991222
728962.3003628748
728964.7078266273
728964.7078266273
728965.9115585035
728967.2075303703
728967.2075303703
728974.9833615711
728977.5753053047
728977.5753053047
728980.1672490383
728980.1672490383
728981.4632209052
728984.0551646388
728985.3511365056
728985.3511365056
728991.8309958396
728993.1269677064
728993.1269677064
728995.71891144
728995.71891144
728998.3108551736
728998.3108551736
728999.6068270404
728999.6068270404
729002.198770774
729003.4947426408
729007.3826582412
729015.1584894421
729015.1584894421
729016.4544613088
729017.7504331756
881819.1565805867
890623.4913476967
890652.0488487617
890676.9997661973
1156207.213551592
