92186.23766530334
92186.23766530334
92186.23766530334
92186.49132527728
92186.49132527728
92186.7449852512
92186.7449852512
92186.7449852512
92186.99864522513
92186.99864522513
92187.505965173
92187.75962514692
92187.75962514692
92188.01328512085
92195.06964439563
92195.31869237003
92195.31869237003
92195.31869237003
92195.31869237003
92195.31869237003
92195.31869237003
92195.31869237003
92197.31107616525
92198.30726806287
92198.55631603727
92198.55631603727
92198.55631603727
92198.55631603727
92198.55631603727
92198.55631603727
92201.54489173011
92202.04298767891
92202.04298767891
92202.29203565331
92202.29203565331
92202.54108362773
92202.54108362773
92202.54108362773
92202.79013160213
92204.03537147414
92204.28441944855
92204.28441944855
92204.53346742295
92204.53346742295
92204.53346742295
92204.78251539735
92204.78251539735
92205.03156337175
92205.03156337175
92205.52965932056
92205.52965932056
125540.73939320177
462187.04963344213
579594.1312306032
579639.1351219778
579639.1351219778
579643.7978534985
579645.3520973388
579646.906341179
579650.0148288596
579653.12331654
579656.2318042206
579657.7860480609
579660.8945357413
579662.4487795816
579665.5572672621
579670.2199987828
579671.7742426231
579677.9912179842
579681.0997056647
579682.653949505
579684.2081933452
579687.3166810258
579688.8709248661
579695.087900227
594663.9780417578
594731.004230869
594732.5400267112
594744.8263934484
594744.8263934484
594747.8979851326
594749.4337809748
594750.969576817
594754.0411685013
594755.5769643434
594757.1127601856
594760.18435187
594761.720147712
594764.7917393964
594766.3275352386
594769.3991269228
594772.4707186072
594775.5423102914
594777.0365981378
594780.0251738307
594781.5194616771
594784.5080373699
594786.0023252164
608807.57854011
608810.6409077953
608828.4801219617
608828.4801219617
609841.2152618751
766464.2349045092
779970.9136563228
780033.3140099094
780033.7244778671
780036.1872856141
802361.899247027
814629.6150581784
894608.5494941212
