591437.2848133901
796757.0469110813
797336.7060715052
797495.5018271845
797507.6775059331
797600.3510244084
797608.9016715295
797780.8739098546
797786.1546493119
797913.671824206
797966.3593067909
797977.5710776385
798037.8360754446
804259.1882240279
805382.8142805441
805454.1941972079
805457.4456568736
805460.720176537
805583.4547079226
805586.0650996544
805612.3765569503
805742.697827556
805753.5452504412
805754.9011783018
805757.6130340231
805761.680817605
805763.0367454657
805767.1045290476
807016.9241165939
807132.1825967479
807663.8954100996
807666.634937818
807771.9130509979
807774.9292986878
807785.7029295806
807787.0496334422
808193.1915356998
808194.7273315418
808565.2046414651
808719.4898616079
808721.366945415
809151.5096932059
813715.5767081212
813734.0938862182
813835.7884757662
813837.8638755529
814068.3716118619
814732.7762635758
825859.6401999814
828312.9149438393
829696.7546256114
830190.0771549088
830211.0479167535
830213.6952044814
830293.6119322677
830293.6119322677
830296.5912839615
830302.5499873491
830829.4663211938
830872.80066874
831029.5763686269
831165.7502666311
831168.1438943852
831172.9311498931
831195.6498595582
831657.3848041021
831782.6928312232
831782.6928312232
832021.2162227083
832222.1010860618
832226.4040816196
832268.188797325
832278.4274362727
832707.3618401878
832732.1974576352
832938.5890484228
832996.9861864209
833176.2730559942
833269.416998421
833275.020577845
833276.8884376531
833280.6241572691
833284.3598768852
833286.2277366932
834450.2918050534
834613.0215963284
834613.0215963284
835174.1174586602
835185.0294495386
835195.9414404171
835299.914357731
835299.914357731
835330.5610945811
836216.415515535
836358.6634169151
836429.5590736286
836455.2940309837
836456.7237508367
836458.1534706898
836461.0129103959
836463.872350102
836465.302069955
836465.302069955
836468.1615096611
836469.5912295142
836471.0209493673
836472.4506692203
836516.4076367025
836516.4076367025
836531.0599591966
836531.0599591966
836535.9440666946
836540.8281741926
836545.7122816907
836547.3403175233
836548.968353356
836550.5963891887
836743.3595213769
836784.3279131663
836805.7875469608
837037.0239791947
837155.9305509737
837157.6969467922
837697.766703285
837725.078964478
837999.7327602498
838190.1207126821
838973.1967241992
838991.792306288
839093.9711557863
839197.0631811908
839197.0631811908
839207.3294921356
839223.4622664775
839335.0634310074
839420.2378382534
839420.2378382534
839470.7161730652
839495.1413225549
840543.4810988089
840555.1448456101
840613.4635796163
840613.4635796163
840619.1962950272
842027.3504383
842156.6801290079
842157.9299808794
843447.4312123474
843488.9945520756
843505.0765944227
843506.5385982725
843637.4502048176
843637.4502048176
844046.36853079
844046.36853079
844075.4241278036
844080.266727306
844093.1803259787
844104.4797248174
844111.1210041348
844112.8274439594
844117.9467634333
844124.7725227317
844128.185402381
844129.8918422055
844135.0111616794
844179.3785971195
844181.085036944
844186.2043564179
844189.6172360671
844191.3236758917
844194.7365555409
844198.1494351903
845277.6432682422
845325.6910793041
845327.3790711305
846016.4855923057
846063.214371503
846137.5136838666
846138.8096557334
846372.3843717271
846451.5816275874
846535.3954949732
846558.3678646121
846558.3678646121
846712.196496802
846713.2434206945
846720.5718879412
846728.9472790804
847192.9144313949
847201.5480945075
847203.5404783027
847204.8687341663
847206.8611179615
848405.1001028091
848440.5894391616
848440.5894391616
848543.1049646253
848578.8664089498
848578.8664089498
849748.1189767766
850080.8286225814
850086.3860820103
850088.6090657818
850090.8320495534
850094.1665252106
850097.5010008679
850103.0584602967
850107.5044278398
850108.6159197256
850113.0618872687
850117.5078548117
850118.6193466975
850120.9714664557
850122.1475263349
850125.6757059722
850126.8517658514
850130.3799454888
850131.5560053679
850133.9081251262
850138.6123646427
850138.6123646427
850175.0702208956
850234.4358787942
850235.4643546884
850365.4166653322
851763.7656976129
851804.8955093857
851866.880783015
851868.4304148558
851879.2224937466
851888.1882208252
852136.2584513291
852253.569271272
852297.401714767
852313.8388810777
852345.9383977785
852507.6627731569
852509.7012769474
853005.445105996
853050.8271813317
853704.9470741027
856263.961131093
856275.5787578989
856276.6349057903
856277.6910536818
857670.6025385214
857777.2688635585
857777.2688635585
858160.4614561748
859141.4706513489
859257.04735947
859773.3099744099
861020.8604581893
861850.4069769304
861859.8984719549
861878.8814620039
862011.6286443605
862011.6286443605
862027.6784027109
862113.2678899141
862113.2678899141
862121.7355210439
862123.1467928988
862124.5580647538
862125.9693366087
862127.3806084637
862128.7918803187
862130.2031521735
862131.6144240286
862138.6707833033
862141.4933270132
862142.9045988681
862145.7271425781
862147.138414433
862149.9609581429
862151.3722299979
862152.7835018528
862155.6060455628
862155.6060455628
862158.4285892727
862158.4285892727
862164.0736766924
862165.4849485474
862166.8962204023
862169.7187641122
862171.1300359672
862172.5413078221
862177.5776113045
862179.2563791319
862180.9351469594
862182.6139147868
862852.6313699239
862893.7012257029
862908.6994481614
862911.1991519046
862914.9487075192
862914.9487075192
862919.9481150054
862921.1979668769
862929.9469299777
862934.9463374638
862947.4448561793
862947.4448561793
862947.4448561793
862947.4448561793
862948.6947080508
862948.6947080508
862948.6947080508
862948.6947080508
862949.9445599223
862951.194411794
863212.5794849293
866178.7915920686
866201.6671097176
866202.8293335981
866213.2893485231
866277.3638579376
866279.8681736803
866318.0001857611
866369.6868644488
866429.6382462872
866429.6382462872
869475.6241092274
869477.8194210018
869478.1330369696
869478.7602689052
869479.3875008407
869479.3875008407
869479.7011168085
869480.0147327762
869480.328348744
869480.6419647117
869480.9555806796
869481.2691966473
869481.5828126151
869481.8964285828
869481.8964285828
869482.2100445506
869482.5236605183
869482.8372764861
869482.8372764861
869483.1508924539
869483.7781243895
869483.7781243895
869484.0917403572
869485.0325882605
869485.3462042282
869485.6598201961
869485.6598201961
869485.9734361639
869486.7390280851
869487.5046200065
869488.2702119278
869489.0358038491
869489.8013957704
869489.8013957704
870019.4710933322
870020.7624531995
870021.0207251728
870021.2789971463
870021.5372691198
870021.7955410932
870022.0538130667
870022.3120850401
870022.5703570136
870022.8286289871
870023.0869009605
870023.345172934
870023.6034449075
870023.6034449075
870024.1199888544
870024.1199888544
870027.2192525358
870027.2192525358
870027.7357964828
871291.8018505648
873774.8562753621
873781.248506705
873782.9918425259
873784.1540664064
873788.175729993
873790.7215537314
873792.4187695569
873794.9645932954
873795.8132012081
873796.6618091209
873798.3590249465
873800.056240772
873805.1478882487
873806.8451040742
873808.5423198998
873810.2395357253
873811.936751551
873813.6339673765
873816.1797911149
873818.7256148532
873822.1200465043
873834.8491651961
873839.09220476
873856.0643630156
873857.7615788411
873861.1560104922
873862.8532263179
873863.7018342307
873865.3990500562
873867.0962658818
873868.7934817073
873869.6420896201
873871.3393054457
873872.1879133584
873873.885129184
873876.4309529223
873879.8253845735
873884.9170320502
873893.6152631562
873910.5874214119
873926.222099805
873926.222099805
873996.799528551
873997.403700489
873999.2162163027
877525.39424589
877538.8013285121
878213.8873711282
878218.5916106447
878278.2339885149
878487.8954869662
878487.8954869662
878498.3970098869
878893.0135253292
878986.6970717006
878987.6240836052
879951.1999205711
880047.0603307188
880232.1998276906
880232.1998276906
880238.9794669937
880250.5048538093
880286.2616861342
880289.1211258403
880299.1291648117
880299.1291648117
880624.478059373
880678.3784978334
880678.3784978334
882026.1846273089
882268.2823184266
882278.290357398
883683.5712249662
888082.2565488792
890558.9740863276
891484.4271352116
893598.7983179012
893615.6782361664
893988.0603018939
893988.0603018939
893992.7922134075
893994.3695172453
893994.3695172453
893997.5241249212
893999.101428759
893999.101428759
893999.101428759
894002.2560364348
894002.2560364348
894003.625800294
894006.3653280125
894006.3653280125
894007.7350918717
894007.7350918717
894009.1048557309
894010.4746195901
894011.8443834493
894013.2141473085
894014.5839111678
894015.953675027
894020.0629666046
894020.0629666046
894021.4327304638
894021.4327304638
894024.1722581823
894024.1722581823
894025.5420220415
894025.5420220415
894028.2815497599
894028.2815497599
894029.6513136191
894032.3908413376
894032.3908413376
894033.7606051968
894033.7606051968
894036.5001329152
894036.5001329152
894037.8698967745
894037.8698967745
894507.6297204937
894512.3893040045
894585.512556489
894585.512556489
895367.9797840688
895449.0033917414
895466.7964859126
895501.109762386
895549.9001053714
895549.9001053714
895807.9184188528
895807.9184188528
895831.6240964164
902912.3624006739
902922.3243196501
902946.6756771472
903101.0623612797
903101.0623612797
903124.4129148799
903132.5761540408
903139.1067453696
903140.7393932018
903150.535280195
903155.4332236917
903158.698519356
903161.9638150204
903163.5964628526
903165.2291106848
903168.4944063493
903170.1270541814
903176.6576455102
903178.2902933424
903183.188236839
903184.8208846712
903186.4535325035
903188.0861803356
903189.7188281678
903191.351476
903192.9841238322
903194.6167716644
903197.8820673288
903199.514715161
903199.514715161
903202.7800108254
903204.4126586576
903206.0453064898
903207.677954322
903210.9432499864
903216.0625694602
903219.4754491094
903221.1818889341
903224.5947685833
906929.8936357609
907080.6276162688
907080.6276162688
909924.1697600159
914605.8289268453
914653.7014819251
915265.2341710732
915265.2341710732
921123.2114890033
921184.9938346534
921186.8109624666
921256.3968113149
921258.0248471475
925082.8529060401
925091.2098491812
925092.6026730381
925093.9954968949
925095.3883207518
925096.7811446086
925098.1739684655
925099.5667923223
925100.9596161792
925102.352440036
925102.352440036
925103.7452638929
925105.1380877497
925106.5309116066
925106.5309116066
925107.9237354634
925109.3165593203
925110.7093831771
925110.7093831771
925112.102207034
925113.4950308908
925114.8878547477
925248.4605850193
925248.4605850193
925336.3929679819
929389.5934074029
960468.732885158
982225.6976770256
982241.106367442
982292.4748181623
982293.4156660655
982293.4156660655
982298.119905582
982310.4016603198
999111.3163735591
999112.7876014079
999127.4998798958
999160.7800684754
999160.7800684754
1000120.698589817
1000188.6379548345
1000215.8303040398
1003225.5658507057
1003256.0050475773
1003257.3886474351
1007773.8736632408
1007827.7141457072
1007890.7002232336
1007917.1085325193
1007969.4408911407
1008008.4122871354
1008016.2065663342
1008236.5033356927
1008238.2835675097
1008250.7451902289
1008272.1079720333
1008584.8707198882
1008584.8707198882
1011685.7624371855
1043737.189819011
1043737.9046789376
1043738.1906229082
1043738.3335948936
1043738.4765668788
1043739.3436227897
1043739.7771507452
1043740.644206656
1043741.5112625669
1043741.9447905223
1043742.3783184779
1043743.6789023442
1043744.1124302996
1043744.5459582551
1043744.9794862105
1043746.2800700768
1043746.2800700768
1043747.1471259877
1043747.5806539431
1043748.0141818986
1043748.447709854
1043748.8812378094
1044660.9318160709
1044715.8238344293
1044723.6688456229
1044725.9102773926
1044733.7552885863
1044831.0315825883
1044831.6449785253
1045537.9865419292
1045562.1165234492
1045613.6602301516
1045613.6602301516
1045626.7583088054
1045644.4683869851
1045647.4200666818
1045648.6007385604
1045649.1910744997
1045650.288730387
1045651.3033702828
1045652.3180101785
1045652.8253301263
1045653.8399700221
1045654.3472899699
1045655.8692498135
1045656.3765697613
1045657.3912096571
1045658.4058495528
1045659.9278093963
1045661.4497692399
1045661.9570891878
1045662.4644091356
1045663.4790490314
1045664.493688927
1050081.7699829293
1050086.8339584088
1050088.5219502354
1050090.209942062
1050091.8979338885
1050094.4299216282
1050094.4299216282
1050096.1179134545
1050096.8742813768
1050098.3870172214
1050101.4124889104
1050102.925224755
1050104.4379605993
1050105.1943285216
1050106.7070643662
1050107.4634322885
1050108.976168133
1050109.7325360551
1050111.2452718997
1050112.001639822
1050113.5143756666
1050115.7834794333
1051121.7482040424
1075593.6864288712
1077763.62298185
1077789.8421991551
1077815.3511685336
1077818.4919402106
1079519.1806014176
1079602.657792838
1079604.078288692
1095401.763193041
1101522.3754359782
1101566.5998994329
1101566.5998994329
1101577.1014223536
1101578.0561062554
1101579.0107901574
1101579.965474059
1101580.920157961
1101581.874841863
1101582.8295257648
1101583.7842096668
1101584.7388935685
1101585.6935774705
1101586.6482613725
1101587.6029452742
1101588.5576291762
1101589.512313078
1101590.46699698
1101591.4216808819
1103119.8982797882
1103127.8770389683
1103127.8770389683
1103129.4727908042
1103131.0685426402
1103132.6642944762
1103134.2600463121
1103135.8557981483
1103135.8557981483
1103137.4515499843
1103137.4515499843
1103139.0473018202
1103142.2388054922
1103143.8345573281
1103143.8345573281
1103145.430309164
1103145.430309164
1103148.621812836
1103150.2175646722
1103155.0048201801
1103155.0048201801
1103156.600572016
1103158.196323852
1103161.387827524
1103162.9835793602
1103162.9835793602
1103164.5793311961
1103166.175083032
1103167.770834868
1103172.558090376
1103172.558090376
1103174.153842212
1103174.153842212
1103175.749594048
1103177.345345884
1103178.94109772
1103180.536849556
1103182.132601392
1103196.494367916
1103199.6858715878
1103202.87737526
1103204.473127096
1103206.068878932
1103210.8561344398
1103214.084534108
1103217.3129337763
1103222.1555332786
1103223.7697331125
1103225.3839329467
1103226.998132781
1103228.6123326148
1103230.226532449
1103231.840732283
1103233.4549321171
1103236.6833317853
1103238.2975316194
1103239.9117314536
1103241.5259312876
1103243.1401311217
1109251.9298335516
1109296.3895089822
1109296.3895089822
1112664.0900108572
1129508.5004916263
1129521.3910303016
1129527.866277636
1129572.5012090486
1129577.7911725047
1129600.3438501868
1134961.5580871734
1134961.5580871734
1134964.841830836
1134964.841830836
1134965.6627667514
1134965.6627667514
1134967.3046385827
1134968.1255744982
1134968.946510414
1134970.5883822453
1134970.5883822453
1134971.4093181607
1134971.4093181607
1134973.8721259076
1134973.8721259076
1134974.6930618233
1134977.9768054858
1134977.9768054858
1134978.7977414015
1134978.7977414015
1135013.4845898363
1143674.7320716525
1151850.045447412
1163366.0606798215
1163413.85021891
1163499.0061781576
1163499.0061781576
1163521.1437758824
1163524.0954555792
1166216.857498823
1166230.3844934327
1166485.2297512405
1166487.1437310437
1166519.6813876994
1169127.4903996747
1169176.737330613
1169178.070198476
1196339.2007789155
1196416.7100429493
1196627.1555813202
1196627.1555813202
1196889.9196423138
1196896.3579936519
1196898.4426174378
1196899.4849293306
1196901.5695531163
1196902.6118650092
1196903.654176902
1196904.6964887949
1200511.5476140908
1200704.9472022138
