799420.5236898203
799583.3336134903
800045.8689323727
800302.3763934626
800379.1850487855
800704.1887544985
800712.3746361143
801233.8505031365
801251.9826710167
801476.6983244065
801635.0577250744
801736.3580100703
809002.1476325461
809187.6667761826
810740.8497925565
810776.6520220967
810812.0361555329
811246.6800632646
812557.763430344
813258.839080372
813312.3113715722
813996.7511976712
814313.54701671
815426.6948861162
818933.3659334194
820309.3257130632
820315.8282077338
820386.8110239229
822319.5372825281
822948.8929469205
822956.3471603543
823018.7149962942
823108.0005195639
823319.7331886705
823371.621115687
823377.1223802138
823422.5078125597
823905.5188380106
824004.8386677771
824087.401645795
824428.3645199001
824774.9716914096
824794.7102285316
825359.4480397925
825385.7880943466
825468.3400698355
825468.3400698355
825646.8891113165
825659.8720955998
825669.6093338121
825681.6901107129
825693.7708876138
825708.5362816036
825763.0208054768
825814.5126414475
825826.0983045409
825847.2781729689
825930.1052116841
825947.6817518472
826007.7170516278
826022.9005417217
826045.6757768627
826087.3753619755
826095.2091626617
826193.6212837812
826198.0277966672
826256.8693220456
826938.420984268
826976.1816639797
831552.3975580499
832089.6730567928
832309.8226606254
832439.3334301148
832439.3334301148
834850.1855912714
834881.9718977071
834933.1061514835
834933.1061514835
836027.346174711
838360.8285515629
838665.5160873784
838688.8194439139
838694.6452830477
838698.5291758035
838769.9575944192
838772.1525989654
841567.9777504413
841640.858502892
841640.858502892
842722.6051543793
843141.240382338
843141.240382338
843171.359805622
843179.3916518311
843183.4075749357
843185.4155364879
843186.9999006717
843188.5842648554
843191.7529932228
843703.6346549103
844125.8842136629
844130.5877948334
846763.7900656331
849137.0135774266
849481.7778253196
849482.4214732692
850466.2071073281
850763.7374979943
851035.3349276814
858844.5779689637
858908.0185514865
858908.0185514865
861076.2099343669
861748.7505252943
861794.2349804017
861794.2349804017
863004.2601181243
863303.7049488459
864132.0578549652
870542.1257803008
873987.4357230725
874016.9665110522
874017.934733609
874141.4436234996
874141.4436234996
874166.3203416896
874168.1522627771
880204.9648912355
880208.4636954744
880209.6299635541
880591.456230564
882091.326492409
882097.0037974006
889737.4020278272
889745.3018436877
889753.7737910589
889884.3518058665
889884.3518058665
889905.5206717654
892378.9772232367
903894.7522520802
903898.6801549523
908698.148366048
917187.1881661688
917601.3508660671
917603.1277745093
926866.9546680521
926870.9815936858
926877.6931364085
926881.720062042
929770.3735511428
933881.2814890089
934884.4810855829
938190.5925320334
939636.0717915021
942808.0844138479
950246.5147197029
950491.4585227576
950492.5862819856
956723.9786367562
960006.2531040121
960957.9388595574
960962.7579672828
960962.7579672828
964640.8044071241
964855.6012805721
967111.1912529895
967114.2719611244
967121.2035544282
967197.9902046928
967198.556834939
967205.9230281404
973967.8463313442
974024.7844191963
974046.3163685541
974046.3163685541
984456.0731668182
984486.1100711344
984499.1260630048
984503.1309835803
984825.5435937011
984836.4856088448
984934.2980921309
984935.4643602106
985155.4049159911
985156.7912346518
985166.4954652771
988355.0503900549
988402.0091840555
988404.1436746918
988406.2781653282
988408.4126559646
988410.547146601
988412.6816372374
988414.8161278738
988416.9506185101
988419.0851091465
988423.3540904194
988438.2955248741
988440.4300155104
988442.5645061469
988453.7430756653
988456.537718045
988459.3323604246
988462.1270028042
992696.1422382506
993461.8522452036
995890.781561595
996747.9996026864
996771.1709288732
996782.6575692052
996785.8262975726
996811.176124512
999805.6079279335
1004642.4132213723
1004667.8510685442
1004686.929453923
1004693.288915716
1004694.8787811642
1004696.4686466125
1004698.0585120607
1004699.648377509
1004701.2382429572
1004706.0078393018
1004710.7774356466
1004712.3673010948
1004717.1368974396
1004718.7267628878
1004720.316628336
1004727.4352646339
1004731.1211118668
1004732.9640354832
1004734.8069590997
1005133.9237005173
1005133.9237005173
1005148.7551096814
1014816.4903460449
1014827.6194041825
1014841.9281932167
1014846.6977895614
1021487.5437617953
1021521.0464627633
1024477.3875106013
1024718.4749272229
1024735.2152751778
1032339.9488076773
1032400.6827680529
1032430.0430168324
1032461.2626930218
1032478.745711688
1032486.2384339734
1032593.4030669549
1032593.4030669549
1036334.1254135498
1039446.8784144133
1039454.3711366988
1039458.6786268232
1039459.1572368371
1039459.6358468509
1039460.1144568648
1039460.5930668786
1040152.6136354953
1040210.0138295677
1040210.288892794
1041926.4743770964
1041944.4305045118
1042006.4517607867
1042006.8643556263
1043371.31548988
1050623.8415635817
1050653.9499843365
1053906.0500156633
1053928.4951749325
1054353.2698141031
1059568.5180968682
1079050.393722446
1079321.5290459127
1079325.6549943076
1079440.5379014206
1090962.3478174496
1091051.9524140619
1095164.279678176
1100020.5319417173
1100769.3310615148
1100782.8641722507
1100785.570794398
1100789.6307276187
1100792.337349766
1100793.6906608394
1100796.3972829867
1109929.8497085094
1110080.9639437953
1110084.1106671046
1120923.9068146916
1120966.2445464896
1121127.525118621
1121128.5098449714
1121149.7667311027
1128862.385562237
1128968.323413229
1128968.4059321969
1138578.3723897645
1144531.263227867
1148282.99360478
1150511.3248114672
1150709.15028385
1150723.184009658
1150731.854002552
1167600.617975382
1167622.1389222105
1167625.7257466821
1167627.5191589177
1167631.1059833893
1167641.8664568036
1167643.6598690394
1167666.8862078714
1167760.682768053
1167760.682768053
1167764.0935520595
1169060.5105479108
1171584.941816487
1172107.2758807752
1175644.8475309254
1178801.8582049068
1181442.3661549983
1185411.0499010535
1190859.0291796238
1193416.6000657096
1197268.1563887254
1199651.0181159696
1199708.313786016
1199923.0556468188
1199924.0568769628
1200100.9940479374
1200100.9940479374
1200102.1218071654
1200102.1218071654
1200102.1218071654
1200103.2495663934
1200104.3773256214
1200105.593105082
1200106.8088845422
1200108.0246640027
1200110.4562229235
1200111.672002384
1200112.8877818442
1200112.8877818442
1200115.3193407652
1200116.5351202255
1200117.750899686
1200135.9875915924
1200137.2033710526
1201706.1805178828
1201986.249894941
1203412.7277867345
1204644.185851053
