2548.900893191421
11717.099305465352
34235.13932716478
58162.779361089255
71036.60755354182
175547.57356031143
175556.55162401914
175564.03334377555
210892.86806897976
211554.04304739492
229468.6139105586
229486.27296968957
229487.8188250216
229489.3646803536
229490.91053568563
229492.45639101765
229546.5613276385
229548.10718297053
229582.76514948922
229582.76514948922
229629.2508347405
229629.2508347405
229673.8770925817
229673.8770925817
229706.34555581873
229706.34555581873
229711.70928873232
229711.70928873232
229715.28511067474
229717.07302164595
229718.86093261716
231076.21543563137
232143.50476394227
232160.09657775503
232160.09657775503
233008.14951214482
233017.0615606782
233025.97360921156
233027.4589506338
233925.7164250949
233937.36810336262
233937.36810336262
233949.01978163034
233950.9617280083
247818.67587619097
320126.4441201415
320140.42283330404
320154.4015464666
320154.4015464666
321190.7792694015
321205.72070385626
321207.8551944926
321209.989685129
321212.1241757654
321233.4690821293
321233.4690821293
411984.96932280966
412007.41448207886
412009.284912018
412013.0257718962
412014.8962018353
412016.7666317744
412046.8365436777
412048.3163838354
412057.19542478165
412079.39302714716
412079.39302714716
412085.312387778
412107.50999014353
412107.50999014353
412116.4770513222
412152.53784029523
412152.53784029523
412180.7593273176
412180.7593273176
412188.59862926824
412190.16648965835
412214.0859878208
446139.9882334064
446153.7358934588
446155.6998448949
446157.6637963309
446159.627747767
446161.59169920307
446163.5556506391
446167.48355351127
446169.4475049473
446171.41145638336
446173.3754078194
446179.2672621276
446179.2672621276
446183.1951649997
446185.1591164358
446187.12306787184
446189.0870193079
446193.01492218
446194.9788736161
446196.94282505213
446198.9067764882
446200.8707279242
446335.4481620428
446337.038027491
453388.7514421718
453460.11384561314
453469.5705193347
453508.370938042
473115.57087080437
473129.43405741185
473130.4242850267
474426.47819741897
474437.6072555566
474447.1464482461
474450.3261791426
480659.89501753525
480670.4849517493
480671.9977994942
480673.51064723905
480675.0234949839
480678.0491904736
480679.5620382185
480679.5620382185
480774.50836268615
480774.50836268615
480779.2284476501
511018.0511770414
511024.9167551708
511029.2077415017
511030.06593876786
511030.92413603404
511032.6405305664
511033.4987278326
511034.35692509875
511035.2151223649
511036.0733196311
511037.78971416346
511038.64791142964
511039.5061086958
511040.364305962
511042.08070049435
511042.9388977605
511043.7970950267
511044.6552922929
511045.51348955906
511046.37168682524
511047.2298840914
511048.9462786238
511049.80447588995
512029.2056021211
633021.8170982358
633029.4088432827
633030.674134124
633031.9394249651
633034.4700066474
633055.9799509471
633055.9799509471
633059.7758234706
633077.6659357116
633077.6659357116
633082.8151193087
633104.6991495962
633104.6991495962
633108.561037294
680091.1039968216
680093.7941151751
810065.8831439727
915097.8574102798
1094586.4928674577
