56676.99783769742
174306.6643235355
203003.3285706645
220420.78866739504
276432.9311807089
276500.60773691727
276517.6836620084
276589.90426271595
278189.1823745597
355086.13299306994
355092.21189037204
355139.8308361158
355140.2544334844
416279.1243820628
445783.73734518146
453218.069208964
453793.534486052
484171.5337067062
548718.7561029653
548727.8001818474
548730.8148748081
570781.6380015129
586301.4919123771
586602.8676869475
586602.8676869475
586646.2066488893
586749.3718625602
702192.9293469541
702214.2192406728
702215.7045820949
798279.5174168507
833997.5335997371
849255.8904025856
894192.0839859718
894219.3922630827
963153.6090587489
963179.2944628245
963179.2944628245
975030.9216910276
983627.5167139113
1009103.9497551173
1025210.9041175437
1037175.9124076437
1037178.2449438031
1037181.5181961964
1063547.962316338
1126285.1531567327
1148589.105968108
1151434.4700066473
1171204.6944123963
1182563.9254578657
1196473.097135522
1199152.554038463
