56974.28617272443
57041.896713758506
57048.16815531903
57052.871736489426
57251.36286188006
57293.744603794345
70747.05399643946
71995.15888721644
84363.14030516737
84363.9269859947
88329.95362128378
96789.1215550241
156022.4084841724
175534.57957349918
181671.28416323476
220176.4500034383
220297.2577724463
220297.2577724463
220303.7932747041
247600.27567447795
247638.34992626778
247638.34992626778
247757.12772866542
247757.12772866542
247759.504274941
257729.20942244364
257741.4222296931
257741.4222296931
274850.71799142717
310324.98964692577
378934.692349422
385421.376385822
388002.0140740684
388020.11873562605
388021.70860107424
388024.8883319707
388031.2477937637
409250.82985047257
409252.2271716624
409253.6244928522
409262.00841999095
446015.4341032556
446021.61752458377
446023.16337991576
446026.2550905798
446096.7813018131
446098.7452532492
469880.8383315887
470002.0091840555
470029.7575623286
592606.2381283476
889559.645168438
890365.3493685008
904338.4237349002
904339.9585877032
905806.441675135
905808.9282467011
928024.8168155319
970277.7851297763
1018420.3357299491
1126074.152155808
