2097.8522146410037
5820.013294722606
5821.04753245364
5821.3060918863985
5821.564651319157
5822.0817701846745
5822.340329617433
5822.598889050191
5822.85744848295
5823.891686213984
5824.150245646742
5824.150245646742
5824.667364512259
5824.9259239450175
5824.9259239450175
5825.701602243293
5825.701602243293
5825.960161676052
5826.21872110881
5826.477280541569
5826.735839974327
5827.252958839844
5834.492622957082
5834.492622957082
5834.9052177965905
73969.90380427723
73976.80238999381
74014.5630697056
74015.53129226231
74022.3088501593
162388.41678191308
180223.68141565874
180225.1117444357
180227.6148197954
180227.97240198962
180229.04514857236
180229.4027307666
180230.11789515507
180230.4754773493
180231.54822393204
180231.90580612628
180232.62097051475
180233.3086285806
180234.62893206702
180234.95900793863
180236.93946316827
180236.93946316827
180237.59961491148
180238.9199183979
180239.58007014112
180240.24022188433
180241.89060124237
180242.22067711398
180244.53120821522
180339.9011300514
180339.9011300514
180353.63228631025
231470.66710473032
231487.97408293156
231530.64739186576
231530.64739186576
231536.3467019155
231537.77152942793
231539.19635694037
231540.62118445282
231540.62118445282
231542.04601196523
231544.8956669901
231546.32049450255
231546.32049450255
231547.745322015
231549.1701495274
231549.1701495274
231552.01980455228
231553.44463206473
231556.29428708958
231557.71911460202
231557.71911460202
231559.14394211446
231561.99359713934
231563.41842465175
231564.8432521642
231564.8432521642
231566.26807967664
231567.69290718908
435873.0827711092
435874.5130998862
435874.5130998862
435874.8706820804
435875.58584646886
435875.94342866313
435876.30101085734
435876.30101085734
487071.6628336097
555887.9160140282
555901.5481475255
555901.5481475255
555903.8201697752
555906.0921920247
555910.6362365239
555910.6362365239
555919.7243255221
555921.6772744291
555923.630223336
555925.5831722431
555927.5361211501
555927.5361211501
555935.3479167782
555937.3008656851
555939.2538145921
555943.1597124061
555945.1126613131
555947.0656102202
555952.9244569412
555997.8422818023
555999.7952307094
556005.6540774304
574579.7825472384
684299.4338281925
684306.519456903
684307.5316895759
684308.5439222489
684309.5561549218
684310.5683875947
684310.5683875947
684314.6173182864
684315.6295509593
684315.6295509593
684315.6295509593
684316.6417836322
684317.6540163052
684322.7151796698
867917.5880011308
867920.4761650075
867963.8261294784
867966.422726335
867973.1452715867
970518.080364306
973176.1373482377
973182.2327493334
974915.8572421856
974917.0785229105
974975.9750609341
974978.2635869773
975020.0291872646
975020.0291872646
975032.9021462572
975033.8923738721
979082.6085162631
979123.9450179173
979134.3424078729
982899.8644549546
982902.5820796308
982910.7349536595
982913.4525783358
983026.723614942
983028.4180044163
994059.6306512122
994289.8420678641
994360.2472512779
994361.6500737322
994416.3601494511
1070068.743190275
