432.74391552354206
532.6306012574104
532.6306012574104
3283.8774104903778
3342.1961444965073
3342.708076443892
6124.18193057019
6126.09129837395
6126.303450352145
6126.713918309958
6127.124386267771
6127.534854225584
6127.945322183397
6128.766258099023
6129.176726056836
6129.587194014649
6129.997661972462
6130.818597888088
6131.2290658459015
6132.050001761527
6132.46046971934
6132.46046971934
6133.281405634966
6133.691873592779
6134.102341550592
6134.512809508406
6134.512809508406
6139.027957044348
7249.302274932822
7270.914104711605
7327.383426907815
7327.383426907815
7872.701638861219
7938.238152125522
7938.238152125522
8903.465084921643
8905.40212472256
8906.370644623017
8906.854904573245
8907.339164523473
8907.823424473703
8908.307684423931
8909.276204324391
8909.884988261821
8910.493772199252
8911.711340074113
8912.320124011543
8912.928907948974
8914.146475823836
8914.755259761267
8915.364043698697
8915.972827636127
8917.190395510988
8917.799179448419
8918.40796338585
8929.366074259598
8929.974858197029
8930.58364213446
10138.065074032202
10336.736177613226
10336.736177613226
10340.637929212213
10341.288221145376
10341.938513078541
10342.588805011705
10343.23909694487
10343.764864890833
10344.290632836795
10344.290632836795
10345.342168728721
10345.867936674684
10346.393704620647
10347.445240512572
10347.971008458535
10348.496776404498
10349.548312296423
10351.651384080273
10352.177152026235
10354.280223810087
10356.383295593938
10356.9090635399
10357.434831485863
10359.012135323752
10362.166742999529
10362.692510945491
10377.644613408747
10397.088803410317
10423.930640651573
10431.346735889363
10432.582751762327
10454.895605469063
10467.098956214828
10467.97062412524
10469.713959946064
10471.457295766888
10473.200631587712
10474.943967408535
10475.815635318948
10477.558971139772
10478.430639050182
10479.302306960595
10481.045642781419
10482.788978602242
10483.660646512655
10484.532314423066
10488.890653975126
10490.63398979595
10491.505657706362
10492.377325616773
10503.870428435539
10510.8022637231
10702.23714004785
10702.23714004785
11013.667020039777
11016.461891752528
11017.393515656777
11018.325139561026
11019.256763465277
11020.188387369526
11021.120011273775
11022.051635178026
11022.983259082275
11024.846506890775
11025.778130795024
11026.709754699274
11027.641378603525
11029.504626412023
11030.436250316274
11031.367874220523
11032.299498124772
11033.231122029023
11034.162745933272
11036.025993741772
11036.025993741772
11043.47898497577
11044.41060888002
11047.20548059277
11048.137104497018
11049.06872840127
16429.833231378252
18648.12198738746
18696.321994433576
18713.132732705806
18714.25344859062
38167.487581230445
38229.00243090808
38233.73434242175
38280.011145665514
53505.90957278151
53532.23947807538
53534.633105829365
53537.026733583356
53539.42036133735
53541.81398909134
53541.81398909134
53546.60124459931
53548.9948723533
53551.388500107285
53553.782127861276
53556.175755615266
53558.56938336925
53560.96301112324
53563.35663887723
53565.750266631214
53568.143894385204
53570.537522139195
53570.537522139195
53572.93114989318
53575.32477764717
53577.71840540116
63615.712313718446
63793.24201147236
63946.62789170768
63985.128863750644
63985.128863750644
65970.23492372586
71397.65441390773
71442.7044252776
71495.2719958748
71498.37125955627
71498.37125955627
74540.76898686541
74732.56359915319
74733.90107901572
75526.56543754744
79586.43021628355
79608.64160600072
79612.80624157269
79616.97087714466
79618.35908900198
79621.13551271662
79623.91193643126
79625.30014828859
79629.46478386056
79630.85299571788
79633.62941943253
79633.62941943253
79636.40584314718
79637.79405500449
79640.46901472956
79644.48145431717
79647.15641404224
79648.49389390479
79651.16885362986
79655.18129321747
79659.19373280507
79660.53121266761
79660.53121266761
79817.84190449957
79817.84190449957
79819.27623635216
88174.78965759106
88415.1670728856
88415.1670728856
88754.35196602494
88772.75384413364
88772.75384413364
96579.53156177037
96591.8179285076
96591.8179285076
116133.99447200612
128480.40944306905
128533.4797216146
128534.91405346718
137470.1096951276
137484.94188560318
137486.79590941264
137488.6499332221
137492.35798084098
137494.21200465044
137496.06602845987
137497.92005226933
137501.6280998882
137505.33614750713
137505.33614750713
137509.044195126
137514.60626655436
137516.4602903638
137518.31431417324
137520.1683379827
137522.02236179213
137523.8763856016
137527.58443322047
137527.58443322047
137531.2924808394
137531.2924808394
137566.51893321887
137568.37295702833
137570.2269808378
137572.1271246425
137574.02726844721
137577.8275560566
137579.72769986134
137581.62784366604
137583.52798747073
137587.32827508016
137589.22841888486
137591.12856268958
137593.02870649428
137596.8289941037
137604.42956932253
137721.50978928927
137723.58057707644
148007.32949213558
148051.01435164575
148055.17898721772
148059.3436227897
148060.731834647
148064.89647021896
148067.6728939336
148070.44931764825
148073.2257413629
148074.61395322022
148077.39037693487
148078.7785887922
148081.55501250684
148190.26906533347
148190.26906533347
148199.7328883608
148204.46479987446
148220.23783825335
148223.39244592912
169643.52907641506
169776.44690275408
169782.36871014544
169794.21232492817
169803.09503601523
169807.53639155877
169811.9777471023
169825.30181373286
169829.7431692764
169838.62588036346
169843.34395587852
169848.61547133673
169857.40133043373
169862.67284589194
173835.14023361058
173850.35983204635
173850.35983204635
174232.9205807276
189104.84804422394
217358.6489403611
217378.2776103437
217462.36819770106
217462.36819770106
220947.5224915046
221002.27614987717
234790.8080287225
234810.69497067857
234810.69497067857
259370.717774454
259504.783988675
259505.72944857783
270080.30644174624
270083.2212254467
270095.5537121792
270140.954235513
270141.5076754561
271231.6460034141
271277.50772670057
271277.50772670057
271283.6416860702
271287.88472563407
274274.83699464175
274311.86673883593
274311.86673883593
281564.13914146344
316475.93324130686
387167.76724775723
387264.5638938087
392684.32746477745
397269.7065295024
397431.1080649139
397431.1080649139
397440.77020392084
397444.6350595236
453043.5023011956
453405.15685602557
458226.3659045124
472399.74147180433
472406.70559108857
472409.49123880226
472410.8840626591
472412.27688651596
472415.06253422966
472416.4553580865
472417.84818194335
472419.2410058002
472420.63382965705
472423.41947737074
472424.8123012276
472426.20512508444
472428.99077279813
472431.77642051183
472433.1692443687
472434.5620682255
472438.74053979607
472441.52618750976
472442.9190113666
472444.31183522346
472447.0974829372
472448.49030679406
472576.8145816052
495677.28711939
495787.67071604496
496082.6080857319
496286.2647608005
496286.2647608005
602053.7203142565
622667.5410676139
622673.3291270189
622674.4313949057
622675.5336627924
622675.5336627924
622676.635930679
622676.635930679
622677.7381985658
622688.7608774329
622693.1699489797
622693.1699489797
622695.3744847531
622695.3744847531
622696.4767526399
622697.5790205266
622698.6812884134
622699.7835563
622700.8858241867
622701.9880920735
622703.0903599601
622704.1926278468
622705.2948957336
622706.3971636203
657846.5175239968
659708.2157006556
659952.0659515932
660265.6680833619
685099.5975389858
701606.2390104699
707852.0670405375
753719.2324864122
753744.5431398108
754112.2301900208
754112.2301900208
754182.360254813
754192.7280297474
754206.9837202822
754224.4309144891
754262.1201746155
754270.4955657547
754272.5894135395
754287.1725560406
754287.1725560406
754304.4675542631
754655.3069702046
772038.5558035928
772069.8712803744
772072.5370161004
772080.5342232784
772085.8656947304
772089.8642983194
784314.4440779043
784316.7823616641
784319.6602493683
784319.8401173498
844570.4946049214
931175.7931518212
951642.2881923204
951644.8709120549
961843.4085238719
961920.6041719379
991890.9774556495
997138.7641762936
997198.5818101458
997284.7109012937
997311.4604985444
997467.8349544725
997467.8349544725
1005618.9399447201
1005647.4190417931
1005666.9047397904
1005668.4036396364
1018067.6997972642
1018265.8774168959
1020125.3387737846
1020693.1543194258
1020700.3213666892
1020706.4645500578
1020706.4645500578
1021131.3865143852
1021137.1745737903
1021145.2778569575
1021145.2778569575
1036915.7796361004
1036995.3181799257
1036996.4896278053
1037008.8128905386
1037010.7222583424
1037010.7222583424
1037011.6769422443
1037012.6316261461
1037014.54099395
1037014.54099395
1037015.4956778518
1037018.3597295574
1037018.3597295574
1037019.3144134593
1037020.2690973612
1037021.2237812631
1037022.178465165
1037023.1331490668
1037023.1331490668
1037024.0878329687
1037025.9972007725
1037026.9518846744
1037027.9065685762
1059497.7342911772
1059504.7076344606
1059504.7076344606
1059516.6527132331
1059517.976357097
1120874.223983038
1120881.2803423128
1134755.1987803825
1134757.0528041918
1139424.0642605268
1139439.6574309242
1139469.1050478974
1144495.0960993373
1145025.8542287871
1145399.0387824322
1145858.2186792386
1145873.3275896858
1145882.62538073
1145925.9182202807
1145949.743809832
1145955.0383852879
1146291.6590066906
1146295.5192502937
1147362.966540584
1147365.106508364
1147498.7115226325
1147499.8414625162
1147804.1873112363
1147805.4694471045
1149647.6496417692
1149660.378760461
1149679.352526511
1149693.1331810947
1154579.7957268544
1154588.235685987
1154732.5635991532
1154761.1672202135
1154769.2151593864
1154847.6237633277
1154854.518702619
1154911.057204808
1154922.0891076743
1155132.2164180777
1155143.1237969566
1156040.5681727193
1156106.4690339463
1156106.4690339463
1156370.653590794
1157505.2054741872
1158156.6504072333
1158425.80669957
1158661.7565953196
1158663.4630351441
1158843.9167405975
1158849.690964004
1158854.021631559
1158856.9087432623
1158864.0158345317
1158866.8291542425
1158869.6424739535
1158871.0491338088
1158873.8624535198
1158875.269113375
1158876.6757732306
1158878.082433086
1158879.4890929414
1158883.7090725077
1158885.1157323632
1158887.929052074
1158889.3357119295
1158890.7423717848
1159003.7040761749
1159003.7040761749
1161142.8924283138
1161145.1707560797
1162824.8056394507
1163076.731501558
1164246.7588853054
1164246.7588853054
1164531.2685240642
1164558.1657052997
1164558.1657052997
1164787.1929897605
1166529.251286716
1166738.779037181
1166886.4322020058
1166886.4322020058
1166888.6136777815
1166892.9766293329
1166894.5308731731
1166897.6393608537
1166899.193604694
1166902.3020923745
1166906.9648238951
1166908.5190677354
1166910.0733115757
1166914.7360430965
1166916.2902869368
1166917.844530777
1166919.3987746174
1166922.5072622977
1166924.061506138
1166925.6157499782
1166928.7242376588
1166930.278481499
1166931.8327253393
1166933.3869691796
1166936.4954568602
1166938.0497007004
1167135.3279804247
1167201.4825016255
1167203.0367454658
1167868.4560370753
1167876.3656162624
1167884.2751954494
1167895.3486063113
1167896.9305221487
1167898.5124379862
1167900.0943538237
1167901.676269661
1167903.2581854984
1167906.4220171731
1167908.0039330106
1167909.585848848
1167911.1677646856
1167912.7496805228
1167912.7496805228
1167915.9135121978
1167917.495428035
1167919.0773438725
1167922.2411755475
1167926.9869230597
1167928.568838897
1167930.1507547344
1167931.732670572
1167931.732670572
1167933.3145864094
1167936.478418084
1167939.6422497588
1167939.6422497588
1167942.8060814338
1167944.3879972713
1167944.3879972713
1167945.9699131085
1167950.715660621
1167952.2975764582
1167953.8794922957
1167953.8794922957
1167955.4614081332
1167957.0433239704
1167958.6252398079
1167960.5715036078
1167962.5177674077
1167964.4640312078
1168832.091830035
1169749.8336157117
1171179.7932927436
1171405.65213353
1171434.4863545666
1171434.4863545666
1173418.2042026846
1176399.0271243223
1176727.4522225675
1176729.8458503215
1176763.3566388774
1176770.5375221393
1176780.1120331553
1176789.686544171
1178550.6632631817
1178728.7510128783
1178728.7510128783
1181744.620518914
1182584.8484285572
1182687.0411140542
1182708.2378638755
1182710.004259694
1185193.6490204304
1188528.3967856925
1188533.723645145
1191813.5701680498
1193079.1535699759
1194687.0072927242
1197164.5273180902
1197974.0254748918
1197978.0379144794
1197980.7128742046
1197982.050354067
1197984.7253137922
1197987.4002735172
1197988.7377533799
1197990.0752332422
1197991.4127131049
1197992.7501929675
1197995.1991647156
1197996.3106566013
1197997.422148487
1198001.8681160302
1198002.979607916
1198005.2025916874
1198006.3140835732
1198008.5370673449
1198009.6485592306
1198010.7600511163
1198011.871543002
1198012.9830348878
1208354.2528080351
1208369.2510304938
1208371.7507342368
1208375.5002898513
1208377.9999935946
1208379.249845466
1208381.7495492091
1208384.2492529522
1208384.2492529522
1208386.7489566952
1208389.2486604385
1208389.2486604385
1208394.2480679245
1208395.497919796
1208396.7477716675
1208399.2474754108
1208400.4973272823
1208402.9970310254
1208404.2468828969
1208405.4967347684
1208407.9964385114
1208409.2462903832
1208412.9958459977
1208415.4955497407
1208417.9030134932
1208419.0606253743
1208420.2182372552
1208422.5334610173
1208423.6910728985
1208424.8486847794
1208426.0062966605
1208428.3215204226
1208430.6367441844
1208431.7943560656
1208434.1095798276
1208434.1095798276
1208436.4248035897
1208438.7400273518
