7414.6009499437905
7430.613812298025
7477.001303530421
7477.001303530421
10951.469594432292
10953.683354204766
10954.236794147886
10955.343674034122
10955.897113977242
10956.45055392036
10957.003993863478
10957.557433806598
42511.52071076037
42530.863436772364
42730.67831623584
42730.67831623584
42779.224223246405
42781.779270983796
44873.45480400603
44879.33049140214
44892.42857005595
44938.27184534428
62864.62513091354
62872.963626056524
62881.302121199515
62881.302121199515
92794.48199878936
92796.19766261302
92826.68759147933
92826.68759147933
102595.93567541773
132359.41004839397
132415.39049864042
132415.39049864042
149293.80986391398
149297.7485115092
149303.54118291385
149303.54118291385
150104.01826864257
150114.41371557413
150121.83903481098
150133.35058562786
150133.35058562786
168577.5852979704
168671.656252302
234759.2158319695
234763.00689557986
234788.28065298227
234788.28065298227
241931.04112686522
256643.90072671018
256747.41705607105
256752.79925951784
256769.62383378865
281519.53188204806
281821.0275150611
281912.84320162446
281914.005425505
281921.94728868874
281924.59457641665
281924.59457641665
298556.49795502657
298568.1201938321
298569.78051366145
298571.4408334908
298571.4408334908
304746.820570799
304750.54245441646
304784.0394069737
304784.0394069737
320899.601766652
326176.0751243478
329125.8223931794
329159.67908169964
329172.5142763804
329194.68415810185
329199.3515016222
348296.7468108344
348313.85732907575
348475.1620124972
376370.31998949486
392680.20433720126
395064.10999618866
395752.42325344536
395794.13417715847
395806.87713184877
395818.2042026846
395823.8677381025
395825.28362195694
395845.1059959197
395849.3536474831
395853.60129904654
395865.83693378896
396031.74900473695
396033.5154005554
423357.20512828726
423386.60662526544
423396.0151042985
423413.32393851946
423417.69611407013
423430.812640722
423449.39438681223
423473.44135234074
423495.6250700607
423522.9188832555
428124.4261103228
428171.68988146516
428171.68988146516
433334.8002908122
433337.52598253207
433338.4345464387
433339.3431103453
433339.3431103453
433340.2516742519
433342.06880206516
433342.06880206516
433342.9773659718
433343.8859298784
433345.70305769163
433345.70305769163
433347.52018550487
433348.4287494115
433349.3373133181
433351.15444113134
433352.06300503796
433352.97156894463
433353.88013285125
433354.78869675787
433355.6972606645
433356.6058245711
468154.8478840851
468215.03447789926
468217.10987768596
493002.2167063277
493393.0513821586
495343.1938737273
495362.69801972265
495470.4804486451
495470.4804486451
496603.3950722066
496618.5593266481
496705.0850497552
496705.0850497552
496708.0920734461
496710.3473412143
541463.1845216171
553842.9857572487
553920.8824292426
553924.3691008843
559470.8381348305
635123.693955398
635212.5487382659
635231.2734563414
635258.4888655442
635258.4888655442
646568.0479391728
646622.0729016203
646623.6502054582
646628.3821169718
646633.1140284855
659647.6509228804
690639.6051615962
697056.4784180842
697065.0336772049
700224.1149925215
700227.4356321802
700253.4242495091
700254.00074945
760299.5227221046
764930.7542861169
764972.2299978542
764972.2299978542
774074.1079143834
786674.4319073501
786678.6288269188
786690.0204657479
786690.0204657479
787051.956352549
842676.2357116091
842684.5373107559
842695.6061096182
842695.6061096182
843255.9732760249
843264.7222391258
843273.4712022266
843274.7210540981
849224.2050546233
867220.0796210474
893495.5356485144
893522.073093787
893522.073093787
906107.6617482681
906123.4393986465
920324.9297150489
920333.0837302109
920355.5072719062
920355.5072719062
930962.6818777244
930971.6107088067
930971.6107088067
930980.539539889
930980.539539889
931336.0001793556
931342.6645186706
931351.9945937117
931351.9945937117
940585.1115687524
940593.89281585
940615.6891256097
940615.6891256097
950786.679264258
950789.6493919528
958771.7937795657
990061.083627722
1000162.6816215022
1000193.5820183264
1000334.6723078254
1000334.6723078254
1000388.6327022795
1000837.0481921923
1000842.3473796477
1047362.1245944484
1047364.7073141829
1061367.0053710577
1061377.2624580036
1061387.5195449493
1061388.8016808175
1107645.8471186215
1107651.104798081
1110766.8794378485
1110770.0155975262
1164494.2987358638
1164502.1299110588
1164522.3027969855
1164522.3027969855
1169354.8942603024
1169377.8666299414
1169446.456286892
1169447.7476467593
1188535.854388926
1188542.246620269
1188543.3119921596
1188544.3773640501
1188546.508107831
1188547.5734797216
1188549.7042235027
1188550.769595393
1188551.8349672835
1188553.9657110646
1188556.0964548455
1188559.2925705172
1188560.3579424075
1188563.5540580791
1203902.7231935535
1203986.0989209844
