3018.3461497810895
3070.55859641481
3075.9823078573727
3148.824228370843
3148.824228370843
7353.814796191257
7363.555339190146
7379.6512175358475
7379.6512175358475
8278.935781109376
11052.795224018268
11062.378959033273
11064.841766780151
11066.07317065359
11069.767382273907
11070.998786147347
11073.461593894224
11077.155805514541
11078.38720938798
11080.850017134859
11082.081421008297
26634.20041059607
26650.26400494509
26767.893052855434
26769.641000675783
26824.293195058755
26854.26196797863
38110.92601904371
38125.28317356811
48626.063562321244
48628.31421808992
48628.31421808992
48629.43954597427
48629.43954597427
48630.56487385861
48631.690201742946
48631.690201742946
48632.81552962729
77527.4168639044
94094.18497320877
135084.83427228095
148261.55674200668
148266.136457536
170322.1386866691
170347.41705607105
170355.45577124483
170355.45577124483
170357.2267790628
170358.1122829718
170358.1122829718
170358.9977868808
176995.99716874474
241430.39935432008
241449.86660431928
241450.793616224
241451.7206281287
241452.64764003345
241454.50166384288
241455.42867574762
241456.35568765234
241458.2097114618
241458.2097114618
241460.06373527122
241460.99074717597
241499.90218717672
241499.90218717672
241509.13541022775
270049.7012128918
270075.93426619563
384268.913393695
392795.9931973007
396440.630434713
396933.93451601226
396993.9873618402
396996.05814962735
399825.73662279925
399865.7226586896
399886.1307565921
399886.1307565921
406413.9272136797
414351.63037386024
414385.666930362
414385.666930362
502132.4999279375
551282.5050844093
784294.9998879028
964895.5329581812
977441.6290607215
977454.9116193563
977458.232259015
977458.232259015
977459.8925788443
977461.5528986737
977463.213218503
977463.213218503
977473.9684013977
977473.9684013977
977476.855513101
1170313.1893578111
1170459.3436227897
1170459.3436227897
