9216.850452712592
17870.02232335882
79919.86394601397
79931.41239282704
80037.29928994423
80037.29928994423
80486.93695973148
89715.91697119742
94039.76799080161
95905.63541503192
104719.37866117497
120840.89050024182
126383.66993456727
148270.7161730653
148279.8756041239
148281.402175967
148282.9287478101
148284.4553196532
148285.9818914963
148287.5084633394
148287.5084633394
148290.56160702562
148292.08817886873
148292.08817886873
168369.17826339
168501.6533377745
168570.45975870272
171970.00611730493
187287.8954869663
187290.75953867193
187295.53295818134
195267.58629083142
210473.80070397048
210497.2988415554
210520.16974720478
216390.4472678707
238931.64568313642
242149.25327243784
242195.72377966173
242196.75686755552
242198.82304334317
242199.856131237
242200.88921913083
242202.95539491848
242203.98848281227
242205.0215707061
242207.08774649375
242208.12083438758
242209.1539222814
242212.25318596285
242214.3193617505
242216.38553753815
242217.41862543198
242219.4848012196
242219.4848012196
242221.55097700725
242222.58406490108
242573.34507685064
242606.4684574463
242663.915523542
242672.62297864706
256470.37885654438
256478.70812768833
256624.8623926669
256626.44892050384
256632.7950318516
256637.55461536243
260386.6029100436
276067.9040063543
276130.15677595616
276130.15677595616
280264.0902670796
280279.5312414926
280280.81798936037
280283.39148509584
280284.6782329636
280285.96498083137
280287.25172869914
280288.53847656684
280289.8252244346
280291.1119723024
280292.39872017014
280293.68546803785
280294.9722159056
280294.9722159056
280297.54571164114
280298.83245950885
282505.8541006761
301230.350800214
331926.51444933045
331972.0856166468
331972.0856166468
347591.2999753386
356869.0887777881
356902.8993463131
356906.8564419064
356908.1754737708
365894.23224620393
366066.19064853044
369653.7543918086
371797.10276752
371818.77916529216
382393.90498640423
382396.3401221539
382817.2588708928
382819.3711666757
383778.52870809566
384702.1461811683
384799.514715161
385017.5700527497
385019.1104605914
385045.2973939
385046.83780174167
387328.4769832399
387337.71020629094
387348.2624612064
395175.1577207754
395214.7840207027
395256.29201643664
395649.80165199254
395711.7730896233
397221.5572544511
399947.7470702593
400141.52484234323
400187.67712159985
402815.6959154979
414230.39935432
414243.3775209862
423214.97106290574
423251.08301919425
423254.8187388103
423285.63611964294
423324.89345960814
429792.0375109295
432954.9237258551
432981.8024590926
441066.68374814634
445159.83332746156
454132.26164129534
472076.8553849899
473110.8472307185
473125.4580452168
484904.04363464
485164.23419989814
488629.0818597888
492859.13403303345
492937.69483295915
493150.5478350826
493435.85996175883
493448.45072046475
505593.3443722396
517456.8599329338
518309.8123492693
518512.54201243323
518513.62122032227
518583.6037011296
519642.2881923204
531008.1966761575
535397.2752050579
536396.760070333
536437.3456661617
536438.3603060574
536439.3749459531
536440.3895858489
536441.4042257445
536445.4627853275
536486.7078970884
536486.7078970884
537816.5410644112
559779.5008151068
595621.0878553882
609562.7473424955
614267.0606509966
617313.415473899
626194.5308091177
626207.5181997828
626208.6988716616
626209.8795435402
626211.0602154188
626213.4215591762
626214.348571081
626216.2025948904
626217.129606795
626218.9836306045
626221.7646663187
626222.6916782234
626223.6186901281
626224.5457020329
626226.3997258423
626227.3267377471
636271.0856454718
637610.6132357981
656494.5283109513
659584.9277293269
686558.4836770447
696889.0489992922
697036.9927200868
699888.8964189745
700018.4936056548
700147.6849363769
700162.1112708942
703103.7921525547
712644.012952032
734623.5620650228
735403.0822249055
751553.5666449945
760370.8242347764
761775.1411944438
761792.371624673
761793.6629845402
761794.9543444075
761796.2457042749
761798.8284240094
761800.1197838767
761801.4111437439
761802.7025036112
761803.9938634784
761805.2852233457
761806.576583213
761807.8679430803
761809.1593029476
761813.0333825494
761814.3247424167
761815.6161022839
784301.4197912429
784305.8011907927
784331.2133081809
798131.9024177766
885066.6637628152
885457.9181306029
885669.655028841
885669.655028841
885676.4900121385
893478.7018502445
906076.1064475112
906099.0557571525
906322.1335622251
906323.7523740588
907719.3987746174
933116.3841923716
942538.1319480253
949970.4475881484
950038.4745811567
950058.8919030584
967297.3654593263
967303.9237226523
967306.1098104276
973155.0383852877
973528.9746948554
973535.408434194
973541.8421735328
973575.6158460617
973575.6158460617
976578.6778294137
976583.013108968
976583.013108968
976583.013108968
976585.1807487453
976586.2645686339
976587.3483885225
976587.3483885225
976588.4322084112
976589.5160282997
976590.5998481883
976591.683668077
976592.7674879655
999862.5188563522
999948.0391635626
1022808.2080780453
1057134.4073740747
1104028.1116744443
1107304.0426097512
1116227.0625726632
1127176.9548632575
1140398.8288083426
1141633.2581534707
1149073.3680727927
1152844.374097217
1162335.8414497052
1164361.3071175322
1167697.5814546375
1168400.1042824336
1169831.696607298
1171416.9054123736
1174250.9053291013
1174254.945440686
1176029.7166502792
1178875.0205778452
1178876.8884376532
1190012.2292291874
1190648.6943877733
