3825.6783746819583
431445.1039509776
431450.57770918176
431500.1826114197
431500.1826114197
431500.92528213083
461775.7922967015
470886.0403884504
471712.99597338
689077.0675203814
689955.894528534
689955.894528534
706190.6817747691
706640.4211523621
706640.4211523621
714525.1635480099
714538.8947042688
714542.3274933335
714590.2215023036
730343.1474873738
760756.0137225988
765872.8663880378
784983.0545771285
784996.2576119928
785003.7668380719
785005.0871415583
820209.3457315536
820210.3854705491
820212.4649485402
820215.5841655269
821610.7488596337
821853.558172052
823192.2798921141
824078.775663017
824216.5493318256
824333.4402004905
824551.6753642678
824560.0592914065
824597.7869635312
824790.1551815035
824823.734900175
824834.2973280664
824878.3074442806
825086.3652686832
825086.3652686832
826926.4062225415
829435.8740516049
829475.4996599912
829530.2207382391
829628.9739377593
830500.7978361693
830574.6028010604
832792.0690103072
832842.6861452181
835160.3358827619
850154.8575401707
850411.0404266536
854265.6114426303
854266.9537511748
854267.624905447
854268.2960597193
870344.9934672484
870954.9351691257
871188.7719191009
871188.7719191009
873273.5641317553
873292.7580436892
883856.2201728313
883865.9244034566
883883.1763690126
883889.8439016191
883894.4209537053
883900.1422688132
892572.2256435334
896076.8062103164
979219.7165320639
979261.4986361448
979262.6924105472
979543.8565392463
979545.2813667586
1004545.8440238694
1041034.8734327126
1061567.4355702593
1064015.7293377852
1064020.0368279098
1097104.6967045898
1108833.5467110842
