1538.0600401897937
1551.1145409118346
3794.667746544518
3796.4941663674076
3796.95077132313
3797.4073762788526
3798.77719114602
3799.690401057465
3820.4796797041545
3820.826259369341
4171.086270524683
11016.447252806027
11516.985307039327
41559.64944719932
41622.655429824496
41631.94156434569
41636.58463160629
42964.5128706668
43201.48534142223
43207.778788040865
51981.05242246655
52143.268209567614
52143.268209567614
52181.62852711282
52739.21469448881
64787.6716661955
64794.33919880195
68837.52106907907
68904.41644572468
68948.32753917741
75767.26594793664
75993.91804643985
76037.92816265405
76162.39427257238
76163.39000145173
76167.3729169691
78341.95676922958
78403.46640790348
78404.24208620175
79933.15352348353
79937.3784946401
79937.3784946401
79940.54722300751
79941.60346579665
79942.6597085858
79945.82843695322
79979.9692846064
80042.11156870086
80044.26256313083
80046.41355756081
90206.5394753933
108002.03546787491
118659.63523559929
133074.99476615805
153610.52208528487
153681.78546596476
153684.18401729842
156527.47958037577
159724.69349551876
159728.61039586182
159729.58962094758
159735.46497146218
159738.40264671948
159742.31954706254
159820.53102483973
159820.53102483973
159823.82078102676
164604.4141535311
164748.07967664787
164778.64470235867
164779.42038065693
165512.07879033303
165520.17665171647
165521.00184139548
165524.30260011155
165531.7293072227
165532.55449690172
165534.20487625976
165535.85525561776
165542.4567730499
165543.2819627289
165544.93234208695
165546.58272144498
165554.83461823515
165557.3101872722
165558.96056663024
165565.1109803712
165566.1232130441
165567.13544571702
165569.1599110629
165576.24553977337
165577.2577724463
165579.28223779215
165580.29447046507
165590.41679719434
165591.4290298673
165592.4412625402
165595.477960559
165596.4901932319
165600.5391239236
165602.56358926947
165603.5758219424
165612.68591599874
165613.69814867165
165616.73484669044
165617.74707936338
165621.79601005508
165626.7911582454
165627.78138586023
165629.76184108987
165630.7520687047
165632.73252393433
165643.62502769736
165647.5859381566
165648.57616577143
165650.55662100107
165652.5370762307
165657.48821430482
165659.46866953446
165660.45889714928
165667.39049045302
165670.36117329748
165671.3514009123
165672.34162852712
165675.31231137158
165676.3025389864
165683.23413229012
165684.14184093702
165685.04954958396
165686.8649668778
165693.2189274062
165695.03434470005
165695.94205334698
165698.66517928772
165699.57288793466
165700.48059658156
165704.11143116924
165706.83455710998
165715.00393493226
165717.727060873
165720.45018681377
165721.35789546068
165726.8041473422
165727.7118559891
165728.61956463603
165733.1581078706
165739.86414932876
165740.94789844053
165743.1153966641
165772.37662268203
165777.79536824088
165779.96286646446
165795.13535402928
165799.4703504764
165802.72159781173
165804.9331061515
165806.03886032137
165812.67338534066
165814.88489368043
166701.69423666137
166743.85592799456
166835.677534211
166835.677534211
166860.58725998824
173381.98977681674
178309.08182366917
183889.2289824953
183907.79575027316
186537.04811314266
191735.46252645573
191747.34525783357
191872.961132038
191882.1042336815
191903.43813751635
192023.81680789127
192095.90537825014
194528.48203302285
196005.59906478503
196133.173389161
196133.173389161
201838.39729826787
223499.6538787735
249337.1844222526
249403.4581560067
249404.50339626678
249465.6114426302
251674.7707424415
255212.72197984398
255215.907212005
255220.15418821966
255221.21593227334
255224.40116443433
255227.58639659535
255254.12999793704
278123.57979507785
278186.3107144767
278480.4578274589
279266.88009535527
279346.2963500638
279346.2963500638
279811.1752076345
279924.061155724
279924.061155724
280566.05872599885
280661.16458713776
280662.21532866237
281794.1665202209
284067.2560150979
289908.86727435264
289981.90756347467
289981.90756347467
293552.6463374567
297512.6765944116
297547.7196494472
297769.24456941144
297769.24456941144
298999.3603251859
299020.41916579433
299020.41916579433
303030.2688743037
303939.14378930157
303939.14378930157
303944.4910184216
303946.2734281283
303949.83824754163
303951.6206572483
303969.4447543151
303971.22716402175
304116.11396786344
304118.27596482245
311079.2735274566
311273.29212478705
311273.29212478705
313625.11021630664
314250.53797782684
314364.6727129639
314364.6727129639
314435.3914684556
314440.25458629726
316783.1771330771
317206.5434485288
317912.12463420414
318039.95751801284
318039.95751801284
326585.0442011323
326597.5870842534
326701.1098801183
326701.1098801183
333432.31412220444
334849.45086683123
335506.235836154
335557.73317338916
335559.12499331444
335566.0840929408
335571.6513726419
335574.43501249247
335655.9692540438
335660.48029095575
335664.55122670555
335671.6753642677
335674.7285660801
335678.7995018299
335685.9236393921
335695.0832448292
335697.1187127041
335700.1719145164
335702.2073823914
335710.349253891
335834.0671918337
335883.0064410639
335883.0064410639
335887.0113616394
336073.9278264657
340694.4619075635
340758.4031051582
340758.4031051582
343383.7385676846
343390.73617616267
343404.6928842672
343407.4765241177
343410.26016396825
343413.0438038188
343417.21926359466
343418.61108351994
343421.39472337044
343425.5701831463
343428.35382299684
343431.1374628474
343508.81531796546
343508.81531796546
343510.78477066604
343639.01924678514
343862.7886826764
343862.7886826764
343902.4858075016
343967.69229593745
343981.72052048077
343992.94310011534
344023.8051941106
344039.2362411082
344044.84753092553
344055.62450813345
344726.3936918833
344764.36341964715
344776.98882173613
344854.6886819123
344854.6886819123
344871.9351462038
344877.3813980853
350155.83921026293
350240.2066030456
350240.2066030456
350242.5171341468
350243.17728589004
350243.50736176164
350243.83743763325
350244.49758937646
350244.82766524807
350245.4878169913
350245.8178928629
350245.8178928629
350246.4780446061
350246.4780446061
350247.1381963493
350248.12842396414
350249.11865157896
350249.44872745057
350249.7788033222
350255.3900931395
350256.0502448827
350257.3870521627
352510.55096692365
354333.3619602839
354372.95456108317
354372.95456108317
354373.70273305883
366271.1830010926
366517.4856164855
366517.4856164855
368461.880057152
368481.0244577052
368581.29600623477
368581.29600623477
368639.03177744325
379929.8545985223
388211.4252095447
392023.8510379816
392182.3039601464
392182.3039601464
392222.02859129425
392223.3984061614
392224.7682210286
392227.5078507629
392234.81353005447
392240.29278952314
392247.5984688147
392251.2513084605
392253.07772828336
392267.6890868665
392271.34192651225
392273.1683463352
392278.64760580385
392280.4740256267
392285.9532850954
392287.77970491827
392289.6061247412
392295.0853842099
392296.91180403274
392298.7382238556
392309.69674279296
392317.0024220845
392318.82884190744
392320.6552617303
392327.96094102185
392329.7873608447
392331.61378066766
392335.2666203134
392342.91887927015
392344.86082564807
392346.80277202604
392350.68666478194
392354.57055753784
392358.45445029374
392360.3963966717
392366.22223580553
392366.22223580553
392372.0480749394
392375.9319676953
392379.8158604512
392381.7578068292
392385.6416995851
392397.29337785277
392401.1772706087
392407.00310974254
392412.8289488764
392494.92982067406
392524.8511984352
392531.97533599735
392541.89411593915
392544.6887583187
392550.27804307797
392551.6753642677
392554.47000664735
392561.45661259635
414846.73263090337
414886.80384171644
414920.8511678726
415093.5413626327
415095.1367293454
426660.01054409036
426675.1940341843
426699.48761833453
426719.8422970836
426725.73965265625
426728.68833044264
426737.5343638017
426740.48304158804
426908.90975633985
426908.90975633985
430562.7946423796
430566.8655781295
430570.9365138793
430575.0074496291
430576.02518356655
430579.29843595996
430586.0649913279
430592.83154669584
430604.10913897573
430605.23689820373
430615.3867312556
430802.7598010376
430807.93098969274
430807.93098969274
430810.51658402034
431401.3138853445
431404.59814026696
431404.59814026696
431405.69289190776
431406.7876435486
431407.88239518943
435688.4328272679
435717.0394028072
435718.1121493899
438633.7658447879
438658.85161103
438667.7196494472
438667.7196494472
441236.2380519411
441237.4428288725
443636.5717953224
454597.6488206664
454863.4754238648
454863.4754238648
456089.19566928234
456115.84379465005
456231.6289091451
456232.56962537917
456248.81485952676
456382.53409637907
456551.94553748117
456551.94553748117
458117.5174015694
458140.73823913693
459614.4004767763
459660.88616202754
459664.60501684766
459666.4644442577
460596.94832631666
460624.73521344137
460777.66486602125
460777.66486602125
464162.0648079524
464192.69584883744
468417.05086377496
468575.59730743663
468575.59730743663
479911.40396855114
479913.67048953613
479915.7609700563
479916.718190084
479917.6754101116
479918.6326301393
479921.50429022225
479939.6914707478
479940.64869077544
479940.64869077544
479942.56313083076
479943.52035085845
479945.4347909138
479945.4347909138
479998.20292025455
479999.82579329
480001.44866632536
482058.98211324966
482214.79442844156
482214.79442844156
484271.860267881
484837.9128813637
485429.3263243148
485466.45985987055
485466.45985987055
499034.2560685824
499183.56588910363
499183.56588910363
499911.7407681905
504473.4168201163
505083.18798279326
505086.1751694313
505200.1008565163
506519.1720596887
506562.32397863676
506563.52875556814
510482.80014364416
510950.58366888505
510952.3220684755
510954.06046806596
510958.4064670421
510961.01406642783
510963.6216658135
510964.49086560874
510965.360065404
510966.2292651992
510967.0984649944
510967.96766478964
510968.8368645849
510969.7060643801
510970.57526417536
510971.4444639706
510972.3136637658
510973.182863561
510975.79046294675
510977.5288625372
510978.3980623324
510979.26726212766
510980.1364619229
510980.1364619229
510981.00566171814
510981.8748615133
510983.05213212204
511099.3598667471
511100.8562106984
511101.60438267404
514227.2908564399
514271.49351691257
514438.203837132
514439.2655811857
521901.71990922914
521996.04459080525
521996.04459080525
522094.1541423758
524303.9020774914
529768.0330687123
539565.4331099718
539586.6899961033
539587.7022287762
542397.7591515828
542400.2457231489
542479.678481651
542530.6587000205
542530.6587000205
542873.1124168126
542875.5549782624
542935.9258551792
542962.2439046752
542962.2439046752
542975.9750609341
543284.8380565256
543306.5570488772
543306.5570488772
543336.307887438
543338.6404235973
543423.5799478908
543441.0409614989
543462.7929614377
546565.6381848883
548047.689850931
548068.1600562352
548068.1600562352
549408.8897378495
549429.530482354
549431.0048212471
549623.3290291033
549658.3170714935
549658.3170714935
549691.9848103974
549709.2972898631
549709.2972898631
550436.0363389085
550535.2626471779
550535.2626471779
561202.434615179
561211.5447092353
561491.7791242292
572255.7293377853
573487.1543945171
573980.8983870598
573982.9943688445
574780.8702694855
574899.7470946447
574899.7470946447
576470.0830538131
580507.4390849563
580755.9532086889
580755.9532086889
581919.0415574692
581924.9169079837
584703.0830003285
586166.8924732005
589966.6873982839
595363.9505191819
596602.9398146379
596780.9717372536
596781.7474155518
596855.0187577839
597060.3589575104
597065.2880905264
597476.1665355022
598069.246861605
601417.4154753627
606862.6441216697
606947.1435448009
606948.0237471252
608028.6701457071
608139.2125551082
608507.7422657568
608551.2132580476
609458.7238594427
609476.9935589362
609553.0265359607
609553.0265359607
613806.0926504633
619159.2961437664
638424.4989646926
638566.7616653551
638596.6445342645
638607.3169874465
638741.289282467
638741.289282467
643907.6973387633
643935.2696765715
643935.2696765715
644937.4900480597
645042.751243515
645085.3420334813
645085.3420334813
645721.970369578
645820.9051108276
645821.9173435005
645982.1911842235
645999.2120966694
646036.4996676319
648580.2293721681
648997.1592081236
648997.1592081236
650385.0182229388
652311.4180273382
652453.0535838446
652666.0735488505
652667.206809343
652671.7398513131
652672.8731118055
652674.0063722981
652675.1396327906
652676.2728932832
652676.2728932832
652678.5394142681
652678.5394142681
652680.8059352532
652680.8059352532
652683.0724562382
652683.0724562382
652686.4722377157
652687.6054982083
652688.7387587008
652688.7387587008
652689.8720191934
652691.0052796858
652700.0713636259
652702.337884611
652909.8785901482
652921.9593670489
652923.3016755935
652924.643984138
652930.0132183161
670992.8211554183
673774.8326316675
673778.045370151
673903.980317698
673904.9925503709
675935.3992619136
675939.5362128378
675941.6046882998
675944.707401493
675946.775876955
675947.810114686
675949.8785901482
675950.9128278792
675952.9813033412
675954.0155410722
675956.0840165344
675958.1524919964
675963.3236806516
675965.3921561136
675967.4606315757
675968.4948693067
675969.5291070378
675971.5975824998
675972.6318202309
675974.7002956929
676289.9227530772
676709.091603695
676719.2139304243
676724.2750937889
682979.3503923471
682983.7734090267
682985.2477479199
682986.722086813
682988.1964257061
682989.6707645993
682992.6194423857
682994.0937812788
682997.0424590652
682998.5167979584
682999.9911368516
683001.4654757448
683136.708562871
683136.708562871
683162.355458095
687367.2249940785
687368.743343088
688350.9171066405
688821.4072540285
688822.4194867014
688863.9210262914
688931.2565040991
690259.1187279854
690364.3634196471
699210.8093735435
707885.3353097135
707895.7877123144
707896.3378387671
707896.3378387671
707896.8879652198
707897.4380916725
707898.5383445778
707946.6193965418
708242.5654230242
708950.1655727809
710192.0540346428
715099.803635419
721094.8891724417
721151.5246907449
721151.5246907449
727990.4766998526
738506.4739186576
739423.5237127424
739490.7931753757
739527.7616729958
739527.7616729958
752515.5925702367
757946.5014249803
758154.8453151385
758157.0678260073
767435.2530199649
767695.0832448292
767696.1009787667
767715.4379235783
767716.4556575158
767717.4733914533
767722.0339397459
767724.5590201637
767727.925794054
767728.7674875266
767736.34272878
767764.1186133757
767766.6436937936
767769.1687742113
767770.0104676839
767771.055707944
767772.100948204
767780.4628702848
767782.553350805
767813.9105586075
767818.091519648
767819.136759908
767820.1820001681
767822.2724806883
767823.3177209484
767824.3629612084
767825.4082014685
767826.4534417286
767827.4986819887
767836.7518089227
767838.0941174673
767840.7787345564
767843.4633516455
767844.80566019
767850.8460486404
767854.2018200017
767856.2152828185
767857.5575913631
767858.8998999076
767862.2556712689
767864.2691340857
767867.624905447
767868.9672139916
767871.6518310807
767873.995369769
767874.996599913
767881.0039807762
767888.0125917833
767890.0150520711
767892.0175123588
767894.0199726466
767896.0224329343
767907.0359645169
767914.044575524
767915.0458056679
767916.0470358118
767918.0494960995
767934.7513352027
767938.9598025657
767941.4848829835
767942.3265764561
767944.0099634014
767947.3767372917
767955.7936720176
767956.6353654902
768029.6261432315
768029.6261432315
768031.3975504091
770116.2722820316
770562.6228806761
771155.3346220555
778692.4136034047
779703.1774387029
779721.5956723385
779734.6666768541
783264.1569694146
783277.1399536977
783277.6460700341
785106.948555536
790402.5648117728
790513.0632110576
790513.0632110576
796333.0104906058
796492.387625211
798154.462671628
798527.7344722988
799239.8566614965
799242.6623064051
799244.0651288595
799246.8707737682
799249.6764186767
799251.0792411311
799263.7046432201
799263.7046432201
799266.5102881287
799267.9131105831
799286.1498024893
799302.9836719412
799307.3021645948
802885.572169714
802934.2033481307
802934.2033481307
802935.6336769077
802937.0640056847
802938.4943344616
802939.9246632386
804990.1359270776
805206.962767136
805214.4004767762
814330.2818634005
814478.5354411326
814480.13630911
815349.5231473345
822951.8746322939
826346.1878529023
826779.737008993
826779.737008993
826991.6567210935
827000.3762253685
827087.5712681179
832917.4263250789
832950.3238869491
843185.4155364879
843267.802474041
843270.9712024084
845970.2326576457
845998.9162508883
845998.9162508883
848797.9266345251
850198.5375805133
850202.8945820185
850205.0730827712
850206.5254166062
850207.9777504413
851885.7699096112
852923.1818702772
852952.3385722691
852952.3385722691
853362.3148098625
853395.2398780554
853427.422275537
853464.2862491308
853477.8413649248
857072.1035460235
857265.4179814943
857266.0561281794
860122.961819696
860300.5976512657
860300.5976512657
860456.3879613994
860474.8282000931
865914.9021615385
865936.7751892969
865976.3842938897
865997.2450889753
865997.2450889753
866194.3223893825
866418.762979546
866421.3870827253
866438.8811039204
866522.0107121845
870786.02984436
872559.6430290574
874419.7470946447
874444.2497268469
874444.9703924999
880483.0593143285
886768.5180968682
886920.8261065565
886920.8261065565
889861.5545656675
890080.8074633821
890083.1069919544
890214.0976016015
890215.2308620941
890239.5134437152
890245.7188701014
891646.0107427471
891735.9784228181
893285.079500913
894595.8272908564
894672.0143032877
899496.5572780966
903281.7848547131
903366.0037133535
903366.0037133535
903818.504725739
903955.645749127
903956.6964906517
907196.7652564582
908512.9317919605
909614.0648996402
909695.6156449851
909695.6156449851
916076.7139113226
916298.981501998
916298.981501998
916310.1490689875
916311.7444357002
916314.9351691257
916314.9351691257
916318.1259025512
916318.1259025512
916343.6517699555
916343.6517699555
916348.4378700939
916348.4378700939
916352.1402211203
916352.1402211203
916356.3541897478
916358.4611740615
916358.4611740615
916362.675142689
916364.7821270028
916366.8891113165
916368.9960956303
916371.103079944
916373.2100642578
916375.3170485715
916379.531017199
916381.6380015129
916381.6380015129
916383.7449858265
916385.8519701404
916392.1729230817
916394.2799073954
916398.4938760229
916398.4938760229
916400.6008603367
916402.7078446504
916402.7078446504
916406.9218132779
916406.9218132779
916409.0287975917
916411.1357819054
916413.2427662192
916415.3497505329
916417.4567348467
916419.5637191604
916434.3126093567
916436.4195936705
916438.5265779842
916440.633562298
916442.7405466117
916444.8475309255
916444.8475309255
916446.9545152392
916449.061499553
916451.1684838667
916453.2754681805
916455.3824524942
916457.489436808
916459.5964211219
916461.7034054355
916461.7034054355
916465.917374063
916465.917374063
916468.0243583769
916470.1313426906
916472.2383270044
916478.218201545
916479.984107458
916479.984107458
916483.5159192842
916485.2818251974
916487.0477311105
916487.0477311105
916488.8136370236
916490.5795429366
916492.3454488497
916494.1113547628
916494.1113547628
916497.643166589
916499.409072502
916502.9408843283
916504.7067902414
916508.2386020676
916510.0045079807
916511.7704138937
916511.7704138937
916513.5363198068
916520.5999434593
916522.3658493723
916522.3658493723
916524.1317552854
916527.6635671116
916529.4294730247
916529.4294730247
916531.1953789379
916532.961284851
916534.727190764
916538.2590025902
916540.0249085033
916541.7908144164
916543.5567203294
916545.3226262425
916547.0885321557
916547.0885321557
916548.8544380688
916550.6203439819
916552.386249895
916554.152155808
916559.4498735473
916561.2157794605
916562.9816853736
916562.9816853736
916566.5134971997
916566.5134971997
916573.5771208521
916573.5771208521
916575.3430267652
916577.1089326784
916578.8748385914
916580.6407445045
916582.4066504176
916584.2220677114
916586.0374850052
916587.8529022991
916587.8529022991
916589.668319593
916591.4837368868
916593.2991541806
916595.1145714745
916596.9299887683
916618.7149962944
916620.5304135882
916622.345830882
916624.1612481759
916629.6075000573
916633.238334645
916635.0537519389
916636.8691692327
916640.5000038204
916644.130838408
916645.9462557018
916647.7616729958
916655.0233421711
916655.0233421711
916656.8387594649
916656.8387594649
916658.6541767587
916664.1004286403
916665.9158459341
916667.7312632279
916671.3620978156
916678.623766991
916680.4391842848
916682.2546015786
916684.0700188724
916685.8854361663
916687.7008534601
916689.5162707539
916691.3316880477
916692.8280319991
916694.3243759503
916695.8207199016
916695.8207199016
916698.8134078041
916700.3097517554
916700.3097517554
916701.8060957068
916703.302439658
916706.2951275606
916706.2951275606
916707.7914715118
916709.2878154631
916715.2731912683
916719.7622231222
916721.2585670734
916722.7549110247
916722.7549110247
916725.7475989272
916725.7475989272
916728.7402868298
916730.2366307811
916731.7329747324
916731.7329747324
916733.2293186836
916736.2220065863
916736.2220065863
916737.7183505375
916739.2146944888
916740.7110384401
916742.2073823913
918024.0130196593
925811.8561419327
925903.4191887163
925963.0308911285
926001.4517225835
926365.3053583844
926367.1757883235
931782.2024923785
932408.0428487381
932410.6504481239
932429.679322122
938254.4787169829
949391.7832501776
954280.2399162585
954393.6869933297
954436.2337731798
954441.3829567769
954455.4441889073
954657.1865616333
954759.9281779354
954759.9281779354
955098.8225765784
955115.0513069325
955115.3648790105
955260.1086499745
955270.0549362388
955270.2694855554
955313.949525898
955335.954584005
955335.954584005
955381.8131251003
955383.0674134124
955383.8926030914
955384.2996966664
955384.7067902414
955385.1138838164
955385.7245241789
955386.1316177538
955386.7422581163
955387.1493516912
955403.55412251
955408.3127163257
955408.4392454098
955473.6622376393
955480.9569144018
955480.9569144018
955693.3387327226
955708.1646406222
955708.1646406222
956818.270310745
957140.9799891503
957168.1452333835
957168.3047700548
957614.2482751244
958978.3583309774
961575.4503014234
967660.052414826
967714.4819260539
967739.6062011475
969512.5812391599
971093.1990617288
971161.9373619909
971161.9373619909
974123.8731958526
974284.7851832609
974355.1243515003
974356.2741157864
974367.7717586473
974371.2210515057
974422.6248672438
974492.0508255716
974493.0025443349
974587.4152461434
974620.3403143361
974621.2810305702
979696.7641867679
979739.6080349024
979782.8369715539
979784.0142421626
980205.0150138679
990091.9701403587
991367.7408904408
997369.8405397352
997404.7735694802
997406.17089067
997407.5682118598
997408.9655330495
997410.3628542394
997411.7601754292
997413.157496619
997415.9521389985
997417.3494601884
997421.5414237578
997422.9387449477
997424.561617983
997427.8073640539
997429.4302370893
997431.0531101247
997432.67598316
997434.2988561954
997435.9217292309
997437.5446022663
997440.790348337
997445.6589674433
997447.2818404787
997455.3962056556
997460.2648247619
997461.8876977973
997463.5105708326
997465.133443868
997468.3791899389
997468.3791899389
997471.6249360096
997473.247809045
997476.4935551159
997478.1164281513
997479.7393011866
997481.362174222
997482.9850472574
997484.6079202929
997486.2307933283
997486.2307933283
997489.476539399
997489.476539399
997500.8366506469
997510.5738888592
997513.81963493
997517.0653810009
997518.6882540362
997520.3111270715
997521.8294760808
997523.3478250903
997524.8661740996
997526.3845231091
997527.9028721184
997529.4212211279
997530.9395701372
997532.4579191466
997535.4946171654
997537.0129661747
997540.0496641935
997541.568013203
997543.0863622123
997544.6047112218
997546.1230602311
997549.1597582499
997555.2331542874
997558.2698523062
997559.7882013157
997561.306550325
997562.8248993345
997564.3432483438
997571.9349933908
997571.9349933908
997573.4533424001
997574.9716914096
997576.4900404189
997578.0083894284
997581.0450874472
997581.0450874472
997582.5634364565
997584.0817854659
997585.6001344753
997591.6735305128
997596.2285775411
997597.7469265504
997597.7469265504
997603.820322588
997605.3386715974
997614.9328769321
997616.6932815807
997618.4536862293
997620.2140908778
997623.734900175
997627.2557094721
997627.2557094721
997629.0161141207
997630.7765187692
997632.5369234178
997636.0577327149
997637.8181373635
997637.8181373635
997641.3389466606
997643.0993513092
997644.8597559577
997644.8597559577
997646.6201606063
997648.380565255
997657.1825884978
997658.9429931464
997660.7033977949
997664.2242070921
997674.7866349835
997674.7866349835
997678.3074442806
997680.0678489292
997685.3490628749
997688.869872172
997690.6302768206
997692.3906814691
997694.1510861177
997695.9114907663
997697.6718954148
997699.4323000634
997699.4323000634
997702.9531093605
997702.9531093605
997704.7135140091
997706.4739186576
997709.9947279549
997713.515537252
997713.515537252
997717.036346549
997718.5216879713
997720.0070293935
997721.4923708157
997721.4923708157
997722.977712238
997724.4630536602
997725.9483950824
997727.4337365046
997728.9190779269
997730.4044193492
997731.8897607713
997733.3751021936
997734.8604436158
997736.3457850381
997737.8311264602
997737.8311264602
997739.3164678825
997745.2578335714
997746.7431749937
997748.2285164159
997749.7138578381
997751.1991992603
997752.6845406826
997754.1698821048
997755.655223527
997757.1405649493
997758.6259063715
997758.6259063715
997760.1112477937
997761.5965892159
997764.5672720604
997766.0526134826
997767.5379549048
997769.0232963271
997771.9939791715
997773.4793205938
997774.964662016
997776.4500034383
997788.3327348161
997803.1861490384
997803.1861490384
997806.1568318829
997807.3120974335
997809.6226285348
997809.6226285348
997810.7778940854
997811.933159636
997813.0884251866
997815.3989562879
997816.5542218385
997817.7094873891
997817.7094873891
997820.0200184904
997820.0200184904
997822.3305495916
997822.3305495916
997823.4858151423
997824.6410806929
997825.7963462435
997832.7279395473
997833.8832050979
997835.0384706485
997836.193736199
997837.3490017498
997838.5042673004
997839.659532851
997844.2805950535
997845.435860604
997845.435860604
997846.5911261548
997848.901657256
1001482.3603481078
1001630.5809182527
1004306.5390169546
1004348.8987538108
1004350.0650218904
1004383.8867962011
1004414.5398421442
1004414.5398421442
1004551.7028705904
1004582.548460792
1004583.7367339298
1005010.7118789111
1005060.4873203494
1005062.5612970759
1005538.6462304877
1005583.8501211043
1005585.2199359714
1005842.7231259408
1005877.3920949885
1005877.3920949885
1006380.7357941305
1006451.8616431971
1006453.3194782967
1011247.8365513184
1011380.3620137684
1011382.3589727916
1011792.7368026957
1012352.3584379465
1012358.7619098556
1013324.6739354671
1013324.6739354671
1013630.5442431559
1013748.4308407003
1013748.4308407003
1013794.0308223626
1013857.3503770658
1013857.3503770658
1014050.8298504726
1014118.5724218553
1014118.5724218553
1014250.8723324598
1014328.9517798884
1014328.9517798884
1014592.4678519855
1014687.8707814089
1014689.3726266247
1014978.1780117514
1015005.1727167842
1015149.2233284179
1015149.2233284179
1015311.6206572483
1015311.6206572483
1015799.2197373146
1015858.9634700755
1015860.9549278341
1016269.2587810114
1016367.3958389047
1016367.3958389047
1016922.7484928827
1017001.1415123893
1017002.7093727794
1017091.8628657004
1017159.3468776504
1017160.5406520527
1017254.0841540659
1017516.3734441736
1017571.2210515055
1017572.2497879721
1017980.6581651755
1018013.1596359996
1018300.35315062
1018301.4919123771
1018995.4269210492
1019076.4770513222
1019076.4770513222
1019939.1853544114
1022130.867136821
1022235.1546084551
1022235.1546084551
1023174.6055516928
1028193.4256832647
1028255.9035444952
1028255.9035444952
1031897.3005600594
1036003.0813193866
1036019.9151888386
1036028.3321235646
1036028.3321235646
1036085.5507759076
1036123.9716073625
1036124.6812704864
1036465.1050206679
1036513.4776396519
1036514.5173786475
1036598.9837941915
1036628.8006479266
1036633.4217101291
1036669.6200307154
1036691.2950129509
1036691.2950129509
1036850.5016083558
1036874.5421343378
1036875.6698935658
1037087.6996309569
1037118.7652717396
1037118.7652717396
1038632.7737834182
1038662.6181434761
1038663.1682699288
1041994.4865104409
1042164.3215489116
1042165.5868397527
1042165.7133688369
1042171.9187952231
1042197.5766929759
1042223.1960818771
1042223.3666210774
1042231.1674141765
1042239.485326141
1042239.485326141
1042991.3981616608
1043000.3102101941
1043000.3102101941
1043791.3425377639
1046178.8858411205
1046179.8980737934
1046180.4041901298
1046180.9103064663
1046181.9225391393
1046182.9347718122
1046183.4408881486
1046205.2589032619
1046205.7925259209
1046205.7925259209
1046898.6712918038
1046942.6208941083
1046942.6208941083
1046952.0390589782
1047452.7586549408
1047454.8931455772
1047471.1053721376
1047471.1053721376
1047475.368852146
1048894.86013799
1050266.9965387878
1050276.3376859543
1053527.3649706983
1054284.9991213258
1054488.7219492814
1054493.3870216
1054510.8810427953
1054520.2111874328
1056080.457827459
1056254.4188143248
1056256.1077025344
1062373.5083550457
1062591.0503594924
1062592.7447489668
1062636.7988752972
1067357.5880011308
1067501.8476608165
1067501.8476608165
1067512.3770811206
1067515.886887889
1067528.0556850221
1067530.8173198146
1067532.1981372107
1067534.959772003
1067536.3405893994
1067537.7214067956
1067539.1022241919
1067540.483041588
1068330.8222098274
1068629.463855928
1076908.8394624041
1076928.2479236547
1077673.2676747222
1077811.7950167712
1077885.886047418
1077886.9642952653
1077901.7076841968
1079727.9294615637
1079807.7528098472
1079807.7528098472
1080404.5904996216
1080895.3693105846
1080895.3693105846
1081517.7548728215
1081627.4720925435
1081627.4720925435
1082302.2792044561
1082383.807944743
1082452.7938019088
1083083.7668380719
1083244.44777237
1083244.44777237
1083313.279594129
1083365.8661817403
1083367.2359966075
1083614.7708952546
1083971.9349933907
1083999.2652755599
1083999.2652755599
1083999.2652755599
1083999.2652755599
1084000.7836245692
1084008.375369616
1088635.8740516051
1088869.8703382513
1088871.581231519
1089121.3166359768
1090170.7378571047
1090288.4649179778
1090451.1043024473
1090452.8812108894
1090470.6502953111
1090472.4272037533
1090474.2041121954
1090477.7579290797
1090479.5348375218
1090483.0886544061
1090488.4193797326
1090491.9731966169
1090495.5270135012
1090502.6346472697
1090506.188464154
1090511.222121196
1091314.538772454
1091750.0078698643
1091894.1960131114
1091894.1960131114
1091933.166971019
1092000.1338641036
1092001.3496435639
1092238.2010864997
1092293.9729062722
1092293.9729062722
1092673.2190802193
1092770.4374269363
1092770.4374269363
1092870.813499492
1093096.1342919797
1093157.7979660605
1093157.7979660605
1093464.4219469891
1094406.0183833924
1094464.694870835
1094486.2598277798
1094486.2598277798
1094487.6076375889
1094522.9532621733
1096620.7724692272
1097842.212730843
1097875.2258192683
1097967.762589873
1097967.762589873
1098638.823340643
1099732.650769031
1099857.804537015
1099859.3008809665
1100136.5921194386
1100210.265053981
1100211.5138410286
1100456.4191352318
1100660.1474644518
1100667.876741112
1100667.876741112
1100863.4356925099
1100921.9966533973
1100921.9966533973
1103297.1511090398
1103313.4293507745
1103571.2846216734
1103572.4783960758
1103686.904698233
1103817.8898066152
1103818.8525279074
1104137.0621719297
1109647.7778711633
1110251.7837086164
1110431.510020706
1110431.510020706
1110483.4969704843
1110566.676090129
1110570.6370005882
1110571.6272282032
1110591.4317804996
1110592.4220081144
1110593.4122357292
1110595.392690959
1110596.3829185737
1110610.246105181
1110622.2938744947
1110622.2938744947
1111028.4027231259
1111112.566569121
1111112.566569121
1111358.7096478427
1111475.2759419004
1111502.985811322
1111502.985811322
1111548.6518081587
1111568.3903452808
1111606.3490705155
1111606.3490705155
1111618.4023410936
1111699.6175093025
1111699.6175093025
1111766.6339137678
1111766.6339137678
1111876.1200803795
1112113.7747079364
1112157.5537710404
1112157.5537710404
1112388.8709418625
1112785.116023197
1112786.2162761025
1113057.5221387693
1113111.8031158552
1113111.8031158552
1115741.8916709328
1115816.0157091664
1115816.0157091664
1126692.3677595337
1126720.5067275881
1126720.5067275881
1127274.3905439375
1130085.1846361905
1130107.1346816525
1130107.1346816525
1130318.4822622421
1130327.0202247878
1130327.273282956
1130380.7400728916
1130406.3044491478
1130406.7225452517
1130934.370831073
1130961.327027254
1130961.6516018612
1130975.2837353586
1130975.6083099656
1131395.7398818757
1131418.6911574812
1131418.6911574812
1134346.6621841548
1134470.7982182014
1134470.7982182014
1137355.699844895
1137455.2067176553
1137489.342064044
1137492.5217949406
1137502.06098763
1137502.06098763
1137537.0380274912
1139493.9148373688
1139493.9148373688
1139494.833548545
1139496.6709708967
1139497.5896820726
1139498.5083932488
1139499.4271044247
1139500.3458156006
1139553.4990334583
1139560.815715279
1143143.6242636328
1143405.3304197008
1143405.3304197008
1143498.653871133
1143500.3922707234
1143549.0674592562
1143550.8058588468
1146660.307612375
1146857.6489734794
1147073.2325277547
1149773.2091473804
1149814.6336692672
1149816.0144866633
1149817.3953040596
1149820.156938852
1149821.5377562481
1149822.9185736445
1149824.2993910406
1149825.680208437
1149827.061025833
1149828.4418432293
1149831.2034780218
1149833.9651128142
1149953.6561251234
1149953.6561251234
1152328.1834366093
1152329.608264122
1152599.318760076
1152602.8505719022
1152602.8505719022
1152622.468081205
1152623.5133214649
1153103.4711451035
1153193.884427601
1153195.5788170754
1153338.2156037258
1153338.2156037258
1153351.9247549265
1153353.5311241683
1153355.13749341
1153355.13749341
1153361.5629703773
1153408.1476783901
1153484.0871339175
1153485.5944803979
1153588.2370739386
1153589.5683799542
1154099.6126192897
1154123.730162975
1154167.4432109047
1154182.3516377723
1154183.8259766654
1154219.2101101016
1154219.2101101016
1154312.3795261274
1154312.3795261274
1154494.2293263243
1154562.1259331137
1154562.1259331137
1154566.9285370456
1154568.529405023
1154570.1302730003
1155030.9216910277
1155275.4694030364
1155280.8166321565
1155370.998861544
1155402.9061957994
1155402.9061957994
1155436.2218537733
1155437.4541370273
1155444.8478365513
1155444.8478365513
1155446.0801198052
1155449.7769695672
1155449.7769695672
1155561.892740623
1155563.6751503297
1155757.2536464978
1156426.4109597413
1158149.9461334515
1158686.390941251
1158686.390941251
1158862.4369073724
1159000.1940723876
1159001.8774593328
1160218.718663804
1160327.6822102857
1161050.108267942
1161304.046638498
1161323.6091351553
1161362.7341284698
1161412.9386685411
1161561.1977475379
1161682.143048159
1161979.4038768634
1161981.93995981
1161994.6203745443
1161997.1564574912
1161999.6925404381
1162004.7647063318
1162004.7647063318
1162007.3007892787
1162009.8368722254
1162012.3729551723
1162014.909038119
1162014.909038119
1162017.445121066
1162017.445121066
1162019.9812040129
1162022.5172869596
1162022.5172869596
1162025.0533699065
1162027.5894528534
1162027.5894528534
1162030.1255358004
1162032.6671200118
1162035.2087042232
1162037.7502884346
1162045.3750410685
1162047.91662528
1162050.4582094913
1162052.9997937027
1162063.166130548
1162063.166130548
1162182.6205884826
1162212.9050497024
1162218.9619419465
1162222.9998701091
1162229.056762353
1162233.0946905157
1162435.4422023396
1162435.4422023396
1162441.2350338863
1162489.5086301088
1162504.9561809
1162522.33467554
1164211.7950167712
1164300.717456582
1164728.4682798616
1164844.7099993122
1164851.674600203
1165090.8200704467
1165092.1898853139
1165099.0389596499
1165115.4767380557
1165116.8465529229
1165118.21636779
1165119.5861826572
1165120.9559975243
1165122.4908503273
1165124.0257031303
1165125.5605559333
1165127.0954087363
1165128.6302615392
1165130.1651143422
1165133.234819948
1165134.769672751
1165137.839378357
1165139.37423116
1165156.2576119925
1165159.3273175985
1165163.9318760075
1165165.4667288105
1165167.0015816134
1165171.6061400224
1165176.2106984314
1165179.280404037
1165179.280404037
1165182.350109643
1165183.884962446
1165183.884962446
1165185.419815249
1165186.954668052
1165188.489520855
1165190.024373658
1165193.094079264
1165194.628932067
1165197.698637673
1165199.233490476
1165199.233490476
1165200.768343279
1165202.3031960817
1165205.3729016876
1165206.9077544906
1165208.4426072936
1165209.9774600966
1165222.2892901076
1165225.3699982425
1165225.3699982425
1165228.4507063776
1165229.991060445
1165231.5314145125
1165233.07176858
1165234.6121226475
1165236.152476715
1165237.6928307826
1165239.23318485
1165240.7735389175
1165242.313892985
1165243.8542470525
1165245.39460112
1165246.9349551876
1165248.475309255
1165248.475309255
1165251.55601739
1165254.636725525
1165256.1770795926
1165274.6613284023
1165274.6613284023
1165277.7420365375
1165277.7420365375
1165279.282390605
1165280.8227446724
1165282.3630987399
1165282.3630987399
1165285.443806875
1165285.443806875
1165286.9841609425
1165288.52451501
1165290.0648690774
1165293.1455772123
1165294.68593128
1165296.2262853475
1165296.2262853475
1165297.766639415
1165300.8473475499
1165300.8473475499
1165302.3877016173
1165309.0002215786
1165310.7661274918
1165312.5320334048
1165314.297939318
1165317.8297511442
1165317.8297511442
1165321.3615629703
1165321.3615629703
1165323.1274688835
1165324.8933747965
1165326.6592807097
1165328.4251866227
1165330.1910925359
1165330.1910925359
1165331.9569984488
1165333.722904362
1165335.488810275
1165337.2547161882
1165339.0206221014
1165340.7865280143
1165340.7865280143
1165347.8501516667
1165347.8501516667
1165349.6160575799
1165351.3819634928
1165353.147869406
1165353.147869406
1165354.9137753192
1165356.6796812322
1165358.4455871454
1165360.2114930584
1165361.9773989716
1165361.9773989716
1165365.5092107977
1165365.5092107977
1165367.275116711
1165369.041022624
1165370.806928537
1165370.806928537
1165372.57283445
1165374.3387403633
1165376.1046462762
1165381.4023640156
1165383.1682699288
1165384.9341758417
1165386.700081755
1165388.465987668
1165390.231893581
1165393.7637054073
1165395.5296113202
1165395.5296113202
1165399.0614231466
1165400.8273290596
1165402.5932349728
1165402.5932349728
1165404.3591408858
1165407.890952712
1165407.890952712
1165409.6568586251
1165411.4227645383
1165413.1171540127
1165414.8115434868
1165416.5059329611
1165423.283490858
1165423.283490858
1165424.9778803324
1165438.5329961262
1165440.2273856006
1165443.616164549
1165443.616164549
1165445.3105540234
1165447.0049434975
1165448.6993329718
1165450.393722446
1165450.393722446
1165452.0881119203
1165453.7825013944
1165453.7825013944
1165455.4768908687
1165457.171280343
1165458.8656698172
1165462.2544487657
1165462.2544487657
1165470.726396137
1165470.726396137
1165472.4207856113
1165474.1151750854
1165475.8095645597
1165475.8095645597
1165479.1983435082
1165479.1983435082
1165480.8927329825
1165482.5871224566
1165484.281511931
1165485.975901405
1165487.6702908794
1165489.3646803538
1165489.3646803538
1165491.059069828
1165492.7534593022
1165494.4478487764
1165494.4478487764
1165496.1422382507
1165497.8366277248
1165509.6973540448
1165511.3917435189
1165513.086132993
1165514.7640186737
1165516.4419043544
1165518.119790035
1165519.7976757158
1165524.8313327576
1165524.8313327576
1165526.5092184383
1165529.8649897997
1165529.8649897997
1165531.5428754804
1165533.220761161
1165538.254418203
1165539.9323038836
1165541.6101895643
1165543.288075245
1165544.9659609257
1165546.6438466064
1165548.321732287
1165556.7111606903
1165558.389046371
1165561.7448177324
1165563.422703413
1165565.1005890938
1165566.7784747744
1165566.7784747744
1165568.456360455
1165570.1342461356
1165571.8121318163
1165573.490017497
1165575.1679031777
1165576.8457888584
1165578.523674539
1165578.523674539
1165580.2015602197
1165581.8794459004
1165581.8794459004
1165585.2352172616
1165585.2352172616
1165586.9131029423
1165596.9804170264
1165596.9804170264
1165600.3361883876
1165602.0140740683
1165602.0140740683
1165603.691959749
1165605.3698454297
1165607.0477311104
1165608.725616791
1165610.4035024717
1165610.4035024717
1165612.0813881524
1165613.7592738331
1165615.3491392813
1165616.9390047295
1165616.9390047295
1165620.118735626
1165621.7086010743
1165623.2984665225
1165623.2984665225
1165624.888331971
1165637.6072555566
1165640.7869864532
1165642.3768519014
1165645.5565827978
1165647.1464482462
1165650.3261791426
1165650.3261791426
1165653.5059100392
1165653.5059100392
1165656.6856409356
1165656.6856409356
1165658.2755063837
1165661.4552372803
1165663.0451027285
1165664.6349681767
1165664.6349681767
1165666.224833625
1165667.8146990733
1165667.8146990733
1165669.4045645215
1165670.9944299697
1165683.7133535556
1165685.3032190038
1165686.893084452
1165688.4829499004
1165688.4829499004
1165690.0728153486
1165691.6626807968
1165693.252546245
1165694.8424116932
1165694.8424116932
1165696.4322771416
1165698.0221425898
1165699.612008038
1165699.612008038
1165701.2018734862
1165701.2018734862
1165702.7917389346
1165704.3816043828
1165705.971469831
1165707.5613352791
1165709.1512007273
1165709.1512007273
1165711.9018329908
1165722.9043620443
1165722.9043620443
1165724.279678176
1165725.6549943076
1165727.0303104394
1165728.405626571
1165729.7809427027
1165729.7809427027
1165732.5315749662
1165732.5315749662
1165733.9068910978
1165735.2822072294
1165735.2822072294
1165738.032839493
1165739.4081556245
1165739.4081556245
1167273.4137638581
1167313.9470808916
1167453.558172052
1167453.558172052
1167516.3276003026
1167663.3874036323
1167663.3874036323
1168270.870040266
1168833.4293507745
1168950.9913737117
1168952.3666898434
1169639.6946798188
1169750.7982182014
1169752.1680330685
1169794.6322939508
1169796.002108818
1169797.371923685
1169798.7417385522
1169801.4813682865
1169801.4813682865
1169802.8511831537
1169806.9606277554
1169808.3304426225
1169812.439887224
1169816.5493318255
1169819.2889615598
1169820.658776427
1169823.3984061612
1169824.7682210284
1169826.1380358955
1169829.3342705858
1169832.9871102315
1169834.8135300544
1169838.4663697002
1169840.2927895233
1176162.588039334
1176171.1700119958
1176172.886406528
1176174.6028010605
1176176.3191955928
1176179.7519846575
1176194.2313128922
1176197.4220463177
1176202.208146456
1176203.8035131686
1176235.7108474239
1176235.7108474239
1176673.3364405292
1176743.5215733617
1176743.5215733617
1176899.0808303854
1177335.2980997716
1177455.1321449582
1177456.7220104064
1178971.4511877382
1179008.524209384
1179317.2111645108
1183301.9476004553
1183362.40099634
1183454.1950962339
1183455.6804376561
1184325.716425095
1184468.7327989975
1184691.4129845125
1184691.4129845125
1184698.0365070028
1186815.4127094492
1186917.2961284851
1186917.2961284851
1190362.9911597734
1190367.1061056396
1190490.1803956325
1190491.3796712994
1190505.7709793015
1192129.7222625478
1192999.60421458
1194888.716448017
1194987.0790577556
1195074.6976978737
1195075.3413458231
1198528.1990235255
1198528.8261676817
1198961.3245822478
1199072.0320295845
1199073.0002521412
1199097.2058160591
1200125.0455764486
1200280.9954232536
1200280.9954232536
1200923.889699646
1201063.4677832196
1201064.9806309645
1202018.4322924227
1202117.1689881494
1202117.1689881494
1202124.3426370923
1202698.4215955196
1203140.5472230075
1203144.772194164
1203470.4250490912
1203504.928980203
1203515.7114586756
1203566.301087264
1203566.301087264
1203726.6519456902
1203728.0987782606
1204406.767777871
1204455.0083665063
1204605.5119614298
1204605.5119614298
1204641.050130273
1204641.050130273
1204678.761298604
1204678.761298604
1204998.2142284093
1205014.6189992283
1207870.5674707172
1207879.4575141924
1207880.568769627
1207881.6800250614
1207883.90253593
1207883.90253593
1207885.0137913646
1207886.125046799
1207888.507094339
1207889.7778864447
1207891.0486785504
1207897.4026390787
1207898.6734311844
1207898.6734311844
1207899.94422329
1207902.4858075015
1207902.4858075015
1207903.7565996072
1207906.2981838186
1207907.5689759243
1207907.5689759243
1207910.1105601357
1207921.5476890868
1207921.5476890868
1207922.8184811925
1207924.0892732982
1207927.9016496153
1207929.172441721
1207935.5264022492
1207936.797194355
1207936.797194355
1207941.8803627777
1207941.8803627777
1207943.1511548834
1207949.505115412
1207950.7759075176
1207952.0466996233
1208926.1005967343
1209004.598140267
1209008.9771468302
1209010.071898471
1209011.166650112
1209013.3561533936
1209014.4509050343
1209017.7351599569
1209019.9246632385
1209021.0194148794
1209022.1141665203
1209023.208918161
1209024.303669802
1209068.2477708417
