9656.609219515163
9658.523199318448
9658.905995279105
9661.968362964362
9662.35115892502
10918.761293793976
27169.925663535418
32349.89293114989
33008.749347434095
41032.10195081174
51002.4239900842
57462.40560614164
57483.15499200906
63166.660367871016
68367.09568938184
69193.20626847602
71159.75825435818
71196.93558253717
71197.83492244474
71199.63360225987
71200.53294216744
71201.43228207501
80594.96843662823
103384.89198633053
103505.1314259726
103793.00321238578
103863.57602913247
103906.96572067298
103925.41371877692
103987.38054440812
104224.11909207665
104237.76599867405
104351.60398297403
104352.51254688065
104548.55019873234
104548.55019873234
110623.45752636687
133875.79398454342
133900.58809399512
133909.88588503952
133909.88588503952
133941.10450983094
133941.10450983094
133963.37585554193
133975.5238622934
133977.5485300853
143303.40359159463
143329.03708496006
143862.40560614166
143862.40560614166
165730.2059706177
176125.73130618874
176133.99600933932
176162.1614904445
176162.1614904445
198011.403168828
198014.20726453981
198017.0113602516
198018.4134081075
198019.8154559634
198024.02159953112
198025.423647387
198025.423647387
198037.67311812803
198037.67311812803
199066.60560037664
199080.71831892617
199093.65497759657
199557.40536593331
211066.21204308377
221378.04803525616
221387.1198383238
221389.7117820574
221392.303725791
221393.42905367533
221394.55438155966
221395.67970944403
229171.8153022301
229214.6238818303
229223.4789209202
229227.02093655616
229228.79194437416
229232.33396001012
229234.10496782808
229237.64698346404
229241.1889991
229246.50202255393
229250.0440381899
229253.58605382586
229621.42991201972
229621.42991201972
229855.82095192952
240255.7230750507
240361.12571221765
240362.25104010198
240364.50169587068
240366.75235163936
240367.8776795237
240370.1283352924
240371.25366317673
240372.37899106106
240373.5043189454
240375.7549747141
240376.88030259844
240378.00563048277
240379.1309583671
249586.99723600308
252683.82116971837
252732.85594867868
252792.8765105099
252801.2057816538
252808.14684094043
252815.08790022705
266325.7237476339
281105.30053262186
296105.4923149355
315889.6835335603
315903.1505721762
332021.70611954684
339066.6091874874
357945.57097514963
374307.1373895442
376598.4248740508
393455.12172155693
418551.9535981603
418560.3797212943
418560.3797212943
418566.9333726207
423480.73753559083
445818.8419397301
445819.7182196401
445838.9963776587
445838.9963776587
445885.41615288774
458877.8938535498
458890.4015962643
459627.8372604723
483872.2655486838
483940.5231416684
494342.29312459764
503148.54187151097
513571.0427923095
550985.6030029241
551141.9959068504
551141.9959068504
551150.0945780181
573384.4428288213
587695.2006379932
589943.7625588911
590046.148948368
591265.1419310827
693163.2036742263
693208.7102735492
771890.0355828574
826012.4818642727
834085.4641945496
918904.7659250101
928270.6300824074
928277.9262656575
928278.9685775504
928281.0532013362
928284.1801370148
928285.2224489077
928286.2647608005
928287.3070726934
928290.434008372
928291.4763202649
928293.5609440507
928295.6455678364
928296.6878797293
928297.7301916222
928298.772503515
928300.8571273008
928301.8994391937
976286.4015834532
1042694.0800502195
