98200.42801917823
98207.98708640132
98377.45500898379
98377.45500898379
98406.87956595959
98406.87956595959
98407.89420585531
98920.19511320218
102355.59054411986
102370.95772654045
102374.25069420201
107320.05290988345
107583.43959081316
113985.63285280997
181896.61562507006
181904.29460428085
181904.29460428085
336774.64373905055
336779.4632785552
336781.39109435707
336782.355002258
336784.28281805984
336784.28281805984
336786.2106338617
336787.1745417627
336788.1384496636
336790.0662654654
336791.3115053374
336792.55674520944
336793.80198508146
336795.0472249535
336796.2924648255
336797.5377046975
336798.78294456954
336801.2734243136
336803.76390405756
336805.0091439296
336807.4996236736
336808.74486354564
374238.5800165904
374295.4182987487
374301.8105300917
375993.4827322254
376084.40830288024
376097.36802154826
376112.38930400443
376214.6926774899
376223.9074525428
376335.1350451111
376350.5806315236
376573.11422065215
376574.69613648957
376666.9315150098
377089.67200356146
377144.0013579776
377144.0013579776
377355.6275682271
377511.3932402179
377561.96381502034
377827.2045197596
377828.37135563965
377834.20553504
377836.53920680017
377851.7080732411
377852.8749091212
377861.04276028177
377865.71010380203
377870.37744732236
377871.54428320244
377876.2116267227
377953.82235474605
378068.12615099817
378069.22380688536
378564.9814719325
378899.88642951165
378899.88642951165
378977.9629694871
379007.84872641554
379009.5090462449
379017.8106453917
379022.7916048797
379029.43288419716
379041.0551230027
379044.3757626614
379051.0170419788
379054.3376816375
379060.97896095493
379072.6011997604
379087.3227022474
379100.3100929126
379103.5569405789
379110.05063591147
379113.2974835778
379577.5598038619
379716.01202963205
379988.8210255934
379996.20022483496
381048.1050767225
381075.55569790123
381077.2990337221
381077.2990337221
381079.0423695429
381080.7857053637
381087.759048647
381089.5023844678
381091.24572028866
381092.98905610945
381160.9791531216
381162.72248894244
381166.2091605841
381565.61754353374
381992.27361968294
382286.7221174202
382468.55019873235
382468.55019873235
383604.324262
383613.3960650676
384503.2813736072
386967.1314323782
386998.24859318003
386999.49844505155
386999.49844505155
387000.7482969231
387003.2480006662
387003.2480006662
387004.4978525377
387004.4978525377
387006.9975562808
387008.2474081524
387009.4972600239
387010.74711189547
387010.74711189547
387013.24681563856
387013.24681563856
387014.4966675101
387015.7465193816
387015.7465193816
387016.99637125316
387018.2462231247
387019.49607499625
388007.93058940716
388061.4620679053
388067.02413933363
388102.2505917132
388104.1046155226
388107.8126631415
388115.2287583793
388117.0827821887
388118.93680599815
388134.22097242734
388135.8997402548
388139.2572759097
388142.6148115646
388145.97234721953
388147.651115047
388151.0086507019
388152.68741852936
388161.0812576667
388162.76002549415
388164.4387933216
388169.475096804
388172.8326324589
388176.1901681138
388177.86893594125
388181.2264715962
388186.2627750786
388187.94154290605
388189.6203107335
388192.9778463884
388196.3353820433
388198.0141498708
388199.69291769824
388203.05045335315
388885.2297512403
389138.77903718106
389140.4439690099
389145.4387644966
389147.10369632544
389150.4335599832
389150.4335599832
389153.763423641
389155.42835546983
389183.9028405433
389190.44726787065
389194.8102194223
389196.99169519806
389199.17317097384
389201.3546467496
389203.53612252546
389205.71759830124
389212.2620256286
389216.6249771802
389229.71383183496
389244.9841622655
389247.1656380413
389249.34711381706
390891.2004970711
391062.44865147053
391064.1597032947
392758.7282411307
392822.0786666197
393060.29766613606
393271.5087964283
393274.39590813156
396288.9094863065
396898.7311236304
396898.7311236304
396919.4390015021
396958.7839694583
396975.35027175565
396977.4210595428
396979.49184733
396983.63342290436
396985.7042106915
396987.77499847865
396991.916574053
396993.9873618402
396998.1289374145
397006.4120885632
397010.2077641731
397011.93265199586
397015.3824276413
397017.107315464
397020.55709110945
397024.0068667549
397025.7317545776
397027.4566424003
397029.18153022305
397649.8644264306
397667.6667446009
397688.2454864859
397696.75462561136
398124.82658561505
398126.9296573989
398146.85349535116
398146.85349535116
398156.0221504088
398162.5711897357
398165.1908054665
399204.57407864096
399602.68648972386
399619.53873599187
399619.53873599187
399622.97928763827
399624.6995634615
399624.6995634615
399628.1401151078
399629.860390931
399631.5806667542
399633.3009425774
399638.461770047
399638.461770047
399647.063149163
399647.063149163
399650.5037008094
399650.5037008094
399653.9442524557
399655.6645282789
399719.9696376698
399721.5377175086
400106.54743793816
400118.2065727399
400119.66396459006
400122.5787482905
400122.5787482905
400124.0361401407
400125.4935319909
400126.95092384116
400128.40831569134
400129.8657075416
400129.8657075416
400131.32309939177
400132.780491242
400135.69527494244
400138.6100586428
400140.06745049305
400141.52484234323
400142.9822341935
400144.43962604366
400145.8970178939
400148.81180159433
400335.76381437987
400337.81154216937
402339.6591604239
402396.6911465623
402396.6911465623
402399.4398982798
402400.81427413854
402403.563025856
402404.93740171473
402407.68615343224
402407.68615343224
402410.43490514974
402411.8092810085
402413.18365686724
402414.55803272594
402415.9324085847
402418.6811603022
402418.6811603022
402424.1786637372
402426.92741545464
402428.3017913134
402429.67616717215
402431.0505430309
402432.42491888965
402435.17367060715
404157.68170157156
404449.5751515714
404451.0048714245
404737.50689397845
404827.7314407054
404827.7314407054
404990.64571196144
412160.60775904864
412223.3770725974
412224.26257650636
414968.3285024773
414974.02893389144
414975.0620217853
414976.0951096791
414977.12819757295
414978.16128546675
414979.19437336054
414980.2274612544
414982.29363704205
414983.32672493585
414984.3598128297
414985.3929007235
414986.4259886173
414987.45907651115
414988.49216440495
414990.5583401926
414991.59142808645
414992.62451598025
414996.75686755555
415544.73159123596
415546.8438870188
415612.186696303
415618.2606996788
415619.5474475465
415685.17158880184
415698.10363547265
420974.82604114286
422434.0257951696
422568.1289053868
422607.0910773823
422608.20256926806
422614.87152058264
422614.87152058264
422615.98301246844
422617.0945043542
422618.20599623997
422802.0495213449
422802.0495213449
423404.2475234524
423864.1007721897
424449.94462397794
424449.94462397794
424455.56203940057
427138.3022076745
427509.41597353225
427509.41597353225
427523.5702000775
427908.5153525137
427947.256148532
427948.3953124149
437234.8869579699
437997.0060436411
437997.07522363396
437997.07522363396
438405.42166166496
438683.08248112764
438684.14324101864
438685.9465328333
438687.21944470244
438691.26416828675
442530.0573617441
442536.98919703165
447851.2394428449
447897.3040941104
447899.6654378677
447902.026781625
447912.6528285329
447930.3629067127
447935.0855942273
447938.62760986324
447942.1696254992
448564.2914655589
448577.8968641606
448579.7601119691
448581.6233597776
448583.4866075861
448585.34985539457
448586.28147929884
448588.14472710737
448590.00797491585
448590.9395988201
448593.73447053286
448594.66609443707
448596.5293422456
448599.32421395835
448602.1190856711
448604.91395738383
448605.8455812881
448606.77720519237
448609.5720769051
448610.5037008093
448611.4353247136
456448.5599992313
456461.63040588796
456461.63040588796
458929.48829224706
458968.5749882298
458988.49882618204
459049.93065986823
459078.29906895256
459110.0572976885
476187.032466555
476317.0262851945
476414.88369113696
476416.1104830109
476419.79085863265
476957.0888034103
479301.4742384596
479492.83993479144
479494.3895666322
479506.7866213581
479509.8858850395
479511.43551688024
479519.1836760839
479522.28293976537
479530.98117087135
479561.35118775
479565.4005233338
479569.4498589176
479591.72120462864
479593.74587242055
479597.79520800436
479601.8445435882
479603.8692113801
479607.9185469639
479611.9678825477
479616.0172181316
479618.0418859235
479620.0665537154
479624.1158892992
487878.5250569294
488513.8003196372
488515.57132745517
490193.08007904456
490209.4987973571
490267.079611439
490564.21229290037
490593.59995388
491508.2378638755
491510.00425969396
501663.8654321027
503262.3660198124
503272.2725947942
503278.49879415426
503280.57419394096
503281.6118938343
503282.64959372766
503284.72499351436
503287.8380931944
503291.9888927678
503294.0642925545
503298.2150921279
503299.25279202126
503301.32819180796
503301.32819180796
503303.40359159466
503304.44129148795
503305.4789913813
503307.554391168
503309.6297909547
503311.7051907414
503313.7805905281
503432.4657863299
503432.4657863299
511516.45234747574
511524.0621466936
511525.33044656325
511526.5987464329
511527.86704630253
511530.4036460418
511531.6719459115
511534.20854565076
511536.74514539004
511538.0134452597
511539.2817451294
511540.550044999
511541.81834486866
511543.08664473833
511544.35494460794
511545.6232444776
511548.1598442169
511549.42814408656
511550.69644395617
511551.96474382584
511553.2330436955
511555.8895554224
511558.66597913706
511560.0541909944
511561.4424028517
511562.83061470906
511565.6070384237
511566.995250281
511568.38346213836
511571.159885853
511572.5480977103
511578.1009451396
511578.1009451396
511580.87736885424
511583.6537925689
511585.04200442624
511586.43021628354
511587.8184281409
511590.59485185554
511591.98306371283
511593.3712755701
511594.7594874275
511597.5359111421
511600.3123348568
511601.70054671407
511603.0887585714
511604.4769704287
511605.86518228607
511608.6416060007
511610.029817858
511611.41802971537
511614.19445343
511615.5826652873
511618.35908900195
511619.7473008593
511621.1355127166
511623.91193643125
511625.3001482886
511626.6883601459
511628.07657200325
511630.85299571784
511630.85299571784
511633.6294194325
511635.01763128984
511637.7940550045
511640.46901472955
511641.8064945921
511644.48145431717
511645.8189341797
511648.4938939048
511651.16885362985
511655.18129321747
511655.18129321747
511657.8562529425
511659.1937328051
511661.86869253014
511661.86869253014
511665.88113211776
511665.88113211776
511668.5560918428
511669.8935717054
511671.2310515679
511675.2434911555
514285.4784148814
514375.73524560494
514678.96960243926
514680.3301422994
514717.1431225159
514736.96549647854
514804.66964952
517008.85952297837
517094.37983018876
517096.35376598587
535820.7028815389
535839.1693276409
535841.8811833622
535843.2371112228
535845.9489669441
535847.3048948047
535848.6608226654
535850.016750526
535852.7286062473
535854.0845341079
535855.4404619685
535856.7963898293
535858.1523176898
535859.5082455506
535860.8641734112
535862.2201012718
535863.5760291325
535866.2878848537
535867.6438127144
535868.999740575
535870.3556684357
535871.7115962963
549690.5719840245
549706.4695463906
549724.1335045751
549727.666296212
549732.9654836673
549736.4982753043
549740.0310669412
549743.5638585781
549747.096650215
549752.3958376704
549759.4614209442
549778.1077350279
549781.4837186809
549784.8597023339
549789.9236778135
549791.6116696399
549794.987653293
549798.3636369461
549803.4276124255
549806.8035960785
549808.4915879051
549888.2422837085
549888.2422837085
550392.4260718896
550641.2065503204
550642.3733862005
550652.8749091212
573448.7341022135
573585.1801081898
577510.1946327855
577611.6401743592
577625.6191449225
577950.6313635184
577952.3977593369
577966.5289258845
577970.0617175214
577974.7936290351
577976.370932873
577977.9482367109
577981.1028443866
577985.8347559003
577987.4120597382
577988.989363576
577992.1439712518
577993.7212750898
577998.4531866034
578001.6077942791
578003.1850981171
675922.6039861768
675932.418321168
675938.7275365196
675942.2326561594
675943.6347040153
675947.840847583
675950.6449432948
675953.4490390066
675957.6551825743
675959.0572304302
675961.1603022141
675962.7606660496
675967.2573655874
675970.8547252177
675981.6468041085
675987.9421834615
675990.6402031841
675992.4388829992
675994.2375628144
676027.0565514413
691026.0399898792
693153.9197191804
693158.98369466
693164.8916660529
693166.5796578793
693176.6568768437
693177.8283247232
693184.8570120009
693189.5428035192
693194.8143189774
693198.3286626162
693199.5001104958
693204.7716259541
715299.8605510698
719976.2574264403
783521.143263438
783522.7251792755
783522.7251792755
783522.9511672523
783523.177155229
783523.177155229
783523.4031432058
783524.0811071361
783524.0811071361
783524.3070951129
783524.3070951129
783524.5330830896
783524.5330830896
783525.21104702
783525.21104702
783525.4370349968
783525.4370349968
783525.4370349968
783525.6630229736
783526.1149989271
783527.2449388109
783527.2449388109
783527.2449388109
783527.4709267877
783527.4709267877
783527.6969147645
783527.9229027412
783528.148890718
783528.3748786948
783528.6008666717
783529.278830602
783529.278830602
783529.5463265744
783529.5463265744
783530.0813185194
783530.348814492
783530.883806437
783531.1513024095
783532.2212862995
783532.2212862995
783532.4887822721
783533.8262621346
783535.1637419971
783535.4312379697
783535.4312379697
783535.6987339421
783535.6987339421
783535.9662299147
783536.5012218596
783536.7687178322
783537.0362138046
783537.0362138046
783537.3037097772
783537.8387017222
783538.1061976947
783538.1061976947
783538.3736936672
783538.3736936672
783538.6411896397
783539.4436775573
783539.7111735297
783539.9786695022
783539.9786695022
783540.2461654748
783540.5136614472
783542.3861332549
783542.6536292273
783542.6536292273
783542.9211251999
783542.9211251999
783542.9211251999
783543.7236131174
783543.7236131174
783544.5261010348
783545.0610929799
783545.3285889523
783545.3285889523
783546.4723648347
783547.3301967466
783548.1880286584
783548.473972629
783548.473972629
783548.473972629
783548.7599165996
783549.6177485115
783552.7631321882
783553.0490761588
783553.0490761588
783553.3350201295
783553.3350201295
783554.1928520412
783554.4787960119
783554.7647399824
783554.7647399824
783555.0506839531
783555.6225718943
783556.1944598355
783557.338235718
783557.6241796886
783557.6241796886
783557.9101236592
783558.4820116004
783559.3398435123
783560.197675424
783562.6789311691
783562.6789311691
783562.8726351492
783562.8726351492
783562.8726351492
783563.2600431094
783563.2600431094
783563.8411550496
783563.8411550496
783564.2285630099
783564.2285630099
783564.42226699
783565.1970829103
783565.1970829103
783565.7781948505
783565.9718988307
801099.8624727364
801195.2662949311
801195.2662949311
806155.7485051036
806168.938823748
806172.5361833783
806174.9344231318
806176.1335430086
806177.3326628853
806178.531782762
806179.7309026388
806180.9300225156
806184.5273821459
806185.7265020226
806186.9256218993
806188.1247417761
806189.3238616529
806190.5229815296
806192.9212212831
806194.1203411599
806196.5185809134
826203.5570046344
829769.9332220901
829782.952896752
829937.1551009035
829937.1551009035
829958.4625387136
829977.8329367227
836174.0081798936
836193.59995388
836264.149710629
836291.199087849
836315.3844133632
848168.2047471567
852275.4854930196
852665.439276941
852665.439276941
853005.445105996
923026.0533134334
949377.6119450788
978318.2779306214
978329.9416774226
978341.6884402153
978342.9936360812
978346.9092236788
978348.2144195447
978352.1300071422
978353.435203008
978356.0455947397
978357.3507906056
978359.9611823373
978363.8767699349
978366.4871616666
978367.7923575324
1017311.0828270277
1040463.6294514603
1088383.7019623418
1088423.5496382464
1088462.0690582874
1109025.7343167996
1109039.574927377
1109046.2162066945
1177049.7987054372
1177326.2419570254
1177469.7212622787
1178378.5572768704
1202662.7778969924
