397915.8476630934
397919.72174269526
399883.04994090874
400627.9339843512
400717.2960871668
400785.1801081898
401047.48758123047
401314.24563381367
403052.97406711103
403064.2919139478
825199.8198757963
825506.591636267
825514.8932354137
825529.836113878
825724.4624938747
825733.6864929267
825738.2984924527
825768.5163133469
825828.8966111412
974586.5061861647
974890.4415669269
974914.7329684303
977000.2883780815
977485.5168482107
977492.7346274689
977494.1781833206
977498.5088508754
977505.7266301336
977507.1701859853
977508.6137418369
982661.0427602817
982725.334033674
982726.316389573
982859.3449039006
982860.4425597878
984664.3247103888
984665.6022342575
985641.4874979582
987933.6927703705
988078.0621915325
988799.8216693517
988800.7071732607
994479.4990856071
1003185.4414548296
1004648.3953764704
1005916.3539581526
1006867.7541163698
1006962.3600626463
1006962.3600626463
1007011.0489416423
1007771.8028754536
1007849.2014514987
1007849.2014514987
1007851.0877593048
1007852.9740671109
1007858.6329905293
1007860.5192983354
1007913.3359169071
1008204.4591629861
1008509.6074996237
1008603.3417779899
1008752.5215146574
1008769.8995288714
1008795.9665501923
1008806.1037251503
1009011.5590800341
1009014.8243756986
1009065.7408504655
1009248.1454317184
1009401.4482959623
1009421.5796738933
1009468.5528890655
1009468.5528890655
1009486.4474472263
1009499.8683658469
1009792.5781397627
1009792.5781397627
1009837.0239791947
1009848.618546003
1009850.5509738044
1009964.7625300661
1009966.5289258845
1010776.0363066852
1010909.987220918
1010909.987220918
1011399.440282613
1011420.2634604729
1011420.2634604729
1011421.6516723302
1011424.4280960449
1011425.8163079022
1011428.5927316168
1011431.3691553315
1011435.5337909035
1011625.1469274154
1011634.4723904569
1011642.2436096582
1011646.906341179
1011648.4605850193
1011651.5690726998
1011653.12331654
1011656.2318042206
1011659.3402919011
1011662.4487795816
1011848.4507204648
1011848.4507204648
1015120.8719241326
1015249.8418788774
1015249.8418788774
1015537.1141053522
1015550.6180399643
1015553.7357516439
1015564.6477425224
1015570.8831658815
1015575.5597334008
1015583.3540125998
1015586.4717242793
1015595.8248593181
1015602.0602826772
1015606.7368501965
1015619.2076969148
1015904.1185796323
1015912.945946725
1015915.8884024225
1015917.3596302714
1015920.302085969
1015921.7733138178
1015923.2445416666
1015927.658225213
1015932.0719087593
1015935.0143644569
1015939.4280480032
1016125.9649808314
1016146.5114387196
1016344.5506983657
1016344.5506983657
1016359.170736863
1016362.2331045483
1016371.8352875614
1016381.4374705745
1016387.8389259166
1016395.8407450941
1016399.0414727652
1016400.6418366007
1016403.8425642718
1016408.6436557783
1016410.2440196138
1016902.8655249833
1017393.0103866073
1017393.0103866073
1017396.6492542333
1017528.723084659
1017728.0029721775
1019491.073538973
1019582.2896655981
1019583.5026214734
1019672.6802443078
1019683.3477992114
1019689.2742186023
1019690.4595024805
1019694.015354115
1019696.3859218714
1019697.5712057495
1019699.9417735059
1019702.3123412624
1019703.4976251405
1019704.6829090187
1019707.0534767751
1019708.2387606532
1019709.4240445314
1019711.7946122878
1019933.7101934799
1019952.1120715885
1019969.1995298323
1019977.0860490218
1019994.2426872584
1019994.2426872584
1020044.7902020632
1020048.2584257068
1020051.7266493503
1020053.4607611721
1020054.327817083
1020055.1948729939
1020056.9289848156
1020056.9289848156
1020057.7960407265
1020058.6630966373
1020060.3972084591
1020061.2642643701
1020062.131320281
1020063.8654321027
1020069.067767568
1020069.9348234789
1020070.8018793898
1020071.6689353007
1020073.4030471224
1021183.4790490313
1021199.8424233495
1021205.1001028091
1021216.9298815933
1021965.8448126216
1021986.7002744781
1021989.1538582259
1021993.3231057973
1021995.8966015328
1021997.6122653565
1021999.3279291801
1022001.9014249156
1022006.1905844748
1022007.9062482985
1022010.479744034
1022012.1954078577
1022013.9110716813
1022016.4845674168
1022018.2002312405
1022019.9158950641
1022022.4893907997
1022427.2569171985
1022506.6432650394
1022506.6432650394
1022508.7555608223
1022508.7555608223
1022509.8117087138
1022510.8678566052
1022511.9240044967
1022512.9801523881
1022514.0363002795
1022515.092448171
1022516.1485960624
1022517.2047439539
1022518.2608918453
1022519.3170397368
1022962.1335622251
1023217.297048
1023232.728798414
1023236.0356020741
1023239.3424057342
1023244.803013173
1023249.1613527251
1023253.5196922772
1023257.8780318293
1023262.2363713813
1023266.5947109334
1023270.9530504853
1023273.8586101867
1023278.2169497388
1023282.5752892909
1023286.9336288429
1023291.291968395
1023297.1030877978
1023305.8197669019
1024223.5707765775
1024390.400635431
1024390.400635431
1024550.3355549932
1024566.2838493541
1024677.7282059002
1024680.716781593
1024710.6025385214
1024710.6025385214
1024713.5911142143
1024715.0854020606
1024716.5796899071
1024718.0739777535
1024719.5682655999
1024721.0625534464
1024722.5568412928
1024724.0511291393
1024725.5454169856
1024727.039704832
1024728.5339926785
1024740.4882954499
1024740.4882954499
1024741.9825832963
1024743.4768711426
1024746.4654468355
1025166.0005957166
1025326.0093072713
1025326.0093072713
1025336.2018262238
1025551.3700521092
1025620.8821089648
1025659.8996249547
1025669.6540039522
1025692.9215415608
1025721.1469786599
1025733.3549414051
1025761.8663224748
1025806.5796578793
1025944.5937436945
1025944.5937436945
1026548.0415976736
1026556.1218208431
1026558.8152285662
1026562.855340151
1026565.5487478742
1026568.8371035361
1026572.7204071371
1026576.6037107379
1026580.4870143388
1026582.4286661393
1026586.3119697401
1026590.195273341
1026592.1369251414
1026596.0202287423
1026599.9035323432
1026603.786835944
1026607.670139545
1026613.4950949464
1026617.3783985472
1026623.2033539485
1026642.6198719529
1026727.9326391846
1026729.4684350268
1027186.9972360032
1027246.6165538755
1027316.5067946924
1029253.9570635655
1029353.0781573781
1029354.0743492757
1029368.0579318386
1029372.1810594148
1029377.6785628498
1029381.801690426
1029384.5504421435
1029388.6735697197
1029390.0479455785
1029392.7966972959
1029396.9198248722
1029402.4173283072
1029407.9148317421
1029413.4123351771
1029421.6585903296
1029423.0329661883
1029447.8547476371
1031230.420236429
1031663.9943118673
1031663.9943118673
1031669.104407342
1031669.104407342
1031671.6594550795
1031672.9369789482
1031675.4920266856
1031676.7695505542
1031678.0470744229
1031679.3245982917
1031680.6021221604
1031683.1571698978
1031684.4346937665
1031685.7122176351
1031688.2672653726
1031689.5447892413
1031692.0998369787
1031693.3773608473
1031695.9324085847
1031697.2099324535
1031701.0425040595
1031790.4876228665
1031998.737849463
1032090.4428480378
1032090.4428480378
1032107.235138312
1034458.6999926337
1034460.1112644885
1034461.5225363435
1034464.3450800534
1034465.7563519083
1034467.1676237633
1034468.5788956183
1034472.8127111831
1034472.8127111831
1034474.2239830381
1034475.635254893
1034477.046526748
1034479.8690704579
1034481.2803423129
1034485.5141578777
1034486.9254297327
1034486.9254297327
1034488.3367015877
1034492.5705171524
1034493.9817890074
1034495.3930608623
1034499.6268764272
1034503.8606919921
1034506.683235702
1035568.0011786221
1035884.0661181376
1035884.0661181376
1035890.4675734796
1035893.6683011507
1036608.9433076363
1036616.7145268377
1036619.8230145181
1036622.9315021987
1036624.485746039
1036624.485746039
1036627.5942337194
1036629.1484775597
1036630.7027214
1036630.7027214
1036632.2569652402
1036633.8112090805
1036635.3654529208
1036636.919696761
1036638.4739406012
1036638.4739406012
1036640.0281844415
1036641.5824282818
1036643.136672122
1036646.2451598026
1036647.7994036428
1036649.353647483
1037156.9457033139
1037502.5228277963
1037502.5228277963
1040127.7974819763
1040388.9104471398
1040393.2365026951
1040449.6827648937
1040449.6827648937
1042620.7077497606
1042625.840905233
1042625.8962492273
1044298.225725349
1045460.6294738797
1045461.7225177673
1045462.4512136924
1045463.1799096175
1045463.5442575801
1045464.2729535053
1045465.0016494304
1045465.3659973929
1045466.094693318
1045466.4590412806
1045466.8233892431
1045467.5520851682
1045467.9164331307
1045469.0094770184
1045469.7381729435
1045469.7381729435
1045471.1494447985
1045471.8320207284
1045473.1971725881
1045473.8797485179
1045474.5623244478
1045475.9274763075
1045476.6100522373
1045477.975204097
1045478.6577800268
1045479.3403559567
1045481.3880837462
1045482.0706596761
1045483.4358115358
1045488.2138430447
1047542.379983922
1054353.7682918627
1055177.4714072044
1055182.1203027265
1055183.2825266072
1055185.6069743682
1055192.5803176516
1055193.742541532
1055198.3914370544
1055199.5536609348
1055200.7158848154
1055201.8781086958
1055204.2025564571
1055205.3647803375
1055207.6892280986
1055209.8199718797
1055211.9507156606
1055213.0160875511
1055215.1468313322
1055216.2122032226
1055218.3429470037
1055219.4083188942
1055221.539062675
1055222.6044345656
1055422.3778060332
1058332.3419669536
1058337.9686063754
1058359.8986641215
1058755.8295994287
1061293.610010601
1061298.8907500585
1061299.94689795
1061301.0030458414
1061302.059193733
1061303.1153416242
1061304.1714895158
1061306.2837852987
1061307.33993319
1061308.3960810816
1061309.452228973
1061310.5083768645
1061311.5645247558
1061312.6206726474
1061313.6768205387
1061314.7329684303
1061315.7891163216
1061316.8452642132
1061317.9014121045
1061318.957559996
1061320.0137078874
1061321.069855779
1061499.1576054755
1061499.1576054755
1061507.413084627
1062398.8710850049
1062420.4690787853
1063329.8815933177
1069078.5452984828
1069089.0468214035
1069091.3804931636
1069093.7141649239
1069094.8810008038
1069095.8633567027
1069097.8280685009
1069102.739847996
1069104.7045597942
1069107.6516274912
1069108.6339833902
1069110.5986951883
1069111.5810510875
1069112.5634069864
1069113.5457628854
1069327.3488369114
1069327.3488369114
1069329.8854366508
1070019.6099657624
1070196.22648761
1070386.9834000045
1070386.9834000045
1070640.3620419628
1072668.539565511
1077747.8914514668
1077763.62298185
1077803.825781718
1077803.825781718
1087661.8271845344
1088010.1300007366
1088305.0765944228
1088306.8014822453
1090119.3449679562
1090147.7364370383
1090149.8348968225
1090154.0318163913
1090164.5241153128
1090168.7210348814
1090172.9179544502
1090187.6071729404
1090189.7056327248
1090206.4933109994
1090210.690230568
1090987.39707074
1092759.3272886246
1092800.4202044012
1092800.4202044012
1097649.7808979948
1100319.0355796546
1100350.3556684358
1100353.8884600727
1100364.4868349833
1100378.6180015309
1100392.7491680786
1100403.3475429893
1100419.2451053553
1100453.526097832
1100492.1377578636
1100495.1078855584
1100508.4734601846
1100509.958524032
1100552.8501196238
1100554.2429434806
1100557.0285911942
1100562.5998866216
1100709.4920715243
1100709.4920715243
1109072.781323964
1109168.5264341235
1109171.072257862
1109177.4368172078
1109181.2555528153
1109188.5332880674
1109193.9985075057
1109200.5567708318
1109202.742858607
1109212.580253596
1109220.2315608095
1109220.2315608095
1109226.7898241356
1109232.255043574
1109237.7202630122
1120972.3119889568
1121001.1415979937
1121007.21098937
1121008.728337214
1121016.3150764343
1121029.9712070306
1121036.1697343935
1121047.2431452554
1121069.3899669794
1127844.4218826566
1133511.3747922198
1139266.2185767498
1139353.989539729
1143296.026954575
1143460.3847816826
1143460.3847816826
1154706.828641798
1173976.0947253457
1173982.8466926517
1173984.5346844783
1173986.2226763049
1173989.5986599578
1173996.350627264
1173998.0386190903
1173999.726610917
1174003.10259457
1174006.478578223
1174008.1665700495
1174011.5425537026
1174013.230545529
1174014.9185373555
1174018.2945210086
1174019.9825128352
1174023.358496488
1174025.0464883146
1174026.7344801412
1174028.4224719675
1174031.7984556207
1174033.564851439
1178080.617495492
1178092.6917102512
1178094.416598074
1179185.302069955
1180431.9762738247
1198803.327557658
