913133.7063501469
913142.4922092439
914204.0453641398
914246.5218797742
914558.0486117562
914558.0486117562
915212.0301445413
921199.5308571594
921841.8440311438
921863.2068129481
921863.2068129481
922825.2699140694
922843.8562721593
934797.3703916036
934882.4479468595
934887.50269834
934888.7663862101
937823.5707765775
952318.2090068508
963968.1705414937
967066.0137271041
975385.770316018
975949.6610500626
980918.338783393
980926.6680545369
981124.9148541616
981126.1923780303
984560.7484250342
984625.9805463299
985564.8176178383
985569.3558253718
985575.6281447271
985605.421661665
985611.6939810204
987391.109474136
987443.008304802
987443.008304802
987694.3253829721
987760.9595521236
987760.9595521236
987765.6084476458
987771.8069750087
987773.3566068495
987773.3566068495
987774.9062386901
992207.8771670792
992248.8870668644
1004718.4793212675
1005135.7638143798
1017213.188525089
1017528.723084659
1017528.723084659
1020043.0560902414
1020049.9925375285
1020050.8595934394
1020054.327817083
1020055.1948729939
1020056.9289848156
1020059.5301525482
1020061.2642643701
1020849.4319233639
1020905.7767215729
1020907.5108333947
1020909.2449452165
1023583.4390783687
1023607.080187939
1023613.5000912792
1023664.1629060721
1025641.4746868483
1025979.8340320726
1027259.0228326004
1035381.2567058152
1035445.0314352607
1035543.0041411913
1035544.2539930628
1035550.5032524206
1035554.2528080351
1035558.0023636498
1040274.8095788667
1045680.7048672609
1058873.3064513546
1059545.77287824
1059545.77287824
1059553.714741424
1059562.9802484715
1059624.4166941573
1060121.1290431062
1077443.9652947036
1104898.4605529916
1112750.057682022
1115375.3369482015
1139399.90199501
1139408.8262140928
1139409.817793991
1139413.7841135834
1139415.7672733795
1139416.7588532774
1139429.4879719694
1146465.6190168115
1146476.0236877422
1146477.3242716084
1174389.2284188848
