402369.74915761885
402561.770795926
407537.4170034918
408236.84777542617
408236.84777542617
408236.84777542617
408301.7516943131
409638.34992626775
409713.60722499405
422170.0104676839
422170.0104676839
422232.72488328913
441636.5650715546
441665.611748256
442895.5569648301
443238.0932005899
443238.0932005899
443252.45150100475
443723.9648835948
443723.9648835948
443723.9648835948
443723.9648835948
443723.9648835948
448156.8838392714
448442.93859213474
448670.48189549125
457979.0285683723
482198.3346449774
487271.86485226813
513273.2615622063
513273.2615622063
513273.2615622063
513273.2615622063
513273.2615622063
514238.0733349124
542915.8572421856
577776.6883915678
577776.6883915678
577776.6883915678
577776.6883915678
577776.6883915678
577776.6883915678
577776.6883915678
577776.6883915678
577862.1780423139
578234.8337013577
578239.735328051
578332.8662352249
605706.0582675601
605706.0582675601
669195.8220952178
669291.2140221121
669662.6814080181
677223.2672926902
685469.8828689095
716006.5220547223
716129.3102789599
716142.1392278364
757263.3653985743
757263.3653985743
757263.3653985743
757279.4731011087
767590.366674562
772473.2615622063
772473.2615622063
803445.2708226682
803489.2369287662
815810.2430489231
815971.9802260103
815971.9802260103
815971.9802260103
815971.9802260103
1033396.719718213
1035788.3174535257
1054488.7219492814
1123691.8130486938
