1093299.7470946447
1093393.1585663094
1093395.9532086889
1094560.774455795
1096999.2374636114
1096999.2374636114
1096999.2374636114
1102385.415536488
1102385.415536488
1102385.415536488
1104974.53067337
1104974.53067337
1104974.53067337
1107639.23318485
1107639.23318485
1107639.23318485
1107639.23318485
1107691.220134628
1108771.3934244607
1108771.3934244607
1108771.3934244607
1108771.3934244607
1108799.1197976756
1110829.0864080563
1110829.0864080563
1110829.0864080563
1110829.0864080563
1110829.0864080563
1116770.1220211035
1116829.205602121
1116829.205602121
1116829.205602121
1116910.94339046
1116978.2348581515
1117023.6202904973
1117081.2075275637
1117221.6658134614
1119112.340406024
1123510.6013951818
1123510.6013951818
1123510.6013951818
1123510.6013951818
1123510.6013951818
1123510.6013951818
1123510.6013951818
1123571.247335325
1123580.5774799625
1123580.5774799625
1123580.5774799625
1132406.806286723
1132406.806286723
1132406.806286723
1132406.806286723
1132406.806286723
1132406.806286723
1132406.806286723
1132439.8523827353
1134634.8184200674
1134666.0270937278
1167894.5835466348
1179457.801480757
1179623.169492432
1179623.169492432
1179623.169492432
1179623.169492432
1179623.169492432
1179623.169492432
1179623.169492432
1179623.169492432
1179623.169492432
1179623.169492432
1179623.169492432
1179623.169492432
1179623.169492432
1179623.169492432
1179623.169492432
1179623.169492432
1179623.169492432
1179623.169492432
1179623.169492432
1179623.169492432
