687.0639292781883
13674.614262028284
22814.233605085617
38212.938668541174
47351.19919926039
58794.76462992535
58794.76462992535
58794.76462992535
58794.76462992535
58794.76462992535
58823.92133191726
58882.2347359011
59300.11078935505
59351.16252416354
59351.16252416354
61016.30727618639
61040.27078446503
61040.27078446503
61512.93943260569
61512.93943260569
61512.93943260569
61607.34113188518
61607.34113188518
68771.89648453916
87516.97674951673
87516.97674951673
87573.41972356146
87573.41972356146
87573.41972356146
87573.41972356146
87634.15368393707
91240.41412296853
100695.70152583683
104175.80146547574
110231.01032251163
118442.52783105006
128241.50673522873
128260.68414336907
128260.68414336907
128320.95599752443
128400.7683432789
134253.60768343278
135609.6198779025
165064.05580727235
171716.79001214862
196480.10513527764
215011.42276453823
215011.42276453823
215011.42276453823
215011.42276453823
215011.42276453823
215011.42276453823
215011.42276453823
215011.42276453823
221988.2364626869
221988.2364626869
221988.2364626869
221988.2364626869
233764.38634158266
259894.14955798868
259894.14955798868
259933.09851083826
274069.6209475928
276357.67388198257
276454.7161882349
276455.7834335531
307591.26827069273
410926.4270050963
420772.46922730154
420772.46922730154
443819.0267346175
443819.0267346175
443819.0267346175
443819.0267346175
443819.0267346175
443819.0267346175
443819.0267346175
443819.0267346175
443819.0267346175
443819.0267346175
443819.0267346175
443908.4772958229
443908.4772958229
443908.4772958229
443908.4772958229
446515.54305885587
453141.13952582155
474105.46840975253
474105.46840975253
513273.2615622063
513273.2615622063
513326.7338534066
766907.5222151758
1090401.3508660672
1090910.6909435433
1114146.018841831
1114146.018841831
1114146.018841831
1114146.018841831
1114146.018841831
1114146.018841831
1114146.018841831
1114243.7212998266
1114243.7212998266
1123637.0204540072
