139381.46837918993
139426.13864714737
139561.42574438985
139564.33041206
141310.77835252407
141341.26085926697
141343.0102613865
141482.92942336053
141516.729192613
142282.19714392684
142282.19714392684
142309.13133504995
143482.66108390194
148444.14153531124
155008.68496855872
155063.0429633478
155528.2739018483
162919.50885932808
162951.49321128675
165374.05206335624
171868.8559661978
171937.70979301492
171937.70979301492
171950.054630613
171987.08914340727
172000.5562389688
172000.5562389688
172000.5562389688
195306.22330549592
195306.22330549592
195306.22330549592
195306.22330549592
224869.87033825138
234453.93684242698
240287.64278455672
240287.64278455672
242390.55616256237
242413.91453174307
242454.26080578245
242454.26080578245
242454.26080578245
242454.26080578245
242454.26080578245
243114.21450347267
259894.14955798868
259894.14955798868
259894.14955798868
259894.14955798868
259894.14955798868
259894.14955798868
259933.09851083826
259933.09851083826
282171.2176896217
296583.4029905485
296583.4029905485
296583.4029905485
296583.4029905485
296583.4029905485
296583.4029905485
301513.08613299305
301513.08613299305
301513.08613299305
301613.7592738331
301613.7592738331
301613.7592738331
301613.7592738331
301613.7592738331
301613.7592738331
1018229.5188685732
1111212.3044949917
