61.9387373069782
298.6526486296503
298.6526486296503
315.2664675005157
30955.38443906203
30998.569365597225
34550.32877696193
79448.0575187769
87516.97674951673
87573.41972356146
87573.41972356146
87573.41972356146
87573.41972356146
87573.41972356146
87573.41972356146
87573.41972356146
87573.41972356146
87573.41972356146
87573.41972356146
87573.41972356146
87573.41972356146
87573.41972356146
87573.41972356146
87573.41972356146
87586.5787483095
91197.0751610266
131684.98475691286
145586.89476539398
145605.76410272083
165142.2947913722
165250.62569243347
165250.62569243347
165256.37451386396
171846.46031830928
259894.14955798868
415379.79966228345
513326.7338534066
758273.727641562
758273.727641562
758273.727641562
758273.727641562
758273.727641562
758273.727641562
758273.727641562
758273.727641562
758273.727641562
758273.727641562
758273.727641562
758292.9600623476
767418.5511808617
802792.1331917266
