1088624.552449209
1088737.7684731698
1090222.4497436564
1091232.4819107726
1093393.1585663094
1093393.1585663094
1093442.0648079524
1094598.5956494166
1094598.5956494166
1096100.1107893551
1096199.4856317667
1096634.8337013577
1101968.1996347771
1101968.1996347771
1101968.1996347771
1106821.305175009
1107044.5849983573
1107295.783739179
1107639.23318485
1107639.23318485
1107639.23318485
1107639.23318485
1107639.23318485
1107639.23318485
1107653.674004233
1108552.8831974573
1108552.8831974573
1108584.3064204343
1108608.335943887
1108609.7112600186
1108750.2905737362
1109865.264862965
1109865.264862965
1111616.9775135813
1116483.2860886774
1116483.2860886774
1116483.2860886774
1116483.2860886774
1116483.2860886774
1116483.2860886774
1116483.2860886774
1116483.2860886774
1116483.2860886774
1116706.747453755
1116708.8599393333
1118886.2384339734
1119152.4446244242
1122962.3453724433
1122962.3453724433
1122962.3453724433
1122962.3453724433
1122962.3453724433
1122962.3453724433
1122962.3453724433
1122962.3453724433
1122962.3453724433
1122962.3453724433
1122962.3453724433
1123510.6013951818
1123510.6013951818
1123510.6013951818
1123510.6013951818
1123510.6013951818
1123510.6013951818
1123510.6013951818
1123510.6013951818
1123510.6013951818
1123510.6013951818
1123510.6013951818
1123510.6013951818
1123545.589437572
1123894.1495579886
1123894.1495579886
1123894.1495579886
1123894.1495579886
1123894.1495579886
1123894.1495579886
1127951.442171777
1127960.684296182
1132274.115786337
1132274.115786337
1132274.115786337
1132274.115786337
1132274.115786337
1132303.8226147816
1132303.8226147816
1132303.8226147816
1132303.8226147816
1132303.8226147816
1179457.801480757
1200036.711771942
1200036.711771942
1200036.711771942
1200036.711771942
1200036.711771942
1200036.711771942
1200036.711771942
