2314.987125512878
3420.8238143628846
3432.3159559593214
3432.640530566401
3695.226888958504
19807.132389458966
19838.96820727542
19952.77836780538
20058.65020362319
20076.138723553813
20089.51229761841
20097.742189350465
20099.79966228348
20112.144499881568
20199.14699837254
20199.14699837254
20208.42213036469
20314.299467447032
20316.037867037492
20321.253065808876
42002.30319608187
42037.69283078263
42128.42518662276
42128.42518662276
47047.2818404786
58890.7616959176
58958.97737604963
58960.68276805293
73976.80238999381
74022.3088501593
74122.16780384936
74122.16780384936
74122.16780384936
74122.16780384936
74165.649798669
74165.649798669
74172.33933633356
74172.33933633356
79201.55135659655
86604.97711626769
86616.44725280601
87516.97674951673
87516.97674951673
87516.97674951673
87516.97674951673
87516.97674951673
87516.97674951673
87516.97674951673
87573.41972356146
87573.41972356146
87573.41972356146
87573.41972356146
91012.045629933
92526.53825289008
92526.53825289008
92526.85732623264
92533.71740309753
92538.44298932602
92538.44298932602
92539.31769038578
92540.48395846545
94631.03599507942
95338.52061828102
95392.38349926268
110625.98461174063
162035.235599294
162059.48517332805
162059.48517332805
162085.4071317782
162086.88147067136
162086.88147067136
165894.37266482782
169161.88173809397
169263.30305090963
169265.60808074637
172193.65062385867
172226.49317308352
259894.14955798868
259894.14955798868
259933.09851083826
316188.58946049405
316406.0104371213
337557.7013883052
337557.7013883052
337557.7013883052
337557.7013883052
337557.7013883052
337557.7013883052
337557.7013883052
337557.7013883052
337557.7013883052
337557.7013883052
337557.7013883052
337557.7013883052
337557.7013883052
337557.7013883052
337557.7013883052
337557.7013883052
337557.7013883052
337557.7013883052
337557.7013883052
337557.7013883052
337557.7013883052
398379.61598117347
408236.84777542617
429609.2604619534
429669.994422329
429669.994422329
429669.994422329
429669.994422329
429669.994422329
429669.994422329
429687.32340558834
433234.1536839371
446202.8346793603
446278.77413488796
446281.3927368027
446281.3927368027
446281.3927368027
446281.3927368027
446281.3927368027
513273.2615622063
513326.7338534066
758385.6233620367
758385.6233620367
758385.6233620367
758385.6233620367
758431.4048854285
758433.8144392913
758433.8144392913
758433.8144392913
758433.8144392913
758433.8144392913
758433.8144392913
758433.8144392913
758433.8144392913
758433.8144392913
758433.8144392913
767798.2319547063
