2066.3409714316276
86889.07341895951
87634.15368393707
172000.5562389688
172037.59075176305
172037.59075176305
172042.64091259864
208377.88797286042
208377.88797286042
208377.88797286042
208377.88797286042
208377.88797286042
208377.88797286042
208377.88797286042
208377.88797286042
208377.88797286042
208377.88797286042
208377.88797286042
208458.83908037195
208485.8227828758
208485.8227828758
208485.8227828758
208485.8227828758
259894.14955798868
259894.14955798868
351026.7774050841
351039.0232199207
368224.34645741485
383776.7073403678
398478.4847072487
398480.20110178104
398581.46837918996
408236.84777542617
408236.84777542617
408351.3841028736
408351.3841028736
482420.45370151056
513273.2615622063
613636.4611587803
614032.2221288366
614056.3176674638
614056.3176674638
614056.3176674638
661681.314802222
680509.7337235156
684961.8961025068
685469.8828689095
685469.8828689095
757263.3653985743
757263.3653985743
757263.3653985743
757263.3653985743
757263.3653985743
757263.3653985743
757263.3653985743
757384.1731675823
757384.1731675823
757384.1731675823
757384.1731675823
757384.1731675823
757384.1731675823
757481.4630307383
757513.8929851237
757513.8929851237
757513.8929851237
757513.8929851237
757513.8929851237
757513.8929851237
757513.8929851237
780824.8412655964
780824.8412655964
895559.5443119217
895629.8504725739
895772.8833502701
905285.2298688102
998848.2063585449
998965.7133688369
999006.8408224391
1035377.042917504
1035377.042917504
1035377.042917504
1035377.042917504
1035377.042917504
1035377.042917504
1035377.042917504
1035377.042917504
1035377.042917504
1035377.042917504
1035377.042917504
1035377.042917504
1035377.042917504
1035377.042917504
1038776.8243950519
1038781.0493662085
1038819.0741066176
1078281.2949365445
1078281.2949365445
