698231.936368707
698616.529771774
709316.8743648714
710511.9470656102
726375.5254853719
726570.6003254915
861609.2604619534
861669.994422329
861669.994422329
886911.3364252478
893934.5807960024
894145.499277959
894241.8814324682
895187.8458729056
898302.1447291009
899998.4486434035
904104.2184002018
904765.7784671338
905285.2298688102
905285.2298688102
905285.2298688102
905342.9931463413
906855.070714171
956610.7076001498
956610.7076001498
956610.7076001498
956610.7076001498
956610.7076001498
956622.9204073992
956622.9204073992
956622.9204073992
982350.0240680323
982350.0240680323
982350.0240680323
982350.0240680323
982447.3964501562
982527.6048869566
988036.9012599424
988036.9012599424
1035444.7084711833
1035444.7084711833
1035444.7084711833
1035444.7084711833
1035444.7084711833
1068107.6964218859
1068203.7485005234
1068203.7485005234
1068203.7485005234
1068203.7485005234
1068203.7485005234
1068203.7485005234
1068284.617089067
