2464.247434653382
10631.41374857693
10645.28793771346
10728.500064945483
10729.369264740715
12081.018956440681
12114.686695344553
12165.138792319622
12166.156526257075
14067.993184544503
14151.771942022784
14161.59169920308
21465.367553236192
21541.906646597236
21541.906646597236
24930.47654703963
24982.95861062508
24984.124878704755
28312.422924991788
28340.74343477563
28340.74343477563
36396.751197671125
36947.3727641562
36947.3727641562
37077.0925816976
37077.0925816976
37077.0925816976
37077.0925816976
37077.0925816976
37077.0925816976
37077.0925816976
37077.0925816976
37077.0925816976
37077.0925816976
37077.0925816976
37077.0925816976
37077.0925816976
37077.0925816976
37077.0925816976
37077.0925816976
37077.0925816976
37077.0925816976
37095.730865914324
37095.730865914324
42316.441904354404
42336.576532522406
42336.576532522406
76086.11923990861
76106.6004477418
76107.80522467317
87516.97674951673
87516.97674951673
87516.97674951673
87516.97674951673
87516.97674951673
87516.97674951673
87516.97674951673
87516.97674951673
87516.97674951673
87516.97674951673
87573.41972356146
87573.41972356146
87573.41972356146
87573.41972356146
87573.41972356146
87573.41972356146
87573.41972356146
87573.41972356146
87573.41972356146
87573.41972356146
87573.41972356146
87573.41972356146
87573.41972356146
87573.41972356146
87573.41972356146
87573.41972356146
87573.41972356146
87573.41972356146
87634.15368393707
87634.15368393707
87634.15368393707
87634.15368393707
87634.15368393707
87634.15368393707
87634.15368393707
87634.15368393707
87634.15368393707
87654.25530451791
91021.83237952612
91041.52690653199
91064.07108856272
91112.85630238616
91112.85630238616
94435.14696780997
94472.22549072043
94474.73406734465
97293.10340085116
97313.95869467218
97339.80363541898
97358.46942595833
97359.90525599982
101783.46105945186
101809.92214182565
101872.3064815593
101876.46543754154
111842.05563917817
111919.9260385547
111921.83497734548
115560.22280121333
117876.53023021265
127390.53813063975
127463.24284262564
127465.39933832013
129823.37884610977
129847.88697957655
129847.88697957655
129847.88697957655
129847.88697957655
129847.88697957655
129847.88697957655
129919.59596268309
129919.59596268309
129956.5369539804
134154.71695229947
134231.22853933787
134231.22853933787
134237.72003147946
145029.39661825044
145029.39661825044
145029.39661825044
145029.39661825044
145074.66102277677
145207.8851458217
145207.8851458217
156000.11185904537
156498.2128530933
156498.2128530933
156498.2128530933
156498.2128530933
156498.2128530933
156498.2128530933
156498.2128530933
156498.2128530933
156498.2128530933
156498.2128530933
156498.2128530933
167009.8200628061
172051.05784732464
172051.05784732464
172051.05784732464
172051.05784732464
172051.05784732464
172051.05784732464
172051.05784732464
172067.39660296918
172067.39660296918
173245.23934321015
176020.51727167843
187587.068972104
187587.068972104
187587.068972104
187587.068972104
187645.8884924243
195522.68706209553
198243.56848692303
198243.56848692303
198243.56848692303
198243.56848692303
198243.56848692303
198243.56848692303
198243.56848692303
198243.56848692303
198243.56848692303
198243.56848692303
198243.56848692303
198243.56848692303
198243.56848692303
198243.56848692303
198243.56848692303
198243.56848692303
198243.56848692303
198243.56848692303
198245.47742571382
206290.4881608203
206290.4881608203
206290.4881608203
206354.06077369174
206361.12439734413
206361.12439734413
206361.12439734413
206361.12439734413
206361.12439734413
206361.12439734413
206361.12439734413
206361.12439734413
206361.12439734413
206361.12439734413
206361.12439734413
206361.12439734413
206361.12439734413
206361.12439734413
206361.12439734413
206361.12439734413
208276.22460440558
208276.22460440558
208276.22460440558
208276.22460440558
208276.22460440558
208276.22460440558
208276.22460440558
208276.22460440558
208276.22460440558
208276.22460440558
208276.22460440558
208276.22460440558
208276.22460440558
208276.22460440558
208276.22460440558
208276.22460440558
208276.22460440558
208276.22460440558
208276.22460440558
208277.91899387984
208574.11807853056
219206.42303196082
227870.25450989083
243496.64040831607
243496.64040831607
243496.64040831607
243496.64040831607
243496.64040831607
243512.28600463024
245765.58194973983
245786.64079034835
259069.6200307154
259069.6200307154
259069.6200307154
259069.6200307154
259069.6200307154
259194.55374811852
259863.78257780086
259863.78257780086
259894.14955798868
259894.14955798868
259894.14955798868
259894.14955798868
259894.14955798868
259894.14955798868
259894.14955798868
259894.14955798868
259894.14955798868
259894.14955798868
259894.14955798868
259894.14955798868
259894.14955798868
259933.09851083826
259933.09851083826
259933.09851083826
259933.09851083826
259933.09851083826
259933.09851083826
259933.09851083826
259933.09851083826
274494.94571321603
280538.8274665913
282114.52715867327
286782.7902108054
286782.7902108054
286782.7902108054
286782.7902108054
286782.7902108054
286782.7902108054
286782.7902108054
286782.7902108054
286782.7902108054
286782.7902108054
286782.7902108054
286782.7902108054
290557.32332918193
304703.70953323296
311430.0836650647
316492.56733318564
320934.4203424537
321035.4235591653
321035.4235591653
321035.4235591653
321035.4235591653
321035.4235591653
321035.4235591653
321035.4235591653
321035.4235591653
321035.4235591653
321106.81897019385
351025.92470908246
351026.7774050841
351026.7774050841
351026.7774050841
351026.7774050841
351026.7774050841
351040.64059169154
351040.64059169154
352658.14439291257
355330.45515323314
355908.7810878751
358451.21249398304
358812.8491201797
363352.72916205047
368150.5084849365
368327.3741394723
368327.3741394723
368327.3741394723
368327.3741394723
368327.3741394723
368327.3741394723
368327.3741394723
368327.3741394723
368327.3741394723
368327.3741394723
368327.3741394723
368327.3741394723
368327.3741394723
368418.80515590735
368418.80515590735
368433.1634563222
371600.1644266842
375005.20511311974
383548.64691814577
386602.6849227149
388676.81568471645
389678.48042848735
394390.2419792327
398478.4847072487
398478.4847072487
398552.2896721399
398581.46837918996
398581.46837918996
398581.46837918996
404379.0915272886
408236.84777542617
408236.84777542617
408236.84777542617
408236.84777542617
408236.84777542617
408236.84777542617
408236.84777542617
408236.84777542617
408351.3841028736
408351.3841028736
408351.3841028736
408351.3841028736
408351.3841028736
408351.3841028736
408351.3841028736
408351.3841028736
408351.3841028736
408351.3841028736
408351.3841028736
408351.3841028736
415112.68576318584
421036.86000045843
421036.86000045843
421040.84291597584
424475.9205067276
424475.9205067276
424475.9205067276
424475.9205067276
424475.9205067276
424475.9205067276
424475.9205067276
424475.9205067276
424475.9205067276
424475.9205067276
424475.9205067276
424475.9205067276
424479.5073311991
437427.23951130436
441420.2003377165
443829.4626334248
448599.7081273543
448612.0859725395
451977.556063234
457275.5598682753
460614.6073854476
460614.6073854476
460614.6073854476
460614.6073854476
460614.6073854476
460614.6073854476
460614.6073854476
460614.6073854476
460614.6073854476
460614.6073854476
460614.6073854476
460614.6073854476
460614.6073854476
460614.6073854476
460614.6073854476
460614.6073854476
460614.6073854476
460614.6073854476
460614.6073854476
468737.7195730408
478222.50475630164
478461.87577839073
482352.6561174826
486294.8787811643
489891.01689346647
489891.01689346647
496079.74144056725
505483.45448849705
513106.573247045
513195.03358063556
513273.2615622063
513273.2615622063
513273.2615622063
513273.2615622063
513273.2615622063
513273.2615622063
513273.2615622063
513273.2615622063
513273.2615622063
513273.2615622063
513326.7338534066
513326.7338534066
513326.7338534066
513326.7338534066
525808.8830140817
526910.5937545367
532968.470724868
533748.8581055785
533809.9221418257
533872.3064815593
537695.9053782502
537695.9053782502
543167.4355702596
561085.4832326041
587057.739744344
587063.0429633479
587063.0429633479
587063.0429633479
587063.0429633479
587063.0429633479
588337.4659036209
605706.0582675601
605706.0582675601
605706.0582675601
605706.0582675601
605767.7824555505
605767.7824555505
605839.4089196891
605839.4089196891
609984.6667532607
613645.2631820231
614032.2221288366
614032.2221288366
614032.2221288366
614032.2221288366
614048.6874135652
614056.3176674638
614353.3859519098
621594.5904232153
621594.5904232153
621594.5904232153
621594.5904232153
621594.5904232153
621594.5904232153
621594.5904232153
621594.5904232153
621594.5904232153
621616.1223725731
621628.5882379909
621628.5882379909
621628.5882379909
621628.5882379909
621628.5882379909
621628.5882379909
621628.5882379909
627363.986583027
627363.986583027
627363.986583027
627363.986583027
627363.986583027
627363.986583027
627363.986583027
627363.986583027
627363.986583027
627363.986583027
627363.986583027
627363.986583027
627363.986583027
627363.986583027
627363.986583027
627363.986583027
627363.986583027
627363.986583027
627363.986583027
627363.986583027
627363.986583027
627363.986583027
627363.986583027
627363.986583027
643242.9740447283
650244.6589598026
661569.7491576188
661569.7491576188
661681.314802222
661681.314802222
661681.314802222
661681.314802222
677662.5212600952
685469.8828689095
708916.7123831937
713702.8070202247
740212.5260737017
743247.6287257696
770643.6345020973
780824.8412655964
780824.8412655964
780824.8412655964
787411.5052835061
804457.6135208857
804457.6135208857
804528.5798332811
804528.5798332811
804528.5798332811
804528.5798332811
804528.5798332811
804528.5798332811
804528.5798332811
809019.9222182321
817761.0684678213
827846.9878284523
829001.9453082618
874133.2027292384
874913.9586946722
874964.2127461244
876770.360409233
881373.9560968528
885323.8310194913
894721.151598041
895559.5443119217
895592.3538535594
895629.8504725739
895629.8504725739
895740.205838981
896275.6549179013
896278.1194844092
896278.1194844092
896278.1194844092
896278.1194844092
896278.1194844092
896278.1194844092
896278.1194844092
896278.1194844092
896278.1194844092
896278.1194844092
896278.1194844092
896278.1194844092
896278.1194844092
897092.9667861154
905285.2298688102
905285.2298688102
905285.2298688102
905285.2298688102
905342.9931463413
912400.1253065809
934935.6978583272
958983.2104462901
962817.4542898402
970071.4657049641
972720.1705392003
980738.9787513658
983147.8174497054
983147.8174497054
983147.8174497054
983147.8174497054
983147.8174497054
983147.8174497054
983147.8174497054
983147.8174497054
983147.8174497054
983207.121081304
998293.2718006709
998820.3699600395
998848.2063585449
998848.2063585449
998910.8767640339
998965.7133688369
998965.7133688369
998965.7133688369
1005747.7052850344
1008846.1054867473
1021671.6325766548
1021671.6325766548
1021671.6325766548
1021671.6325766548
1021671.6325766548
1021671.6325766548
1021671.6325766548
1021671.6325766548
1021671.6325766548
1021671.6325766548
1021671.6325766548
1021671.6325766548
1021671.6325766548
1021671.6325766548
1021671.6325766548
1021671.6325766548
1021671.6325766548
1021671.6325766548
1021720.9239068147
1038750.4183253234
1038750.4183253234
1038768.4624729712
1038771.9832822684
1038776.8243950519
1038819.0741066176
1038819.0741066176
1038819.0741066176
1041073.5913324521
1045275.2426286875
1045451.3271036606
1048946.197938554
1051829.696742793
1059306.223305496
1060172.1223420105
1066340.1071218455
1068081.8844887263
1078765.4667288105
1079789.0155028692
1084413.7745551234
1084413.7745551234
1084413.7745551234
1084497.943902383
1084497.943902383
1084497.943902383
1084497.943902383
1084497.943902383
1084497.943902383
1084497.943902383
1084497.943902383
1084497.943902383
1084497.943902383
1084497.943902383
1084497.943902383
1084497.943902383
1084497.943902383
1084497.943902383
1084497.943902383
1084497.943902383
1084497.943902383
1084497.943902383
1084497.943902383
1084497.943902383
1084497.943902383
1084497.943902383
1084497.943902383
1084497.943902383
1084497.943902383
1084497.943902383
1084497.943902383
1084497.943902383
1084497.943902383
1084497.943902383
1084568.9102147785
1084568.9102147785
1084568.9102147785
1084568.9102147785
1084568.9102147785
1084568.9102147785
1084568.9102147785
1084568.9102147785
1084568.9102147785
1084568.9102147785
1084568.9102147785
1084568.9102147785
1084568.9102147785
1084568.9102147785
1084568.9102147785
1084568.9102147785
1095217.966518693
1123637.0204540072
1123691.8130486938
1123691.8130486938
1123691.8130486938
1123691.8130486938
1123691.8130486938
1123691.8130486938
1127239.402501547
1131127.3496894077
1138516.1255816442
1155141.9042015907
1160137.7675562925
1167852.2238097785
1171908.306145371
1208930.3585754782
