480744.61449124763
482134.4319562344
485865.741639224
485865.741639224
490629.39661825047
490629.39661825047
490984.5582560991
491053.3020576257
491741.0921538215
491741.0921538215
492199.2374636114
492199.2374636114
492211.12019498926
492288.3579489452
492659.64929438644
493040.270784465
493413.5865952521
493413.5865952521
493413.5865952521
493512.9394326057
493607.3411318852
493607.3411318852
493734.4203424537
493734.4203424537
493734.4203424537
493835.4235591653
493864.3217017245
494636.84777542617
494636.84777542617
494636.84777542617
494636.84777542617
494636.84777542617
495201.93766761664
495201.93766761664
495201.93766761664
495201.93766761664
495201.93766761664
495201.93766761664
495263.441805026
495710.914661634
495710.914661634
495710.914661634
495710.914661634
495710.914661634
495710.914661634
495710.914661634
495880.24358376826
495880.24358376826
495880.24358376826
495880.24358376826
495880.24358376826
495880.24358376826
495880.24358376826
496160.58802405273
496214.2803658341
496214.2803658341
496214.2803658341
496214.2803658341
496214.2803658341
496227.7969727764
496403.77142245887
497483.00949732197
500583.4946782906
500583.4946782906
500583.4946782906
500583.4946782906
500583.4946782906
500583.4946782906
500583.4946782906
500652.4365253402
500663.0429633478
500663.0429633478
500663.0429633478
500663.0429633478
500663.0429633478
501697.8308208345
502579.46347389574
502579.46347389574
502630.95530986635
502630.95530986635
502630.95530986635
502630.95530986635
502630.95530986635
502630.95530986635
502630.95530986635
502630.95530986635
502630.95530986635
502630.95530986635
502748.7923960299
502761.8854056037
504251.93040900375
504752.4629619725
505760.73472444015
505905.6380320754
506122.1678038493
507295.5875274108
507295.5875274108
509753.4424926841
510527.6904621826
510527.6904621826
510527.6904621826
510527.6904621826
510527.6904621826
510527.6904621826
510527.6904621826
510527.6904621826
510527.6904621826
510527.6904621826
510527.6904621826
510527.6904621826
510527.6904621826
510527.6904621826
510527.6904621826
510527.6904621826
510806.9346495618
510806.9346495618
510806.9346495618
510806.9346495618
510806.9346495618
510806.9346495618
510806.9346495618
510806.9346495618
510806.9346495618
510806.9346495618
512267.1903055494
512601.8872393585
512618.8861467462
513106.573247045
513106.573247045
513106.573247045
513106.573247045
513106.573247045
513195.03358063556
513195.03358063556
513195.03358063556
513195.03358063556
513195.03358063556
513195.03358063556
513195.03358063556
513195.03358063556
513195.03358063556
513195.03358063556
513273.2615622063
513273.2615622063
519791.2697988218
519791.2697988218
519791.2697988218
519791.2697988218
519791.2697988218
519815.03526157746
519815.03526157746
519815.03526157746
519815.03526157746
519815.03526157746
519815.03526157746
519815.03526157746
519815.03526157746
519815.03526157746
527441.8783762101
536516.8743648714
536516.8743648714
536516.8743648714
536516.8743648714
536516.8743648714
536516.8743648714
536516.8743648714
536516.8743648714
536516.8743648714
536516.8743648714
536516.8743648714
536516.8743648714
536516.8743648714
536516.8743648714
536516.8743648714
536516.8743648714
536516.8743648714
536516.8743648714
536584.2098426791
536584.2098426791
536584.2098426791
537172.2235041527
546094.3558554085
546408.2580093063
550108.7386058879
550108.7386058879
550181.3552976414
550181.3552976414
550181.3552976414
550181.3552976414
550181.3552976414
550181.3552976414
550181.3552976414
550181.3552976414
550181.3552976414
550181.3552976414
550181.3552976414
550181.3552976414
550181.3552976414
550181.3552976414
550181.3552976414
550181.3552976414
560238.7671054944
560238.7671054944
560249.7256244317
577194.7646299254
577194.7646299254
577194.7646299254
577194.7646299254
595976.2467622766
596092.598507018
596092.598507018
596092.598507018
597055.4298244944
597055.4298244944
597372.3136637658
597381.8748615133
597381.8748615133
605665.4589353525
605706.0582675601
605706.0582675601
605767.7824555505
605839.4089196891
607056.3986583027
607093.1636091352
607138.9176262043
607138.9176262043
607138.9176262043
635604.0006418142
636125.3059696361
640001.5794741708
640073.2279433676
648843.0137760832
648843.0137760832
648843.0137760832
648859.9026581805
651988.636832494
661569.7491576188
661569.7491576188
661681.314802222
661681.314802222
661681.314802222
672809.8228134384
673219.7770459738
673481.362174222
677925.0085957259
678111.9635694037
679266.1068620634
679384.0099634014
681704.3773256214
681704.3773256214
681704.3773256214
681704.3773256214
681704.3773256214
681704.3773256214
681704.3773256214
681704.3773256214
681704.3773256214
681704.3773256214
681704.3773256214
681704.3773256214
681704.3773256214
681704.3773256214
681704.3773256214
681704.3773256214
681704.3773256214
681704.3773256214
681704.3773256214
681704.3773256214
681704.3773256214
681778.759923288
681944.3424842794
684806.5568960643
685469.8828689095
685469.8828689095
685469.8828689095
685469.8828689095
685469.8828689095
691023.4094086904
691023.4094086904
691023.4094086904
691200.0
691200.0
691200.0
691200.0
691200.0
691200.0
691225.0857662421
709888.8958503656
709888.8958503656
709888.8958503656
709888.8958503656
709888.8958503656
709888.8958503656
709888.8958503656
709888.8958503656
709888.8958503656
709888.8958503656
709888.8958503656
709888.8958503656
709888.8958503656
709888.8958503656
709888.8958503656
709888.8958503656
709986.9283842328
709986.9283842328
709986.9283842328
709986.9283842328
709986.9283842328
755882.3279517723
755882.3279517723
755882.3279517723
755882.3279517723
755882.3279517723
755882.3279517723
755882.3279517723
755882.3279517723
755882.3279517723
755882.3279517723
755882.3279517723
755882.3279517723
755882.3279517723
755882.3279517723
755882.3279517723
755882.3279517723
755882.3279517723
755982.6710167406
755982.6710167406
755982.6710167406
755982.6710167406
755982.6710167406
755982.6710167406
755982.6710167406
755982.6710167406
755982.6710167406
755982.6710167406
755982.6710167406
755982.6710167406
755982.6710167406
755982.6710167406
755982.6710167406
755982.6710167406
756880.4773875106
756950.0683837744
768416.5190748706
772178.0637076994
787153.3859519098
787153.3859519098
787153.3859519098
787153.3859519098
787153.3859519098
787153.3859519098
787153.3859519098
787153.3859519098
787153.3859519098
787153.3859519098
787153.3859519098
787153.3859519098
787153.3859519098
787153.3859519098
787153.3859519098
787153.3859519098
787153.3859519098
787153.3859519098
787153.3859519098
787153.3859519098
787157.1818244333
787176.1611870506
787176.1611870506
787176.1611870506
787176.1611870506
787176.1611870506
787176.1611870506
787176.1611870506
787176.1611870506
787176.1611870506
787176.1611870506
787176.1611870506
787176.1611870506
787176.1611870506
787176.1611870506
787176.1611870506
787176.1611870506
795038.2383728483
836394.7646299254
855292.598507018
855292.598507018
855409.0052644045
865809.4759281473
865809.4759281473
868231.7047043452
885666.5102881287
891220.0368279098
891305.7245241788
891307.1768580138
891307.1768580138
891307.1768580138
891307.1768580138
896385.0640668098
896385.0640668098
896385.0640668098
896385.0640668098
896460.403884504
902677.9605589896
905285.2298688102
905342.9931463413
912448.2063585449
912448.2063585449
912448.2063585449
912448.2063585449
912448.2063585449
912448.2063585449
912448.2063585449
912448.2063585449
912448.2063585449
912448.2063585449
912448.2063585449
912448.2063585449
912448.2063585449
912448.2063585449
912448.2063585449
912448.2063585449
912448.2063585449
912448.2063585449
912448.2063585449
912448.2063585449
916030.5197930913
916030.5197930913
916030.5197930913
916030.5197930913
916030.5197930913
916030.5197930913
916030.5197930913
916030.5197930913
916133.173389161
916133.173389161
916133.173389161
916133.173389161
916133.173389161
916133.173389161
916133.173389161
916133.173389161
916133.173389161
916133.173389161
916133.173389161
939385.3681644878
939436.8600004584
939436.8600004584
939436.8600004584
997520.3111270715
997613.1724722836
998627.3856004401
998627.3856004401
998701.9827474232
999444.9615293515
1024624.4913240474
1024624.4913240474
1024624.4913240474
1024624.4913240474
1024624.4913240474
1024624.4913240474
1024624.4913240474
1024624.4913240474
1024624.4913240474
1024624.4913240474
1024624.4913240474
1024624.4913240474
1024624.4913240474
1024624.4913240474
1024624.4913240474
1024624.4913240474
1024624.4913240474
1024624.4913240474
1024624.4913240474
1024624.4913240474
1024702.7193056182
1024702.7193056182
1024702.7193056182
1024702.7193056182
1024702.7193056182
1024702.7193056182
1024702.7193056182
1024702.7193056182
1026035.235599294
1026354.2374254082
1030119.9245104257
1057183.8354510656
1068284.617089067
1068284.617089067
1068284.617089067
1068284.617089067
1068284.617089067
1068284.617089067
1068284.617089067
1068284.617089067
1068284.617089067
1068284.617089067
1068284.617089067
1068284.617089067
1068284.617089067
1068284.617089067
1068342.0612932555
1071881.4538619642
1085779.8760687353
1102632.6423643213
1106390.5561625625
1106454.2608057824
1123637.0204540072
1123637.0204540072
1123691.8130486938
1132457.5719557758
1151544.6053224734
1151635.2221517586
1151638.3468700098
1151638.3468700098
1151638.3468700098
1161410.243048923
1161410.243048923
1161410.243048923
1161410.243048923
1161447.9817235768
1169046.9774371749
1172188.2324895514
1179793.1585663094
1180127.8004874731
1183132.866235225
