46.68923203875335
46.68923203875335
47.77848241505513
323.4303440582523
13851.91451646177
46403.25430359339
56114.54855247977
56187.77038333117
56194.42691340857
56194.42691340857
56194.42691340857
56194.42691340857
57299.630956837995
58555.12954713895
58555.12954713895
58555.12954713895
58555.12954713895
58555.12954713895
58555.12954713895
58555.12954713895
58560.080685213055
58604.64092787994
58604.64092787994
79231.74229631951
86854.3714423246
87516.97674951673
87516.97674951673
87516.97674951673
87573.41972356146
87573.41972356146
87573.41972356146
90935.95213899862
94632.90642501853
102455.22047081655
102455.22047081655
102497.4701823822
102508.03261027361
102508.03261027361
102508.03261027361
102508.03261027361
103292.7879950183
110670.00573048388
111241.95019827475
111241.95019827475
121898.2516675708
139629.85597383842
140290.67337005935
140308.8055379396
166326.8160667487
190316.60938729666
195976.71742601946
259894.14955798868
259894.14955798868
259933.09851083826
262315.652167269
310759.49052177963
335147.5038776274
338006.9346495618
338006.9346495618
338006.9346495618
338006.9346495618
338006.9346495618
338006.9346495618
338006.9346495618
338006.9346495618
408351.3841028736
449716.71238319366
463833.83736122673
513273.2615622063
513273.2615622063
767019.9955684259
790285.2118368875
