811.3594999961797
814.2311600791571
843.9269859946975
843.9269859946975
1359.0378899594282
1361.2328945056122
1410.282169026353
1410.6782600722809
1411.8665332100645
9219.514207779705
10738.061262693021
10766.744855935634
10766.744855935634
13108.303089112844
13344.39535754399
13344.39535754399
58239.14241398543
58243.97802550447
58620.732126620765
58630.72792426593
58632.059230281404
58714.97428922897
58714.97428922897
59028.30431161608
59125.357620397466
60196.508836406145
60199.23746361143
60227.458950633794
60228.944292056025
65636.11519036668
65639.28391873409
65743.74192956854
65743.74192956854
70614.649561809
70630.95530986636
70630.95530986636
70630.95530986636
70630.95530986636
70630.95530986636
70630.95530986636
70630.95530986636
70681.31388534447
70681.31388534447
70695.54565667524
75898.1740386158
75901.07870628595
75937.40355595625
75938.24524942884
83589.88806454817
83596.66562244516
83635.08645390016
83635.08645390016
84387.52741081457
84387.52741081457
84387.52741081457
84387.52741081457
84387.52741081457
84387.52741081457
84387.52741081457
84387.52741081457
84387.52741081457
84387.52741081457
84387.52741081457
87226.19641042489
87227.63224046638
87439.40891968917
87439.40891968917
87440.70171685297
87440.70171685297
87516.97674951673
87516.97674951673
87516.97674951673
87516.97674951673
87516.97674951673
87516.97674951673
87516.97674951673
87516.97674951673
87516.97674951673
87516.97674951673
87516.97674951673
87573.41972356146
87573.41972356146
87573.41972356146
87573.41972356146
87573.41972356146
87573.41972356146
87573.41972356146
87573.41972356146
87573.41972356146
87573.41972356146
87573.41972356146
87573.41972356146
87573.41972356146
87634.15368393707
87634.15368393707
87634.15368393707
91296.10342377311
91315.48987996546
91315.48987996546
91315.48987996546
91315.48987996546
91315.48987996546
91319.35176766326
91333.31397703222
91742.71808311495
91796.12435914089
91796.60847041925
91803.14397267705
91803.14397267705
92253.22442867076
92253.90108420755
92272.95746452831
92272.95746452831
102238.69069904262
102238.69069904262
102238.69069904262
102238.69069904262
102238.69069904262
102238.69069904262
102238.69069904262
102272.55648346945
102295.13367308734
102295.13367308734
102295.13367308734
102295.13367308734
102295.13367308734
102295.13367308734
102295.13367308734
102295.13367308734
102295.13367308734
102295.13367308734
102295.13367308734
102295.13367308734
115501.11171387312
115521.0592990472
115521.0592990472
130768.33655513871
130793.44432643893
130809.58503656049
130820.34550997487
131296.65599523226
131296.65599523226
133152.62861115992
133253.60982281342
133253.60982281342
133253.60982281342
133265.0084429129
133327.70085346006
133327.70085346006
133339.09947355953
133339.09947355953
133339.09947355953
133353.07268545753
133362.85393378616
138545.28717364895
138750.0332368065
138750.0332368065
138750.0332368065
138750.0332368065
138750.0332368065
138754.24720543402
138754.24720543402
138760.5681583753
138798.4938760229
172000.5562389688
172023.2819627289
172030.0155105097
172030.0155105097
172051.05784732464
172051.05784732464
198450.52605842036
198450.52605842036
198450.52605842036
198450.52605842036
198450.52605842036
198450.52605842036
198450.52605842036
198450.52605842036
198450.52605842036
198450.52605842036
198450.52605842036
198450.52605842036
198450.52605842036
198450.52605842036
198450.52605842036
198450.52605842036
198450.52605842036
198450.52605842036
198473.79640736862
206440.3426065297
206440.3426065297
206440.3426065297
206440.3426065297
206440.3426065297
206440.3426065297
206440.3426065297
206440.3426065297
206440.3426065297
206440.3426065297
206440.3426065297
206440.3426065297
206440.3426065297
206440.3426065297
206440.3426065297
206440.3426065297
206440.3426065297
206440.3426065297
206440.3426065297
206458.29873394512
222063.9008549882
241609.92672621275
241609.92672621275
241609.92672621275
241623.72389764592
244906.1964104249
245129.19566928232
245129.19566928232
245176.23148098626
247434.2970224406
249258.44482308085
249258.44482308085
249297.11871270408
251949.05829048203
254328.5257375133
259863.78257780086
259863.78257780086
259863.78257780086
259863.78257780086
259863.78257780086
259863.78257780086
259894.14955798868
259894.14955798868
259894.14955798868
259894.14955798868
259894.14955798868
259933.09851083826
259933.09851083826
259933.09851083826
259933.09851083826
259933.09851083826
259933.09851083826
259933.09851083826
261741.03408491815
262654.22199130495
262682.38846568204
262683.95082480763
262683.95082480763
262683.95082480763
282017.2813056334
282018.80515590735
282018.80515590735
311309.2208834114
313051.7244172098
316699.38737306977
318930.8598018017
334255.95244462445
351026.7774050841
351026.7774050841
351029.08793618536
351040.64059169154
383656.5377180449
398381.11232512473
398381.11232512473
398381.11232512473
398478.4847072487
398478.4847072487
398521.3945705575
398581.46837918996
402099.7470946447
402193.1585663093
402193.1585663093
402297.0939570137
403112.74994460534
403112.74994460534
403112.74994460534
403112.74994460534
403112.74994460534
403112.74994460534
403112.74994460534
403112.74994460534
403112.74994460534
403112.74994460534
403112.74994460534
403175.5633829721
408236.84777542617
408236.84777542617
408236.84777542617
408236.84777542617
408351.3841028736
439825.55979186884
477497.98821812513
477583.80794474285
477583.80794474285
477621.32656881545
489707.8247847248
489707.8247847248
489707.8247847248
489707.8247847248
489707.8247847248
489707.8247847248
489707.8247847248
489707.8247847248
489707.8247847248
489707.8247847248
489707.8247847248
489798.5956494166
489798.5956494166
489798.5956494166
489798.5956494166
489798.5956494166
489798.5956494166
489798.5956494166
489798.5956494166
489798.5956494166
489798.5956494166
489798.5956494166
489798.5956494166
489798.5956494166
489798.5956494166
489798.5956494166
489798.5956494166
489798.5956494166
489798.5956494166
489798.5956494166
489798.5956494166
513273.2615622063
513273.2615622063
602131.4300995576
602904.4182794795
605665.4589353525
605665.4589353525
611939.6731331993
612415.4004844169
613790.381038975
614032.2221288366
614056.3176674638
614059.453388244
616167.4829422596
620741.4983305191
627306.2233054959
627306.2233054959
627306.2233054959
627306.2233054959
627306.2233054959
627306.2233054959
627306.2233054959
627306.2233054959
629880.7490888531
661681.314802222
661681.314802222
661681.314802222
661681.314802222
661681.314802222
661681.314802222
661681.314802222
673656.3353937606
685469.8828689095
718333.8870254204
718333.8870254204
780814.0312808014
780824.8412655964
780824.8412655964
780824.8412655964
812500.6162944399
816118.8639888752
816118.8639888752
816118.8639888752
868064.8843588353
868064.8843588353
868064.8843588353
868070.165572781
874580.5820643496
883828.1857288029
885604.9731431322
887385.0503136485
889395.1573590874
895559.5443119217
895561.8878506101
895620.4763178203
895629.8504725739
895629.8504725739
897556.4153149092
905285.2298688102
905285.2298688102
905285.2298688102
905342.9931463413
914427.8914111507
936449.2112561985
938721.0574652924
948190.7361761627
948197.7337846408
948197.7337846408
948197.7337846408
948197.7337846408
948197.7337846408
948197.7337846408
948197.7337846408
948197.7337846408
953581.601326416
953581.601326416
953581.601326416
953581.601326416
953581.601326416
953581.601326416
953581.601326416
953581.601326416
953581.601326416
953581.601326416
953581.601326416
953581.601326416
953581.601326416
953581.601326416
953581.601326416
953608.2659555773
962014.9518257321
969228.1218530093
998841.8799043392
998848.2063585449
998848.2063585449
1038421.7727824937
1038750.4183253234
1038819.0741066176
1042298.7339450943
1072379.6868863606
1084340.8277874985
1084340.8277874985
1084340.8277874985
1084340.8277874985
1084340.8277874985
1084340.8277874985
1084340.8277874985
1084340.8277874985
1084340.8277874985
1084340.8277874985
1084340.8277874985
1084340.8277874985
1084340.8277874985
1084340.8277874985
1084340.8277874985
1084340.8277874985
1084413.7745551234
1084413.7745551234
1084413.7745551234
1084413.7745551234
1084413.7745551234
1084413.7745551234
1088598.4434477647
1093675.736519992
1109063.2080012837
1123637.0204540072
1123637.0204540072
1123637.0204540072
1123691.8130486938
1139750.6093414526
1145127.1381963494
1150801.384484906
1155836.8899517874
1168236.8722254906
1168236.8722254906
1168236.8722254906
1168236.8722254906
1168236.8722254906
1168236.8722254906
1168236.8722254906
1168562.3105311014
1180251.3038760992
1185842.5745917987
1199967.577380634
1208961.006120157
