1436.011583218087
1495.7498147143544
1495.7498147143544
1497.114128316995
23833.37586625815
23882.474652159624
23883.62991771025
39545.20190404877
42942.83238716677
43017.842128989374
46460.291414207015
47065.13344386799
51152.484967030614
51792.848661740994
51792.848661740994
51811.49794848677
79355.03663689362
87516.97674951673
87516.97674951673
87516.97674951673
87516.97674951673
87516.97674951673
87573.41972356146
87695.44877329443
90913.23741776757
95405.80108344348
95412.50712490162
102508.03261027361
102508.03261027361
102508.03261027361
102508.03261027361
102508.03261027361
102532.4582247725
109795.39269095883
110180.91030646628
110180.91030646628
115541.00688422131
128413.04716570268
128413.04716570268
128413.04716570268
128413.04716570268
128413.04716570268
128413.04716570268
128413.04716570268
128413.04716570268
128413.04716570268
128413.04716570268
128413.04716570268
128413.04716570268
128413.04716570268
128439.23318485013
128505.46840975252
128505.46840975252
128606.12504679894
128606.12504679894
134777.35007144004
134786.20710732814
134817.8393783571
134819.10466919828
139477.19038195585
139477.19038195585
139477.19038195585
139477.19038195585
139477.19038195585
139477.19038195585
139477.19038195585
139477.19038195585
139477.19038195585
139477.19038195585
139530.9267338534
157237.02167651034
157237.75884595694
175403.96855110445
177900.89899831143
183080.54309705913
183080.54309705913
209102.02492378454
214638.7671054944
214638.7671054944
214638.7671054944
214638.7671054944
214638.7671054944
214638.7671054944
214638.7671054944
214638.7671054944
214638.7671054944
214638.7671054944
214638.7671054944
214638.7671054944
214638.7671054944
214638.7671054944
214720.95599752443
214720.95599752443
214720.95599752443
214720.95599752443
214720.95599752443
214905.46840975253
214997.2955172335
224737.76847316988
224737.76847316988
224830.51979309134
224933.17338916098
224933.17338916098
224933.17338916098
225054.3112340406
225054.3112340406
225150.0332368065
225150.0332368065
225150.0332368065
225150.0332368065
225276.45229563184
225382.40665041754
249215.1223649325
253131.8851763843
253131.8851763843
253131.8851763843
259863.78257780086
259894.14955798868
259894.14955798868
259894.14955798868
259894.14955798868
259933.09851083826
259933.09851083826
259933.09851083826
265245.66966434644
265245.66966434644
265245.66966434644
265245.66966434644
265245.66966434644
265245.66966434644
265245.66966434644
265245.66966434644
265245.66966434644
265265.11113318405
265276.3667204059
265276.3667204059
265276.3667204059
265276.3667204059
265276.3667204059
265276.3667204059
265276.3667204059
265276.3667204059
265276.3667204059
265276.3667204059
359174.37021982134
359174.37021982134
453603.01469296066
510527.6904621826
510527.6904621826
510527.6904621826
510527.6904621826
510527.6904621826
510527.6904621826
510589.0845743015
510589.0845743015
510589.0845743015
510589.0845743015
510589.0845743015
510589.0845743015
510589.0845743015
510589.0845743015
510589.0845743015
510589.0845743015
510589.0845743015
510589.0845743015
510589.0845743015
510589.0845743015
510589.0845743015
510589.0845743015
510589.0845743015
513273.2615622063
698010.3234285103
758079.973104929
758079.973104929
758079.973104929
758079.973104929
758079.973104929
758079.973104929
758079.973104929
758079.973104929
758079.973104929
758079.973104929
758079.973104929
758079.973104929
758079.973104929
758079.973104929
758079.973104929
758149.2890379664
758149.2890379664
758149.2890379664
758149.2890379664
758149.2890379664
758149.2890379664
758149.2890379664
758180.4041901298
762266.3253845155
762333.3307864516
762395.3850503137
762395.3850503137
762395.3850503137
766941.5200299514
1033678.6375201523
1075630.1255358004
1084275.4727649202
1084275.4727649202
1084275.4727649202
1084275.4727649202
1084275.4727649202
1084275.4727649202
1084275.4727649202
1084275.4727649202
1084275.4727649202
1084275.4727649202
1084275.4727649202
1084275.4727649202
1084275.4727649202
1084275.4727649202
1089581.1123251247
1089740.2749104134
1123637.0204540072
1199859.5710541797
1206297.9209804477
1206297.9209804477
1206297.9209804477
1206297.9209804477
1206297.9209804477
1206297.9209804477
1206297.9209804477
1206378.129417248
