481445.7176475982
485870.27468119405
489707.8247847248
490705.28106113285
490709.27497917926
490709.27497917926
490709.27497917926
490984.5582560991
491203.87716898817
491300.11078935507
491300.11078935507
491343.50476394227
491376.6883915678
491376.6883915678
491376.6883915678
491376.6883915678
491911.62585288705
492288.3579489452
492445.22650692624
492450.92031571147
492500.26665851666
492500.26665851666
492500.26665851666
492500.26665851666
492500.26665851666
492500.26665851666
492500.26665851666
492650.45118009765
492650.45118009765
492650.45118009765
492650.45118009765
492650.45118009765
492650.45118009765
492650.45118009765
492650.45118009765
492744.73185155756
493156.78756714216
493288.48783991317
493288.48783991317
493288.48783991317
493288.48783991317
493288.48783991317
493416.89835649723
493734.4203424537
493734.4203424537
493734.4203424537
493734.4203424537
493734.4203424537
493734.4203424537
493734.4203424537
493734.4203424537
493734.4203424537
493734.4203424537
493835.4235591653
494079.019552411
494281.60361860954
494428.899976314
494466.2645649799
494751.3841028736
494751.3841028736
494751.3841028736
494751.3841028736
494751.3841028736
494751.3841028736
494751.3841028736
494751.3841028736
494751.3841028736
494844.1354227951
494844.1354227951
494844.1354227951
494844.1354227951
494844.1354227951
494844.1354227951
494868.2969765967
494924.6739354671
494980.5117704139
495007.63300453086
495627.07539024594
495627.07539024594
495627.07539024594
495627.07539024594
495627.07539024594
495627.07539024594
495627.07539024594
495627.07539024594
495627.07539024594
495627.07539024594
495627.07539024594
495627.07539024594
495627.07539024594
495627.07539024594
495627.07539024594
495627.07539024594
495787.49226384674
495877.15187310416
495880.24358376826
495880.24358376826
495880.24358376826
495880.24358376826
496113.60722499405
496202.5351660694
496214.2803658341
496526.334094851
496591.55708708044
496591.55708708044
496591.55708708044
496591.55708708044
496591.55708708044
496591.55708708044
496591.55708708044
496591.55708708044
496591.55708708044
496591.55708708044
496591.55708708044
496591.55708708044
496591.55708708044
496591.55708708044
496591.55708708044
496591.55708708044
496591.55708708044
496591.55708708044
496705.7413335982
496939.1104760886
497248.705139862
497281.0635778085
497307.4036323627
497464.9378433515
497551.28019009926
497917.1417874525
497917.1417874525
497917.1417874525
497917.1417874525
497917.1417874525
497935.00989463547
498685.5584165527
498731.79104363575
499233.81443929125
499262.59705529537
499305.7709793015
499305.7709793015
499305.7709793015
499305.7709793015
499305.7709793015
499305.7709793015
499305.7709793015
499305.7709793015
499305.7709793015
499305.7709793015
499305.7709793015
499305.7709793015
499305.7709793015
499305.7709793015
499305.7709793015
499305.7709793015
499305.7709793015
499305.7709793015
499324.0241750013
500663.0429633478
501075.6378028561
501075.6378028561
501075.6378028561
501075.6378028561
501075.6378028561
501075.6378028561
501075.6378028561
501075.6378028561
501075.6378028561
501075.6378028561
501075.6378028561
501075.6378028561
501075.6378028561
501075.6378028561
501117.1393424461
501136.3717632317
501136.3717632317
501136.3717632317
501136.3717632317
501253.54869765206
501253.54869765206
501253.54869765206
501253.54869765206
501253.54869765206
501267.49440322747
501489.55294585077
501537.4139472337
501537.4139472337
501537.4139472337
501537.4139472337
501537.4139472337
501537.4139472337
501537.4139472337
501537.4139472337
501537.4139472337
501537.4139472337
501537.4139472337
501537.4139472337
501538.29965082253
501563.985054898
501654.26080578245
501654.26080578245
501654.26080578245
501668.78414413315
501692.0214854943
501772.097891946
501820.5090197816
501941.42681408016
502160.9272686986
502160.9272686986
502160.9272686986
502160.9272686986
502160.9272686986
502160.9272686986
502160.9272686986
502194.8150581835
502221.44117849314
502233.543960452
502233.543960452
502233.543960452
502233.543960452
502233.543960452
502233.543960452
502233.543960452
502233.543960452
502233.543960452
502233.543960452
502233.543960452
502233.543960452
502233.543960452
502234.77074244147
502343.64626869094
502526.6513344387
502526.6513344387
502526.6513344387
502526.6513344387
502526.6513344387
502526.6513344387
502526.6513344387
502575.06246227433
502630.95530986635
502707.0708058588
502828.9128125979
502896.99646238127
502947.86115419585
502969.73418195435
503185.0426730033
503407.6238357567
504284.6354266154
504329.19566928234
504329.19566928234
504329.19566928234
504329.19566928234
504410.7244095692
504965.58194973983
504990.271624936
505863.05824463814
505905.6380320754
505993.2621734579
506029.0864080563
506029.0864080563
506029.0864080563
506029.0864080563
506073.3165748516
506172.33933633356
506172.33933633356
506172.33933633356
506172.33933633356
506196.6769306
506200.1537297809
506224.4913240474
506290.98510838253
506361.80288663576
506378.6367560877
506514.1659089693
506626.0286218568
506627.86604420876
507496.6037332192
507496.6037332192
507496.6037332192
507496.6037332192
507496.6037332192
507496.6037332192
507496.6037332192
507496.6037332192
507496.6037332192
507496.6037332192
507496.6037332192
507496.6037332192
507496.6037332192
507496.6037332192
507496.6037332192
507496.6037332192
507496.6037332192
507496.6037332192
507735.57866426243
507863.31802657415
507905.9198190695
508157.41562817566
508217.15936093644
508272.8321579474
508300.6685564529
508300.6685564529
508300.6685564529
508300.6685564529
508300.6685564529
508300.6685564529
508300.6685564529
508300.6685564529
508384.1777519694
508384.1777519694
508405.2200887843
508672.99413962517
508692.0175123588
508828.7404396427
508841.222808854
509103.90819000755
509144.34248427936
509201.5776404159
509678.6197938554
509692.59850701794
509796.9024824456
509816.5695031288
509825.646589598
510250.1186592196
510253.0673370059
510253.0673370059
510483.7353586137
510875.9205067276
510929.7228737995
510929.7228737995
510929.7228737995
510929.7228737995
510960.1448666326
511223.82047540095
511224.81070301577
511337.6966511052
511337.6966511052
511337.6966511052
511337.6966511052
511337.6966511052
511337.6966511052
511337.6966511052
511337.6966511052
511337.6966511052
511337.6966511052
511337.6966511052
511337.6966511052
511337.6966511052
511337.6966511052
511337.6966511052
511337.6966511052
511337.6966511052
511337.6966511052
511402.72159781173
511402.72159781173
511402.72159781173
511585.9137065534
511585.9137065534
511611.516591661
511656.4839279029
512747.1206228654
512762.07305984915
512884.10210958216
513054.94938072574
513106.573247045
513106.573247045
513106.573247045
513106.573247045
513106.573247045
513106.573247045
513106.573247045
513106.573247045
513106.573247045
513106.573247045
513106.573247045
513106.573247045
513106.573247045
513106.573247045
513106.573247045
513106.573247045
513106.573247045
513106.573247045
513106.573247045
513106.573247045
513106.573247045
513106.573247045
513106.573247045
513106.573247045
513106.573247045
513106.573247045
513106.573247045
513106.573247045
513106.573247045
513106.573247045
513106.573247045
513106.573247045
513106.573247045
513106.573247045
513106.573247045
513106.573247045
513106.573247045
513106.573247045
513106.573247045
513106.573247045
513106.573247045
513106.573247045
513195.03358063556
513195.03358063556
513195.03358063556
513195.03358063556
513195.03358063556
513195.03358063556
513195.03358063556
513195.03358063556
513195.03358063556
513195.03358063556
513195.03358063556
513195.03358063556
513195.03358063556
513195.03358063556
513195.03358063556
513195.03358063556
513195.03358063556
513195.03358063556
513195.03358063556
513195.03358063556
513195.03358063556
513195.03358063556
513195.03358063556
513195.03358063556
513195.03358063556
513195.03358063556
513195.03358063556
513195.03358063556
513195.03358063556
513195.03358063556
513195.03358063556
513195.03358063556
513195.03358063556
513195.03358063556
513273.2615622063
513273.2615622063
513273.2615622063
513428.507247152
514879.43825976667
515905.2865623973
517184.6606407445
517279.16136278544
518838.84687383
519057.841212112
519231.461120577
519231.461120577
519231.461120577
519231.461120577
519231.461120577
519231.461120577
519231.461120577
519231.461120577
519237.1274230396
519296.585090045
519815.03526157746
519815.03526157746
519815.03526157746
519815.03526157746
519855.6345937851
519855.6345937851
519855.6345937851
519855.6345937851
519855.6345937851
519855.6345937851
519855.6345937851
519855.6345937851
519855.6345937851
519855.6345937851
519855.6345937851
519855.6345937851
519855.6345937851
519855.6345937851
519855.6345937851
519855.6345937851
519968.5205418746
519990.9657011438
519990.9657011438
520014.6211386089
520084.7732638544
521016.8415100971
521055.8069667403
521653.55786642624
521653.55786642624
521653.55786642624
521653.55786642624
521653.55786642624
521653.55786642624
521653.55786642624
521653.55786642624
521653.55786642624
521653.55786642624
521653.55786642624
524992.6053835986
524992.6053835986
525000.1971286455
525013.4001635098
525013.4001635098
525013.4001635098
525013.4001635098
525013.4001635098
525013.4001635098
525013.4001635098
525013.4001635098
525013.4001635098
525013.4001635098
525013.4001635098
525013.4001635098
525013.4001635098
525013.4001635098
525013.4001635098
525013.4001635098
525013.4001635098
525013.4001635098
525014.9405175772
525757.0280946523
525863.7746315299
526440.2246349682
526442.9587634379
526442.9587634379
526442.9587634379
526442.9587634379
526442.9587634379
526442.9587634379
526442.9587634379
526442.9587634379
526442.9587634379
526442.9587634379
526442.9587634379
526442.9587634379
526442.9587634379
526442.9587634379
526442.9587634379
526442.9587634379
526442.9587634379
526442.9587634379
526442.9587634379
526442.9587634379
526442.9587634379
526442.9587634379
526442.9587634379
526442.9587634379
526442.9587634379
526442.9587634379
526442.9587634379
526442.9587634379
526442.9587634379
526442.9587634379
526442.9587634379
526442.9587634379
526442.9587634379
526442.9587634379
526442.9587634379
526442.9587634379
526442.9587634379
526442.9587634379
526442.9587634379
526493.1302959222
526493.1302959222
526493.1302959222
526493.1302959222
526493.1302959222
526493.1302959222
526493.1302959222
526493.1302959222
526493.1302959222
526493.1302959222
526493.1302959222
526493.1302959222
526493.1302959222
526493.1302959222
526493.1302959222
526493.1302959222
526493.1302959222
526493.1302959222
526493.1302959222
526493.1302959222
526493.1302959222
526493.1302959222
526493.1302959222
526493.1302959222
526493.1302959222
526493.1302959222
526493.1302959222
526493.1302959222
526493.1302959222
526493.1302959222
526493.1302959222
526493.1302959222
526493.1302959222
526493.1302959222
526493.1302959222
526493.1302959222
526493.1302959222
526493.1302959222
526493.1302959222
526493.1302959222
526493.1302959222
526533.3995522582
526533.3995522582
526533.3995522582
526533.3995522582
526533.3995522582
526533.3995522582
526533.3995522582
526533.3995522582
526533.3995522582
526533.3995522582
526533.3995522582
526533.3995522582
526533.3995522582
527534.519670841
527567.5272580016
527567.5272580016
527567.5272580016
527567.5272580016
527567.5272580016
527567.5272580016
527567.5272580016
527567.5272580016
527567.5272580016
527567.5272580016
527567.5272580016
527606.8062867229
527608.0770788286
527752.3697461013
527804.1916579437
527804.1916579437
527804.1916579437
527826.0701869667
528019.7312021027
528036.5650715546
528036.5650715546
528036.5650715546
528036.5650715546
528046.7314084001
528549.0958824563
528960.7775120531
528990.4843404978
528990.4843404978
528990.4843404978
528990.4843404978
528990.4843404978
528990.4843404978
528990.4843404978
528993.8951245043
529106.0659082053
529114.5928682218
529313.9586946722
529313.9586946722
529313.9586946722
529313.9586946722
529313.9586946722
529313.9586946722
529313.9586946722
529313.9586946722
529313.9586946722
529313.9586946722
529313.9586946722
529351.2902757509
529638.0932005899
529638.0932005899
529638.0932005899
529638.0932005899
529638.0932005899
529681.1681018345
529685.9542019728
529685.9542019728
529685.9542019728
529685.9542019728
529685.9542019728
529685.9542019728
529685.9542019728
529951.9953544877
530012.0691631201
530012.0691631201
530012.0691631201
530012.0691631201
530012.0691631201
530012.0691631201
530012.0691631201
530012.0691631201
530012.0691631201
530012.0691631201
530012.0691631201
530040.8957892404
530498.9310737399
530518.6256007458
530619.0786910047
530623.3696773355
531508.3030891129
531583.5603878391
531583.5603878391
531583.5603878391
531583.5603878391
531583.5603878391
531583.5603878391
531583.5603878391
531583.5603878391
531583.5603878391
531583.5603878391
531583.5603878391
531583.5603878391
531583.5603878391
531583.5603878391
531608.8552021332
531823.4045186775
532602.8346793603
532681.3927368027
532681.3927368027
532681.3927368027
532681.3927368027
532681.3927368027
532681.3927368027
532681.3927368027
532681.3927368027
532681.3927368027
532681.3927368027
532681.3927368027
532681.3927368027
532681.3927368027
532681.3927368027
532681.3927368027
532681.3927368027
532749.7569510769
533533.9787131625
533550.8125826145
533618.4781362938
533637.842587428
533790.585197014
533893.1012614705
533893.1012614705
533956.475828819
534287.6079432147
534970.6119392721
534978.390727313
535490.3384041749
535544.2067864211
535718.7509073266
535748.1936750739
535765.3686229265
536266.0167024503
536266.0167024503
536266.0167024503
536266.0167024503
536299.420380657
536325.738430153
536326.750662826
536326.750662826
536326.750662826
536326.750662826
536326.750662826
536326.750662826
536326.750662826
536326.750662826
536326.750662826
536360.9135155373
536584.2098426791
536584.2098426791
536584.2098426791
536584.2098426791
536584.2098426791
536584.2098426791
536584.2098426791
536584.2098426791
536584.2098426791
536584.2098426791
536584.2098426791
536584.2098426791
536584.2098426791
536584.2098426791
536584.2098426791
536584.2098426791
536584.2098426791
536584.2098426791
536584.2098426791
536584.2098426791
536584.2098426791
536584.2098426791
536584.2098426791
536584.2098426791
536656.8265344326
536656.8265344326
536656.8265344326
536656.8265344326
536656.8265344326
536752.5760435212
537710.6102583302
538463.7938859557
539581.6288327386
539725.2118368875
539725.2118368875
539725.2118368875
539725.2118368875
539725.2118368875
539725.2118368875
539725.2118368875
539725.2118368875
539725.2118368875
539725.2118368875
539725.2118368875
539725.2118368875
539725.2118368875
539725.2118368875
539785.725746682
540360.4098442073
540420.1480757035
541390.1145332712
541390.1145332712
541390.1145332712
541390.1145332712
541467.3522872272
541549.2111033855
541549.2111033855
541549.2111033855
541549.2111033855
541549.2111033855
541549.2111033855
542056.5157129868
542072.3813598821
542072.3813598821
542072.3813598821
542072.3813598821
542072.3813598821
542072.3813598821
542072.3813598821
542072.3813598821
542072.3813598821
542072.3813598821
542123.8731958526
542123.8731958526
542123.8731958526
542123.8731958526
542123.8731958526
542123.8731958526
542123.8731958526
542123.8731958526
542187.2477632011
542187.2477632011
542231.0103225117
546978.111996577
547832.9204838057
549555.2013692036
549640.3609440781
549640.3609440781
549640.3609440781
549688.6180365069
551694.7531689575
551749.2156877727
551749.2156877727
551749.2156877727
551766.6216887354
552326.188311341
556011.5129241514
556036.9012599424
561261.6942366613
563496.3684013479
563515.0671994743
565339.0994735595
566013.7745551234
566013.7745551234
566013.7745551234
566013.7745551234
566013.7745551234
566097.9439023831
566097.9439023831
566097.9439023831
566097.9439023831
566097.9439023831
566097.9439023831
566097.9439023831
566097.9439023831
566636.0886009214
567030.3422244975
568702.9026811024
568805.5782822301
571726.2326270831
571904.968711558
571932.276988669
574099.3571161148
574234.3141374858
574234.3141374858
574234.3141374858
574234.3141374858
574234.3141374858
574234.3141374858
574234.3141374858
574234.3141374858
574234.3141374858
574234.3141374858
574234.3141374858
574234.3141374858
574234.3141374858
574234.3141374858
574234.3141374858
574234.3141374858
574234.3141374858
574234.3141374858
574234.3141374858
574811.6333407193
575636.7570045615
576420.1590782326
576549.4002857602
577194.7646299254
577194.7646299254
577586.894765394
577586.894765394
577586.894765394
577586.894765394
577586.894765394
577698.2238556225
577700.110789355
577700.110789355
577700.110789355
577700.110789355
577700.110789355
577700.110789355
578332.8662352249
578429.864531361
579556.7875671422
579572.1525989654
580632.504832708
580678.7979737009
581152.9299582057
581601.9376676166
581687.7573942344
581727.7130784924
581776.5478036966
581804.0211187433
581836.4895819804
582438.3499262678
582550.5207099688
584230.1007801099
584584.1731675823
584771.8763132358
587394.1090625692
587464.7673041511
587498.9191543334
589595.3850503137
589610.6345555818
589948.8963088043
589948.8963088043
589948.8963088043
589948.8963088043
589948.8963088043
589979.0872485272
589981.2437442217
589981.2437442217
589981.2437442217
589981.2437442217
590866.5072318707
590918.3291437129
590918.3291437129
590918.3291437129
590923.8084031815
590973.1217383996
591086.8438786971
595746.018841831
595746.018841831
595746.018841831
595746.018841831
596137.7968963699
596304.7052621123
596931.7834029905
598578.2348581514
599673.2615622063
599795.0595588292
599795.0595588292
599795.0595588292
599795.0595588292
599813.8738835107
601574.118995408
602200.3224352264
602256.7654092711
602256.7654092711
602256.7654092711
602256.7654092711
602256.7654092711
602256.7654092711
602256.7654092711
602256.7654092711
602256.7654092711
602256.7654092711
602256.7654092711
602256.7654092711
602256.7654092711
602353.8077155235
602353.8077155235
602353.8077155235
602353.8077155235
602353.8077155235
602353.8077155235
602353.8077155235
604051.0578473246
604058.3195165
605665.4589353525
605665.4589353525
605665.4589353525
605665.4589353525
605665.4589353525
605665.4589353525
605665.4589353525
605665.4589353525
605665.4589353525
605668.1655574996
605706.0582675601
605706.0582675601
605706.0582675601
605706.0582675601
605706.0582675601
605706.0582675601
605706.0582675601
605706.0582675601
605706.0582675601
605706.0582675601
605706.0582675601
605706.0582675601
605706.0582675601
605706.0582675601
605706.0582675601
605706.0582675601
605706.0582675601
605706.0582675601
605706.0582675601
605706.0582675601
605706.0582675601
605706.0582675601
605706.0582675601
605706.0582675601
605706.0582675601
605706.0582675601
605706.0582675601
605706.0582675601
605706.0582675601
605706.0582675601
605706.0582675601
605706.0582675601
605706.0582675601
605706.0582675601
605706.0582675601
605706.0582675601
605706.0582675601
605706.0582675601
605706.0582675601
605767.7824555505
605767.7824555505
605767.7824555505
605767.7824555505
605767.7824555505
605767.7824555505
605767.7824555505
605767.7824555505
605767.7824555505
605767.7824555505
605767.7824555505
605767.7824555505
605767.7824555505
605767.7824555505
605767.7824555505
605767.7824555505
605767.7824555505
605767.7824555505
605767.7824555505
605767.7824555505
605767.7824555505
605767.7824555505
605767.7824555505
605767.7824555505
605767.7824555505
605767.7824555505
605767.7824555505
605839.4089196891
605839.4089196891
605839.4089196891
605839.4089196891
605839.4089196891
605839.4089196891
605839.4089196891
605839.4089196891
605839.4089196891
605947.0796690072
606290.2925603038
606566.5660648386
606776.8243950519
606776.8243950519
606776.8243950519
606776.8243950519
606799.3575745536
608223.8770161752
608244.4957556216
610314.5775869314
610323.627167078
610385.2138234553
610400.3533034329
612648.692609204
613491.8879270166
613499.8097479352
613575.9472489858
614056.3176674638
616412.0691631201
616455.3091023006
616455.3091023006
616455.3091023006
616495.3583080554
620039.052865624
622294.3512710213
622348.0326102736
622372.9093284637
622372.9093284637
622372.9093284637
622372.9093284637
622372.9093284637
622372.9093284637
622372.9093284637
622439.8762215482
622984.2098426791
622984.2098426791
622984.2098426791
622984.2098426791
623031.4106923188
626792.5372290437
626850.3885268072
629525.6534661787
629593.0439566317
630645.2708226682
630645.2708226682
630645.2708226682
630645.2708226682
630742.9732806638
630742.9732806638
630742.9732806638
630817.5704276469
630886.5562848127
631321.0681621956
631396.6830431162
631815.0597116421
631815.0597116421
631815.0597116421
631815.0597116421
631815.0597116421
631886.3560999092
631933.8870254204
631999.9352073289
633643.5920201101
636508.7386058879
636561.990846507
637347.4228867886
638149.2156877727
638218.8396916236
639292.3124412625
639442.1228768558
639595.6081571528
641877.0925816976
642034.1866915242
642036.8493035552
647525.3508966296
650122.0577785588
650181.6914860291
650211.5083397642
650296.5468868191
654677.764958473
654765.4001023846
655102.9026811024
655102.9026811024
655102.9026811024
655102.9026811024
655102.9026811024
655135.0960811131
656816.6070951031
658803.7133535555
658838.8994414688
659727.2656423108
660065.7859549661
661057.8014807571
661091.7112753001
661393.1585663094
661566.6574469547
661569.7491576188
661569.7491576188
661569.7491576188
661569.7491576188
661569.7491576188
661569.7491576188
661569.7491576188
661569.7491576188
661569.7491576188
661569.7491576188
661569.7491576188
661569.7491576188
661681.314802222
661681.314802222
661681.314802222
661681.314802222
661681.314802222
661681.314802222
661681.314802222
661681.314802222
661681.314802222
661681.314802222
661681.314802222
661681.314802222
661681.314802222
661681.314802222
661681.314802222
661681.314802222
661681.314802222
661681.314802222
661681.314802222
661681.314802222
661681.314802222
661681.314802222
661681.314802222
661681.314802222
661681.314802222
661702.7697338763
663695.8778719276
663700.9940479374
664724.6968574026
672974.53067337
673248.2460898999
674343.6138723554
674821.305175009
674876.4223443028
675326.6513344387
675326.6513344387
675402.6348000825
675818.1343072609
675818.1343072609
675856.6871690645
676444.9483874418
676495.4499957976
676495.4499957976
676495.4499957976
676516.508836406
678301.7902031648
679897.8390727313
680243.8301026139
680771.9129883328
680771.9129883328
680771.9129883328
680771.9129883328
680771.9129883328
680771.9129883328
680771.9129883328
680771.9129883328
680771.9129883328
680771.9129883328
680771.9129883328
680837.928162654
680837.928162654
680837.928162654
680837.928162654
680837.928162654
680837.928162654
680837.928162654
680837.928162654
680837.928162654
680837.928162654
680954.2689048663
681863.4738957358
681863.4738957358
681863.4738957358
681863.4738957358
681863.4738957358
681863.4738957358
681863.4738957358
681863.4738957358
681863.4738957358
681863.4738957358
681863.4738957358
681863.4738957358
681863.4738957358
681863.4738957358
681863.4738957358
681863.4738957358
681863.4738957358
681863.4738957358
681863.4738957358
681863.4738957358
681863.4738957358
681944.3424842794
681945.4647422428
684777.0151055555
685401.8872393585
685401.8872393585
685401.8872393585
685401.8872393585
685422.2859282237
685469.8828689095
685469.8828689095
685469.8828689095
685469.8828689095
685469.8828689095
685469.8828689095
685469.8828689095
685469.8828689095
685469.8828689095
685469.8828689095
685469.8828689095
685469.8828689095
685469.8828689095
685469.8828689095
685469.8828689095
685469.8828689095
685469.8828689095
687808.4704192422
687897.9209804476
689777.042917504
689821.0255273955
690791.7236531454
692789.0952712047
693219.0741066176
693256.3066649348
694478.6436326683
694486.1253524247
696026.03931876
696044.4685549247
697756.957189465
697778.9017336625
697908.5665385585
698860.0707523744
698926.3664911864
698965.2219225392
701914.5928682218
701914.5928682218
701914.5928682218
701914.5928682218
701914.5928682218
701955.4452585976
702200.1084971615
702226.8446427616
702858.7418913653
708694.3512710213
708781.4582935383
709554.1989165565
709585.8311875855
709621.259331138
709795.484378701
709845.3038302554
709986.9283842328
709986.9283842328
709986.9283842328
709986.9283842328
709986.9283842328
709986.9283842328
709986.9283842328
709986.9283842328
709986.9283842328
709986.9283842328
709986.9283842328
709986.9283842328
709986.9283842328
709986.9283842328
709986.9283842328
710064.1661381887
710064.1661381887
710064.1661381887
710064.1661381887
710064.1661381887
710064.1661381887
710244.0079768336
711882.8511831539
711886.1849494572
711886.1849494572
711886.1849494572
711886.1849494572
711886.1849494572
711886.1849494572
711886.1849494572
711886.1849494572
712525.2118368875
712549.4174008054
714579.8791249933
715433.5103416132
715514.598980738
716199.2863637406
716244.8368340223
716244.8368340223
716270.6487671819
717066.4396885673
719814.6073854476
719901.4173396801
719901.4173396801
719901.4173396801
719901.4173396801
719901.4173396801
719913.5476279617
720200.4660793557
720272.6151636245
720449.7558813866
721134.5807960024
721134.5807960024
721134.5807960024
721141.3583538994
721815.8573949984
721893.0731438963
722084.5391544861
722263.4402768969
722263.4402768969
722263.4402768969
722309.3208230502
725550.3358063555
725578.0621795704
729415.6342881593
731356.8985093102
731787.1194003621
731811.8530856746
731955.7881707532
731955.7881707532
731955.7881707532
731994.5005692281
732030.7153936079
732091.5043666287
732103.6621612329
732103.6621612329
732326.4633745673
732357.1604306267
732357.1604306267
732411.2268583959
732873.7291696911
732985.3058168232
734462.2193017979
734514.2062515758
734671.7899739454
736697.9882181252
736783.8079447428
736783.8079447428
736783.8079447428
736783.8079447428
736810.4340650524
739427.3856004401
739510.1851328326
741874.5681125314
742234.1472657952
743550.0332368065
743550.0332368065
743550.0332368065
743550.0332368065
743651.1684838667
743782.4066504176
743782.4066504176
743782.4066504176
743782.4066504176
743782.4066504176
743782.4066504176
747623.1694924319
747699.7470946447
747699.7470946447
747699.7470946447
747774.4762719765
748998.5956494167
748998.5956494167
748998.5956494167
748998.5956494167
748998.5956494167
748998.5956494167
748998.5956494167
748998.5956494167
748998.5956494167
748998.5956494167
749091.0168934665
749144.5717036347
750430.2942412458
751233.2093001934
751233.2093001934
751233.2093001934
751233.2093001934
751233.2093001934
751233.2093001934
751233.2093001934
751233.2093001934
751233.2093001934
751233.2093001934
751233.2093001934
751233.2093001934
751233.2093001934
751233.2093001934
751233.2093001934
751233.2093001934
751233.2093001934
751233.2093001934
751233.2093001934
751233.2093001934
751240.223412465
756082.6840058374
756639.0488924886
756664.9378433515
756664.9378433515
756664.9378433515
756664.9378433515
756664.9378433515
756664.9378433515
756664.9378433515
756664.9378433515
756664.9378433515
756664.9378433515
756664.9378433515
756664.9378433515
756664.9378433515
756664.9378433515
756664.9378433515
756664.9378433515
756664.9378433515
756664.9378433515
756664.9378433515
756664.9378433515
756664.9378433515
756664.9378433515
756664.9378433515
756664.9378433515
756664.9378433515
756664.9378433515
756664.9378433515
756664.9378433515
756664.9378433515
756664.9378433515
756664.9378433515
756664.9378433515
756664.9378433515
756664.9378433515
756664.9378433515
756664.9378433515
756664.9378433515
756664.9378433515
756664.9378433515
756664.9378433515
756664.9378433515
756664.9378433515
756664.9378433515
756664.9378433515
756664.9378433515
756664.9378433515
756664.9378433515
756777.3836902789
756785.4155364879
756785.4155364879
756785.4155364879
756785.4155364879
756785.4155364879
756785.4155364879
756785.4155364879
756785.4155364879
756785.4155364879
756785.4155364879
758265.0631499323
759966.9893565812
760689.5529458508
760689.5529458508
760689.5529458508
760689.5529458508
760689.5529458508
760689.5529458508
760689.5529458508
760689.5529458508
760689.5529458508
760689.5529458508
760689.5529458508
760689.5529458508
760737.4139472337
760737.4139472337
760737.4139472337
760854.2608057824
760854.2608057824
760854.2608057824
760884.0336494013
761764.5000343829
765502.7193056182
765502.7193056182
765502.7193056182
765502.7193056182
765502.7193056182
765502.7193056182
765546.0472650311
767121.4113799769
767152.5540384629
767357.4156281756
767375.3387480038
768159.0874013402
768177.3240932465
768177.3240932465
768177.3240932465
768177.3240932465
768177.3240932465
768177.3240932465
768177.3240932465
768177.3240932465
768177.3240932465
768177.3240932465
768217.5273344081
768263.4738957358
768263.4738957358
768263.4738957358
768263.4738957358
768263.4738957358
768263.4738957358
768263.4738957358
768263.4738957358
768263.4738957358
768469.7713154899
768469.7713154899
768469.7713154899
768643.7212998265
768740.1529657164
774230.8330595435
774967.6449239374
775060.0001528128
775664.7651647705
775717.247228356
775963.4838285744
775963.4838285744
775963.4838285744
775963.4838285744
775963.4838285744
775963.4838285744
775963.4838285744
775963.4838285744
775963.4838285744
775963.4838285744
775963.4838285744
775963.4838285744
775963.4838285744
775963.4838285744
775963.4838285744
775963.4838285744
775963.4838285744
775963.4838285744
775963.4838285744
775963.4838285744
775963.4838285744
775963.4838285744
775963.4838285744
775963.4838285744
776948.1001535769
777194.9969055387
777277.7799341376
777423.4094086904
777455.7568441079
779131.2219683831
779164.7906845255
779735.2608134231
779751.9846575845
779910.2010253746
779910.2010253746
779910.2010253746
779910.2010253746
779910.2010253746
779910.2010253746
779979.2859053018
780670.3657576846
780684.5370151056
786351.3015839057
791592.2462732753
792029.7893474125
792129.2797163792
792129.2797163792
792129.2797163792
792129.2797163792
792129.2797163792
792129.2797163792
792129.2797163792
792129.2797163792
792160.9339924663
792219.7205051995
792219.7205051995
792219.7205051995
792219.7205051995
792219.7205051995
792219.7205051995
792219.7205051995
792219.7205051995
792219.7205051995
792219.7205051995
792419.1523468242
794404.789767648
794992.3578266948
795714.0357123755
795716.8743648714
796155.435172946
799221.6199695902
799221.6199695902
799221.6199695902
799221.6199695902
799293.1639147609
800501.7642249712
800893.124183406
800893.124183406
800893.124183406
800893.124183406
800927.4520740531
801833.5103416132
801833.5103416132
801833.5103416132
801833.5103416132
801833.5103416132
801833.5103416132
801833.5103416132
801891.196601441
804200.8254953049
805182.7902108054
806541.0524224666
806541.0524224666
806541.0524224666
806541.0524224666
806541.0524224666
806541.0524224666
806541.0524224666
806541.0524224666
806541.0524224666
806541.0524224666
806541.0524224666
806580.6615270594
806600.4660793557
806600.4660793557
806600.4660793557
806600.4660793557
806600.4660793557
806600.4660793557
808057.8280702023
812129.6330198122
812589.0326179143
812605.9765126568
813076.2246044056
813076.2246044056
813076.2246044056
813111.8067833647
815119.7243255221
815236.9012599424
815238.2270646933
818187.1194003621
818270.5955882914
818920.8505566211
820455.070714171
820554.4235515246
820554.4235515246
820607.7528098472
821643.0137760832
821744.3470686665
821744.3470686665
821744.3470686665
821767.2323290979
822401.5281290353
822401.5281290353
822401.5281290353
822401.5281290353
822401.5281290353
822401.5281290353
822401.5281290353
822401.5281290353
822401.5281290353
822799.4015846698
823097.9882181252
823129.4554512183
824071.381963493
824071.381963493
824071.381963493
824119.4410103989
824720.3111270715
824741.568013203
825452.4744229403
826526.1562206312
826526.1562206312
826597.78268477
826686.2430183605
826686.2430183605
831355.1882272939
831921.9064937844
832017.7385218409
837717.378647453
837830.4296334783
838520.4532430718
838663.5741410004
842171.4884740869
843356.3948379802
843419.9344432644
844469.0200872562
846336.3198068445
846336.3198068445
847380.8999151888
851959.8334339352
851961.8028866358
851961.8028866358
855136.1425438764
855268.45345701
860141.4130609189
860232.5140014823
861489.1128446886
862134.7412495511
862271.6787261517
862363.4838285744
862363.4838285744
862988.3174535257
863013.2711894192
864596.7771758648
864642.4926840822
865744.7810573125
865744.7810573125
865744.7810573125
865744.7810573125
865768.5465200682
865797.879262525
865849.4151086118
865882.4226957724
865882.4226957724
865882.4226957724
865922.823982457
868543.8244485364
868569.5703665217
868601.8682905585
872156.174787399
873519.3881371343
874075.7420212562
874416.8644320327
874416.8644320327
874416.8644320327
874416.8644320327
874416.8644320327
874436.3224046639
875000.1084971615
875044.6687398284
875044.6687398284
875044.6687398284
875044.6687398284
875044.6687398284
875050.8576624211
876098.9310737399
876098.9310737399
876098.9310737399
876098.9310737399
876098.9310737399
876147.1826649043
876336.255625425
878387.1270410074
879291.0948280473
879338.2681713644
881090.3384041749
881090.3384041749
881090.3384041749
881090.3384041749
881090.3384041749
881090.3384041749
881090.3384041749
881090.3384041749
881090.3384041749
881090.3384041749
881090.3384041749
881090.3384041749
881090.3384041749
881090.3384041749
881090.3384041749
881090.3384041749
881090.3384041749
881112.7835634442
885396.3156808962
888172.1822446687
888177.0673675685
888177.0673675685
888304.1465781371
888351.182389841
891724.772346977
893000.4660793557
893017.8060651441
895629.8504725739
895629.8504725739
895713.5797186714
898350.3358063555
898410.4096149879
898642.1228768558
898747.0870040266
898803.9260691173
902371.9802260103
902654.0960734724
904167.3564131755
904810.7348008467
905018.8806454818
905033.0519029027
905033.0519029027
905157.1604306267
905224.0338022142
905285.2298688102
905285.2298688102
905285.2298688102
905285.2298688102
905285.2298688102
905285.2298688102
905285.2298688102
905285.2298688102
905342.9931463413
905342.9931463413
905342.9931463413
905342.9931463413
908357.5760817244
908357.5760817244
908357.5760817244
908357.5760817244
908357.5760817244
908465.1808158681
908465.1808158681
908465.1808158681
908465.1808158681
908465.1808158681
908465.1808158681
908465.1808158681
908465.1808158681
908465.1808158681
908465.1808158681
908465.1808158681
908465.1808158681
908465.1808158681
908465.1808158681
908465.1808158681
908465.1808158681
908465.1808158681
908465.1808158681
908567.5043360661
908567.5043360661
908567.5043360661
908567.5043360661
908567.5043360661
908567.5043360661
908567.5043360661
908567.5043360661
908567.5043360661
908567.5043360661
908567.5043360661
908567.5043360661
908567.5043360661
908567.5043360661
908567.5043360661
908567.5043360661
908567.5043360661
908567.5043360661
908607.7460860794
909045.3716791846
910081.5073464804
912565.7133688369
912565.7133688369
912565.7133688369
912565.7133688369
912653.8436265559
912653.8436265559
912653.8436265559
913188.2364626869
913188.2364626869
913188.2364626869
913188.2364626869
913188.2364626869
913188.2364626869
913188.2364626869
913188.2364626869
913286.9291482973
913286.9291482973
913286.9291482973
913286.9291482973
913286.9291482973
913286.9291482973
913286.9291482973
913286.9291482973
913286.9291482973
913286.9291482973
913286.9291482973
913286.9291482973
913364.1669022533
913663.5457178004
913663.5457178004
913663.5457178004
913735.3372198748
918321.9064937844
918454.8610548674
918711.6765867709
919082.9294233605
921160.5589896011
921160.5589896011
921189.9687497612
924970.3772186523
932994.1090625692
933044.3851190794
937065.264862965
937065.264862965
937065.264862965
937065.264862965
937065.264862965
937065.264862965
937065.264862965
937065.264862965
937103.1025603801
937125.0085957259
937125.0085957259
938027.1499629428
938526.1806706958
938611.3292430413
941866.4934787094
943068.6848157458
943529.8008083802
943529.8008083802
943541.0233880149
943803.7637818137
944421.6658134613
944496.3949907931
946752.661618747
946886.3533492768
947337.8641340474
949793.6506238587
949872.7037951085
951231.4611205771
951265.4589353525
951265.4589353525
951265.4589353525
951284.4052903827
953398.7227897523
953756.9046218263
956272.4128393402
956553.6044743619
956565.157129868
956565.157129868
956565.157129868
956565.157129868
956565.157129868
956565.157129868
956565.157129868
956565.157129868
956565.157129868
956565.157129868
956565.157129868
956565.157129868
956565.157129868
956595.8541859274
956595.8541859274
956595.8541859274
956595.8541859274
956595.8541859274
956608.4795880164
962778.3402990549
963356.1381123022
963379.2379220501
966238.6906990426
966305.542065572
969439.4364260118
969483.6280839555
969952.3743304885
970041.1647399507
970041.1647399507
970089.9829613613
970286.4111125544
970336.7586855034
971259.4747820506
971320.5388182978
971320.5388182978
971320.5388182978
971320.5388182978
971320.5388182978
971366.1112936377
975329.3102789599
975329.3102789599
975329.3102789599
975329.3102789599
975329.3102789599
975399.2863637406
975444.8368340223
975452.6926397665
977488.3365551388
980329.2170630888
983322.4275857854
983322.4275857854
983322.4275857854
983356.0733196312
985891.4741096738
987035.4510654879
987102.3904522498
994865.1808158681
994865.1808158681
994865.1808158681
994904.404831944
996310.5830576334
996310.5830576334
996459.4802833152
998469.6093338121
998568.1699890739
998848.2063585449
998848.2063585449
998950.0457674646
998965.7133688369
999053.8436265559
999097.7162111569
999544.0393034788
1000149.6955202897
1000198.9868504496
1001705.6731790432
1001757.6601288213
1005907.5390245953
1005907.5390245953
1005907.5390245953
1005924.3068788729
1007370.710350782
1008333.2115923868
1021296.9964623813
1021375.213441423
1022823.2672926902
1022836.2392744444
1024299.2510639598
1026189.0509554627
1026189.0509554627
1026189.0509554627
1026189.0509554627
1028016.3509806768
1028046.8499912133
1028653.067337006
1029852.4805354563
1038776.8243950519
1038776.8243950519
1038805.6950312884
1038819.0741066176
1039138.9176262043
1039981.601326416
1040025.3198756103
1041326.3304273413
1041338.8678091977
1045765.85090045
1045799.6781760252
1046152.3697461013
1046172.0367667845
1046438.9856279464
1048455.3091023006
1048491.9255189907
1049380.1816945423
1049380.1816945423
1049417.8378502282
1052810.330152278
1052810.330152278
1052839.508859328
1054372.9093284637
1054442.725876573
1056095.9053782502
1056133.3359820903
1056176.1138150506
1056176.1138150506
1056176.1138150506
1056176.1138150506
1056199.8407689545
1056251.0410379053
1056251.0410379053
1056251.0410379053
1056251.0410379053
1056251.0410379053
1056251.0410379053
1056251.0410379053
1056251.0410379053
1056251.0410379053
1056251.0410379053
1056251.0410379053
1056251.0410379053
1056251.0410379053
1056251.0410379053
1056251.0410379053
1056251.0410379053
1056251.0410379053
1056347.3076658593
1056352.3743304885
1056352.3743304885
1056352.3743304885
1056352.3743304885
1056352.3743304885
1056352.3743304885
1056352.3743304885
1056352.3743304885
1056352.3743304885
1056352.3743304885
1056352.3743304885
1056352.3743304885
1056352.3743304885
1056352.3743304885
1056352.3743304885
1056352.3743304885
1056352.3743304885
1056352.3743304885
1056352.3743304885
1056352.3743304885
1056352.3743304885
1056441.1647399506
1056441.1647399506
1056441.1647399506
1056441.1647399506
1056441.1647399506
1056441.1647399506
1056441.1647399506
1056441.1647399506
1056493.3497352516
1056542.1679566624
1056542.1679566624
1056542.1679566624
1056542.1679566624
1056542.1679566624
1056542.1679566624
1056542.1679566624
1056542.1679566624
1056542.1679566624
1056542.1679566624
1056542.1679566624
1056542.1679566624
1056542.1679566624
1056865.8513588887
1057299.6920819995
1057337.166695956
1057421.1765065442
1059151.747797584
1059313.9250758335
1059527.3741394724
1059618.8051559073
1059618.8051559073
1059618.8051559073
1059618.8051559073
1059867.352287227
1059867.352287227
1059867.352287227
1059867.352287227
1059867.352287227
1059915.1032633195
1064808.2580093064
1064865.0475630164
1067774.9799433064
1067774.9799433064
1067866.4989799738
1068107.6964218859
1068107.6964218859
1068107.6964218859
1068107.6964218859
1068107.6964218859
1068107.6964218859
1068107.6964218859
1068107.6964218859
1068107.6964218859
1068107.6964218859
1068107.6964218859
1068107.6964218859
1068107.6964218859
1068107.6964218859
1068107.6964218859
1068107.6964218859
1068107.6964218859
1068107.6964218859
1068107.6964218859
1068107.6964218859
1068257.6608928859
1069963.3829720581
1070052.4869535984
1071881.4538619642
1072050.4307031685
1073547.016710091
1073652.921553496
1076231.853849739
1076231.853849739
1076231.853849739
1076231.853849739
1076231.853849739
1076264.729406551
1077630.7153936077
1077833.0519029028
1077900.717456582
1079840.9034298856
1080112.7209101536
1080114.2062515758
1080114.2062515758
1080114.2062515758
1080114.2062515758
1080114.2062515758
1080114.2062515758
1080114.2062515758
1080114.2062515758
1080114.2062515758
1080114.2062515758
1080114.2062515758
1080114.2062515758
1080114.2062515758
1080114.2062515758
1080114.2062515758
1080114.2062515758
1080114.2062515758
1080114.2062515758
1080114.2062515758
1080114.2062515758
1080114.2062515758
1080114.2062515758
1080114.2062515758
1080114.2062515758
1080114.2062515758
1080114.2062515758
1080114.2062515758
1080114.2062515758
1080114.2062515758
1080114.2062515758
1080114.2062515758
1080114.2062515758
1080114.2062515758
1080114.2062515758
1080114.2062515758
1080114.2062515758
1080114.2062515758
1080114.2062515758
1080114.2062515758
1080114.2062515758
1080114.2062515758
1080114.2062515758
1080114.2062515758
1080114.2062515758
1080114.2062515758
1080114.2062515758
1080114.2062515758
1080114.2062515758
1080247.8869795767
1080247.8869795767
1080247.8869795767
1080247.8869795767
1080247.8869795767
1080247.8869795767
1080247.8869795767
1080247.8869795767
1080247.8869795767
1080247.8869795767
1080247.8869795767
1080247.8869795767
1080390.2321992067
1081157.5760817244
1081299.2886559342
1085726.1562206312
1085767.938324712
1086988.1683081319
1087918.5201598422
1087988.0671459897
1088830.5197930913
1088830.5197930913
1088878.4248045904
1089150.0332368065
1089678.4847072486
1089678.4847072486
1089678.4847072486
1089678.4847072486
1089678.4847072486
1089735.1257268162
1089781.46837919
1089781.46837919
1089781.46837919
1091617.3503770658
1091655.8207199015
1092433.2979316774
1092521.956310791
1093569.749157619
1093569.749157619
1093569.749157619
1093582.7651494893
1096100.1107893551
1096223.7076994781
1104651.3863950672
1104749.749004806
1104899.933526387
1106497.8308208345
1106716.6711237098
1107496.6404083162
1107564.9661137387
1110620.1483813294
1110664.477570886
1119841.2689583509
1123637.0204540072
1123637.0204540072
1123637.0204540072
1123637.0204540072
1123637.0204540072
1123637.0204540072
1123637.0204540072
1123637.0204540072
1123637.0204540072
1123637.0204540072
1123637.0204540072
1123637.0204540072
1123637.0204540072
1123637.0204540072
1123637.0204540072
1123637.0204540072
1123691.8130486938
1123691.8130486938
1123691.8130486938
1123691.8130486938
1123691.8130486938
1123691.8130486938
1123691.8130486938
1123691.8130486938
1123691.8130486938
1123691.8130486938
1123691.8130486938
1123691.8130486938
1123691.8130486938
1123691.8130486938
1123691.8130486938
1123691.8130486938
1123691.8130486938
1123691.8130486938
1123691.8130486938
1125250.4973295946
1126075.2744137715
1127163.6170814263
1127390.973341789
1127408.3023250483
1129135.7543991015
1129162.314504237
1136237.666852589
1136237.666852589
1136237.666852589
1136237.666852589
1136304.7712772866
1136308.3030891127
1136308.3030891127
1138417.3503770658
1138418.4781362938
1138418.4781362938
1138418.4781362938
1138546.9326629941
1139404.9648912353
1146583.7575164845
1150057.6135208858
1150199.205067276
1150782.7902108054
1150782.7902108054
1150782.7902108054
1150814.4004767763
1164103.662161233
1164126.5474216642
1165411.4227645383
1165411.4227645383
1165499.5310171992
1169001.8780705845
1171427.3856004402
1171809.7784976962
1172388.236462687
1172421.134024557
1173502.9026811023
1173502.9026811023
1173502.9026811023
1173502.9026811023
1173502.9026811023
1173502.9026811023
1173590.7028629498
1173590.7028629498
1173590.7028629498
1173590.7028629498
1173624.1725563307
1173967.2204096913
1175024.552449209
1175062.2911238626
1176227.73401386
1176277.1903819558
1176365.8542623338
1178127.2656423107
1178127.2656423107
1178136.0126529082
1178232.2297694818
1178334.5367858862
1179227.078446504
1179250.4038080976
1179699.7470946447
1179699.7470946447
1179699.7470946447
1179699.7470946447
1179699.7470946447
1179699.7470946447
1179699.7470946447
1179699.7470946447
1179699.7470946447
1179699.7470946447
1179699.7470946447
1179699.7470946447
1179699.7470946447
1179699.7470946447
1179749.5665461991
1179763.578266949
1180395.3159788812
1180998.5956494166
1181108.868496856
1182838.7686336234
1182941.0921538214
1183000.4618005943
1183034.8337013577
1185516.6741799677
1185582.1392278364
1192275.637802856
1192324.2249711566
1192517.9134926153
1192560.9993963891
1198785.6361983207
1205286.2384339734
1205339.7107251736
1206297.9209804477
1206356.740500768
1208889.181610495
