92713.80129738155
92714.0763606079
104295.37144996523
104303.46931134864
203863.440276897
204545.04695176458
204551.09834274405
204552.30862093993
204552.30862093993
204554.72917733173
204554.72917733173
204554.72917733173
204555.9394555276
204557.1497337235
204557.1497337235
204558.3600119194
212282.53699982425
212290.75588902726
248217.12146333634
248218.8378578687
248220.55425240105
248220.55425240105
248221.41244966723
248223.1288441996
248224.84523873194
248224.84523873194
248229.994422329
248230.85261959519
248230.85261959519
248231.71081686136
248232.56901412754
248235.14360592607
248235.14360592607
248236.00180319225
248236.86000045843
248237.85572933778
248243.83010261387
248243.83010261387
248245.82156037254
248246.8172892519
248248.8087470106
248248.8087470106
248250.80020476927
248250.80020476927
248251.79593364862
248252.79166252798
248253.78739140733
248254.78312028668
248254.78312028668
248255.778849166
248256.77457804536
248257.7703069247
248258.76603580406
248258.76603580406
248259.7617646834
248260.75749356273
248261.7532224421
248262.74895132144
268525.24851198436
336320.0819077163
356257.02763621364
356263.43110812275
356265.9891961277
356273.66346014256
356277.07424414915
356278.77963615244
356279.6323321541
356281.33772415743
356283.0431161607
356283.8958121624
356285.60120416566
356286.4539001673
356288.1592921706
356289.01198817225
356289.8646841739
356291.5700761772
356292.42277217883
356293.27546818054
356294.98086018383
356295.8335561855
356296.6862521871
356298.3916441904
356345.88406085013
356346.7532606453
389606.5403922707
496274.3541744665
496290.87447184045
496290.87447184045
607245.0040113387
737718.2087271449
737724.3701434148
737725.6024266689
1008388.3892755904
1008655.2611190488
1008655.2611190488
1014861.0065785955
1037471.8804391844
1037473.9049045302
1038502.2012698753
1038502.2012698753
1038504.8418768481
1038504.8418768481
1038532.650769031
1051446.8967519617
1069794.3071080921
1072362.6384675922
1072381.485799861
