29300.659082052884
70472.88197495397
70483.83499262678
70484.83072150612
70486.82217926481
70487.81790814416
70488.81363702352
70490.8050947822
70492.7965525409
70494.78801029958
70496.77946805829
70618.94054813989
70619.79874540606
104313.59163807791
104322.70173213426
203807.4153989563
268528.43924540986
284463.4460837873
314741.0747331505
314751.554642074
336321.4297175253
361510.273153065
361548.1218530093
404579.44208008924
404611.1183612344
405604.7787651189
405606.451149535
527452.4683104241
527455.4940059138
607268.7694740944
717061.5545656675
756324.2335286792
756510.330305091
756510.330305091
757943.3492004065
757947.552166505
782032.3578266948
844242.1644419654
857219.3944024633
857239.0889294692
857330.1018498002
864234.0347954981
892800.1925442584
903095.6825770368
981188.8116504558
1030739.3668961406
1038519.9428479741
1038519.9428479741
1038526.8744412779
1038526.8744412779
1048395.0482506743
1048401.0556315375
1048930.4423169494
1072360.944078118
1176502.7422275536
