7160.018576109202
23561.69093838177
23811.984152657184
27276.232252609465
28238.323025727906
61534.67205160315
61585.330254396606
61594.12994949219
61604.39626043704
61608.79610798484
61616.129187231156
78578.6391398621
78590.19681067423
78591.84790650454
78593.49900233484
78600.10338565605
78603.40557731666
78606.70776897727
78608.35886480757
78611.66105646818
78613.31215229849
84046.66267387077
84052.86120123371
84053.7467051427
84053.7467051427
84057.28872077866
84058.69999263361
84060.11126448856
84061.52253634352
84062.93380819846
84062.93380819846
84064.34508005342
84065.75635190838
84067.16762376332
84068.57889561828
84069.99016747322
84071.40143932818
84074.22398303809
84074.22398303809
84075.63525489304
84077.04652674799
84078.45779860295
94798.83854478605
94923.66692395645
94923.66692395645
95856.78972805216
95867.06065099654
95867.06065099654
104404.87718949874
104470.72731873082
110286.19122503034
110645.15237213712
162306.03153454675
163358.86339833905
194424.46665748538
194434.34094847052
194435.48011235346
201380.9300225155
224726.87162307152
224737.11026201924
224766.19353103012
224780.43538556635
281038.7401554628
287511.8936421665
287520.3843332938
287527.6620685459
287531.30093617184
300504.37134282856
300687.15872004203
315347.5891092756
349739.7768945229
402014.6238818303
402021.70791310223
402237.1620829583
402237.1620829583
402249.2824177126
402253.3225292974
402256.0159370206
409887.3070726934
409965.3697766703
409985.00767065195
410086.68842420145
415146.8543921289
415210.84588555194
415211.5100134837
425506.87194334925
461113.0994238203
461116.7152314487
461120.3310390771
461123.04289479833
461126.6587024267
461127.56265433383
478855.2863443178
509063.03463163256
526728.2149960446
538300.372098684
538313.7653453074
538313.7653453074
538317.418048932
538319.8531846817
538321.0707525566
538322.2883204315
538324.7234561811
538325.941024056
538332.0288634304
538333.2464313052
538334.46399918
541682.5266070736
543517.6135464675
587977.0860490218
587989.5937917362
587994.9068151901
587998.2274548488
587999.5557107123
588003.5404783027
597418.9098386121
597509.7293332778
611409.4795806924
611414.0316242245
611415.4521200786
614311.5710584219
614989.7702007181
642508.132428442
642520.1697472049
677689.8391885443
681646.6165538755
695482.8872398144
695485.1932395775
695746.4814607227
695748.0864365578
695748.8889244754
695749.2901684341
695749.6914123929
695750.0926563516
695750.8951442692
695751.296388228
695751.6976321867
706742.5767625684
724251.7516310144
787901.380589247
787928.9326744152
787934.7853018137
787937.3864695464
825480.0265189973
877300.6561209881
877306.7070643662
877308.2198002108
877333.1799416454
877339.9872529458
954013.7230045896
954026.3506592917
954026.6919472567
954028.8088550391
954033.9835185072
954033.9835185072
954034.453942459
954034.6891544347
954034.6891544347
954034.9243664106
973143.1255905121
973162.9802484715
1001372.1231531985
1045486.1661152551
1187931.3965070508
