74071.31355511499
110047.73240153861
155180.68597087395
158363.62977173802
166726.54084021665
201392.9212212831
211653.15816275874
221718.3167482841
224450.6128514648
224513.62198898886
275864.4640952634
280507.2717780859
292852.29392529203
293297.0659355793
366132.7141296932
368380.18761870294
370210.59799057746
377436.3652319291
377844.7070579607
425280.5934106057
496935.5236060712
496938.11554980476
497487.3170653591
497489.7429771098
500886.23158002616
500889.06795973465
501245.36337111547
501247.7892828661
501663.8654321027
501664.7324880136
501882.4188656403
501885.68416130467
528777.6446134087
528778.2165013499
529089.6925013372
529091.1683411854
529203.4013496503
529204.2776295603
529409.0089005185
529409.9405244228
529733.8965951273
529735.796738932
539989.5999410689
560915.2287583792
626297.175470568
1069047.0407297208
1069066.876939682
1071586.7674046932
1071847.137837933
1075070.5242626406
1080270.516832197
1080278.8414913414
1084044.4376403217
1085074.5461824494
1085087.616589106
1085106.3597551796
1086719.4527093896
1086760.9607051236
1087023.8677381023
1087309.1983127769
1087311.006216591
1087519.3163991813
1087520.916763017
1087614.9185373555
1087782.2234321602
1091513.2388086948
1091539.8592699587
1092493.6991759252
1092501.1706151573
1105598.949488997
1105608.0812480585
1105608.9114079732
1105610.5717278025
