56716.0872308466
56722.290370209055
56728.493509571505
56732.21539318898
56734.69664893396
56735.93727680646
56738.41853255143
56739.65916042393
56743.3810440414
56743.3810440414
56744.62167191389
56747.102927658874
56748.34355553136
56749.58418340386
56752.065439148835
56753.30606702133
56754.54669489382
56755.78732276631
56757.0279506388
56954.670578325524
56954.670578325524
56971.14925263188
56972.9802164437
97239.66550192327
97307.15750298658
97307.15750298658
97309.20523077612
97309.88780670597
97310.57038263582
97311.25295856566
97311.93553449551
97312.61811042535
97313.98326228505
97313.98326228505
97314.66583821489
97316.03099007459
97316.71356600443
97318.07871786413
97318.07871786413
97318.76129379397
97319.44386972382
97320.80902158351
97321.49159751336
97322.85674937305
97322.85674937305
97323.5393253029
97334.86639613874
97334.86639613874
97335.97327602496
97336.52671596808
97337.0801559112
97344.82831511486
97345.38175505798
97346.48863494422
97347.59551483046
97348.14895477358
97348.70239471669
97349.25583465981
97350.36271454605
97350.91615448917
97352.02303437541
97352.57647431853
97353.68335420477
97354.23679414789
97354.79023409101
97355.34367403411
97356.45055392035
97357.55743380659
97358.8349576753
97358.8349576753
97360.28312552645
97361.00720945203
97365.35171300551
97366.79988085668
97367.52396478226
97369.696216559
97370.42030048458
97371.86846833574
97371.86846833574
97372.59255226131
97373.3166361869
97374.04072011248
97375.48888796364
97375.48888796364
97376.9370558148
97377.66113974038
97378.38522366596
104904.16764618276
104908.34150575378
163333.71416492385
226472.39814367017
226486.67689420262
226490.24658183576
226492.0314256523
226495.60111328543
226497.38595710197
226499.17080091854
226502.68514455736
226506.19948819614
226507.95666001554
226509.71383183496
226513.22817547375
226514.98534729314
226518.49969093196
226520.25686275135
226522.01403457075
226525.52837820956
226527.28555002896
226529.04272184838
226530.79989366778
226537.82858094538
226541.34292458417
226543.1000964036
226544.857268223
226546.61444004238
226548.3716118618
226550.1287836812
226553.64312731999
226555.4002991394
226557.1574709588
226558.9146427782
226560.6718145976
226562.428986417
226565.9433300558
226567.7005018752
226569.45767369462
226572.9720173334
226574.72918915283
226576.48636097222
226578.24353279162
226585.27222006922
280915.41528813785
321955.9664220812
321958.9965057698
321961.0165615622
321962.02658945834
321962.02658945834
321963.03661735455
321967.0767289393
321967.0767289393
321968.0867568355
321969.0967847317
321969.0967847317
377862.2095961618
377925.334033674
402309.8840914841
402312.3653472291
402319.80911446403
402323.53099808155
404430.9887934817
404436.70767289394
404443.8562721592
404446.71571186534
404452.43459127756
404455.29403098364
404456.72375083674
404458.1534706898
404459.5831905428
404463.872350102
404466.73178980814
404468.1615096612
404472.45066922036
404474.078705053
404477.3347767184
404480.5908483837
404483.84692004905
404485.4749558818
404487.10299171443
404491.9870992124
404495.2431708778
404496.87120671046
404500.1272783758
404503.3833500412
404505.01138587383
404506.6394217065
404508.2674575392
404509.8954933719
404513.1515650372
404514.77960086986
404516.4076367026
404518.03567253525
404519.6637083679
404521.2917442006
404522.91978003323
404524.54781586595
404527.8038875313
404529.43192336394
404531.0599591966
404532.6879950293
404534.316030862
404535.94406669465
404537.5721025273
404539.20013835997
404542.45621002535
404544.084245858
404547.34031752334
404548.96835335606
404550.5963891887
404553.85246085405
404555.4804966867
404557.1085325194
404558.7365683521
404560.36460418475
404561.9926400174
404565.2487116828
404566.87674751546
404568.5047833481
404570.1328191808
404574.606458721
404576.8432784911
404579.0800982612
404581.3169180313
404583.5537378014
404585.7905575715
404590.2641971117
404592.50101688184
404594.7378366519
404596.97465642204
404601.44829596224
404603.68511573237
404608.15875527257
404610.39557504264
404612.63239481277
404614.8692145829
404619.3428541231
404621.57967389317
404623.8164936633
404626.0533134334
404632.7637727437
404635.0005925138
404639.474232054
404641.71105182415
404646.18469136435
404648.4215111344
404650.65833090455
404655.13197044475
404657.3687902149
404659.60560998495
404666.3160692953
404668.5528890654
404670.7897088355
404673.0265286056
404677.5001681458
404679.73698791594
404681.973807686
404684.21062745614
404686.4474472262
404688.68426699634
404690.9210867664
404695.39472630667
404697.63154607674
404699.86836584687
404702.10518561694
404704.34200538707
404706.2928811866
404708.24375698605
404712.14550858503
404714.09638438455
404716.047260184
404717.99813598354
404719.949011783
404721.8998875825
404723.850763382
404727.75251498097
404729.7033907805
404731.65426657995
404733.60514237947
404735.55601817893
404737.50689397845
404739.4577697779
404741.40864557744
404743.35952137696
404745.3103971764
404747.26127297594
404749.2121487754
404753.1139003744
404755.0647761739
404758.9665277729
404760.91740357236
404762.8682793719
404764.81915517134
404766.77003097086
404770.67178256984
404772.6226583693
404774.5735341688
404776.5244099683
404778.4752857678
404780.42616156733
404782.3770373668
404786.2787889658
404788.2296647653
404790.18054056476
404792.1314163643
404794.08229216374
404797.9840437627
404799.93491956225
404803.83667116123
404805.7875469607
404809.6892985597
404811.6401743592
404813.59105015866
404815.5419259582
404819.44367755717
404821.3945533567
404823.5068491396
404825.6191449225
404827.7314407054
404829.8437364883
404834.0683280541
404836.180623837
404838.2929196199
404840.40521540283
404842.5175111857
404844.6298069686
404846.7421027515
404850.96669431735
404855.19128588313
404857.303581666
404857.303581666
404863.64046901476
404865.75276479765
404869.97735636344
404872.08965214633
404874.2019479293
404876.3142437122
404878.42653949506
404880.53883527796
404882.65113106085
404884.7634268438
404886.8757226267
404888.9880184096
404891.1003141925
404895.3249057583
404897.4372015412
404899.5494973241
404901.661793107
404903.7740888899
404905.8863846728
404907.9986804557
404910.1109762386
404914.3355678044
404916.4478635873
404918.56015937024
404922.784750936
404924.8970467189
404927.0093425018
404929.12163828476
404931.23393406766
404933.34622985055
404935.45852563344
404937.57082141633
404939.6831171992
404941.7954129822
404943.90770876507
404946.02000454796
404948.13230033085
404950.0647281322
404951.99715593364
404955.86201153643
404957.7944393378
404957.7944393378
404961.6592949406
404963.59172274196
404965.5241505434
404967.45657834475
404969.3890061461
405015.7672733795
436950.63097918517
437033.1073667084
437033.2872346899
526920.8905002418
527013.651646708
527015.0998145592
605241.1377546608
605489.0327291827
605489.0327291827
677813.2101758645
684892.4357442774
690011.7459941262
772400.6162143811
772729.8530245429
772729.8530245429
1003574.8233508097
1003579.3615583434
1003666.3807653998
1003667.9857412349
1003682.4305237503
1045643.8780510458
1045804.1911545693
1045804.1911545693
1105275.5837542317
1105340.1056276
1105341.401599467
1105342.6975713337
1116602.036582124
1172827.236419423
